# time  created  delivered  delivered/created
22.0000 1 0 0.0000
38.0000 2 0 0.0000
54.0000 3 0 0.0000
72.0000 4 0 0.0000
94.0000 5 0 0.0000
110.0000 6 0 0.0000
133.0000 7 0 0.0000
153.0000 8 0 0.0000
175.0000 9 0 0.0000
191.0000 10 0 0.0000
210.0000 11 0 0.0000
225.0000 12 0 0.0000
249.0000 13 0 0.0000
265.0000 14 0 0.0000
281.0000 15 0 0.0000
304.0000 16 0 0.0000
328.0000 17 0 0.0000
343.0000 18 0 0.0000
367.0000 19 0 0.0000
382.0000 20 0 0.0000
399.0000 21 0 0.0000
420.0000 22 0 0.0000
439.0000 23 0 0.0000
458.0000 24 0 0.0000
480.0000 25 0 0.0000
497.0000 26 0 0.0000
515.0000 27 0 0.0000
538.0000 28 0 0.0000
562.0000 29 0 0.0000
581.0000 30 0 0.0000
581.2000 30 1 0.0333
603.0000 31 1 0.0323
625.0000 32 1 0.0313
640.9000 32 2 0.0625
646.0000 33 2 0.0606
658.2000 33 3 0.0909
661.6000 33 4 0.1212
667.0000 34 4 0.1176
685.0000 35 4 0.1143
691.0000 35 5 0.1429
700.0000 36 5 0.1389
722.0000 37 5 0.1351
741.0000 38 5 0.1316
764.0000 39 5 0.1282
773.6000 39 6 0.1538
784.0000 40 6 0.1500
806.0000 41 6 0.1463
829.0000 42 6 0.1429
851.0000 43 6 0.1395
873.0000 44 6 0.1364
895.0000 45 6 0.1333
918.0000 46 6 0.1304
935.7000 46 7 0.1522
941.0000 47 7 0.1489
957.0000 48 7 0.1458
975.0000 49 7 0.1429
998.0000 50 7 0.1400
1018.0000 51 7 0.1373
1040.0000 52 7 0.1346
1056.0000 53 7 0.1321
1077.0000 54 7 0.1296
1096.0000 55 7 0.1273
1117.0000 56 7 0.1250
1137.0000 57 7 0.1228
1159.0000 58 7 0.1207
1179.0000 59 7 0.1186
1193.3000 59 8 0.1356
1201.0000 60 8 0.1333
1216.0000 61 8 0.1311
1225.1000 61 9 0.1475
1232.0000 62 9 0.1452
1251.0000 63 9 0.1429
1268.0000 64 9 0.1406
1287.0000 65 9 0.1385
1308.0000 66 9 0.1364
1327.0000 67 9 0.1343
1342.0000 68 9 0.1324
1364.0000 69 9 0.1304
1381.1000 69 10 0.1449
1388.0000 70 10 0.1429
1397.1000 70 11 0.1571
1407.0000 71 11 0.1549
1422.0000 72 11 0.1528
1442.0000 73 11 0.1507
1464.0000 74 11 0.1486
1475.3000 74 12 0.1622
1478.6000 74 13 0.1757
1479.0000 75 13 0.1733
1483.1000 75 14 0.1867
1500.0000 76 14 0.1842
1518.0000 77 14 0.1818
1542.0000 78 14 0.1795
1555.9000 78 15 0.1923
1562.0000 79 15 0.1899
1577.0000 80 15 0.1875
1595.4000 80 16 0.2000
1600.0000 81 16 0.1975
1620.0000 82 16 0.1951
1637.0000 83 16 0.1928
1652.0000 84 16 0.1905
1673.0000 85 16 0.1882
1695.0000 86 16 0.1860
1706.4000 86 17 0.1977
1713.0000 87 17 0.1954
1736.2000 87 18 0.2069
1737.0000 88 18 0.2045
1739.4000 88 19 0.2159
1739.8000 88 20 0.2273
1760.0000 89 20 0.2247
1771.6000 89 21 0.2360
1781.0000 90 21 0.2333
1804.0000 91 21 0.2308
1826.0000 92 21 0.2283
1849.0000 93 21 0.2258
1870.0000 94 21 0.2234
1880.0000 94 22 0.2340
1883.1000 94 23 0.2447
1890.0000 95 23 0.2421
1911.0000 96 23 0.2396
1929.0000 97 23 0.2371
1948.0000 98 23 0.2347
1965.0000 99 23 0.2323
1980.0000 100 23 0.2300
1989.9000 100 24 0.2400
2002.0000 101 24 0.2376
2019.9000 101 25 0.2475
2024.0000 102 25 0.2451
2035.6000 102 26 0.2549
2041.0000 103 26 0.2524
2064.0000 104 26 0.2500
2080.0000 105 26 0.2476
2095.0000 106 26 0.2453
2119.0000 107 26 0.2430
2139.0000 108 26 0.2407
2142.8000 108 27 0.2500
2161.0000 109 27 0.2477
2178.0000 110 27 0.2455
2199.0000 111 27 0.2432
2217.0000 111 28 0.2523
2222.0000 112 28 0.2500
2240.0000 113 28 0.2478
2259.0000 114 28 0.2456
2275.0000 115 28 0.2435
2295.0000 116 28 0.2414
2314.0000 117 28 0.2393
2324.2000 117 29 0.2479
2335.0000 118 29 0.2458
2354.0000 119 29 0.2437
2377.0000 120 29 0.2417
2396.0000 121 29 0.2397
2411.0000 122 29 0.2377
2412.0000 122 30 0.2459
2433.0000 123 30 0.2439
2452.0000 124 30 0.2419
2460.7000 124 31 0.2500
2464.9000 124 32 0.2581
2470.3000 124 33 0.2661
2474.0000 125 33 0.2640
2494.6000 125 34 0.2720
2496.0000 126 34 0.2698
2511.0000 127 34 0.2677
2526.0000 128 34 0.2656
2546.0000 129 34 0.2636
2554.1000 129 35 0.2713
2557.0000 129 36 0.2791
2563.0000 130 36 0.2769
2586.0000 131 36 0.2748
2601.0000 132 36 0.2727
2621.0000 133 36 0.2707
2641.0000 134 36 0.2687
2662.0000 135 36 0.2667
2678.0000 136 36 0.2647
2679.5000 136 37 0.2721
2689.6000 136 38 0.2794
2690.9000 136 39 0.2868
2693.0000 137 39 0.2847
2716.0000 138 39 0.2826
2735.0000 139 39 0.2806
2740.4000 139 40 0.2878
2754.0000 140 40 0.2857
2771.0000 141 40 0.2837
2788.0000 142 40 0.2817
2800.0000 142 41 0.2887
2807.0000 143 41 0.2867
2823.1000 143 42 0.2937
2831.0000 144 42 0.2917
2838.1000 144 43 0.2986
2853.0000 145 43 0.2966
2868.0000 146 43 0.2945
2872.5000 146 44 0.3014
2891.0000 147 44 0.2993
2911.0000 148 44 0.2973
2911.3000 148 45 0.3041
2926.0000 149 45 0.3020
2942.0000 150 45 0.3000
2945.4000 150 46 0.3067
2954.4000 150 47 0.3133
2962.0000 151 47 0.3113
2979.0000 152 47 0.3092
3003.0000 153 47 0.3072
3004.4000 153 48 0.3137
3020.9000 153 49 0.3203
3024.0000 154 49 0.3182
3040.0000 155 49 0.3161
3061.0000 155 50 0.3226
3064.0000 156 50 0.3205
3065.8000 156 51 0.3269
3084.5000 156 52 0.3333
3086.0000 157 52 0.3312
3110.0000 158 52 0.3291
3119.0000 158 53 0.3354
3129.0000 159 53 0.3333
3131.5000 159 54 0.3396
3147.0000 160 54 0.3375
3166.0000 161 54 0.3354
3190.0000 162 54 0.3333
3210.0000 163 54 0.3313
3225.0000 164 54 0.3293
3243.0000 165 54 0.3273
3260.0000 166 54 0.3253
3261.2000 166 55 0.3313
3272.8000 166 56 0.3373
3283.0000 167 56 0.3353
3291.5000 167 57 0.3413
3305.0000 168 57 0.3393
3321.0000 169 57 0.3373
3344.0000 170 57 0.3353
3365.0000 171 57 0.3333
3385.0000 172 57 0.3314
3408.0000 173 57 0.3295
3425.3000 173 58 0.3353
3425.8000 173 59 0.3410
3428.0000 174 59 0.3391
3449.0000 175 59 0.3371
3461.2000 175 60 0.3429
3469.2000 175 61 0.3486
3472.0000 176 61 0.3466
3488.0000 177 61 0.3446
3503.5000 177 62 0.3503
3511.0000 178 62 0.3483
3511.4000 178 63 0.3539
3513.9000 178 64 0.3596
3526.3000 178 65 0.3652
3530.6000 178 66 0.3708
3535.0000 179 66 0.3687
3550.1000 179 67 0.3743
3552.0000 180 67 0.3722
3563.1000 180 68 0.3778
3565.2000 180 69 0.3833
3570.0000 181 69 0.3812
3575.8000 181 70 0.3867
3589.0000 182 70 0.3846
