# time  created  delivered  delivered/created
22.0000 1 0 0.0000
38.0000 2 0 0.0000
54.0000 3 0 0.0000
72.0000 4 0 0.0000
94.0000 5 0 0.0000
110.0000 6 0 0.0000
133.0000 7 0 0.0000
153.0000 8 0 0.0000
175.0000 9 0 0.0000
191.0000 10 0 0.0000
210.0000 11 0 0.0000
225.0000 12 0 0.0000
249.0000 13 0 0.0000
265.0000 14 0 0.0000
281.0000 15 0 0.0000
304.0000 16 0 0.0000
328.0000 17 0 0.0000
343.0000 18 0 0.0000
367.0000 19 0 0.0000
382.0000 20 0 0.0000
399.0000 21 0 0.0000
420.0000 22 0 0.0000
439.0000 23 0 0.0000
458.0000 24 0 0.0000
480.0000 25 0 0.0000
497.0000 26 0 0.0000
515.0000 27 0 0.0000
538.0000 28 0 0.0000
562.0000 29 0 0.0000
581.0000 30 0 0.0000
581.2000 30 1 0.0333
603.0000 31 1 0.0323
625.0000 32 1 0.0313
640.9000 32 2 0.0625
646.0000 33 2 0.0606
661.6000 33 3 0.0909
667.0000 34 3 0.0882
685.0000 35 3 0.0857
691.0000 35 4 0.1143
700.0000 36 4 0.1111
714.6000 36 5 0.1389
722.0000 37 5 0.1351
741.0000 38 5 0.1316
764.0000 39 5 0.1282
784.0000 40 5 0.1250
786.4000 40 6 0.1500
806.0000 41 6 0.1463
829.0000 42 6 0.1429
851.0000 43 6 0.1395
873.0000 44 6 0.1364
895.0000 45 6 0.1333
918.0000 46 6 0.1304
941.0000 47 6 0.1277
957.0000 48 6 0.1250
975.0000 49 6 0.1224
998.0000 50 6 0.1200
1018.0000 51 6 0.1176
1040.0000 52 6 0.1154
1056.0000 53 6 0.1132
1077.0000 54 6 0.1111
1096.0000 55 6 0.1091
1117.0000 56 6 0.1071
1137.0000 57 6 0.1053
1159.0000 58 6 0.1034
1179.0000 59 6 0.1017
1193.3000 59 7 0.1186
1201.0000 60 7 0.1167
1216.0000 61 7 0.1148
1225.2000 61 8 0.1311
1232.0000 62 8 0.1290
1251.0000 63 8 0.1270
1268.0000 64 8 0.1250
1287.0000 65 8 0.1231
1308.0000 66 8 0.1212
1327.0000 67 8 0.1194
1342.0000 68 8 0.1176
1364.0000 69 8 0.1159
1381.1000 69 9 0.1304
1388.0000 70 9 0.1286
1397.1000 70 10 0.1429
1407.0000 71 10 0.1408
1422.0000 72 10 0.1389
1442.0000 73 10 0.1370
1464.0000 74 10 0.1351
1478.1000 74 11 0.1486
1479.0000 75 11 0.1467
1483.1000 75 12 0.1600
1500.0000 76 12 0.1579
1518.0000 77 12 0.1558
1542.0000 78 12 0.1538
1555.9000 78 13 0.1667
1560.8000 78 14 0.1795
1562.0000 79 14 0.1772
1577.0000 80 14 0.1750
1585.3000 80 15 0.1875
1594.5000 80 16 0.2000
1600.0000 81 16 0.1975
1620.0000 82 16 0.1951
1637.0000 83 16 0.1928
1652.0000 84 16 0.1905
1673.0000 85 16 0.1882
1695.0000 86 16 0.1860
1707.0000 86 17 0.1977
1709.8000 86 18 0.2093
1713.0000 87 18 0.2069
1736.2000 87 19 0.2184
1737.0000 88 19 0.2159
1739.4000 88 20 0.2273
1739.8000 88 21 0.2386
1754.9000 88 22 0.2500
1760.0000 89 22 0.2472
1781.0000 90 22 0.2444
1804.0000 91 22 0.2418
1812.7000 91 23 0.2527
1826.0000 92 23 0.2500
1849.0000 93 23 0.2473
1870.0000 94 23 0.2447
1880.0000 94 24 0.2553
1882.8000 94 25 0.2660
1890.0000 95 25 0.2632
1911.0000 96 25 0.2604
1929.0000 97 25 0.2577
1948.0000 98 25 0.2551
1965.0000 99 25 0.2525
1980.0000 100 25 0.2500
2002.0000 101 25 0.2475
2024.0000 102 25 0.2451
2035.6000 102 26 0.2549
2041.0000 103 26 0.2524
2064.0000 104 26 0.2500
2080.0000 105 26 0.2476
2095.0000 106 26 0.2453
2119.0000 107 26 0.2430
2139.0000 108 26 0.2407
2144.5000 108 27 0.2500
2161.0000 109 27 0.2477
2178.0000 110 27 0.2455
2199.0000 111 27 0.2432
2217.0000 111 28 0.2523
2222.0000 112 28 0.2500
2240.0000 113 28 0.2478
2259.0000 114 28 0.2456
2275.0000 115 28 0.2435
2295.0000 116 28 0.2414
2314.0000 117 28 0.2393
2325.3000 117 29 0.2479
2335.0000 118 29 0.2458
2354.0000 119 29 0.2437
2377.0000 120 29 0.2417
2396.0000 121 29 0.2397
2411.0000 122 29 0.2377
2412.0000 122 30 0.2459
2433.0000 123 30 0.2439
2452.0000 124 30 0.2419
2460.7000 124 31 0.2500
2464.9000 124 32 0.2581
2470.9000 124 33 0.2661
2474.0000 125 33 0.2640
2496.0000 126 33 0.2619
2496.5000 126 34 0.2698
2511.0000 127 34 0.2677
2526.0000 128 34 0.2656
2546.0000 129 34 0.2636
2554.9000 129 35 0.2713
2558.4000 129 36 0.2791
2563.0000 130 36 0.2769
2586.0000 131 36 0.2748
2601.0000 132 36 0.2727
2621.0000 133 36 0.2707
2641.0000 134 36 0.2687
2654.8000 134 37 0.2761
2662.0000 135 37 0.2741
2678.0000 136 37 0.2721
2681.3000 136 38 0.2794
2689.6000 136 39 0.2868
2690.0000 136 40 0.2941
2693.0000 137 40 0.2920
2716.0000 138 40 0.2899
2735.0000 139 40 0.2878
2741.3000 139 41 0.2950
2754.0000 140 41 0.2929
2771.0000 141 41 0.2908
2773.0000 141 42 0.2979
2788.0000 142 42 0.2958
2800.0000 142 43 0.3028
2803.7000 142 44 0.3099
2807.0000 143 44 0.3077
2825.0000 143 45 0.3147
2831.0000 144 45 0.3125
2853.0000 145 45 0.3103
2868.0000 146 45 0.3082
2872.2000 146 46 0.3151
2872.7000 146 47 0.3219
2891.0000 147 47 0.3197
2899.2000 147 48 0.3265
2911.0000 148 48 0.3243
2911.3000 148 49 0.3311
2926.0000 149 49 0.3289
2942.0000 150 49 0.3267
2962.0000 151 49 0.3245
2979.0000 152 49 0.3224
3003.0000 153 49 0.3203
3020.7000 153 50 0.3268
3024.0000 154 50 0.3247
3040.0000 155 50 0.3226
3064.0000 156 50 0.3205
3065.8000 156 51 0.3269
3086.0000 157 51 0.3248
3087.3000 157 52 0.3312
3110.0000 158 52 0.3291
3120.6000 158 53 0.3354
3129.0000 159 53 0.3333
3147.0000 160 53 0.3313
3166.0000 161 53 0.3292
3190.0000 162 53 0.3272
3210.0000 163 53 0.3252
3225.0000 164 53 0.3232
3230.0000 164 54 0.3293
3243.0000 165 54 0.3273
3260.0000 166 54 0.3253
3271.5000 166 55 0.3313
3272.5000 166 56 0.3373
3274.3000 166 57 0.3434
3283.0000 167 57 0.3413
3291.5000 167 58 0.3473
3305.0000 168 58 0.3452
3321.0000 169 58 0.3432
3344.0000 170 58 0.3412
3365.0000 171 58 0.3392
3385.0000 172 58 0.3372
3408.0000 173 58 0.3353
3409.8000 173 59 0.3410
3412.8000 173 60 0.3468
3428.0000 174 60 0.3448
3449.0000 175 60 0.3429
3472.0000 176 60 0.3409
3488.0000 177 60 0.3390
3510.8000 177 61 0.3446
3511.0000 178 61 0.3427
3526.6000 178 62 0.3483
3530.6000 178 63 0.3539
3535.0000 179 63 0.3520
3550.1000 179 64 0.3575
3552.0000 180 64 0.3556
3570.0000 181 64 0.3536
3578.3000 181 65 0.3591
3589.0000 182 65 0.3571
3604.0000 183 65 0.3552
3619.0000 184 65 0.3533
3638.0000 185 65 0.3514
3653.0000 186 65 0.3495
3669.0000 187 65 0.3476
3683.4000 187 66 0.3529
3689.0000 188 66 0.3511
3712.0000 189 66 0.3492
3730.0000 190 66 0.3474
3754.0000 191 66 0.3455
3771.0000 192 66 0.3438
3787.0000 193 66 0.3420
3809.0000 194 66 0.3402
3832.0000 195 66 0.3385
3854.0000 196 66 0.3367
3869.7000 196 67 0.3418
3873.0000 197 67 0.3401
3875.4000 197 68 0.3452
3895.0000 198 68 0.3434
3919.0000 199 68 0.3417
3938.0000 200 68 0.3400
3953.0000 200 69 0.3450
3955.0000 201 69 0.3433
3975.0000 202 69 0.3416
3996.0000 203 69 0.3399
4012.0000 204 69 0.3382
4031.0000 205 69 0.3366
4052.0000 206 69 0.3350
4059.0000 206 70 0.3398
4060.3000 206 71 0.3447
4070.0000 207 71 0.3430
4094.0000 208 71 0.3413
4096.8000 208 72 0.3462
4115.0000 209 72 0.3445
4134.0000 210 72 0.3429
4152.1000 210 73 0.3476
4153.0000 211 73 0.3460
4171.0000 212 73 0.3443
4194.0000 213 73 0.3427
4208.3000 213 74 0.3474
4209.7000 213 75 0.3521
4214.0000 214 75 0.3505
4214.7000 214 76 0.3551
4222.4000 214 77 0.3598
4235.0000 215 77 0.3581
4251.0000 216 77 0.3565
4268.6000 216 78 0.3611
4272.0000 217 78 0.3594
4287.3000 217 79 0.3641
4288.3000 217 80 0.3687
4290.0000 218 80 0.3670
4314.0000 219 80 0.3653
4338.0000 220 80 0.3636
4360.0000 221 80 0.3620
4381.0000 222 80 0.3604
4400.0000 223 80 0.3587
4406.0000 223 81 0.3632
4419.0000 224 81 0.3616
4419.1000 224 82 0.3661
4434.0000 225 82 0.3644
4452.4000 225 83 0.3689
4458.0000 226 83 0.3673
4463.0000 226 84 0.3717
4476.0000 227 84 0.3700
4495.7000 227 85 0.3744
4497.0000 228 85 0.3728
4515.0000 229 85 0.3712
4537.0000 230 85 0.3696
4548.0000 230 86 0.3739
4556.0000 231 86 0.3723
4562.1000 231 87 0.3766
4580.0000 232 87 0.3750
4589.4000 232 88 0.3793
4597.0000 233 88 0.3777
4607.1000 233 89 0.3820
4610.6000 233 90 0.3863
4614.0000 234 90 0.3846
4634.0000 235 90 0.3830
4655.0000 236 90 0.3814
4665.1000 236 91 0.3856
4670.2000 236 92 0.3898
4672.0000 237 92 0.3882
4689.0000 238 92 0.3866
4699.4000 238 93 0.3908
4706.0000 239 93 0.3891
4729.0000 240 93 0.3875
4747.0000 241 93 0.3859
4762.0000 242 93 0.3843
4783.0000 243 93 0.3827
4807.0000 244 93 0.3811
4824.0000 245 93 0.3796
4848.0000 246 93 0.3780
4867.0000 247 93 0.3765
4886.0000 248 93 0.3750
4909.0000 249 93 0.3735
4928.0000 250 93 0.3720
4951.0000 251 93 0.3705
4966.0000 252 93 0.3690
4986.0000 253 93 0.3676
4991.0000 253 94 0.3715
5000.3000 253 95 0.3755
5010.0000 254 95 0.3740
5033.0000 255 95 0.3725
5048.0000 256 95 0.3711
5072.0000 257 95 0.3696
5089.0000 258 95 0.3682
5095.6000 258 96 0.3721
5112.0000 259 96 0.3707
5131.0000 260 96 0.3692
5143.9000 260 97 0.3731
5151.0000 261 97 0.3716
5170.2000 261 98 0.3755
5175.0000 262 98 0.3740
5194.0000 263 98 0.3726
5215.0000 264 98 0.3712
5237.0000 265 98 0.3698
5254.0000 266 98 0.3684
5264.9000 266 99 0.3722
5269.0000 267 99 0.3708
5291.0000 268 99 0.3694
5307.0000 269 99 0.3680
5319.5000 269 100 0.3717
5324.0000 270 100 0.3704
5339.0000 271 100 0.3690
5356.0000 272 100 0.3676
5371.0000 273 100 0.3663
5387.0000 274 100 0.3650
5395.6000 274 101 0.3686
5410.0000 275 101 0.3673
5426.0000 276 101 0.3659
5430.3000 276 102 0.3696
5447.0000 277 102 0.3682
5470.0000 278 102 0.3669
5490.0000 279 102 0.3656
5507.0000 280 102 0.3643
5517.8000 280 103 0.3679
5528.0000 281 103 0.3665
5546.0000 282 103 0.3652
5564.0000 283 103 0.3640
5584.0000 284 103 0.3627
5589.1000 284 104 0.3662
5607.0000 285 104 0.3649
5625.0000 286 104 0.3636
5643.0000 287 104 0.3624
5665.0000 288 104 0.3611
5685.0000 289 104 0.3599
5704.0000 290 104 0.3586
5724.0000 291 104 0.3574
5727.8000 291 105 0.3608
5745.0000 292 105 0.3596
5760.0000 293 105 0.3584
5760.8000 293 106 0.3618
5780.2000 293 107 0.3652
5784.0000 294 107 0.3639
5805.0000 295 107 0.3627
5822.0000 296 107 0.3615
5830.5000 296 108 0.3649
5841.0000 297 108 0.3636
5855.7000 297 109 0.3670
5859.0000 298 109 0.3658
5859.6000 298 110 0.3691
5863.7000 298 111 0.3725
5869.1000 298 112 0.3758
5874.0000 299 112 0.3746
5874.3000 299 113 0.3779
5893.0000 300 113 0.3767
5905.8000 300 114 0.3800
5914.0000 301 114 0.3787
5932.0000 302 114 0.3775
5934.1000 302 115 0.3808
5953.0000 303 115 0.3795
5971.0000 304 115 0.3783
5986.0000 305 115 0.3770
5996.8000 305 116 0.3803
6003.8000 305 117 0.3836
6007.7000 305 118 0.3869
6008.0000 306 118 0.3856
6024.0000 307 118 0.3844
6029.0000 307 119 0.3876
6041.0000 308 119 0.3864
6063.0000 309 119 0.3851
6087.0000 310 119 0.3839
6105.0000 311 119 0.3826
6124.0000 312 119 0.3814
6129.8000 312 120 0.3846
6145.0000 313 120 0.3834
6166.0000 314 120 0.3822
6182.0000 315 120 0.3810
6201.0000 316 120 0.3797
6216.0000 317 120 0.3785
6216.8000 317 121 0.3817
6231.0000 318 121 0.3805
6245.2000 318 122 0.3836
6248.0000 319 122 0.3824
6261.7000 319 123 0.3856
6267.0000 320 123 0.3844
6285.7000 320 124 0.3875
6289.0000 321 124 0.3863
6308.0000 322 124 0.3851
6332.0000 323 124 0.3839
6355.0000 324 124 0.3827
6372.0000 325 124 0.3815
6374.6000 325 125 0.3846
6377.1000 325 126 0.3877
6393.0000 326 126 0.3865
6417.0000 327 126 0.3853
6424.2000 327 127 0.3884
6431.8000 327 128 0.3914
6441.0000 328 128 0.3902
6465.0000 329 128 0.3891
6467.3000 329 129 0.3921
6486.0000 330 129 0.3909
6502.0000 331 129 0.3897
6506.5000 331 130 0.3927
6518.0000 332 130 0.3916
6536.0000 333 130 0.3904
6548.1000 333 131 0.3934
6551.1000 333 132 0.3964
6555.0000 334 132 0.3952
6563.6000 334 133 0.3982
6572.0000 335 133 0.3970
6591.0000 336 133 0.3958
6608.0000 337 133 0.3947
6631.0000 338 133 0.3935
6646.0000 339 133 0.3923
6665.0000 340 133 0.3912
6684.0000 341 133 0.3900
6696.4000 341 134 0.3930
6708.0000 342 134 0.3918
6725.0000 343 134 0.3907
6733.4000 343 135 0.3936
6745.0000 344 135 0.3924
6752.0000 344 136 0.3953
6760.0000 345 136 0.3942
6781.0000 346 136 0.3931
6795.3000 346 137 0.3960
6800.0000 347 137 0.3948
6816.0000 348 137 0.3937
6839.0000 349 137 0.3926
6854.0000 350 137 0.3914
6874.0000 351 137 0.3903
6889.0000 352 137 0.3892
6893.6000 352 138 0.3920
6909.0000 353 138 0.3909
6930.0000 354 138 0.3898
6942.1000 354 139 0.3927
6951.0000 355 139 0.3915
6971.0000 356 139 0.3904
6978.5000 356 140 0.3933
6995.0000 357 140 0.3922
7010.0000 358 140 0.3911
7029.0000 359 140 0.3900
7043.8000 359 141 0.3928
7048.0000 360 141 0.3917
7071.0000 361 141 0.3906
7093.0000 362 141 0.3895
7108.0000 363 141 0.3884
7111.5000 363 142 0.3912
7130.0000 364 142 0.3901
7147.0000 365 142 0.3890
7163.0000 366 142 0.3880
7176.4000 366 143 0.3907
7180.0000 367 143 0.3896
7189.3000 367 144 0.3924
7197.0000 368 144 0.3913
7221.0000 369 144 0.3902
7240.0000 370 144 0.3892
7255.0000 371 144 0.3881
7272.0000 372 144 0.3871
7296.0000 373 144 0.3861
7319.0000 374 144 0.3850
7333.2000 374 145 0.3877
7335.0000 375 145 0.3867
7358.0000 376 145 0.3856
7367.4000 376 146 0.3883
7378.0000 377 146 0.3873
7394.0000 378 146 0.3862
7411.0000 379 146 0.3852
7429.9000 379 147 0.3879
7435.0000 380 147 0.3868
7459.0000 381 147 0.3858
7472.9000 381 148 0.3885
7480.0000 382 148 0.3874
7493.2000 382 149 0.3901
7498.0000 383 149 0.3890
7498.9000 383 150 0.3916
7507.3000 383 151 0.3943
7514.0000 384 151 0.3932
7532.9000 384 152 0.3958
7536.0000 385 152 0.3948
7559.0000 386 152 0.3938
7574.0000 387 152 0.3928
7583.5000 387 153 0.3953
7591.2000 387 154 0.3979
7595.0000 388 154 0.3969
7600.5000 388 155 0.3995
7613.0000 389 155 0.3985
7632.0000 390 155 0.3974
7656.0000 391 155 0.3964
7673.0000 392 155 0.3954
7696.0000 393 155 0.3944
7713.0000 394 155 0.3934
7723.0000 394 156 0.3959
7730.0000 395 156 0.3949
7745.0000 396 156 0.3939
7749.7000 396 157 0.3965
7762.0000 397 157 0.3955
7770.0000 397 158 0.3980
7784.0000 398 158 0.3970
7804.0000 399 158 0.3960
7822.0000 400 158 0.3950
7840.0000 401 158 0.3940
7858.0000 402 158 0.3930
7874.0000 403 158 0.3921
7895.0000 404 158 0.3911
7914.0000 405 158 0.3901
7931.0000 406 158 0.3892
7934.8000 406 159 0.3916
7948.0000 407 159 0.3907
7964.1000 407 160 0.3931
7972.0000 408 160 0.3922
7972.6000 408 161 0.3946
7987.0000 409 161 0.3936
7992.4000 409 162 0.3961
8002.0000 410 162 0.3951
8024.0000 411 162 0.3942
8035.4000 411 163 0.3966
8040.0000 412 163 0.3956
8041.7000 412 164 0.3981
8059.0000 413 164 0.3971
8082.0000 414 164 0.3961
8083.7000 414 165 0.3986
8099.0000 415 165 0.3976
8105.4000 415 166 0.4000
8116.0000 416 166 0.3990
8137.0000 417 166 0.3981
8158.0000 418 166 0.3971
8173.0000 419 166 0.3962
8190.0000 420 166 0.3952
8205.0000 421 166 0.3943
8205.7000 421 167 0.3967
8227.0000 422 167 0.3957
8235.0000 422 168 0.3981
8236.3000 422 169 0.4005
8237.2000 422 170 0.4028
8238.0000 422 171 0.4052
8251.0000 423 171 0.4043
8270.0000 423 172 0.4066
8275.0000 424 172 0.4057
8297.0000 425 172 0.4047
8316.8000 425 173 0.4071
8317.0000 426 173 0.4061
8336.0000 427 173 0.4052
8359.0000 428 173 0.4042
8375.0000 429 173 0.4033
8396.0000 430 173 0.4023
8404.7000 430 174 0.4047
8414.0000 431 174 0.4037
8437.0000 432 174 0.4028
8453.0000 433 174 0.4018
8468.0000 434 174 0.4009
8492.0000 435 174 0.4000
8510.0000 436 174 0.3991
8525.0000 437 174 0.3982
8531.4000 437 175 0.4005
8544.0000 438 175 0.3995
8566.0000 439 175 0.3986
8578.2000 439 176 0.4009
8586.0000 440 176 0.4000
8609.0000 441 176 0.3991
8612.2000 441 177 0.4014
8625.0000 442 177 0.4005
8641.3000 442 178 0.4027
8644.0000 443 178 0.4018
8663.0000 444 178 0.4009
8681.0000 445 178 0.4000
8681.8000 445 179 0.4022
8697.0000 446 179 0.4013
8719.0000 447 179 0.4004
8727.2000 447 180 0.4027
8743.0000 448 180 0.4018
8767.0000 449 180 0.4009
8784.0000 450 180 0.4000
8790.7000 450 181 0.4022
8794.1000 450 182 0.4044
8800.0000 451 182 0.4035
8806.3000 451 183 0.4058
8822.7000 451 184 0.4080
8823.0000 452 184 0.4071
8839.0000 453 184 0.4062
8849.0000 453 185 0.4084
8854.0000 454 185 0.4075
8869.0000 455 185 0.4066
8889.4000 455 186 0.4088
8892.0000 456 186 0.4079
8897.5000 456 187 0.4101
8911.0000 457 187 0.4092
8919.5000 457 188 0.4114
8925.9000 457 189 0.4136
8929.0000 458 189 0.4127
8930.8000 458 190 0.4148
8944.0000 459 190 0.4139
8955.3000 459 191 0.4161
8961.0000 460 191 0.4152
8979.0000 461 191 0.4143
8997.0000 462 191 0.4134
9013.0000 463 191 0.4125
9035.0000 464 191 0.4116
9058.0000 465 191 0.4108
9073.0000 466 191 0.4099
9084.3000 466 192 0.4120
9095.0000 467 192 0.4111
9119.0000 468 192 0.4103
9130.1000 468 193 0.4124
9143.0000 469 193 0.4115
9162.0000 470 193 0.4106
9172.7000 470 194 0.4128
9174.0000 470 195 0.4149
9186.0000 471 195 0.4140
9197.4000 471 196 0.4161
9209.0000 472 196 0.4153
9209.2000 472 197 0.4174
9220.4000 472 198 0.4195
9224.0000 473 198 0.4186
9245.0000 474 198 0.4177
9264.0000 475 198 0.4168
9288.0000 476 198 0.4160
9294.6000 476 199 0.4181
9306.5000 476 200 0.4202
9310.0000 477 200 0.4193
9326.0000 478 200 0.4184
9341.0000 479 200 0.4175
9365.0000 480 200 0.4167
9387.0000 481 200 0.4158
9403.0000 482 200 0.4149
9426.0000 483 200 0.4141
9444.0000 484 200 0.4132
9468.0000 485 200 0.4124
9485.0000 486 200 0.4115
9503.0000 487 200 0.4107
9527.0000 488 200 0.4098
9533.4000 488 201 0.4119
9534.7000 488 202 0.4139
9550.0000 489 202 0.4131
9573.0000 490 202 0.4122
9591.0000 491 202 0.4114
9614.0000 492 202 0.4106
9614.9000 492 203 0.4126
9632.0000 493 203 0.4118
9653.0000 494 203 0.4109
9676.0000 495 203 0.4101
9684.2000 495 204 0.4121
9693.0000 496 204 0.4113
9696.3000 496 205 0.4133
9715.0000 497 205 0.4125
9736.0000 498 205 0.4116
9750.0000 498 206 0.4137
9752.0000 499 206 0.4128
9771.6000 499 207 0.4148
9776.0000 500 207 0.4140
9791.7000 500 208 0.4160
9791.7000 500 209 0.4180
9793.6000 500 210 0.4200
9794.4000 500 211 0.4220
9799.0000 501 211 0.4212
9803.7000 501 212 0.4232
9821.0000 502 212 0.4223
9837.0000 503 212 0.4215
9845.4000 503 213 0.4235
9861.0000 504 213 0.4226
9879.0000 505 213 0.4218
9894.0000 506 213 0.4209
9909.0000 507 213 0.4201
9927.0000 508 213 0.4193
9944.9000 508 214 0.4213
9946.0000 509 214 0.4204
9946.2000 509 215 0.4224
9969.0000 510 215 0.4216
9988.0000 511 215 0.4207
10007.0000 512 215 0.4199
10007.4000 512 216 0.4219
10009.2000 512 217 0.4238
10024.0000 513 217 0.4230
10027.2000 513 218 0.4250
10044.0000 514 218 0.4241
10067.0000 515 218 0.4233
10087.0000 516 218 0.4225
10111.0000 517 218 0.4217
10114.8000 517 219 0.4236
10123.4000 517 220 0.4255
10132.0000 518 220 0.4247
10154.0000 519 220 0.4239
10177.0000 520 220 0.4231
10194.0000 521 220 0.4223
10216.0000 522 220 0.4215
10235.0000 523 220 0.4207
10257.0000 524 220 0.4198
10272.6000 524 221 0.4218
10281.0000 525 221 0.4210
10292.1000 525 222 0.4229
10300.0000 526 222 0.4221
10320.0000 527 222 0.4213
10343.0000 528 222 0.4205
10366.0000 529 222 0.4197
10382.0000 530 222 0.4189
10402.0000 531 222 0.4181
10423.0000 532 222 0.4173
10424.8000 532 223 0.4192
10441.0000 533 223 0.4184
10443.4000 533 224 0.4203
10461.0000 534 224 0.4195
10466.5000 534 225 0.4213
10480.0000 535 225 0.4206
10497.0000 536 225 0.4198
10518.0000 537 225 0.4190
10524.1000 537 226 0.4209
10536.0000 537 227 0.4227
10537.0000 538 227 0.4219
10549.8000 538 228 0.4238
10555.0000 539 228 0.4230
10571.0000 540 228 0.4222
10591.0000 541 228 0.4214
10614.6000 541 229 0.4233
10615.0000 542 229 0.4225
10637.0000 543 229 0.4217
10638.2000 543 230 0.4236
10645.7000 543 231 0.4254
10657.0000 544 231 0.4246
10680.5000 544 232 0.4265
10681.0000 545 232 0.4257
10703.0000 546 232 0.4249
10726.0000 547 232 0.4241
10748.0000 548 232 0.4234
10767.8000 548 233 0.4252
10768.0000 549 233 0.4244
10781.7000 549 234 0.4262
10788.0000 550 234 0.4255
10808.0000 551 234 0.4247
10823.0000 552 234 0.4239
10842.0000 553 234 0.4231
10866.0000 554 234 0.4224
10877.7000 554 235 0.4242
10885.0000 555 235 0.4234
10887.3000 555 236 0.4252
10907.0000 556 236 0.4245
10925.0000 557 236 0.4237
10942.0000 558 236 0.4229
10966.0000 559 236 0.4222
10983.0000 560 236 0.4214
11006.0000 561 236 0.4207
11020.2000 561 237 0.4225
11023.0000 562 237 0.4217
11043.2000 562 238 0.4235
11046.0000 563 238 0.4227
11064.5000 563 239 0.4245
11068.0000 564 239 0.4238
11079.9000 564 240 0.4255
11084.0000 565 240 0.4248
11091.1000 565 241 0.4265
11102.0000 566 241 0.4258
11120.0000 567 241 0.4250
11131.5000 567 242 0.4268
11137.9000 567 243 0.4286
11143.0000 568 243 0.4278
11148.6000 568 244 0.4296
11166.0000 569 244 0.4288
11182.0000 570 244 0.4281
11201.0000 571 244 0.4273
11201.9000 571 245 0.4291
11210.6000 571 246 0.4308
11218.0000 572 246 0.4301
11220.6000 572 247 0.4318
11238.0000 573 247 0.4311
11250.8000 573 248 0.4328
11260.0000 574 248 0.4321
11280.0000 575 248 0.4313
11290.4000 575 249 0.4330
11293.2000 575 250 0.4348
11298.0000 576 250 0.4340
11308.0000 576 251 0.4358
11319.0000 577 251 0.4350
11325.9000 577 252 0.4367
11343.0000 578 252 0.4360
11363.0000 579 252 0.4352
11381.0000 580 252 0.4345
11405.0000 581 252 0.4337
11424.0000 582 252 0.4330
11432.3000 582 253 0.4347
11443.0000 583 253 0.4340
11467.0000 584 253 0.4332
11491.0000 585 253 0.4325
11511.0000 586 253 0.4317
11513.2000 586 254 0.4334
11529.0000 587 254 0.4327
11540.0000 587 255 0.4344
11547.0000 588 255 0.4337
11564.6000 588 256 0.4354
11566.0000 589 256 0.4346
11586.0000 590 256 0.4339
11610.0000 591 256 0.4332
11612.3000 591 257 0.4349
11626.0000 592 257 0.4341
11640.2000 592 258 0.4358
11650.0000 593 258 0.4351
11665.0000 594 258 0.4343
11680.0000 595 258 0.4336
11686.5000 595 259 0.4353
11696.0000 596 259 0.4346
11711.0000 597 259 0.4338
11731.0000 598 259 0.4331
11755.0000 599 259 0.4324
11771.0000 600 259 0.4317
11790.0000 601 259 0.4309
11797.4000 601 260 0.4326
11805.5000 601 261 0.4343
11809.0000 602 261 0.4336
11809.6000 602 262 0.4352
11827.0000 603 262 0.4345
11828.9000 603 263 0.4362
11846.6000 603 264 0.4378
11851.0000 604 264 0.4371
11867.0000 605 264 0.4364
11872.4000 605 265 0.4380
11885.0000 606 265 0.4373
11907.0000 607 265 0.4366
11929.0000 608 265 0.4359
11940.3000 608 266 0.4375
11946.5000 608 267 0.4391
11948.0000 609 267 0.4384
11971.0000 610 267 0.4377
11990.2000 610 268 0.4393
11995.0000 611 268 0.4386
12005.8000 611 269 0.4403
12012.0000 612 269 0.4395
12033.0000 613 269 0.4388
12048.0000 614 269 0.4381
12070.0000 615 269 0.4374
12072.7000 615 270 0.4390
12072.9000 615 271 0.4407
12073.0000 615 272 0.4423
12088.0000 616 272 0.4416
12091.1000 616 273 0.4432
12104.0000 617 273 0.4425
12124.0000 618 273 0.4417
12135.5000 618 274 0.4434
12141.5000 618 275 0.4450
12145.0000 619 275 0.4443
12153.5000 619 276 0.4459
12165.0000 620 276 0.4452
12189.0000 621 276 0.4444
12209.0000 622 276 0.4437
12210.1000 622 277 0.4453
12216.6000 622 278 0.4469
12218.5000 622 279 0.4486
12220.5000 622 280 0.4502
12226.0000 623 280 0.4494
12240.6000 623 281 0.4510
12249.0000 624 281 0.4503
12270.0000 625 281 0.4496
12287.0000 626 281 0.4489
12295.5000 626 282 0.4505
12304.8000 626 283 0.4521
12305.0000 627 283 0.4514
12323.0000 628 283 0.4506
12329.4000 628 284 0.4522
12332.8000 628 285 0.4538
12336.4000 628 286 0.4554
12339.0000 629 286 0.4547
12341.9000 629 287 0.4563
12358.0000 630 287 0.4556
12377.0000 631 287 0.4548
12399.0000 632 287 0.4541
12421.0000 633 287 0.4534
12444.0000 634 287 0.4527
12463.0000 635 287 0.4520
12479.0000 636 287 0.4513
12483.1000 636 288 0.4528
12485.5000 636 289 0.4544
12497.0000 637 289 0.4537
12518.0000 638 289 0.4530
12538.0000 639 289 0.4523
12556.0000 640 289 0.4516
12575.0000 641 289 0.4509
12592.6000 641 290 0.4524
12596.0000 642 290 0.4517
12605.9000 642 291 0.4533
12611.0000 643 291 0.4526
12635.0000 644 291 0.4519
12642.9000 644 292 0.4534
12655.0000 645 292 0.4527
12657.3000 645 293 0.4543
12667.5000 645 294 0.4558
12672.0000 646 294 0.4551
12689.5000 646 295 0.4567
12691.0000 647 295 0.4560
12706.4000 647 296 0.4575
12713.0000 648 296 0.4568
12725.8000 648 297 0.4583
12727.4000 648 298 0.4599
12737.0000 649 298 0.4592
12749.7000 649 299 0.4607
12761.0000 650 299 0.4600
12781.0000 651 299 0.4593
12788.9000 651 300 0.4608
12798.0000 652 300 0.4601
12818.0000 653 300 0.4594
12830.7000 653 301 0.4609
12839.0000 654 301 0.4602
12857.7000 654 302 0.4618
12863.0000 655 302 0.4611
12884.0000 656 302 0.4604
12890.7000 656 303 0.4619
12901.0000 657 303 0.4612
12919.0000 658 303 0.4605
12936.0000 659 303 0.4598
12954.0000 660 303 0.4591
12971.0000 661 303 0.4584
12977.7000 661 304 0.4599
12986.0000 662 304 0.4592
12989.3000 662 305 0.4607
12993.7000 662 306 0.4622
13009.0000 663 306 0.4615
13029.0000 664 306 0.4608
13046.1000 664 307 0.4623
13048.0000 665 307 0.4617
13069.0000 666 307 0.4610
13071.3000 666 308 0.4625
13080.5000 666 309 0.4640
13090.0000 667 309 0.4633
13112.0000 668 309 0.4626
13135.0000 669 309 0.4619
13138.4000 669 310 0.4634
13146.6000 669 311 0.4649
13157.0000 670 311 0.4642
13172.9000 670 312 0.4657
13175.0000 671 312 0.4650
13191.3000 671 313 0.4665
13198.0000 672 313 0.4658
13222.0000 673 313 0.4651
13237.0000 674 313 0.4644
13261.0000 675 313 0.4637
13279.0000 676 313 0.4630
13303.0000 677 313 0.4623
13327.0000 678 313 0.4617
13344.0000 679 313 0.4610
13367.0000 680 313 0.4603
13384.8000 680 314 0.4618
13385.0000 681 314 0.4611
13400.0000 682 314 0.4604
13422.0000 683 314 0.4597
13431.6000 683 315 0.4612
13439.0000 684 315 0.4605
13460.3000 684 316 0.4620
13463.0000 685 316 0.4613
13485.0000 686 316 0.4606
13501.0000 687 316 0.4600
13522.0000 688 316 0.4593
13543.0000 689 316 0.4586
13558.0000 690 316 0.4580
13574.3000 690 317 0.4594
13578.0000 691 317 0.4588
13588.1000 691 318 0.4602
13597.0000 692 318 0.4595
13601.2000 692 319 0.4610
13605.2000 692 320 0.4624
13612.0000 693 320 0.4618
13622.2000 693 321 0.4632
13622.5000 693 322 0.4646
13633.0000 694 322 0.4640
13654.0000 695 322 0.4633
13674.0000 696 322 0.4626
13689.0000 697 322 0.4620
13702.9000 697 323 0.4634
13713.0000 698 323 0.4628
13733.0000 699 323 0.4621
13741.0000 699 324 0.4635
13750.0000 700 324 0.4629
13770.6000 700 325 0.4643
13771.0000 701 325 0.4636
13787.0000 702 325 0.4630
13792.2000 702 326 0.4644
13803.8000 702 327 0.4658
13808.0000 703 327 0.4651
13831.0000 704 327 0.4645
13853.0000 705 327 0.4638
13874.0000 706 327 0.4632
13894.0000 707 327 0.4625
13915.0000 708 327 0.4619
13937.0000 709 327 0.4612
13952.0000 710 327 0.4606
13954.6000 710 328 0.4620
13955.8000 710 329 0.4634
13976.0000 711 329 0.4627
13994.0000 712 329 0.4621
14011.0000 713 329 0.4614
14032.0000 714 329 0.4608
14056.0000 715 329 0.4601
14071.0000 715 330 0.4615
14077.0000 716 330 0.4609
14092.0000 717 330 0.4603
14107.0000 718 330 0.4596
14108.3000 718 331 0.4610
14123.0000 719 331 0.4604
14147.0000 720 331 0.4597
14167.0000 721 331 0.4591
14186.0000 722 331 0.4584
14193.4000 722 332 0.4598
14204.0000 723 332 0.4592
14225.0000 724 332 0.4586
14245.0000 725 332 0.4579
14267.0000 726 332 0.4573
14282.5000 726 333 0.4587
14286.0000 727 333 0.4580
14304.0000 728 333 0.4574
14323.0000 729 333 0.4568
14327.0000 729 334 0.4582
14343.0000 730 334 0.4575
14363.0000 731 334 0.4569
14385.0000 732 334 0.4563
14386.5000 732 335 0.4577
14390.9000 732 336 0.4590
14404.0000 733 336 0.4584
14420.0000 734 336 0.4578
14433.2000 734 337 0.4591
14441.0000 735 337 0.4585
14456.0000 736 337 0.4579
14466.4000 736 338 0.4592
14475.0000 737 338 0.4586
14499.0000 738 338 0.4580
14523.0000 739 338 0.4574
14535.4000 739 339 0.4587
14544.0000 740 339 0.4581
14568.0000 741 339 0.4575
14588.0000 742 339 0.4569
14603.0000 743 339 0.4563
14618.0000 744 339 0.4556
14631.4000 744 340 0.4570
14639.0000 745 340 0.4564
14655.0000 746 340 0.4558
14676.0000 747 340 0.4552
14696.0000 748 340 0.4545
14718.0000 749 340 0.4539
14722.4000 749 341 0.4553
14733.2000 749 342 0.4566
14736.0000 750 342 0.4560
14741.8000 750 343 0.4573
14746.0000 750 344 0.4587
14748.6000 750 345 0.4600
14756.0000 751 345 0.4594
14773.0000 752 345 0.4588
14790.0000 753 345 0.4582
14809.0000 754 345 0.4576
14830.5000 754 346 0.4589
14831.0000 755 346 0.4583
14848.0000 756 346 0.4577
14857.6000 756 347 0.4590
14867.0000 757 347 0.4584
14889.0000 758 347 0.4578
14905.0000 759 347 0.4572
14927.0000 760 347 0.4566
14938.1000 760 348 0.4579
14942.0000 761 348 0.4573
14961.0000 762 348 0.4567
14975.8000 762 349 0.4580
14984.0000 763 349 0.4574
14999.0000 764 349 0.4568
15001.4000 764 350 0.4581
15021.0000 765 350 0.4575
15041.0000 766 350 0.4569
15058.0000 767 350 0.4563
15074.0000 768 350 0.4557
15093.0000 769 350 0.4551
15101.5000 769 351 0.4564
15105.1000 769 352 0.4577
15114.0000 770 352 0.4571
15132.0000 771 352 0.4565
15149.0000 772 352 0.4560
15152.7000 772 353 0.4573
15159.2000 772 354 0.4585
15172.0000 773 354 0.4580
15173.7000 773 355 0.4592
15190.0000 774 355 0.4587
15212.0000 775 355 0.4581
15235.0000 776 355 0.4575
15256.0000 777 355 0.4569
15266.0000 777 356 0.4582
15274.8000 777 357 0.4595
15280.0000 778 357 0.4589
15297.0000 779 357 0.4583
15298.2000 779 358 0.4596
15318.0000 780 358 0.4590
15336.0000 781 358 0.4584
15360.0000 782 358 0.4578
15381.0000 783 358 0.4572
15389.7000 783 359 0.4585
15399.0000 784 359 0.4579
15419.0000 785 359 0.4573
15439.2000 785 360 0.4586
15441.0000 786 360 0.4580
15459.5000 786 361 0.4593
15460.7000 786 362 0.4606
15465.0000 787 362 0.4600
15468.7000 787 363 0.4612
15482.0000 788 363 0.4607
15504.0000 789 363 0.4601
15526.0000 790 363 0.4595
15537.4000 790 364 0.4608
15547.0000 791 364 0.4602
15566.2000 791 365 0.4614
15569.0000 792 365 0.4609
15583.0000 792 366 0.4621
15586.3000 792 367 0.4634
15591.0000 793 367 0.4628
15615.0000 794 367 0.4622
15632.0000 795 367 0.4616
15651.0000 796 367 0.4611
15658.9000 796 368 0.4623
15666.0000 797 368 0.4617
15684.0000 798 368 0.4612
15708.0000 799 368 0.4606
15724.0000 800 368 0.4600
15742.6000 800 369 0.4613
15746.0000 801 369 0.4607
15759.9000 801 370 0.4619
15764.0000 802 370 0.4613
15780.2000 802 371 0.4626
15782.0000 803 371 0.4620
15793.3000 803 372 0.4633
15799.0000 804 372 0.4627
15815.0000 805 372 0.4621
15838.0000 806 372 0.4615
15854.0000 807 372 0.4610
15873.0000 808 372 0.4604
15894.0000 809 372 0.4598
15909.0000 810 372 0.4593
15927.0000 811 372 0.4587
15948.0000 812 372 0.4581
15953.1000 812 373 0.4594
15957.7000 812 374 0.4606
15967.0000 813 374 0.4600
15971.8000 813 375 0.4613
15990.0000 814 375 0.4607
16004.6000 814 376 0.4619
16010.0000 815 376 0.4613
16027.0000 816 376 0.4608
16042.0000 817 376 0.4602
16061.0000 818 376 0.4597
16062.2000 818 377 0.4609
16080.0000 819 377 0.4603
16104.0000 820 377 0.4598
16121.1000 820 378 0.4610
16124.0000 821 378 0.4604
16139.0000 822 378 0.4599
16155.0000 823 378 0.4593
16155.5000 823 379 0.4605
16159.2000 823 380 0.4617
16175.0000 824 380 0.4612
16196.0000 825 380 0.4606
16200.5000 825 381 0.4618
16212.0000 826 381 0.4613
16220.0000 826 382 0.4625
16230.0000 827 382 0.4619
16232.5000 827 383 0.4631
16245.0000 828 383 0.4626
16261.0000 829 383 0.4620
16281.0000 830 383 0.4614
16301.0000 831 383 0.4609
16322.0000 832 383 0.4603
16331.1000 832 384 0.4615
16338.0000 833 384 0.4610
16357.0000 834 384 0.4604
16380.0000 835 384 0.4599
16390.5000 835 385 0.4611
16399.0000 836 385 0.4605
16416.0000 837 385 0.4600
16433.0000 838 385 0.4594
16437.9000 838 386 0.4606
16455.0000 839 386 0.4601
16479.0000 840 386 0.4595
16503.0000 841 386 0.4590
16506.8000 841 387 0.4602
16520.1000 841 388 0.4614
16526.0000 842 388 0.4608
16547.0000 843 388 0.4603
16568.0000 844 388 0.4597
16588.9000 844 389 0.4609
16589.0000 845 389 0.4604
16610.0000 846 389 0.4598
16628.0000 847 389 0.4593
16629.6000 847 390 0.4604
16646.0000 848 390 0.4599
16662.0000 849 390 0.4594
16662.2000 849 391 0.4605
16682.0000 850 391 0.4600
16699.0000 851 391 0.4595
16721.7000 851 392 0.4606
16723.0000 852 392 0.4601
16745.0000 853 392 0.4596
16760.0000 854 392 0.4590
16781.9000 854 393 0.4602
16783.0000 855 393 0.4596
16785.4000 855 394 0.4608
16788.7000 855 395 0.4620
16800.0000 856 395 0.4614
16818.0000 857 395 0.4609
16835.0000 858 395 0.4604
16849.4000 858 396 0.4615
16852.1000 858 397 0.4627
16858.0000 859 397 0.4622
16881.0000 860 397 0.4616
16901.0000 861 397 0.4611
16917.0000 862 397 0.4606
16935.0000 863 397 0.4600
16959.0000 864 397 0.4595
16959.8000 864 398 0.4606
16975.0000 864 399 0.4618
16980.0000 865 399 0.4613
16988.1000 865 400 0.4624
16997.0000 866 400 0.4619
17021.0000 867 400 0.4614
17040.0000 868 400 0.4608
17061.2000 868 401 0.4620
17063.0000 869 401 0.4614
17082.0000 870 401 0.4609
17089.8000 870 402 0.4621
17105.0000 871 402 0.4615
17126.0000 872 402 0.4610
17137.7000 872 403 0.4622
17143.0000 873 403 0.4616
17162.0000 874 403 0.4611
17181.0000 875 403 0.4606
17202.0000 876 403 0.4600
17225.0000 877 403 0.4595
17238.4000 877 404 0.4607
17240.0000 878 404 0.4601
17259.0000 879 404 0.4596
17278.0000 880 404 0.4591
17299.0000 881 404 0.4586
17318.0000 882 404 0.4580
17336.0000 883 404 0.4575
17353.0000 884 404 0.4570
17357.6000 884 405 0.4581
17367.4000 884 406 0.4593
17370.0000 885 406 0.4588
17371.3000 885 407 0.4599
17394.0000 886 407 0.4594
17395.3000 886 408 0.4605
17416.0000 887 408 0.4600
17439.0000 888 408 0.4595
17454.0000 889 408 0.4589
17469.2000 889 409 0.4601
17477.0000 890 409 0.4596
17497.0000 891 409 0.4590
17515.0000 892 409 0.4585
17535.0000 893 409 0.4580
17557.4000 893 410 0.4591
17558.0000 894 410 0.4586
17568.6000 894 411 0.4597
17574.0000 895 411 0.4592
17598.0000 896 411 0.4587
17619.0000 897 411 0.4582
17639.0000 898 411 0.4577
17654.0000 899 411 0.4572
17672.0000 900 411 0.4567
17690.0000 901 411 0.4562
17710.0000 902 411 0.4557
17734.0000 903 411 0.4551
17751.0000 904 411 0.4546
17758.4000 904 412 0.4558
17773.8000 904 413 0.4569
17774.0000 905 413 0.4564
17793.0000 906 413 0.4558
17808.0000 907 413 0.4553
17816.2000 907 414 0.4564
17826.0000 908 414 0.4559
17846.0000 909 414 0.4554
17846.2000 909 415 0.4565
17864.0000 910 415 0.4560
17884.0000 911 415 0.4555
17899.0000 912 415 0.4550
17917.0000 913 415 0.4545
17934.5000 913 416 0.4556
17934.7000 913 417 0.4567
17936.0000 914 417 0.4562
17951.2000 914 418 0.4573
17958.0000 915 418 0.4568
17976.0000 916 418 0.4563
18000.0000 917 418 0.4558
18021.0000 918 418 0.4553
18040.0000 919 418 0.4548
18048.3000 919 419 0.4559
18059.0000 920 419 0.4554
18077.0000 921 419 0.4549
18092.0000 922 419 0.4544
18112.1000 922 420 0.4555
18113.0000 923 420 0.4550
18130.2000 923 421 0.4561
18132.0000 924 421 0.4556
18135.0000 924 422 0.4567
18137.7000 924 423 0.4578
18155.0000 925 423 0.4573
18169.3000 925 424 0.4584
18177.0000 926 424 0.4579
18192.0000 927 424 0.4574
18214.0000 928 424 0.4569
18220.3000 928 425 0.4580
18223.0000 928 426 0.4591
18236.0000 929 426 0.4586
18259.0000 930 426 0.4581
18275.0000 931 426 0.4576
18298.0000 932 426 0.4571
18321.0000 933 426 0.4566
18340.0000 934 426 0.4561
18353.1000 934 427 0.4572
18364.0000 935 427 0.4567
18383.0000 936 427 0.4562
18402.0000 937 427 0.4557
18425.0000 938 427 0.4552
18449.0000 939 427 0.4547
18457.4000 939 428 0.4558
18459.2000 939 429 0.4569
18460.0000 939 430 0.4579
18463.5000 939 431 0.4590
18470.1000 939 432 0.4601
18473.0000 940 432 0.4596
18488.0000 941 432 0.4591
18512.0000 942 432 0.4586
18517.2000 942 433 0.4597
18534.0000 943 433 0.4592
18534.0000 943 434 0.4602
18549.0000 944 434 0.4597
18556.2000 944 435 0.4608
18570.0000 945 435 0.4603
18590.0000 946 435 0.4598
18596.0000 946 436 0.4609
18597.3000 946 437 0.4619
18613.0000 947 437 0.4615
18628.0000 947 438 0.4625
18632.0000 948 438 0.4620
18653.0000 949 438 0.4615
18677.0000 950 438 0.4611
18696.0000 951 438 0.4606
18714.2000 951 439 0.4616
18715.0000 952 439 0.4611
18737.8000 952 440 0.4622
18738.0000 953 440 0.4617
18753.0000 954 440 0.4612
18768.0000 955 440 0.4607
18784.0000 955 441 0.4618
18786.0000 956 441 0.4613
18809.0000 957 441 0.4608
18828.0000 958 441 0.4603
18841.2000 958 442 0.4614
18845.0000 959 442 0.4609
18862.0000 960 442 0.4604
18884.0000 961 442 0.4599
18894.5000 961 443 0.4610
18896.9000 961 444 0.4620
18897.2000 961 445 0.4631
18899.0000 962 445 0.4626
18922.0000 963 445 0.4621
18939.0000 964 445 0.4616
18956.0000 965 445 0.4611
18964.9000 965 446 0.4622
18977.0000 966 446 0.4617
18993.0000 967 446 0.4612
19015.0000 968 446 0.4607
19037.0000 969 446 0.4603
19055.0000 970 446 0.4598
19072.0000 971 446 0.4593
19087.0000 972 446 0.4588
19089.4000 972 447 0.4599
19095.5000 972 448 0.4609
19108.0000 973 448 0.4604
19129.0000 974 448 0.4600
19151.0000 975 448 0.4595
19161.8000 975 449 0.4605
19173.0000 976 449 0.4600
19192.0000 977 449 0.4596
19211.0000 978 449 0.4591
19231.0000 979 449 0.4586
19254.0000 980 449 0.4582
19258.3000 980 450 0.4592
19277.0000 981 450 0.4587
19290.3000 981 451 0.4597
19297.4000 981 452 0.4608
19301.0000 982 452 0.4603
19313.4000 982 453 0.4613
19316.0000 983 453 0.4608
19340.0000 984 453 0.4604
19355.0000 985 453 0.4599
19373.0000 986 453 0.4594
19391.0000 987 453 0.4590
19406.0000 988 453 0.4585
19415.8000 988 454 0.4595
19418.6000 988 455 0.4605
19423.0000 989 455 0.4601
19439.0000 990 455 0.4596
19455.0000 991 455 0.4591
19465.2000 991 456 0.4601
19475.0000 991 457 0.4612
19479.0000 992 457 0.4607
19497.0000 993 457 0.4602
19521.0000 994 457 0.4598
19531.1000 994 458 0.4608
19542.0000 995 458 0.4603
19560.5000 995 459 0.4613
19565.0000 996 459 0.4608
19569.4000 996 460 0.4618
19586.0000 997 460 0.4614
19595.3000 997 461 0.4624
19601.0000 998 461 0.4619
19621.1000 998 462 0.4629
19622.0000 999 462 0.4625
19623.6000 999 463 0.4635
19641.0000 1000 463 0.4630
19660.0000 1001 463 0.4625
19677.0000 1002 463 0.4621
19692.0000 1003 463 0.4616
19702.7000 1003 464 0.4626
19716.0000 1004 464 0.4622
19739.0000 1005 464 0.4617
19755.0000 1006 464 0.4612
19770.0000 1007 464 0.4608
19783.2000 1007 465 0.4618
19792.0000 1008 465 0.4613
19815.0000 1009 465 0.4609
19816.1000 1009 466 0.4618
19826.5000 1009 467 0.4628
19833.0000 1010 467 0.4624
19852.0000 1011 467 0.4619
19876.0000 1012 467 0.4615
19891.0000 1013 467 0.4610
19894.8000 1013 468 0.4620
19895.6000 1013 469 0.4630
19908.0000 1014 469 0.4625
19924.9000 1014 470 0.4635
19932.0000 1015 470 0.4631
19945.2000 1015 471 0.4640
19956.0000 1016 471 0.4636
19968.8000 1016 472 0.4646
19970.9000 1016 473 0.4656
19976.0000 1017 473 0.4651
19996.6000 1017 474 0.4661
19998.0000 1018 474 0.4656
20019.0000 1019 474 0.4652
20034.0000 1020 474 0.4647
20039.7000 1020 475 0.4657
20045.0000 1020 476 0.4667
20053.7000 1020 477 0.4676
20054.8000 1020 478 0.4686
20057.0000 1021 478 0.4682
20075.0000 1022 478 0.4677
20094.0000 1023 478 0.4673
20095.4000 1023 479 0.4682
20118.0000 1024 479 0.4678
20132.1000 1024 480 0.4688
20135.0000 1025 480 0.4683
20157.0000 1026 480 0.4678
20178.7000 1026 481 0.4688
20179.0000 1027 481 0.4684
20197.0000 1028 481 0.4679
20204.0000 1028 482 0.4689
20204.5000 1028 483 0.4698
20221.0000 1029 483 0.4694
20237.0000 1030 483 0.4689
20259.0000 1031 483 0.4685
20276.0000 1032 483 0.4680
20293.0000 1033 483 0.4676
20308.0000 1034 483 0.4671
20327.0000 1035 483 0.4667
20328.8000 1035 484 0.4676
20345.9000 1035 485 0.4686
20349.5000 1035 486 0.4696
20350.0000 1036 486 0.4691
20366.0000 1037 486 0.4687
20372.7000 1037 487 0.4696
20373.4000 1037 488 0.4706
20373.6000 1037 489 0.4716
20377.1000 1037 490 0.4725
20385.0000 1038 490 0.4721
20401.0000 1039 490 0.4716
20421.0000 1040 490 0.4712
20427.4000 1040 491 0.4721
20437.0000 1041 491 0.4717
20457.8000 1041 492 0.4726
20461.0000 1042 492 0.4722
20485.0000 1043 492 0.4717
20498.7000 1043 493 0.4727
20508.0000 1044 493 0.4722
20513.1000 1044 494 0.4732
20532.0000 1045 494 0.4727
20533.5000 1045 495 0.4737
20533.9000 1045 496 0.4746
20554.0000 1046 496 0.4742
20576.0000 1047 496 0.4737
20586.7000 1047 497 0.4747
20591.8000 1047 498 0.4756
20594.0000 1048 498 0.4752
20611.0000 1049 498 0.4747
20635.0000 1050 498 0.4743
20655.0000 1051 498 0.4738
20673.0000 1052 498 0.4734
20683.8000 1052 499 0.4743
20691.0000 1053 499 0.4739
20706.0000 1054 499 0.4734
20724.0000 1055 499 0.4730
20740.6000 1055 500 0.4739
20744.0000 1056 500 0.4735
20746.3000 1056 501 0.4744
20753.9000 1056 502 0.4754
20766.0000 1057 502 0.4749
20782.0000 1058 502 0.4745
20789.7000 1058 503 0.4754
20797.6000 1058 504 0.4764
20800.0000 1059 504 0.4759
20801.3000 1059 505 0.4769
20817.3000 1059 506 0.4778
20821.0000 1060 506 0.4774
20840.9000 1060 507 0.4783
20842.1000 1060 508 0.4792
20844.0000 1061 508 0.4788
20855.4000 1061 509 0.4797
20855.5000 1061 510 0.4807
20858.3000 1061 511 0.4816
20864.0000 1062 511 0.4812
20888.0000 1063 511 0.4807
20911.0000 1064 511 0.4803
20922.6000 1064 512 0.4812
20931.0000 1065 512 0.4808
20951.6000 1065 513 0.4817
20952.0000 1066 513 0.4812
20968.0000 1067 513 0.4808
20968.5000 1067 514 0.4817
20982.3000 1067 515 0.4827
20987.6000 1067 516 0.4836
20990.0000 1068 516 0.4831
21002.8000 1068 517 0.4841
21005.7000 1068 518 0.4850
21007.0000 1069 518 0.4846
21008.6000 1069 519 0.4855
21012.8000 1069 520 0.4864
21031.0000 1070 520 0.4860
21034.6000 1070 521 0.4869
21055.0000 1071 521 0.4865
21072.3000 1071 522 0.4874
21077.0000 1072 522 0.4869
21092.0000 1073 522 0.4865
21096.9000 1073 523 0.4874
21116.0000 1074 523 0.4870
21132.0000 1075 523 0.4865
21144.5000 1075 524 0.4874
21148.0000 1076 524 0.4870
21166.0000 1077 524 0.4865
21169.0000 1077 525 0.4875
21184.0000 1078 525 0.4870
21184.8000 1078 526 0.4879
21189.4000 1078 527 0.4889
21189.7000 1078 528 0.4898
21204.0000 1079 528 0.4893
21215.6000 1079 529 0.4903
21223.0000 1080 529 0.4898
21226.0000 1080 530 0.4907
21235.3000 1080 531 0.4917
21247.0000 1081 531 0.4912
21271.0000 1082 531 0.4908
21292.0000 1083 531 0.4903
21296.1000 1083 532 0.4912
21309.0000 1084 532 0.4908
21327.0000 1085 532 0.4903
21334.6000 1085 533 0.4912
21351.0000 1086 533 0.4908
21355.2000 1086 534 0.4917
21366.1000 1086 535 0.4926
21368.0000 1087 535 0.4922
21369.4000 1087 536 0.4931
21375.1000 1087 537 0.4940
21387.0000 1088 537 0.4936
21388.8000 1088 538 0.4945
21392.6000 1088 539 0.4954
21398.6000 1088 540 0.4963
21407.0000 1089 540 0.4959
21424.0000 1090 540 0.4954
21444.0000 1091 540 0.4950
21463.0000 1092 540 0.4945
21483.0000 1093 540 0.4941
21500.4000 1093 541 0.4950
21505.0000 1094 541 0.4945
21523.0000 1095 541 0.4941
21539.0000 1096 541 0.4936
21553.0000 1096 542 0.4945
21553.5000 1096 543 0.4954
21556.0000 1097 543 0.4950
21574.7000 1097 544 0.4959
21576.0000 1097 545 0.4968
21577.0000 1098 545 0.4964
21582.0000 1098 546 0.4973
21582.0000 1098 547 0.4982
21599.0000 1099 547 0.4977
21615.0000 1100 547 0.4973
21624.6000 1100 548 0.4982
21632.0000 1101 548 0.4977
21648.0000 1102 548 0.4973
21650.8000 1102 549 0.4982
21665.0000 1103 549 0.4977
21689.0000 1104 549 0.4973
21707.0000 1105 549 0.4968
21713.3000 1105 550 0.4977
21714.3000 1105 551 0.4986
21731.0000 1106 551 0.4982
21755.0000 1107 551 0.4977
21777.0000 1108 551 0.4973
21794.0000 1109 551 0.4968
21799.1000 1109 552 0.4977
21804.7000 1109 553 0.4986
21812.9000 1109 554 0.4995
21818.0000 1110 554 0.4991
21837.0000 1111 554 0.4986
21847.3000 1111 555 0.4995
21860.0000 1112 555 0.4991
21883.0000 1113 555 0.4987
21898.0000 1114 555 0.4982
21916.0000 1115 555 0.4978
21939.0000 1116 555 0.4973
21939.1000 1116 556 0.4982
21941.3000 1116 557 0.4991
21949.4000 1116 558 0.5000
21952.6000 1116 559 0.5009
21960.0000 1117 559 0.5004
21971.6000 1117 560 0.5013
21973.8000 1117 561 0.5022
21976.0000 1118 561 0.5018
21999.0000 1119 561 0.5013
22022.0000 1120 561 0.5009
22041.0000 1121 561 0.5004
22051.2000 1121 562 0.5013
22061.0000 1122 562 0.5009
22078.0000 1123 562 0.5004
22101.0000 1124 562 0.5000
22121.0000 1125 562 0.4996
22140.0000 1126 562 0.4991
22143.1000 1126 563 0.5000
22159.0000 1127 563 0.4996
22165.2000 1127 564 0.5004
22167.0000 1127 565 0.5013
22173.2000 1127 566 0.5022
22178.2000 1127 567 0.5031
22183.0000 1128 567 0.5027
22190.2000 1128 568 0.5035
22199.0000 1129 568 0.5031
22212.7000 1129 569 0.5040
22218.0000 1130 569 0.5035
22228.1000 1130 570 0.5044
22242.0000 1131 570 0.5040
22261.5000 1131 571 0.5049
22263.0000 1132 571 0.5044
22281.0000 1133 571 0.5040
22304.0000 1134 571 0.5035
22322.0000 1135 571 0.5031
22342.7000 1135 572 0.5040
22343.9000 1135 573 0.5048
22346.0000 1136 573 0.5044
22363.0000 1137 573 0.5040
22385.0000 1138 573 0.5035
22405.0000 1139 573 0.5031
22420.0000 1140 573 0.5026
22444.0000 1141 573 0.5022
22445.7000 1141 574 0.5031
22449.9000 1141 575 0.5039
22464.0000 1142 575 0.5035
22482.0000 1143 575 0.5031
22490.5000 1143 576 0.5039
22500.0000 1144 576 0.5035
22504.0000 1144 577 0.5044
22521.0000 1145 577 0.5039
22543.6000 1145 578 0.5048
22544.0000 1146 578 0.5044
22560.0000 1147 578 0.5039
22568.3000 1147 579 0.5048
22578.0000 1148 579 0.5044
22595.0000 1149 579 0.5039
22613.0000 1150 579 0.5035
22628.0000 1151 579 0.5030
22648.0000 1152 579 0.5026
22666.0000 1153 579 0.5022
22682.0000 1153 580 0.5030
22682.0000 1154 580 0.5026
22698.0000 1155 580 0.5022
22713.0000 1156 580 0.5017
22717.4000 1156 581 0.5026
22719.1000 1156 582 0.5035
22724.2000 1156 583 0.5043
22735.0000 1157 583 0.5039
22743.1000 1157 584 0.5048
22751.7000 1157 585 0.5056
22758.0000 1158 585 0.5052
22778.0000 1158 586 0.5060
22779.0000 1159 586 0.5056
22799.0000 1160 586 0.5052
22802.8000 1160 587 0.5060
22820.0000 1161 587 0.5056
22823.0000 1161 588 0.5065
22835.0000 1162 588 0.5060
22850.0000 1163 588 0.5056
22869.0000 1164 588 0.5052
22891.0000 1165 588 0.5047
22905.8000 1165 589 0.5056
22913.0000 1166 589 0.5051
22925.8000 1166 590 0.5060
22931.0000 1167 590 0.5056
22954.0000 1168 590 0.5051
22971.0000 1169 590 0.5047
22973.5000 1169 591 0.5056
22976.0000 1169 592 0.5064
22991.0000 1170 592 0.5060
23007.0000 1171 592 0.5056
23031.0000 1172 592 0.5051
23047.0000 1173 592 0.5047
23047.9000 1173 593 0.5055
23066.8000 1173 594 0.5064
23070.0000 1174 594 0.5060
23085.0000 1175 594 0.5055
23106.0000 1176 594 0.5051
23108.2000 1176 595 0.5060
23127.0000 1177 595 0.5055
23145.6000 1177 596 0.5064
23149.0000 1178 596 0.5059
23154.4000 1178 597 0.5068
23154.9000 1178 598 0.5076
23165.0000 1179 598 0.5072
23179.9000 1179 599 0.5081
23180.0000 1180 599 0.5076
23183.0000 1180 600 0.5085
23183.5000 1180 601 0.5093
23198.0000 1181 601 0.5089
23214.0000 1182 601 0.5085
23238.0000 1183 601 0.5080
23252.6000 1183 602 0.5089
23258.0000 1184 602 0.5084
23262.9000 1184 603 0.5093
23276.5000 1184 604 0.5101
23277.4000 1184 605 0.5110
23280.0000 1185 605 0.5105
23293.0000 1185 606 0.5114
23295.0000 1186 606 0.5110
23303.5000 1186 607 0.5118
23304.1000 1186 608 0.5126
23319.0000 1187 608 0.5122
23329.4000 1187 609 0.5131
23339.0000 1188 609 0.5126
23344.7000 1188 610 0.5135
23360.0000 1189 610 0.5130
23377.0000 1190 610 0.5126
23390.6000 1190 611 0.5134
23393.0000 1191 611 0.5130
23404.1000 1191 612 0.5139
23409.0000 1192 612 0.5134
23428.0000 1193 612 0.5130
23445.0000 1194 612 0.5126
23461.4000 1194 613 0.5134
23464.0000 1195 613 0.5130
23464.7000 1195 614 0.5138
23467.4000 1195 615 0.5146
23471.2000 1195 616 0.5155
23482.0000 1196 616 0.5151
23498.0000 1197 616 0.5146
23516.0000 1198 616 0.5142
23532.0000 1199 616 0.5138
23547.0000 1200 616 0.5133
23558.7000 1200 617 0.5142
23565.9000 1200 618 0.5150
23568.0000 1201 618 0.5146
23589.0000 1202 618 0.5141
23613.0000 1203 618 0.5137
23629.0000 1204 618 0.5133
23631.8000 1204 619 0.5141
23647.0000 1205 619 0.5137
23647.2000 1205 620 0.5145
23662.0000 1206 620 0.5141
23663.0000 1206 621 0.5149
23681.0000 1207 621 0.5145
23684.6000 1207 622 0.5153
23702.0000 1208 622 0.5149
23710.9000 1208 623 0.5157
23726.0000 1209 623 0.5153
23741.0000 1210 623 0.5149
23746.3000 1210 624 0.5157
23750.9000 1210 625 0.5165
23757.6000 1210 626 0.5174
23760.0000 1211 626 0.5169
23765.4000 1211 627 0.5178
23768.0000 1211 628 0.5186
23776.0000 1211 629 0.5194
23776.5000 1211 630 0.5202
23778.0000 1212 630 0.5198
23798.0000 1213 630 0.5194
23817.0000 1214 630 0.5189
23825.4000 1214 631 0.5198
23837.0000 1215 631 0.5193
23842.4000 1215 632 0.5202
23843.7000 1215 633 0.5210
23846.7000 1215 634 0.5218
23859.0000 1216 634 0.5214
23874.0000 1217 634 0.5210
23895.0000 1218 634 0.5205
23916.0000 1219 634 0.5201
23927.6000 1219 635 0.5209
23937.0000 1220 635 0.5205
23961.0000 1221 635 0.5201
23978.4000 1221 636 0.5209
23981.0000 1222 636 0.5205
23985.1000 1222 637 0.5213
24004.0000 1223 637 0.5209
24026.0000 1224 637 0.5204
24037.9000 1224 638 0.5212
24038.6000 1224 639 0.5221
24043.0000 1225 639 0.5216
24046.5000 1225 640 0.5224
24062.0000 1226 640 0.5220
24077.5000 1226 641 0.5228
24079.0000 1227 641 0.5224
24095.0000 1228 641 0.5220
24108.3000 1228 642 0.5228
24110.0000 1229 642 0.5224
24134.0000 1230 642 0.5220
24140.5000 1230 643 0.5228
24144.9000 1230 644 0.5236
24150.2000 1230 645 0.5244
24157.0000 1231 645 0.5240
24179.0000 1232 645 0.5235
24203.0000 1233 645 0.5231
24222.0000 1234 645 0.5227
24245.0000 1235 645 0.5223
24262.0000 1236 645 0.5218
24286.0000 1237 645 0.5214
24288.5000 1237 646 0.5222
24300.4000 1237 647 0.5230
24305.0000 1238 647 0.5226
24309.1000 1238 648 0.5234
24326.0000 1239 648 0.5230
24341.7000 1239 649 0.5238
24349.0000 1240 649 0.5234
24368.0000 1241 649 0.5230
24379.5000 1241 650 0.5238
24383.0000 1242 650 0.5233
24407.0000 1243 650 0.5229
24422.4000 1243 651 0.5237
24427.0000 1244 651 0.5233
24445.2000 1244 652 0.5241
24447.0000 1245 652 0.5237
24468.0000 1246 652 0.5233
24473.7000 1246 653 0.5241
24490.0000 1247 653 0.5237
24514.0000 1248 653 0.5232
24515.5000 1248 654 0.5240
24530.0000 1249 654 0.5236
24553.0000 1250 654 0.5232
24562.7000 1250 655 0.5240
24568.0000 1251 655 0.5236
24591.0000 1252 655 0.5232
24607.0000 1253 655 0.5227
24624.0000 1254 655 0.5223
24641.0000 1255 655 0.5219
24656.0000 1256 655 0.5215
24666.7000 1256 656 0.5223
24677.0000 1257 656 0.5219
24693.0000 1258 656 0.5215
24712.0000 1259 656 0.5210
24736.0000 1260 656 0.5206
24751.0000 1261 656 0.5202
24768.0000 1262 656 0.5198
24773.9000 1262 657 0.5206
24790.0000 1263 657 0.5202
24809.0000 1264 657 0.5198
24824.0000 1265 657 0.5194
24844.0000 1266 657 0.5190
24867.0000 1267 657 0.5185
24870.4000 1267 658 0.5193
24883.0000 1268 658 0.5189
24901.4000 1268 659 0.5197
24906.0000 1269 659 0.5193
24921.0000 1270 659 0.5189
24945.0000 1271 659 0.5185
24963.0000 1272 659 0.5181
24980.0000 1273 659 0.5177
24999.0000 1274 659 0.5173
25015.0000 1275 659 0.5169
25028.4000 1275 660 0.5176
25034.0000 1276 660 0.5172
25055.0000 1277 660 0.5168
25074.0000 1278 660 0.5164
25094.7000 1278 661 0.5172
25095.0000 1279 661 0.5168
25107.0000 1279 662 0.5176
25116.1000 1279 663 0.5184
25119.0000 1280 663 0.5180
25138.0000 1281 663 0.5176
25146.7000 1281 664 0.5183
25162.0000 1282 664 0.5179
25183.0000 1283 664 0.5175
