# time  created  delivered  delivered/created
22.0000 1 0 0.0000
38.0000 2 0 0.0000
54.0000 3 0 0.0000
72.0000 4 0 0.0000
94.0000 5 0 0.0000
110.0000 6 0 0.0000
133.0000 7 0 0.0000
153.0000 8 0 0.0000
175.0000 9 0 0.0000
191.0000 10 0 0.0000
210.0000 11 0 0.0000
225.0000 12 0 0.0000
249.0000 13 0 0.0000
265.0000 14 0 0.0000
281.0000 15 0 0.0000
304.0000 16 0 0.0000
328.0000 17 0 0.0000
343.0000 18 0 0.0000
367.0000 19 0 0.0000
382.0000 20 0 0.0000
399.0000 21 0 0.0000
420.0000 22 0 0.0000
439.0000 23 0 0.0000
458.0000 24 0 0.0000
480.0000 25 0 0.0000
497.0000 26 0 0.0000
515.0000 27 0 0.0000
538.0000 28 0 0.0000
562.0000 29 0 0.0000
581.0000 30 0 0.0000
581.2000 30 1 0.0333
603.0000 31 1 0.0323
625.0000 32 1 0.0313
641.2000 32 2 0.0625
646.0000 33 2 0.0606
661.6000 33 3 0.0909
667.0000 34 3 0.0882
685.0000 35 3 0.0857
691.0000 35 4 0.1143
700.0000 36 4 0.1111
714.8000 36 5 0.1389
722.0000 37 5 0.1351
741.0000 38 5 0.1316
764.0000 39 5 0.1282
773.6000 39 6 0.1538
784.0000 40 6 0.1500
806.0000 41 6 0.1463
829.0000 42 6 0.1429
851.0000 43 6 0.1395
873.0000 44 6 0.1364
895.0000 45 6 0.1333
918.0000 46 6 0.1304
935.7000 46 7 0.1522
941.0000 47 7 0.1489
957.0000 48 7 0.1458
975.0000 49 7 0.1429
998.0000 50 7 0.1400
1018.0000 51 7 0.1373
1040.0000 52 7 0.1346
1056.0000 53 7 0.1321
1077.0000 54 7 0.1296
1096.0000 55 7 0.1273
1117.0000 56 7 0.1250
1137.0000 57 7 0.1228
1159.0000 58 7 0.1207
1179.0000 59 7 0.1186
1193.3000 59 8 0.1356
1201.0000 60 8 0.1333
1216.0000 61 8 0.1311
1225.1000 61 9 0.1475
1226.1000 61 10 0.1639
1232.0000 62 10 0.1613
1251.0000 63 10 0.1587
1268.0000 64 10 0.1563
1287.0000 65 10 0.1538
1308.0000 66 10 0.1515
1327.0000 67 10 0.1493
1342.0000 68 10 0.1471
1364.0000 69 10 0.1449
1381.1000 69 11 0.1594
1388.0000 70 11 0.1571
1397.1000 70 12 0.1714
1407.0000 71 12 0.1690
1422.0000 72 12 0.1667
1442.0000 73 12 0.1644
1464.0000 74 12 0.1622
1475.9000 74 13 0.1757
1479.0000 75 13 0.1733
1479.2000 75 14 0.1867
1483.1000 75 15 0.2000
1500.0000 76 15 0.1974
1518.0000 77 15 0.1948
1542.0000 78 15 0.1923
1562.0000 79 15 0.1899
1577.0000 80 15 0.1875
1595.4000 80 16 0.2000
1600.0000 81 16 0.1975
1620.0000 82 16 0.1951
1637.0000 83 16 0.1928
1652.0000 84 16 0.1905
1673.0000 85 16 0.1882
1695.0000 86 16 0.1860
1706.4000 86 17 0.1977
1713.0000 87 17 0.1954
1736.2000 87 18 0.2069
1737.0000 88 18 0.2045
1739.4000 88 19 0.2159
1739.8000 88 20 0.2273
1760.0000 89 20 0.2247
1770.8000 89 21 0.2360
1781.0000 90 21 0.2333
1804.0000 91 21 0.2308
1826.0000 92 21 0.2283
1849.0000 93 21 0.2258
1870.0000 94 21 0.2234
1880.0000 94 22 0.2340
1890.0000 95 22 0.2316
1911.0000 96 22 0.2292
1929.0000 97 22 0.2268
1948.0000 98 22 0.2245
1965.0000 99 22 0.2222
1980.0000 100 22 0.2200
1992.3000 100 23 0.2300
2002.0000 101 23 0.2277
2019.9000 101 24 0.2376
2024.0000 102 24 0.2353
2035.6000 102 25 0.2451
2041.0000 103 25 0.2427
2064.0000 104 25 0.2404
2080.0000 105 25 0.2381
2095.0000 106 25 0.2358
2119.0000 107 25 0.2336
2139.0000 108 25 0.2315
2143.0000 108 26 0.2407
2161.0000 109 26 0.2385
2178.0000 110 26 0.2364
2199.0000 111 26 0.2342
2217.0000 111 27 0.2432
2222.0000 112 27 0.2411
2240.0000 113 27 0.2389
2259.0000 114 27 0.2368
2275.0000 115 27 0.2348
2295.0000 116 27 0.2328
2314.0000 117 27 0.2308
2325.9000 117 28 0.2393
2335.0000 118 28 0.2373
2354.0000 119 28 0.2353
2373.1000 119 29 0.2437
2377.0000 120 29 0.2417
2396.0000 121 29 0.2397
2411.0000 122 29 0.2377
2412.0000 122 30 0.2459
2433.0000 123 30 0.2439
2452.0000 124 30 0.2419
2460.7000 124 31 0.2500
2461.2000 124 32 0.2581
2464.9000 124 33 0.2661
2470.3000 124 34 0.2742
2474.0000 125 34 0.2720
2496.0000 126 34 0.2698
2511.0000 127 34 0.2677
2526.0000 128 34 0.2656
2546.0000 129 34 0.2636
2553.5000 129 35 0.2713
2556.4000 129 36 0.2791
2563.0000 130 36 0.2769
2586.0000 131 36 0.2748
2592.3000 131 37 0.2824
2601.0000 132 37 0.2803
2621.0000 133 37 0.2782
2641.0000 134 37 0.2761
2662.0000 135 37 0.2741
2678.0000 136 37 0.2721
2680.6000 136 38 0.2794
2689.6000 136 39 0.2868
2690.9000 136 40 0.2941
2693.0000 137 40 0.2920
2716.0000 138 40 0.2899
2735.0000 139 40 0.2878
2741.3000 139 41 0.2950
2742.9000 139 42 0.3022
2754.0000 140 42 0.3000
2771.0000 141 42 0.2979
2788.0000 142 42 0.2958
2800.0000 142 43 0.3028
2807.0000 143 43 0.3007
2824.4000 143 44 0.3077
2831.0000 144 44 0.3056
2853.0000 145 44 0.3034
2868.0000 146 44 0.3014
2891.0000 147 44 0.2993
2911.0000 148 44 0.2973
2926.0000 149 44 0.2953
2942.0000 150 44 0.2933
2946.7000 150 45 0.3000
2954.4000 150 46 0.3067
2955.6000 150 47 0.3133
2962.0000 151 47 0.3113
2979.0000 152 47 0.3092
3003.0000 153 47 0.3072
3004.4000 153 48 0.3137
3023.1000 153 49 0.3203
3024.0000 154 49 0.3182
3040.0000 155 49 0.3161
3064.0000 156 49 0.3141
3065.8000 156 50 0.3205
3084.5000 156 51 0.3269
3086.0000 157 51 0.3248
3110.0000 158 51 0.3228
3118.8000 158 52 0.3291
3129.0000 159 52 0.3270
3129.3000 159 53 0.3333
3147.0000 160 53 0.3313
3166.0000 161 53 0.3292
3166.7000 161 54 0.3354
3190.0000 162 54 0.3333
3210.0000 163 54 0.3313
3225.0000 164 54 0.3293
3243.0000 165 54 0.3273
3260.0000 166 54 0.3253
3261.2000 166 55 0.3313
3271.8000 166 56 0.3373
3273.4000 166 57 0.3434
3273.6000 166 58 0.3494
3283.0000 167 58 0.3473
3289.8000 167 59 0.3533
3305.0000 168 59 0.3512
3321.0000 169 59 0.3491
3344.0000 170 59 0.3471
3363.2000 170 60 0.3529
3365.0000 171 60 0.3509
3385.0000 172 60 0.3488
3408.0000 173 60 0.3468
3423.8000 173 61 0.3526
3425.3000 173 62 0.3584
3426.2000 173 63 0.3642
3428.0000 174 63 0.3621
3443.9000 174 64 0.3678
3447.8000 174 65 0.3736
3449.0000 175 65 0.3714
3472.0000 176 65 0.3693
3488.0000 177 65 0.3672
3503.5000 177 66 0.3729
3511.0000 178 66 0.3708
3512.1000 178 67 0.3764
3527.9000 178 68 0.3820
3530.6000 178 69 0.3876
3531.2000 178 70 0.3933
3535.0000 179 70 0.3911
3547.0000 179 71 0.3966
3550.1000 179 72 0.4022
3552.0000 180 72 0.4000
3570.0000 181 72 0.3978
3575.8000 181 73 0.4033
3589.0000 182 73 0.4011
3604.0000 183 73 0.3989
3619.0000 184 73 0.3967
3638.0000 185 73 0.3946
3653.0000 186 73 0.3925
3669.0000 187 73 0.3904
3689.0000 188 73 0.3883
3712.0000 189 73 0.3862
3730.0000 190 73 0.3842
3754.0000 191 73 0.3822
3771.0000 192 73 0.3802
3787.0000 193 73 0.3782
3809.0000 194 73 0.3763
3822.2000 194 74 0.3814
3831.8000 194 75 0.3866
3832.0000 195 75 0.3846
3848.6000 195 76 0.3897
3854.0000 196 76 0.3878
3873.0000 197 76 0.3858
3895.0000 198 76 0.3838
3919.0000 199 76 0.3819
3938.0000 200 76 0.3800
3944.4000 200 77 0.3850
3953.0000 200 78 0.3900
3955.0000 201 78 0.3881
3975.0000 202 78 0.3861
3996.0000 203 78 0.3842
4012.0000 204 78 0.3824
4022.0000 204 79 0.3873
4031.0000 205 79 0.3854
4052.0000 206 79 0.3835
4054.9000 206 80 0.3883
4058.7000 206 81 0.3932
4060.0000 206 82 0.3981
4070.0000 207 82 0.3961
4094.0000 208 82 0.3942
4115.0000 209 82 0.3923
4127.5000 209 83 0.3971
4134.0000 210 83 0.3952
4153.0000 211 83 0.3934
4171.0000 212 83 0.3915
4194.0000 213 83 0.3897
4214.0000 214 83 0.3879
4221.9000 214 84 0.3925
4232.3000 214 85 0.3972
4235.0000 215 85 0.3953
4245.6000 215 86 0.4000
4248.5000 215 87 0.4047
4251.0000 216 87 0.4028
4268.6000 216 88 0.4074
4272.0000 217 88 0.4055
4287.3000 217 89 0.4101
4290.0000 218 89 0.4083
4297.6000 218 90 0.4128
4306.4000 218 91 0.4174
4314.0000 219 91 0.4155
4325.0000 219 92 0.4201
4338.0000 220 92 0.4182
4360.0000 221 92 0.4163
4363.6000 221 93 0.4208
4381.0000 222 93 0.4189
4400.0000 223 93 0.4170
4419.0000 224 93 0.4152
4419.1000 224 94 0.4196
4434.0000 225 94 0.4178
4435.5000 225 95 0.4222
4452.4000 225 96 0.4267
4455.0000 225 97 0.4311
4458.0000 226 97 0.4292
4476.0000 227 97 0.4273
4497.0000 228 97 0.4254
4505.4000 228 98 0.4298
4515.0000 229 98 0.4279
4537.0000 230 98 0.4261
4556.0000 231 98 0.4242
4580.0000 232 98 0.4224
4597.0000 233 98 0.4206
4610.6000 233 99 0.4249
4614.0000 234 99 0.4231
4634.0000 235 99 0.4213
4655.0000 236 99 0.4195
4665.1000 236 100 0.4237
4672.0000 237 100 0.4219
4689.0000 238 100 0.4202
4706.0000 239 100 0.4184
4729.0000 240 100 0.4167
4742.4000 240 101 0.4208
4747.0000 241 101 0.4191
4747.5000 241 102 0.4232
4750.7000 241 103 0.4274
4762.0000 242 103 0.4256
4764.8000 242 104 0.4298
4783.0000 243 104 0.4280
4795.2000 243 105 0.4321
4796.3000 243 106 0.4362
4807.0000 244 106 0.4344
4824.0000 245 106 0.4327
4848.0000 246 106 0.4309
4867.0000 247 106 0.4291
4883.5000 247 107 0.4332
4886.0000 248 107 0.4315
4895.7000 248 108 0.4355
4909.0000 249 108 0.4337
4914.3000 249 109 0.4378
4928.0000 250 109 0.4360
4951.0000 251 109 0.4343
4966.0000 252 109 0.4325
4979.3000 252 110 0.4365
4986.0000 253 110 0.4348
5010.0000 254 110 0.4331
5033.0000 255 110 0.4314
5048.0000 256 110 0.4297
5072.0000 257 110 0.4280
5089.0000 258 110 0.4264
5112.0000 259 110 0.4247
5131.0000 260 110 0.4231
5151.0000 261 110 0.4215
5170.2000 261 111 0.4253
5171.0000 261 112 0.4291
5175.0000 262 112 0.4275
5194.0000 263 112 0.4259
5215.0000 264 112 0.4242
5237.0000 265 112 0.4226
5254.0000 266 112 0.4211
5269.0000 267 112 0.4195
5291.0000 268 112 0.4179
5307.0000 269 112 0.4164
5324.0000 270 112 0.4148
5339.0000 271 112 0.4133
5355.3000 271 113 0.4170
5356.0000 272 113 0.4154
5371.0000 273 113 0.4139
5387.0000 274 113 0.4124
5395.6000 274 114 0.4161
5410.0000 275 114 0.4145
5410.3000 275 115 0.4182
5426.0000 276 115 0.4167
5430.3000 276 116 0.4203
5447.0000 277 116 0.4188
5470.0000 278 116 0.4173
5490.0000 279 116 0.4158
5507.0000 280 116 0.4143
5517.9000 280 117 0.4179
5528.0000 281 117 0.4164
5546.0000 282 117 0.4149
5564.0000 283 117 0.4134
5566.2000 283 118 0.4170
5584.0000 284 118 0.4155
5589.7000 284 119 0.4190
5595.5000 284 120 0.4225
5607.0000 285 120 0.4211
5625.0000 286 120 0.4196
5643.0000 287 120 0.4181
5665.0000 288 120 0.4167
5685.0000 289 120 0.4152
5704.0000 290 120 0.4138
5724.0000 291 120 0.4124
5740.5000 291 121 0.4158
5745.0000 292 121 0.4144
5745.2000 292 122 0.4178
5747.9000 292 123 0.4212
5760.0000 293 123 0.4198
5770.4000 293 124 0.4232
5771.8000 293 125 0.4266
5778.9000 293 126 0.4300
5784.0000 294 126 0.4286
5805.0000 295 126 0.4271
5807.1000 295 127 0.4305
5822.0000 296 127 0.4291
5841.0000 297 127 0.4276
5859.0000 298 127 0.4262
5869.1000 298 128 0.4295
5873.7000 298 129 0.4329
5874.0000 299 129 0.4314
5893.0000 300 129 0.4300
5901.3000 300 130 0.4333
5914.0000 301 130 0.4319
5914.2000 301 131 0.4352
5932.0000 302 131 0.4338
5953.0000 303 131 0.4323
5970.8000 303 132 0.4356
5971.0000 304 132 0.4342
5986.0000 305 132 0.4328
5996.8000 305 133 0.4361
6003.8000 305 134 0.4393
6008.0000 306 134 0.4379
6010.9000 306 135 0.4412
6013.0000 306 136 0.4444
6024.0000 307 136 0.4430
6028.4000 307 137 0.4463
6041.0000 308 137 0.4448
6041.3000 308 138 0.4481
6042.9000 308 139 0.4513
6063.0000 309 139 0.4498
6068.7000 309 140 0.4531
6074.6000 309 141 0.4563
6087.0000 310 141 0.4548
6105.0000 311 141 0.4534
6124.0000 312 141 0.4519
6129.8000 312 142 0.4551
6132.6000 312 143 0.4583
6145.0000 313 143 0.4569
6166.0000 314 143 0.4554
6180.8000 314 144 0.4586
6182.0000 315 144 0.4571
6201.0000 316 144 0.4557
6216.0000 317 144 0.4543
6231.0000 318 144 0.4528
6237.4000 318 145 0.4560
6248.0000 319 145 0.4545
6261.7000 319 146 0.4577
6267.0000 320 146 0.4563
6285.7000 320 147 0.4594
6289.0000 321 147 0.4579
6289.1000 321 148 0.4611
6290.6000 321 149 0.4642
6297.8000 321 150 0.4673
6308.0000 322 150 0.4658
6332.0000 323 150 0.4644
6355.0000 324 150 0.4630
6372.0000 325 150 0.4615
6390.2000 325 151 0.4646
6391.8000 325 152 0.4677
6393.0000 326 152 0.4663
6417.0000 327 152 0.4648
6431.8000 327 153 0.4679
6434.1000 327 154 0.4709
6441.0000 328 154 0.4695
6460.0000 328 155 0.4726
6465.0000 329 155 0.4711
6467.3000 329 156 0.4742
6486.0000 330 156 0.4727
6502.0000 331 156 0.4713
6518.0000 332 156 0.4699
6536.0000 333 156 0.4685
6553.5000 333 157 0.4715
6554.1000 333 158 0.4745
6555.0000 334 158 0.4731
6572.0000 335 158 0.4716
6591.0000 336 158 0.4702
6608.0000 337 158 0.4688
6631.0000 338 158 0.4675
6646.0000 339 158 0.4661
6665.0000 340 158 0.4647
6669.8000 340 159 0.4676
6671.4000 340 160 0.4706
6684.0000 341 160 0.4692
6696.4000 341 161 0.4721
6708.0000 342 161 0.4708
6725.0000 343 161 0.4694
6733.4000 343 162 0.4723
6745.0000 344 162 0.4709
6760.0000 345 162 0.4696
6771.6000 345 163 0.4725
6773.1000 345 164 0.4754
6781.0000 346 164 0.4740
6793.6000 346 165 0.4769
6800.0000 347 165 0.4755
6816.0000 348 165 0.4741
6827.4000 348 166 0.4770
6839.0000 349 166 0.4756
6854.0000 350 166 0.4743
6860.6000 350 167 0.4771
6874.0000 351 167 0.4758
6889.0000 352 167 0.4744
6893.6000 352 168 0.4773
6900.3000 352 169 0.4801
6909.0000 353 169 0.4788
6916.0000 353 170 0.4816
6917.9000 353 171 0.4844
6930.0000 354 171 0.4831
6950.0000 354 172 0.4859
6951.0000 355 172 0.4845
6952.1000 355 173 0.4873
6971.0000 356 173 0.4860
6978.5000 356 174 0.4888
6995.0000 357 174 0.4874
7010.0000 358 174 0.4860
7012.4000 358 175 0.4888
7020.0000 358 176 0.4916
7029.0000 359 176 0.4903
7044.3000 359 177 0.4930
7048.0000 360 177 0.4917
7061.9000 360 178 0.4944
7064.1000 360 179 0.4972
7071.0000 361 179 0.4958
7093.0000 362 179 0.4945
7093.3000 362 180 0.4972
7108.0000 363 180 0.4959
7111.5000 363 181 0.4986
7130.0000 364 181 0.4973
7147.0000 365 181 0.4959
7163.0000 366 181 0.4945
7172.3000 366 182 0.4973
7176.4000 366 183 0.5000
7180.0000 367 183 0.4986
7194.7000 367 184 0.5014
7197.0000 368 184 0.5000
7221.0000 369 184 0.4986
7240.0000 370 184 0.4973
7243.4000 370 185 0.5000
7254.2000 370 186 0.5027
7255.0000 371 186 0.5013
7272.0000 372 186 0.5000
7296.0000 373 186 0.4987
7314.6000 373 187 0.5013
7316.7000 373 188 0.5040
7317.9000 373 189 0.5067
7319.0000 374 189 0.5053
7326.9000 374 190 0.5080
7333.2000 374 191 0.5107
7335.0000 375 191 0.5093
7353.2000 375 192 0.5120
7358.0000 376 192 0.5106
7378.0000 377 192 0.5093
7394.0000 378 192 0.5079
7411.0000 379 192 0.5066
7414.5000 379 193 0.5092
7429.8000 379 194 0.5119
7435.0000 380 194 0.5105
7436.5000 380 195 0.5132
7459.0000 381 195 0.5118
7480.0000 382 195 0.5105
7493.2000 382 196 0.5131
7498.0000 383 196 0.5117
7514.0000 384 196 0.5104
7533.7000 384 197 0.5130
7536.0000 385 197 0.5117
7545.4000 385 198 0.5143
7545.9000 385 199 0.5169
7559.0000 386 199 0.5155
7574.0000 387 199 0.5142
7585.3000 387 200 0.5168
7589.1000 387 201 0.5194
7595.0000 388 201 0.5180
7613.0000 389 201 0.5167
7621.5000 389 202 0.5193
7632.0000 390 202 0.5179
7651.0000 390 203 0.5205
7656.0000 391 203 0.5192
7673.0000 392 203 0.5179
7696.0000 393 203 0.5165
7710.0000 393 204 0.5191
7713.0000 394 204 0.5178
7730.0000 395 204 0.5165
7745.0000 396 204 0.5152
7762.0000 397 204 0.5139
7784.0000 398 204 0.5126
7804.0000 399 204 0.5113
7822.0000 400 204 0.5100
7840.0000 401 204 0.5087
7858.0000 402 204 0.5075
7874.0000 403 204 0.5062
7891.0000 403 205 0.5087
7895.0000 404 205 0.5074
7914.0000 405 205 0.5062
7931.0000 406 205 0.5049
7936.3000 406 206 0.5074
7948.0000 407 206 0.5061
7960.8000 407 207 0.5086
7972.0000 408 207 0.5074
7987.0000 409 207 0.5061
7992.4000 409 208 0.5086
8002.0000 410 208 0.5073
8005.1000 410 209 0.5098
8024.0000 411 209 0.5085
8040.0000 412 209 0.5073
8041.7000 412 210 0.5097
8047.7000 412 211 0.5121
8059.0000 413 211 0.5109
8082.0000 414 211 0.5097
8085.0000 414 212 0.5121
8099.0000 415 212 0.5108
8116.0000 416 212 0.5096
8137.0000 417 212 0.5084
8158.0000 418 212 0.5072
8173.0000 419 212 0.5060
8190.0000 420 212 0.5048
8205.0000 421 212 0.5036
8205.7000 421 213 0.5059
8227.0000 422 213 0.5047
8233.7000 422 214 0.5071
8235.9000 422 215 0.5095
8237.1000 422 216 0.5118
8251.0000 423 216 0.5106
8270.0000 423 217 0.5130
8271.7000 423 218 0.5154
8275.0000 424 218 0.5142
8284.5000 424 219 0.5165
8297.0000 425 219 0.5153
8310.4000 425 220 0.5176
8317.0000 426 220 0.5164
8336.0000 427 220 0.5152
8354.3000 427 221 0.5176
8359.0000 428 221 0.5164
8375.0000 429 221 0.5152
8396.0000 430 221 0.5140
8414.0000 431 221 0.5128
8431.2000 431 222 0.5151
8437.0000 432 222 0.5139
8445.8000 432 223 0.5162
8453.0000 433 223 0.5150
8458.1000 433 224 0.5173
8468.0000 434 224 0.5161
8492.0000 435 224 0.5149
8510.0000 436 224 0.5138
8525.0000 437 224 0.5126
8544.0000 438 224 0.5114
8566.0000 439 224 0.5103
8567.6000 439 225 0.5125
8569.7000 439 226 0.5148
8578.2000 439 227 0.5171
8586.0000 440 227 0.5159
8609.0000 441 227 0.5147
8625.0000 442 227 0.5136
8641.0000 442 228 0.5158
8644.0000 443 228 0.5147
8663.0000 444 228 0.5135
8681.0000 445 228 0.5124
8697.0000 446 228 0.5112
8719.0000 447 228 0.5101
8743.0000 448 228 0.5089
8767.0000 449 228 0.5078
8784.0000 450 228 0.5067
8790.7000 450 229 0.5089
8791.6000 450 230 0.5111
8800.0000 451 230 0.5100
8807.0000 451 231 0.5122
8822.7000 451 232 0.5144
8823.0000 452 232 0.5133
8825.6000 452 233 0.5155
8839.0000 453 233 0.5143
8854.0000 454 233 0.5132
8869.0000 455 233 0.5121
8873.3000 455 234 0.5143
8875.4000 455 235 0.5165
8882.6000 455 236 0.5187
8888.6000 455 237 0.5209
8892.0000 456 237 0.5197
8893.4000 456 238 0.5219
8911.0000 457 238 0.5208
8929.0000 458 238 0.5197
8942.4000 458 239 0.5218
8944.0000 459 239 0.5207
8944.2000 459 240 0.5229
8955.3000 459 241 0.5251
8955.8000 459 242 0.5272
8961.0000 460 242 0.5261
8979.0000 461 242 0.5249
8997.0000 462 242 0.5238
9011.3000 462 243 0.5260
9013.0000 463 243 0.5248
9035.0000 464 243 0.5237
9035.9000 464 244 0.5259
9058.0000 465 244 0.5247
9065.9000 465 245 0.5269
9070.2000 465 246 0.5290
9071.2000 465 247 0.5312
9073.0000 466 247 0.5300
9093.5000 466 248 0.5322
9095.0000 467 248 0.5310
9119.0000 468 248 0.5299
9143.0000 469 248 0.5288
9162.0000 470 248 0.5277
9167.1000 470 249 0.5298
9172.6000 470 250 0.5319
9174.0000 470 251 0.5340
9186.0000 471 251 0.5329
9209.0000 472 251 0.5318
9217.6000 472 252 0.5339
9220.8000 472 253 0.5360
9224.0000 473 253 0.5349
9245.0000 474 253 0.5338
9247.8000 474 254 0.5359
9264.0000 475 254 0.5347
9283.0000 475 255 0.5368
9288.0000 476 255 0.5357
9288.7000 476 256 0.5378
9294.6000 476 257 0.5399
9306.5000 476 258 0.5420
9310.0000 477 258 0.5409
9313.9000 477 259 0.5430
9318.3000 477 260 0.5451
9326.0000 478 260 0.5439
9338.6000 478 261 0.5460
9340.2000 478 262 0.5481
9341.0000 479 262 0.5470
9365.0000 480 262 0.5458
9387.0000 481 262 0.5447
9403.0000 482 262 0.5436
9426.0000 483 262 0.5424
9444.0000 484 262 0.5413
9468.0000 485 262 0.5402
9485.0000 486 262 0.5391
9503.0000 487 262 0.5380
9504.0000 487 263 0.5400
9510.0000 487 264 0.5421
9527.0000 488 264 0.5410
9537.9000 488 265 0.5430
9550.0000 489 265 0.5419
9566.1000 489 266 0.5440
9570.6000 489 267 0.5460
9573.0000 490 267 0.5449
9591.0000 491 267 0.5438
9614.0000 492 267 0.5427
9614.7000 492 268 0.5447
9614.9000 492 269 0.5467
9632.0000 493 269 0.5456
9653.0000 494 269 0.5445
9676.0000 495 269 0.5434
9693.0000 496 269 0.5423
9695.2000 496 270 0.5444
9715.0000 497 270 0.5433
9736.0000 498 270 0.5422
9750.0000 498 271 0.5442
9752.0000 499 271 0.5431
9768.7000 499 272 0.5451
9776.0000 500 272 0.5440
9791.7000 500 273 0.5460
9799.0000 501 273 0.5449
9821.0000 502 273 0.5438
9837.0000 503 273 0.5427
9843.8000 503 274 0.5447
9861.0000 504 274 0.5437
9879.0000 505 274 0.5426
9894.0000 506 274 0.5415
9904.5000 506 275 0.5435
9909.0000 507 275 0.5424
9920.2000 507 276 0.5444
9927.0000 508 276 0.5433
9936.4000 508 277 0.5453
9937.6000 508 278 0.5472
9946.0000 509 278 0.5462
9961.4000 509 279 0.5481
9969.0000 510 279 0.5471
9988.0000 511 279 0.5460
10007.0000 512 279 0.5449
10007.4000 512 280 0.5469
10024.0000 513 280 0.5458
10026.8000 513 281 0.5478
10044.0000 514 281 0.5467
10067.0000 515 281 0.5456
10076.9000 515 282 0.5476
10087.0000 516 282 0.5465
10109.6000 516 283 0.5484
10111.0000 517 283 0.5474
10111.2000 517 284 0.5493
10117.4000 517 285 0.5513
10131.0000 517 286 0.5532
10132.0000 518 286 0.5521
10154.0000 519 286 0.5511
10177.0000 520 286 0.5500
10177.5000 520 287 0.5519
10194.0000 521 287 0.5509
10216.0000 522 287 0.5498
10233.6000 522 288 0.5517
10235.0000 523 288 0.5507
10252.0000 523 289 0.5526
10257.0000 524 289 0.5515
10276.0000 524 290 0.5534
10277.6000 524 291 0.5553
10281.0000 525 291 0.5543
10300.0000 526 291 0.5532
10320.0000 527 291 0.5522
10335.9000 527 292 0.5541
10343.0000 528 292 0.5530
10366.0000 529 292 0.5520
10374.1000 529 293 0.5539
10382.0000 530 293 0.5528
10394.8000 530 294 0.5547
10401.3000 530 295 0.5566
10402.0000 531 295 0.5556
10416.0000 531 296 0.5574
10423.0000 532 296 0.5564
10424.8000 532 297 0.5583
10440.2000 532 298 0.5602
10441.0000 533 298 0.5591
10461.0000 534 298 0.5581
10466.5000 534 299 0.5599
10480.0000 535 299 0.5589
10496.9000 535 300 0.5607
10497.0000 536 300 0.5597
10518.0000 537 300 0.5587
10536.0000 537 301 0.5605
10537.0000 538 301 0.5595
10555.0000 539 301 0.5584
10571.0000 540 301 0.5574
10587.8000 540 302 0.5593
10591.0000 541 302 0.5582
10615.0000 542 302 0.5572
10615.9000 542 303 0.5590
10623.3000 542 304 0.5609
10637.0000 543 304 0.5599
10645.7000 543 305 0.5617
10652.2000 543 306 0.5635
10657.0000 544 306 0.5625
10665.2000 544 307 0.5643
10681.0000 545 307 0.5633
10690.6000 545 308 0.5651
10703.0000 546 308 0.5641
10716.2000 546 309 0.5659
10726.0000 547 309 0.5649
10748.0000 548 309 0.5639
10768.0000 549 309 0.5628
10781.7000 549 310 0.5647
10788.0000 550 310 0.5636
10806.7000 550 311 0.5655
10808.0000 551 311 0.5644
10823.0000 552 311 0.5634
10842.0000 553 311 0.5624
10866.0000 554 311 0.5614
10876.5000 554 312 0.5632
10881.8000 554 313 0.5650
10883.1000 554 314 0.5668
10885.0000 555 314 0.5658
10887.3000 555 315 0.5676
10907.0000 556 315 0.5665
10925.0000 557 315 0.5655
10942.0000 558 315 0.5645
10966.0000 559 315 0.5635
10983.0000 560 315 0.5625
10995.0000 560 316 0.5643
11006.0000 561 316 0.5633
11017.3000 561 317 0.5651
11019.4000 561 318 0.5668
11021.3000 561 319 0.5686
11023.0000 562 319 0.5676
11040.6000 562 320 0.5694
11043.8000 562 321 0.5712
11046.0000 563 321 0.5702
11068.0000 564 321 0.5691
11084.0000 565 321 0.5681
11102.0000 566 321 0.5671
11120.0000 567 321 0.5661
11143.0000 568 321 0.5651
11166.0000 569 321 0.5641
11178.5000 569 322 0.5659
11182.0000 570 322 0.5649
11183.2000 570 323 0.5667
11197.6000 570 324 0.5684
11201.0000 571 324 0.5674
11218.0000 572 324 0.5664
11238.0000 573 324 0.5654
11250.8000 573 325 0.5672
11252.6000 573 326 0.5689
11252.7000 573 327 0.5707
11256.0000 573 328 0.5724
11260.0000 574 328 0.5714
11269.2000 574 329 0.5732
11280.0000 575 329 0.5722
11291.4000 575 330 0.5739
11298.0000 576 330 0.5729
11308.0000 576 331 0.5747
11311.9000 576 332 0.5764
11319.0000 577 332 0.5754
11320.8000 577 333 0.5771
11325.7000 577 334 0.5789
11343.0000 578 334 0.5779
11354.7000 578 335 0.5796
11363.0000 579 335 0.5786
11381.0000 580 335 0.5776
11405.0000 581 335 0.5766
11424.0000 582 335 0.5756
11432.5000 582 336 0.5773
11441.3000 582 337 0.5790
11442.3000 582 338 0.5808
11443.0000 583 338 0.5798
11450.2000 583 339 0.5815
11455.9000 583 340 0.5832
11460.4000 583 341 0.5849
11467.0000 584 341 0.5839
11491.0000 585 341 0.5829
11511.0000 586 341 0.5819
11529.0000 587 341 0.5809
11540.0000 587 342 0.5826
11547.0000 588 342 0.5816
11564.3000 588 343 0.5833
11566.0000 589 343 0.5823
11575.9000 589 344 0.5840
11576.4000 589 345 0.5857
11586.0000 590 345 0.5847
11610.0000 591 345 0.5838
11612.8000 591 346 0.5854
11626.0000 592 346 0.5845
11633.4000 592 347 0.5861
11640.2000 592 348 0.5878
11646.5000 592 349 0.5895
11650.0000 593 349 0.5885
11665.0000 594 349 0.5875
11668.9000 594 350 0.5892
11680.0000 595 350 0.5882
11696.0000 596 350 0.5872
11700.3000 596 351 0.5889
11711.0000 597 351 0.5879
11731.0000 598 351 0.5870
11747.3000 598 352 0.5886
11755.0000 599 352 0.5876
11771.0000 600 352 0.5867
11790.0000 601 352 0.5857
11805.5000 601 353 0.5874
11807.0000 601 354 0.5890
11809.0000 602 354 0.5880
11809.2000 602 355 0.5897
11811.3000 602 356 0.5914
11826.7000 602 357 0.5930
11827.0000 603 357 0.5920
11828.2000 603 358 0.5937
11851.0000 604 358 0.5927
11867.0000 605 358 0.5917
11885.0000 606 358 0.5908
11906.3000 606 359 0.5924
11907.0000 607 359 0.5914
11929.0000 608 359 0.5905
11929.2000 608 360 0.5921
11935.8000 608 361 0.5938
11940.3000 608 362 0.5954
11948.0000 609 362 0.5944
11954.6000 609 363 0.5961
11971.0000 610 363 0.5951
11995.0000 611 363 0.5941
12005.8000 611 364 0.5957
12012.0000 612 364 0.5948
12033.0000 613 364 0.5938
12043.4000 613 365 0.5954
12048.0000 614 365 0.5945
12066.6000 614 366 0.5961
12070.0000 615 366 0.5951
12071.5000 615 367 0.5967
12073.0000 615 368 0.5984
12088.0000 616 368 0.5974
12104.0000 617 368 0.5964
12124.0000 618 368 0.5955
12142.1000 618 369 0.5971
12145.0000 619 369 0.5961
12151.5000 619 370 0.5977
12154.5000 619 371 0.5994
12165.0000 620 371 0.5984
12189.0000 621 371 0.5974
12209.0000 622 371 0.5965
12216.6000 622 372 0.5981
12218.2000 622 373 0.5997
12220.5000 622 374 0.6013
12226.0000 623 374 0.6003
12243.7000 623 375 0.6019
12249.0000 624 375 0.6010
12261.4000 624 376 0.6026
12270.0000 625 376 0.6016
12286.7000 625 377 0.6032
12287.0000 626 377 0.6022
12289.4000 626 378 0.6038
12295.9000 626 379 0.6054
12305.0000 627 379 0.6045
12309.2000 627 380 0.6061
12314.0000 627 381 0.6077
12323.0000 628 381 0.6067
12329.4000 628 382 0.6083
12339.0000 629 382 0.6073
12358.0000 630 382 0.6063
12377.0000 631 382 0.6054
12397.3000 631 383 0.6070
12399.0000 632 383 0.6060
12421.0000 633 383 0.6051
12437.3000 633 384 0.6066
12444.0000 634 384 0.6057
12444.7000 634 385 0.6073
12463.0000 635 385 0.6063
12479.0000 636 385 0.6053
12483.4000 636 386 0.6069
12497.0000 637 386 0.6060
12507.6000 637 387 0.6075
12518.0000 638 387 0.6066
12531.1000 638 388 0.6082
12538.0000 639 388 0.6072
12556.0000 640 388 0.6063
12575.0000 641 388 0.6053
12584.4000 641 389 0.6069
12596.0000 642 389 0.6059
12611.0000 643 389 0.6050
12635.0000 644 389 0.6040
12655.0000 645 389 0.6031
12669.4000 645 390 0.6047
12672.0000 646 390 0.6037
12689.5000 646 391 0.6053
12691.0000 647 391 0.6043
12713.0000 648 391 0.6034
12725.8000 648 392 0.6049
12727.4000 648 393 0.6065
12737.0000 649 393 0.6055
12761.0000 650 393 0.6046
12781.0000 651 393 0.6037
12798.0000 652 393 0.6028
12818.0000 653 393 0.6018
12830.3000 653 394 0.6034
12836.9000 653 395 0.6049
12839.0000 654 395 0.6040
12855.5000 654 396 0.6055
12863.0000 655 396 0.6046
12879.5000 655 397 0.6061
12884.0000 656 397 0.6052
12901.0000 657 397 0.6043
12919.0000 658 397 0.6033
12936.0000 659 397 0.6024
12954.0000 660 397 0.6015
12971.0000 661 397 0.6006
12976.7000 661 398 0.6021
12986.0000 662 398 0.6012
12990.0000 662 399 0.6027
13006.6000 662 400 0.6042
13009.0000 663 400 0.6033
13029.0000 664 400 0.6024
13048.0000 665 400 0.6015
13069.0000 666 400 0.6006
13080.5000 666 401 0.6021
13082.6000 666 402 0.6036
13090.0000 667 402 0.6027
13092.7000 667 403 0.6042
13097.2000 667 404 0.6057
13112.0000 668 404 0.6048
13135.0000 669 404 0.6039
13146.6000 669 405 0.6054
13156.0000 669 406 0.6069
13157.0000 670 406 0.6060
13175.0000 671 406 0.6051
13198.0000 672 406 0.6042
13222.0000 673 406 0.6033
13237.0000 674 406 0.6024
13261.0000 675 406 0.6015
13267.9000 675 407 0.6030
13279.0000 676 407 0.6021
13290.8000 676 408 0.6036
13303.0000 677 408 0.6027
13308.4000 677 409 0.6041
13311.6000 677 410 0.6056
13324.0000 677 411 0.6071
13327.0000 678 411 0.6062
13344.0000 679 411 0.6053
13367.0000 680 411 0.6044
13382.6000 680 412 0.6059
13385.0000 681 412 0.6050
13400.0000 682 412 0.6041
13422.0000 683 412 0.6032
13430.0000 683 413 0.6047
13434.5000 683 414 0.6061
13439.0000 684 414 0.6053
13459.2000 684 415 0.6067
13462.2000 684 416 0.6082
13463.0000 685 416 0.6073
13485.0000 686 416 0.6064
13500.7000 686 417 0.6079
13501.0000 687 417 0.6070
13522.0000 688 417 0.6061
13534.7000 688 418 0.6076
13537.6000 688 419 0.6090
13543.0000 689 419 0.6081
13550.1000 689 420 0.6096
13558.0000 690 420 0.6087
13578.0000 691 420 0.6078
13597.0000 692 420 0.6069
13601.2000 692 421 0.6084
13605.2000 692 422 0.6098
13612.0000 693 422 0.6089
13622.2000 693 423 0.6104
13622.9000 693 424 0.6118
13633.0000 694 424 0.6110
13654.0000 695 424 0.6101
13674.0000 696 424 0.6092
13680.6000 696 425 0.6106
13689.0000 697 425 0.6098
13701.0000 697 426 0.6112
13713.0000 698 426 0.6103
13731.9000 698 427 0.6117
13733.0000 699 427 0.6109
13735.6000 699 428 0.6123
13750.0000 700 428 0.6114
13770.6000 700 429 0.6129
13771.0000 701 429 0.6120
13787.0000 702 429 0.6111
13804.0000 702 430 0.6125
13808.0000 703 430 0.6117
13812.8000 703 431 0.6131
13831.0000 704 431 0.6122
13836.3000 704 432 0.6136
13853.0000 705 432 0.6128
13874.0000 706 432 0.6119
13894.0000 707 432 0.6110
13915.0000 708 432 0.6102
13937.0000 709 432 0.6093
13952.0000 710 432 0.6085
13953.1000 710 433 0.6099
13976.0000 711 433 0.6090
13994.0000 712 433 0.6081
14011.0000 713 433 0.6073
14032.0000 714 433 0.6064
14045.3000 714 434 0.6078
14048.6000 714 435 0.6092
14056.0000 715 435 0.6084
14059.1000 715 436 0.6098
14061.0000 715 437 0.6112
14077.0000 716 437 0.6103
14086.0000 716 438 0.6117
14092.0000 717 438 0.6109
14107.0000 718 438 0.6100
14108.3000 718 439 0.6114
14123.0000 719 439 0.6106
14147.0000 720 439 0.6097
14167.0000 721 439 0.6089
14186.0000 722 439 0.6080
14204.0000 723 439 0.6072
14208.3000 723 440 0.6086
14208.7000 723 441 0.6100
14224.9000 723 442 0.6113
14225.0000 724 442 0.6105
14245.0000 725 442 0.6097
14259.7000 725 443 0.6110
14262.7000 725 444 0.6124
14267.0000 726 444 0.6116
14276.7000 726 445 0.6129
14286.0000 727 445 0.6121
14304.0000 728 445 0.6113
14323.0000 729 445 0.6104
14343.0000 730 445 0.6096
14363.0000 731 445 0.6088
14385.0000 732 445 0.6079
14404.0000 733 445 0.6071
14420.0000 734 445 0.6063
14441.0000 735 445 0.6054
14456.0000 736 445 0.6046
14466.4000 736 446 0.6060
14475.0000 737 446 0.6052
14478.4000 737 447 0.6065
14487.3000 737 448 0.6079
14499.0000 738 448 0.6070
14504.4000 738 449 0.6084
14508.2000 738 450 0.6098
14523.0000 739 450 0.6089
14544.0000 740 450 0.6081
14568.0000 741 450 0.6073
14588.0000 742 450 0.6065
14600.8000 742 451 0.6078
14603.0000 743 451 0.6070
14618.0000 744 451 0.6062
14619.8000 744 452 0.6075
14629.6000 744 453 0.6089
14638.0000 744 454 0.6102
14639.0000 745 454 0.6094
14655.0000 746 454 0.6086
14655.4000 746 455 0.6099
14676.0000 747 455 0.6091
14685.7000 747 456 0.6104
14696.0000 748 456 0.6096
14705.8000 748 457 0.6110
14708.6000 748 458 0.6123
14718.0000 749 458 0.6115
14722.4000 749 459 0.6128
14733.2000 749 460 0.6142
14736.0000 750 460 0.6133
14746.0000 750 461 0.6147
14756.0000 751 461 0.6138
14773.0000 752 461 0.6130
14777.7000 752 462 0.6144
14790.0000 753 462 0.6135
14809.0000 754 462 0.6127
14831.0000 755 462 0.6119
14848.0000 756 462 0.6111
14867.0000 757 462 0.6103
14889.0000 758 462 0.6095
14905.0000 759 462 0.6087
14913.0000 759 463 0.6100
14924.9000 759 464 0.6113
14927.0000 760 464 0.6105
14942.0000 761 464 0.6097
14961.0000 762 464 0.6089
14965.6000 762 465 0.6102
14975.8000 762 466 0.6115
14984.0000 763 466 0.6107
14999.0000 764 466 0.6099
15021.0000 765 466 0.6092
15032.7000 765 467 0.6105
15033.3000 765 468 0.6118
15041.0000 766 468 0.6110
15058.0000 767 468 0.6102
15070.5000 767 469 0.6115
15074.0000 768 469 0.6107
15082.2000 768 470 0.6120
15093.0000 769 470 0.6112
15101.5000 769 471 0.6125
15114.0000 770 471 0.6117
15132.0000 771 471 0.6109
15149.0000 772 471 0.6101
15172.0000 773 471 0.6093
15178.2000 773 472 0.6106
15181.1000 773 473 0.6119
15182.2000 773 474 0.6132
15190.0000 774 474 0.6124
15212.0000 775 474 0.6116
15235.0000 776 474 0.6108
15256.0000 777 474 0.6100
15280.0000 778 474 0.6093
15286.1000 778 475 0.6105
15297.0000 779 475 0.6098
15318.0000 780 475 0.6090
15336.0000 781 475 0.6082
15360.0000 782 475 0.6074
15381.0000 783 475 0.6066
15386.0000 783 476 0.6079
15389.7000 783 477 0.6092
15395.7000 783 478 0.6105
15399.0000 784 478 0.6097
15419.0000 785 478 0.6089
15439.2000 785 479 0.6102
15441.0000 786 479 0.6094
15459.3000 786 480 0.6107
15461.5000 786 481 0.6120
15465.0000 787 481 0.6112
15482.0000 788 481 0.6104
15499.3000 788 482 0.6117
15504.0000 789 482 0.6109
15526.0000 790 482 0.6101
15537.7000 790 483 0.6114
15538.8000 790 484 0.6127
15539.3000 790 485 0.6139
15547.0000 791 485 0.6131
15569.0000 792 485 0.6124
15581.2000 792 486 0.6136
15591.0000 793 486 0.6129
15596.4000 793 487 0.6141
15615.0000 794 487 0.6134
15632.0000 795 487 0.6126
15651.0000 796 487 0.6118
15666.0000 797 487 0.6110
15681.3000 797 488 0.6123
15684.0000 798 488 0.6115
15708.0000 799 488 0.6108
15724.0000 800 488 0.6100
15744.5000 800 489 0.6113
15746.0000 801 489 0.6105
15761.7000 801 490 0.6117
15764.0000 802 490 0.6110
15764.5000 802 491 0.6122
15780.2000 802 492 0.6135
15782.0000 803 492 0.6127
15793.3000 803 493 0.6139
15799.0000 804 493 0.6132
15815.0000 805 493 0.6124
15838.0000 806 493 0.6117
15840.1000 806 494 0.6129
15854.0000 807 494 0.6121
15873.0000 808 494 0.6114
15880.0000 808 495 0.6126
15891.0000 808 496 0.6139
15894.0000 809 496 0.6131
15903.3000 809 497 0.6143
15909.0000 810 497 0.6136
15919.6000 810 498 0.6148
15927.0000 811 498 0.6141
15948.0000 812 498 0.6133
15953.1000 812 499 0.6145
15958.5000 812 500 0.6158
15967.0000 813 500 0.6150
15990.0000 814 500 0.6143
16004.6000 814 501 0.6155
16010.0000 815 501 0.6147
16019.4000 815 502 0.6160
16027.0000 816 502 0.6152
16028.1000 816 503 0.6164
16038.8000 816 504 0.6176
16042.0000 817 504 0.6169
16061.0000 818 504 0.6161
16061.0000 818 505 0.6174
16080.0000 819 505 0.6166
16083.7000 819 506 0.6178
16104.0000 820 506 0.6171
16124.0000 821 506 0.6163
16139.0000 822 506 0.6156
16155.0000 823 506 0.6148
16175.0000 824 506 0.6141
16196.0000 825 506 0.6133
16199.9000 825 507 0.6145
16212.0000 826 507 0.6138
16220.0000 826 508 0.6150
16230.0000 827 508 0.6143
16245.0000 828 508 0.6135
16258.9000 828 509 0.6147
16261.0000 829 509 0.6140
16281.0000 830 509 0.6133
16296.7000 830 510 0.6145
16301.0000 831 510 0.6137
16309.3000 831 511 0.6149
16322.0000 832 511 0.6142
16338.0000 833 511 0.6134
16357.0000 834 511 0.6127
16369.6000 834 512 0.6139
16380.0000 835 512 0.6132
16399.0000 836 512 0.6124
16416.0000 837 512 0.6117
16433.0000 838 512 0.6110
16455.0000 839 512 0.6103
16479.0000 840 512 0.6095
16487.2000 840 513 0.6107
16503.0000 841 513 0.6100
16520.1000 841 514 0.6112
16526.0000 842 514 0.6105
16547.0000 843 514 0.6097
16568.0000 844 514 0.6090
16586.1000 844 515 0.6102
16589.0000 845 515 0.6095
16610.0000 846 515 0.6087
16628.0000 847 515 0.6080
16629.7000 847 516 0.6092
16630.4000 847 517 0.6104
16646.0000 848 517 0.6097
16662.0000 849 517 0.6090
16662.9000 849 518 0.6101
16682.0000 850 518 0.6094
16699.0000 851 518 0.6087
16721.7000 851 519 0.6099
16723.0000 852 519 0.6092
16745.0000 853 519 0.6084
16760.0000 854 519 0.6077
16783.0000 855 519 0.6070
16800.0000 856 519 0.6063
16818.0000 857 519 0.6056
16835.0000 858 519 0.6049
16850.9000 858 520 0.6061
16852.1000 858 521 0.6072
16858.0000 859 521 0.6065
16862.2000 859 522 0.6077
16870.2000 859 523 0.6088
16873.9000 859 524 0.6100
16881.0000 860 524 0.6093
16889.4000 860 525 0.6105
16901.0000 861 525 0.6098
16917.0000 862 525 0.6090
16935.0000 863 525 0.6083
16937.2000 863 526 0.6095
16959.0000 864 526 0.6088
16964.7000 864 527 0.6100
16979.0000 864 528 0.6111
16980.0000 865 528 0.6104
16997.0000 866 528 0.6097
17021.0000 867 528 0.6090
17039.5000 867 529 0.6101
17040.0000 868 529 0.6094
17061.4000 868 530 0.6106
17063.0000 869 530 0.6099
17070.5000 869 531 0.6110
17075.7000 869 532 0.6122
17076.8000 869 533 0.6133
17082.0000 870 533 0.6126
17096.3000 870 534 0.6138
17105.0000 871 534 0.6131
17126.0000 872 534 0.6124
17137.1000 872 535 0.6135
17143.0000 873 535 0.6128
17162.0000 874 535 0.6121
17181.0000 875 535 0.6114
17202.0000 876 535 0.6107
17225.0000 877 535 0.6100
17240.0000 878 535 0.6093
17259.0000 879 535 0.6086
17278.0000 880 535 0.6080
17299.0000 881 535 0.6073
17318.0000 882 535 0.6066
17336.0000 883 535 0.6059
17344.0000 883 536 0.6070
17353.0000 884 536 0.6063
17354.6000 884 537 0.6075
17357.6000 884 538 0.6086
17370.0000 885 538 0.6079
17371.5000 885 539 0.6090
17372.0000 885 540 0.6102
17393.6000 885 541 0.6113
17394.0000 886 541 0.6106
17416.0000 887 541 0.6099
17439.0000 888 541 0.6092
17454.0000 889 541 0.6085
17467.5000 889 542 0.6097
17470.6000 889 543 0.6108
17477.0000 890 543 0.6101
17491.6000 890 544 0.6112
17497.0000 891 544 0.6105
17503.4000 891 545 0.6117
17515.0000 892 545 0.6110
17535.0000 893 545 0.6103
17558.0000 894 545 0.6096
17574.0000 895 545 0.6089
17598.0000 896 545 0.6083
17619.0000 897 545 0.6076
17627.0000 897 546 0.6087
17639.0000 898 546 0.6080
17654.0000 899 546 0.6073
17672.0000 900 546 0.6067
17672.2000 900 547 0.6078
17690.0000 901 547 0.6071
17710.0000 902 547 0.6064
17734.0000 903 547 0.6058
17751.0000 904 547 0.6051
17758.1000 904 548 0.6062
17773.8000 904 549 0.6073
17774.0000 905 549 0.6066
17793.0000 906 549 0.6060
17808.0000 907 549 0.6053
17813.6000 907 550 0.6064
17816.7000 907 551 0.6075
17826.0000 908 551 0.6068
17846.0000 909 551 0.6062
17864.0000 910 551 0.6055
17877.8000 910 552 0.6066
17884.0000 911 552 0.6059
17899.0000 912 552 0.6053
17917.0000 913 552 0.6046
17930.6000 913 553 0.6057
17934.5000 913 554 0.6068
17934.7000 913 555 0.6079
17936.0000 914 555 0.6072
17941.7000 914 556 0.6083
17951.1000 914 557 0.6094
17958.0000 915 557 0.6087
17960.0000 915 558 0.6098
17960.5000 915 559 0.6109
17972.6000 915 560 0.6120
17974.9000 915 561 0.6131
17976.0000 916 561 0.6124
18000.0000 917 561 0.6118
18011.2000 917 562 0.6129
18021.0000 918 562 0.6122
18034.1000 918 563 0.6133
18040.0000 919 563 0.6126
18059.0000 920 563 0.6120
18073.6000 920 564 0.6130
18077.0000 921 564 0.6124
18092.0000 922 564 0.6117
18109.7000 922 565 0.6128
18112.1000 922 566 0.6139
18113.0000 923 566 0.6132
18124.5000 923 567 0.6143
18132.0000 924 567 0.6136
18155.0000 925 567 0.6130
18170.8000 925 568 0.6141
18171.2000 925 569 0.6151
18177.0000 926 569 0.6145
18192.0000 927 569 0.6138
18214.0000 928 569 0.6131
18221.6000 928 570 0.6142
18225.3000 928 571 0.6153
18236.0000 929 571 0.6146
18259.0000 930 571 0.6140
18275.0000 931 571 0.6133
18298.0000 932 571 0.6127
18321.0000 933 571 0.6120
18340.0000 934 571 0.6113
18342.8000 934 572 0.6124
18353.1000 934 573 0.6135
18364.0000 935 573 0.6128
18374.5000 935 574 0.6139
18383.0000 936 574 0.6132
18402.0000 937 574 0.6126
18425.0000 938 574 0.6119
18436.8000 938 575 0.6130
18449.0000 939 575 0.6124
18463.3000 939 576 0.6134
18473.0000 940 576 0.6128
18488.0000 941 576 0.6121
18509.1000 941 577 0.6132
18512.0000 942 577 0.6125
18534.0000 943 577 0.6119
18549.0000 944 577 0.6112
18570.0000 945 577 0.6106
18574.1000 945 578 0.6116
18586.6000 945 579 0.6127
18590.0000 946 579 0.6121
18613.0000 947 579 0.6114
18629.7000 947 580 0.6125
18632.0000 948 580 0.6118
18653.0000 949 580 0.6112
18677.0000 950 580 0.6105
18677.5000 950 581 0.6116
18696.0000 951 581 0.6109
18704.5000 951 582 0.6120
18715.0000 952 582 0.6113
18737.4000 952 583 0.6124
18738.0000 953 583 0.6118
18753.0000 954 583 0.6111
18768.0000 955 583 0.6105
18784.0000 955 584 0.6115
18786.0000 956 584 0.6109
18808.6000 956 585 0.6119
18809.0000 957 585 0.6113
18828.0000 958 585 0.6106
18844.2000 958 586 0.6117
18845.0000 959 586 0.6111
18845.8000 959 587 0.6121
18862.0000 960 587 0.6115
18884.0000 961 587 0.6108
18892.9000 961 588 0.6119
18893.5000 961 589 0.6129
18894.5000 961 590 0.6139
18899.0000 962 590 0.6133
18922.0000 963 590 0.6127
18939.0000 964 590 0.6120
18956.0000 965 590 0.6114
18958.1000 965 591 0.6124
18977.0000 966 591 0.6118
18993.0000 967 591 0.6112
19015.0000 968 591 0.6105
19031.4000 968 592 0.6116
19037.0000 969 592 0.6109
19055.0000 970 592 0.6103
19072.0000 971 592 0.6097
19087.0000 972 592 0.6091
19095.1000 972 593 0.6101
19096.1000 972 594 0.6111
19097.4000 972 595 0.6121
19099.0000 972 596 0.6132
19108.0000 973 596 0.6125
19126.6000 973 597 0.6136
19129.0000 974 597 0.6129
19151.0000 975 597 0.6123
19161.8000 975 598 0.6133
19173.0000 976 598 0.6127
19190.3000 976 599 0.6137
19192.0000 977 599 0.6131
19211.0000 978 599 0.6125
19231.0000 979 599 0.6118
19254.0000 980 599 0.6112
19277.0000 981 599 0.6106
19301.0000 982 599 0.6100
19308.1000 982 600 0.6110
19310.4000 982 601 0.6120
19313.4000 982 602 0.6130
19316.0000 983 602 0.6124
19340.0000 984 602 0.6118
19355.0000 985 602 0.6112
19373.0000 986 602 0.6105
19391.0000 987 602 0.6099
19406.0000 988 602 0.6093
19418.6000 988 603 0.6103
19423.0000 989 603 0.6097
19430.3000 989 604 0.6107
19439.0000 990 604 0.6101
19455.0000 991 604 0.6095
19463.1000 991 605 0.6105
19479.0000 992 605 0.6099
19497.0000 993 605 0.6093
19500.5000 993 606 0.6103
19521.0000 994 606 0.6097
19531.3000 994 607 0.6107
19542.0000 995 607 0.6101
19558.4000 995 608 0.6111
19559.0000 995 609 0.6121
19565.0000 996 609 0.6114
19576.3000 996 610 0.6124
19577.0000 996 611 0.6135
19586.0000 997 611 0.6128
19601.0000 998 611 0.6122
19615.6000 998 612 0.6132
19622.0000 999 612 0.6126
19622.4000 999 613 0.6136
19641.0000 1000 613 0.6130
19660.0000 1001 613 0.6124
19669.0000 1001 614 0.6134
19677.0000 1002 614 0.6128
19692.0000 1003 614 0.6122
19702.7000 1003 615 0.6132
19716.0000 1004 615 0.6125
19727.5000 1004 616 0.6135
19739.0000 1005 616 0.6129
19755.0000 1006 616 0.6123
19770.0000 1007 616 0.6117
19783.2000 1007 617 0.6127
19792.0000 1008 617 0.6121
19815.0000 1009 617 0.6115
19816.1000 1009 618 0.6125
19825.1000 1009 619 0.6135
19826.5000 1009 620 0.6145
19833.0000 1010 620 0.6139
19852.0000 1011 620 0.6133
19876.0000 1012 620 0.6126
19891.0000 1013 620 0.6120
19908.0000 1014 620 0.6114
19924.9000 1014 621 0.6124
19927.1000 1014 622 0.6134
19932.0000 1015 622 0.6128
19938.8000 1015 623 0.6138
19945.0000 1015 624 0.6148
19946.3000 1015 625 0.6158
19956.0000 1016 625 0.6152
19965.0000 1016 626 0.6161
19968.8000 1016 627 0.6171
19970.9000 1016 628 0.6181
19976.0000 1017 628 0.6175
19994.8000 1017 629 0.6185
19998.0000 1018 629 0.6179
20019.0000 1019 629 0.6173
20027.8000 1019 630 0.6183
20034.0000 1020 630 0.6176
20039.7000 1020 631 0.6186
20054.8000 1020 632 0.6196
20057.0000 1021 632 0.6190
20071.2000 1021 633 0.6200
20075.0000 1022 633 0.6194
20075.8000 1022 634 0.6204
20086.0000 1022 635 0.6213
20094.0000 1023 635 0.6207
20096.8000 1023 636 0.6217
20118.0000 1024 636 0.6211
20135.0000 1025 636 0.6205
20136.9000 1025 637 0.6215
20141.0000 1025 638 0.6224
20157.0000 1026 638 0.6218
20179.0000 1027 638 0.6212
20197.0000 1028 638 0.6206
20201.3000 1028 639 0.6216
20213.4000 1028 640 0.6226
20221.0000 1029 640 0.6220
20221.4000 1029 641 0.6229
20237.0000 1030 641 0.6223
20259.0000 1031 641 0.6217
20276.0000 1032 641 0.6211
20293.0000 1033 641 0.6205
20299.7000 1033 642 0.6215
20308.0000 1034 642 0.6209
20327.0000 1035 642 0.6203
20344.2000 1035 643 0.6213
20350.0000 1036 643 0.6207
20366.0000 1037 643 0.6201
20373.6000 1037 644 0.6210
20385.0000 1038 644 0.6204
20394.6000 1038 645 0.6214
20401.0000 1039 645 0.6208
20421.0000 1040 645 0.6202
20428.6000 1040 646 0.6212
20437.0000 1041 646 0.6206
20461.0000 1042 646 0.6200
20463.8000 1042 647 0.6209
20477.3000 1042 648 0.6219
20485.0000 1043 648 0.6213
20504.8000 1043 649 0.6222
20506.4000 1043 650 0.6232
20508.0000 1044 650 0.6226
20532.0000 1045 650 0.6220
20554.0000 1046 650 0.6214
20576.0000 1047 650 0.6208
20594.0000 1048 650 0.6202
20611.0000 1049 650 0.6196
20612.7000 1049 651 0.6206
20635.0000 1050 651 0.6200
20638.2000 1050 652 0.6210
20655.0000 1051 652 0.6204
20659.6000 1051 653 0.6213
20673.0000 1052 653 0.6207
20691.0000 1053 653 0.6201
20693.0000 1053 654 0.6211
20706.0000 1054 654 0.6205
20724.0000 1055 654 0.6199
20736.3000 1055 655 0.6209
20744.0000 1056 655 0.6203
20746.4000 1056 656 0.6212
20756.3000 1056 657 0.6222
20766.0000 1057 657 0.6216
20766.3000 1057 658 0.6225
20782.0000 1058 658 0.6219
20789.3000 1058 659 0.6229
20797.6000 1058 660 0.6238
20800.0000 1059 660 0.6232
20801.3000 1059 661 0.6242
20819.5000 1059 662 0.6251
20821.0000 1060 662 0.6245
20837.7000 1060 663 0.6255
20839.1000 1060 664 0.6264
20844.0000 1061 664 0.6258
20847.1000 1061 665 0.6268
20855.4000 1061 666 0.6277
20857.6000 1061 667 0.6287
20864.0000 1062 667 0.6281
20888.0000 1063 667 0.6275
20893.5000 1063 668 0.6284
20901.5000 1063 669 0.6294
20911.0000 1064 669 0.6288
20922.6000 1064 670 0.6297
20931.0000 1065 670 0.6291
20952.0000 1066 670 0.6285
20968.0000 1067 670 0.6279
20968.5000 1067 671 0.6289
20978.5000 1067 672 0.6298
20979.2000 1067 673 0.6307
20982.3000 1067 674 0.6317
20987.6000 1067 675 0.6326
20988.9000 1067 676 0.6336
20990.0000 1068 676 0.6330
20990.6000 1068 677 0.6339
21007.0000 1069 677 0.6333
21008.6000 1069 678 0.6342
21031.0000 1070 678 0.6336
21055.0000 1071 678 0.6331
21067.1000 1071 679 0.6340
21068.5000 1071 680 0.6349
21076.7000 1071 681 0.6359
21077.0000 1072 681 0.6353
21092.0000 1073 681 0.6347
21096.9000 1073 682 0.6356
21116.0000 1074 682 0.6350
21127.3000 1074 683 0.6359
21132.0000 1075 683 0.6353
21148.0000 1076 683 0.6348
21166.0000 1077 683 0.6342
21170.1000 1077 684 0.6351
21184.0000 1078 684 0.6345
21184.8000 1078 685 0.6354
21189.3000 1078 686 0.6364
21189.4000 1078 687 0.6373
21189.7000 1078 688 0.6382
21204.0000 1079 688 0.6376
21223.0000 1080 688 0.6370
21226.4000 1080 689 0.6380
21235.3000 1080 690 0.6389
21247.0000 1081 690 0.6383
21250.6000 1081 691 0.6392
21271.0000 1082 691 0.6386
21288.5000 1082 692 0.6396
21292.0000 1083 692 0.6390
21309.0000 1084 692 0.6384
21321.2000 1084 693 0.6393
21327.0000 1085 693 0.6387
21349.5000 1085 694 0.6396
21351.0000 1086 694 0.6390
21351.3000 1086 695 0.6400
21352.7000 1086 696 0.6409
21361.2000 1086 697 0.6418
21367.7000 1086 698 0.6427
21368.0000 1087 698 0.6421
21370.7000 1087 699 0.6431
21387.0000 1088 699 0.6425
21407.0000 1089 699 0.6419
21424.0000 1090 699 0.6413
21444.0000 1091 699 0.6407
21460.9000 1091 700 0.6416
21463.0000 1092 700 0.6410
21463.2000 1092 701 0.6419
21464.2000 1092 702 0.6429
21483.0000 1093 702 0.6423
21501.7000 1093 703 0.6432
21505.0000 1094 703 0.6426
21508.4000 1094 704 0.6435
21523.0000 1095 704 0.6429
21530.5000 1095 705 0.6438
21539.0000 1096 705 0.6432
21540.6000 1096 706 0.6442
21544.5000 1096 707 0.6451
21556.0000 1097 707 0.6445
21572.2000 1097 708 0.6454
21577.0000 1098 708 0.6448
21579.3000 1098 709 0.6457
21599.0000 1099 709 0.6451
21615.0000 1100 709 0.6445
21623.9000 1100 710 0.6455
21632.0000 1101 710 0.6449
21648.0000 1102 710 0.6443
21664.9000 1102 711 0.6452
21665.0000 1103 711 0.6446
21689.0000 1104 711 0.6440
21707.0000 1105 711 0.6434
21713.3000 1105 712 0.6443
21719.3000 1105 713 0.6452
21731.0000 1106 713 0.6447
21755.0000 1107 713 0.6441
21755.7000 1107 714 0.6450
21777.0000 1108 714 0.6444
21794.0000 1109 714 0.6438
21807.1000 1109 715 0.6447
21808.8000 1109 716 0.6456
21818.0000 1110 716 0.6450
21837.0000 1111 716 0.6445
21851.8000 1111 717 0.6454
21860.0000 1112 717 0.6448
21861.0000 1112 718 0.6457
21883.0000 1113 718 0.6451
21898.0000 1114 718 0.6445
21916.0000 1115 718 0.6439
21939.0000 1116 718 0.6434
21941.3000 1116 719 0.6443
21949.4000 1116 720 0.6452
21951.7000 1116 721 0.6461
21960.0000 1117 721 0.6455
21971.6000 1117 722 0.6464
21976.0000 1118 722 0.6458
21993.9000 1118 723 0.6467
21999.0000 1119 723 0.6461
22022.0000 1120 723 0.6455
22024.1000 1120 724 0.6464
22039.6000 1120 725 0.6473
22041.0000 1121 725 0.6467
22045.4000 1121 726 0.6476
22052.4000 1121 727 0.6485
22061.0000 1122 727 0.6480
22075.9000 1122 728 0.6488
22078.0000 1123 728 0.6483
22086.1000 1123 729 0.6492
22101.0000 1124 729 0.6486
22121.0000 1125 729 0.6480
22132.2000 1125 730 0.6489
22140.0000 1126 730 0.6483
22144.0000 1126 731 0.6492
22159.0000 1127 731 0.6486
22160.2000 1127 732 0.6495
22165.8000 1127 733 0.6504
22167.0000 1127 734 0.6513
22172.5000 1127 735 0.6522
22183.0000 1128 735 0.6516
22199.0000 1129 735 0.6510
22210.3000 1129 736 0.6519
22211.5000 1129 737 0.6528
22218.0000 1130 737 0.6522
22242.0000 1131 737 0.6516
22259.1000 1131 738 0.6525
22263.0000 1132 738 0.6519
22281.0000 1133 738 0.6514
22304.0000 1134 738 0.6508
22322.0000 1135 738 0.6502
22335.9000 1135 739 0.6511
22339.1000 1135 740 0.6520
22343.1000 1135 741 0.6529
22346.0000 1136 741 0.6523
22363.0000 1137 741 0.6517
22385.0000 1138 741 0.6511
22405.0000 1139 741 0.6506
22420.0000 1140 741 0.6500
22444.0000 1141 741 0.6494
22445.7000 1141 742 0.6503
22461.5000 1141 743 0.6512
22464.0000 1142 743 0.6506
22482.0000 1143 743 0.6500
22490.5000 1143 744 0.6509
22500.0000 1144 744 0.6503
22521.0000 1145 744 0.6498
22543.6000 1145 745 0.6507
22544.0000 1146 745 0.6501
22560.0000 1147 745 0.6495
22568.3000 1147 746 0.6504
22578.0000 1148 746 0.6498
22595.0000 1149 746 0.6493
22613.0000 1150 746 0.6487
22628.0000 1151 746 0.6481
22648.0000 1152 746 0.6476
22666.0000 1153 746 0.6470
22682.0000 1154 746 0.6464
22698.0000 1155 746 0.6459
22713.0000 1156 746 0.6453
22717.4000 1156 747 0.6462
22723.1000 1156 748 0.6471
22735.0000 1157 748 0.6465
22751.7000 1157 749 0.6474
22758.0000 1158 749 0.6468
22779.0000 1159 749 0.6462
22781.5000 1159 750 0.6471
22799.0000 1160 750 0.6466
22802.8000 1160 751 0.6474
22820.0000 1161 751 0.6469
22824.0000 1161 752 0.6477
22835.0000 1162 752 0.6472
22850.0000 1163 752 0.6466
22860.8000 1163 753 0.6475
22869.0000 1164 753 0.6469
22891.0000 1165 753 0.6464
22894.3000 1165 754 0.6472
22904.6000 1165 755 0.6481
22906.9000 1165 756 0.6489
22911.9000 1165 757 0.6498
22913.0000 1166 757 0.6492
22914.7000 1166 758 0.6501
22916.0000 1166 759 0.6509
22927.6000 1166 760 0.6518
22931.0000 1167 760 0.6512
22954.0000 1168 760 0.6507
22971.0000 1169 760 0.6501
22978.7000 1169 761 0.6510
22989.4000 1169 762 0.6518
22991.0000 1170 762 0.6513
23007.0000 1171 762 0.6507
23031.0000 1172 762 0.6502
23047.0000 1173 762 0.6496
23047.9000 1173 763 0.6505
23054.0000 1173 764 0.6513
23070.0000 1174 764 0.6508
23085.0000 1175 764 0.6502
23106.0000 1176 764 0.6497
23127.0000 1177 764 0.6491
23149.0000 1178 764 0.6486
23154.4000 1178 765 0.6494
23165.0000 1179 765 0.6489
23179.9000 1179 766 0.6497
23180.0000 1180 766 0.6492
23182.8000 1180 767 0.6500
23183.7000 1180 768 0.6508
23185.8000 1180 769 0.6517
23198.0000 1181 769 0.6511
23214.0000 1182 769 0.6506
23219.8000 1182 770 0.6514
23222.5000 1182 771 0.6523
23232.8000 1182 772 0.6531
23238.0000 1183 772 0.6526
23252.6000 1183 773 0.6534
23256.3000 1183 774 0.6543
23258.0000 1184 774 0.6537
23268.5000 1184 775 0.6546
23280.0000 1185 775 0.6540
23295.0000 1186 775 0.6535
23303.3000 1186 776 0.6543
23304.1000 1186 777 0.6551
23318.4000 1186 778 0.6560
23319.0000 1187 778 0.6554
23339.0000 1188 778 0.6549
23360.0000 1189 778 0.6543
23377.0000 1190 778 0.6538
23393.0000 1191 778 0.6532
23409.0000 1192 778 0.6527
23428.0000 1193 778 0.6521
23445.0000 1194 778 0.6516
23463.8000 1194 779 0.6524
23464.0000 1195 779 0.6519
23466.7000 1195 780 0.6527
23482.0000 1196 780 0.6522
23498.0000 1197 780 0.6516
23499.9000 1197 781 0.6525
23504.5000 1197 782 0.6533
23516.0000 1198 782 0.6528
23532.0000 1199 782 0.6522
23546.3000 1199 783 0.6530
23547.0000 1200 783 0.6525
23558.7000 1200 784 0.6533
23559.3000 1200 785 0.6542
23565.9000 1200 786 0.6550
23568.0000 1201 786 0.6545
23589.0000 1202 786 0.6539
23595.6000 1202 787 0.6547
23613.0000 1203 787 0.6542
23629.0000 1204 787 0.6537
23641.9000 1204 788 0.6545
23647.0000 1205 788 0.6539
23660.6000 1205 789 0.6548
23662.0000 1206 789 0.6542
23663.9000 1206 790 0.6551
23667.0000 1206 791 0.6559
23676.8000 1206 792 0.6567
23681.0000 1207 792 0.6562
23702.0000 1208 792 0.6556
23710.9000 1208 793 0.6565
23726.0000 1209 793 0.6559
23741.0000 1210 793 0.6554
23756.8000 1210 794 0.6562
23759.2000 1210 795 0.6570
23760.0000 1211 795 0.6565
23768.9000 1211 796 0.6573
23771.5000 1211 797 0.6581
23778.0000 1212 797 0.6576
23782.4000 1212 798 0.6584
23798.0000 1213 798 0.6579
23817.0000 1214 798 0.6573
23837.0000 1215 798 0.6568
23843.7000 1215 799 0.6576
23846.7000 1215 800 0.6584
23859.0000 1216 800 0.6579
23866.7000 1216 801 0.6587
23874.0000 1217 801 0.6582
23874.2000 1217 802 0.6590
23895.0000 1218 802 0.6585
23916.0000 1219 802 0.6579
23925.7000 1219 803 0.6587
23925.8000 1219 804 0.6596
23927.6000 1219 805 0.6604
23937.0000 1220 805 0.6598
23961.0000 1221 805 0.6593
23981.0000 1222 805 0.6588
23984.3000 1222 806 0.6596
23985.8000 1222 807 0.6604
23991.2000 1222 808 0.6612
24004.0000 1223 808 0.6607
24026.0000 1224 808 0.6601
24037.4000 1224 809 0.6609
24042.7000 1224 810 0.6618
24043.0000 1225 810 0.6612
24046.5000 1225 811 0.6620
24062.0000 1226 811 0.6615
24077.5000 1226 812 0.6623
24079.0000 1227 812 0.6618
24095.0000 1228 812 0.6612
24110.0000 1229 812 0.6607
24134.0000 1230 812 0.6602
24151.7000 1230 813 0.6610
24157.0000 1231 813 0.6604
24179.0000 1232 813 0.6599
24198.3000 1232 814 0.6607
24203.0000 1233 814 0.6602
24222.0000 1234 814 0.6596
24225.8000 1234 815 0.6605
24245.0000 1235 815 0.6599
24251.5000 1235 816 0.6607
24262.0000 1236 816 0.6602
24286.0000 1237 816 0.6597
24295.0000 1237 817 0.6605
24295.1000 1237 818 0.6613
24305.0000 1238 818 0.6607
24326.0000 1239 818 0.6602
24341.7000 1239 819 0.6610
24349.0000 1240 819 0.6605
24368.0000 1241 819 0.6600
24369.3000 1241 820 0.6608
24376.7000 1241 821 0.6616
24377.9000 1241 822 0.6624
24379.5000 1241 823 0.6632
24383.0000 1242 823 0.6626
24407.0000 1243 823 0.6621
24412.1000 1243 824 0.6629
24427.0000 1244 824 0.6624
24441.8000 1244 825 0.6632
24444.7000 1244 826 0.6640
24445.2000 1244 827 0.6648
24447.0000 1245 827 0.6643
24468.0000 1246 827 0.6637
24468.8000 1246 828 0.6645
24471.4000 1246 829 0.6653
24474.2000 1246 830 0.6661
24482.9000 1246 831 0.6669
24483.1000 1246 832 0.6677
24489.0000 1246 833 0.6685
24490.0000 1247 833 0.6680
24493.5000 1247 834 0.6688
24495.4000 1247 835 0.6696
24514.0000 1248 835 0.6691
24530.0000 1249 835 0.6685
24548.0000 1249 836 0.6693
24553.0000 1250 836 0.6688
24568.0000 1251 836 0.6683
24591.0000 1252 836 0.6677
24607.0000 1253 836 0.6672
24624.0000 1254 836 0.6667
24641.0000 1255 836 0.6661
24653.7000 1255 837 0.6669
24656.0000 1256 837 0.6664
24677.0000 1257 837 0.6659
24693.0000 1258 837 0.6653
24712.0000 1259 837 0.6648
24736.0000 1260 837 0.6643
24744.4000 1260 838 0.6651
24751.0000 1261 838 0.6646
24768.0000 1262 838 0.6640
24790.0000 1263 838 0.6635
24809.0000 1264 838 0.6630
24824.0000 1265 838 0.6625
24826.2000 1265 839 0.6632
24828.8000 1265 840 0.6640
24844.0000 1266 840 0.6635
24867.0000 1267 840 0.6630
24870.4000 1267 841 0.6638
24883.0000 1268 841 0.6632
24906.0000 1269 841 0.6627
24921.0000 1270 841 0.6622
24945.0000 1271 841 0.6617
24951.7000 1271 842 0.6625
24963.0000 1272 842 0.6619
24980.0000 1273 842 0.6614
24996.4000 1273 843 0.6622
24999.0000 1274 843 0.6617
25011.2000 1274 844 0.6625
25015.0000 1275 844 0.6620
25022.8000 1275 845 0.6627
25027.4000 1275 846 0.6635
25034.0000 1276 846 0.6630
25055.0000 1277 846 0.6625
25074.0000 1278 846 0.6620
25078.3000 1278 847 0.6628
25095.0000 1279 847 0.6622
25106.8000 1279 848 0.6630
25107.0000 1279 849 0.6638
25116.1000 1279 850 0.6646
25116.9000 1279 851 0.6654
25119.0000 1280 851 0.6648
25130.0000 1280 852 0.6656
25130.1000 1280 853 0.6664
25138.0000 1281 853 0.6659
25146.7000 1281 854 0.6667
25162.0000 1282 854 0.6661
25183.0000 1283 854 0.6656
