# time  created  delivered  delivered/created
22.0000 1 0 0.0000
38.0000 2 0 0.0000
54.0000 3 0 0.0000
72.0000 4 0 0.0000
94.0000 5 0 0.0000
110.0000 6 0 0.0000
133.0000 7 0 0.0000
153.0000 8 0 0.0000
175.0000 9 0 0.0000
191.0000 10 0 0.0000
210.0000 11 0 0.0000
225.0000 12 0 0.0000
249.0000 13 0 0.0000
265.0000 14 0 0.0000
281.0000 15 0 0.0000
304.0000 16 0 0.0000
328.0000 17 0 0.0000
343.0000 18 0 0.0000
367.0000 19 0 0.0000
382.0000 20 0 0.0000
399.0000 21 0 0.0000
420.0000 22 0 0.0000
439.0000 23 0 0.0000
458.0000 24 0 0.0000
480.0000 25 0 0.0000
497.0000 26 0 0.0000
515.0000 27 0 0.0000
538.0000 28 0 0.0000
562.0000 29 0 0.0000
581.0000 30 0 0.0000
582.6000 30 1 0.0333
603.0000 31 1 0.0323
625.0000 32 1 0.0313
641.2000 32 2 0.0625
646.0000 33 2 0.0606
661.6000 33 3 0.0909
667.0000 34 3 0.0882
685.0000 35 3 0.0857
691.0000 35 4 0.1143
700.0000 36 4 0.1111
714.8000 36 5 0.1389
722.0000 37 5 0.1351
741.0000 38 5 0.1316
764.0000 39 5 0.1282
784.0000 40 5 0.1250
786.4000 40 6 0.1500
806.0000 41 6 0.1463
829.0000 42 6 0.1429
851.0000 43 6 0.1395
873.0000 44 6 0.1364
895.0000 45 6 0.1333
904.5000 45 7 0.1556
918.0000 46 7 0.1522
941.0000 47 7 0.1489
957.0000 48 7 0.1458
975.0000 49 7 0.1429
998.0000 50 7 0.1400
1018.0000 51 7 0.1373
1040.0000 52 7 0.1346
1056.0000 53 7 0.1321
1077.0000 54 7 0.1296
1096.0000 55 7 0.1273
1117.0000 56 7 0.1250
1137.0000 57 7 0.1228
1159.0000 58 7 0.1207
1179.0000 59 7 0.1186
1193.3000 59 8 0.1356
1201.0000 60 8 0.1333
1216.0000 61 8 0.1311
1225.1000 61 9 0.1475
1232.0000 62 9 0.1452
1251.0000 63 9 0.1429
1268.0000 64 9 0.1406
1287.0000 65 9 0.1385
1308.0000 66 9 0.1364
1327.0000 67 9 0.1343
1342.0000 68 9 0.1324
1364.0000 69 9 0.1304
1381.1000 69 10 0.1449
1388.0000 70 10 0.1429
1397.1000 70 11 0.1571
1407.0000 71 11 0.1549
1422.0000 72 11 0.1528
1442.0000 73 11 0.1507
1464.0000 74 11 0.1486
1479.0000 75 11 0.1467
1500.0000 76 11 0.1447
1518.0000 77 11 0.1429
1542.0000 78 11 0.1410
1555.9000 78 12 0.1538
1562.0000 79 12 0.1519
1577.0000 80 12 0.1500
1595.4000 80 13 0.1625
1600.0000 81 13 0.1605
1620.0000 82 13 0.1585
1637.0000 83 13 0.1566
1652.0000 84 13 0.1548
1672.9000 84 14 0.1667
1673.0000 85 14 0.1647
1695.0000 86 14 0.1628
1713.0000 87 14 0.1609
1736.2000 87 15 0.1724
1737.0000 88 15 0.1705
1760.0000 89 15 0.1685
1768.1000 89 16 0.1798
1781.0000 90 16 0.1778
1804.0000 91 16 0.1758
1826.0000 92 16 0.1739
1849.0000 93 16 0.1720
1870.0000 94 16 0.1702
1890.0000 95 16 0.1684
1911.0000 96 16 0.1667
1929.0000 97 16 0.1649
1948.0000 98 16 0.1633
1965.0000 99 16 0.1616
1980.0000 100 16 0.1600
2002.0000 101 16 0.1584
2024.0000 102 16 0.1569
2035.6000 102 17 0.1667
2041.0000 103 17 0.1650
2064.0000 104 17 0.1635
2080.0000 105 17 0.1619
2095.0000 106 17 0.1604
2119.0000 107 17 0.1589
2139.0000 108 17 0.1574
2143.6000 108 18 0.1667
2161.0000 109 18 0.1651
2178.0000 110 18 0.1636
2199.0000 111 18 0.1622
2213.8000 111 19 0.1712
2222.0000 112 19 0.1696
2240.0000 113 19 0.1681
2259.0000 114 19 0.1667
2275.0000 115 19 0.1652
2295.0000 116 19 0.1638
2314.0000 117 19 0.1624
2325.4000 117 20 0.1709
2335.0000 118 20 0.1695
2354.0000 119 20 0.1681
2377.0000 120 20 0.1667
2396.0000 121 20 0.1653
2411.0000 122 20 0.1639
2412.0000 122 21 0.1721
2433.0000 123 21 0.1707
2452.0000 124 21 0.1694
2474.0000 125 21 0.1680
2496.0000 126 21 0.1667
2509.7000 126 22 0.1746
2511.0000 127 22 0.1732
2526.0000 128 22 0.1719
2546.0000 129 22 0.1705
2563.0000 130 22 0.1692
2586.0000 131 22 0.1679
2601.0000 132 22 0.1667
2621.0000 133 22 0.1654
2641.0000 134 22 0.1642
2662.0000 135 22 0.1630
2678.0000 136 22 0.1618
2689.6000 136 23 0.1691
2690.0000 136 24 0.1765
2693.0000 137 24 0.1752
2716.0000 138 24 0.1739
2728.7000 138 25 0.1812
2735.0000 139 25 0.1799
2754.0000 140 25 0.1786
2771.0000 141 25 0.1773
2788.0000 142 25 0.1761
2807.0000 143 25 0.1748
2823.1000 143 26 0.1818
2826.1000 143 27 0.1888
2831.0000 144 27 0.1875
2853.0000 145 27 0.1862
2868.0000 146 27 0.1849
2891.0000 147 27 0.1837
2911.0000 148 27 0.1824
2926.0000 149 27 0.1812
2942.0000 150 27 0.1800
2955.9000 150 28 0.1867
2962.0000 151 28 0.1854
2979.0000 152 28 0.1842
3003.0000 153 28 0.1830
3019.4000 153 29 0.1895
3024.0000 154 29 0.1883
3040.0000 155 29 0.1871
3064.0000 156 29 0.1859
3072.5000 156 30 0.1923
3086.0000 157 30 0.1911
3110.0000 158 30 0.1899
3129.0000 159 30 0.1887
3147.0000 160 30 0.1875
3166.0000 161 30 0.1863
3190.0000 162 30 0.1852
3204.1000 162 31 0.1914
3210.0000 163 31 0.1902
3225.0000 164 31 0.1890
3243.0000 165 31 0.1879
3260.0000 166 31 0.1867
3271.8000 166 32 0.1928
3283.0000 167 32 0.1916
3305.0000 168 32 0.1905
3321.0000 169 32 0.1893
3344.0000 170 32 0.1882
3365.0000 171 32 0.1871
3385.0000 172 32 0.1860
3408.0000 173 32 0.1850
3416.9000 173 33 0.1908
3428.0000 174 33 0.1897
3449.0000 175 33 0.1886
3472.0000 176 33 0.1875
3488.0000 177 33 0.1864
3509.8000 177 34 0.1921
3511.0000 178 34 0.1910
3535.0000 179 34 0.1899
3547.0000 179 35 0.1955
3552.0000 180 35 0.1944
3569.3000 180 36 0.2000
3570.0000 181 36 0.1989
3575.8000 181 37 0.2044
3589.0000 182 37 0.2033
3604.0000 183 37 0.2022
3619.0000 184 37 0.2011
3638.0000 185 37 0.2000
3653.0000 186 37 0.1989
3669.0000 187 37 0.1979
3683.4000 187 38 0.2032
3689.0000 188 38 0.2021
3712.0000 189 38 0.2011
3730.0000 190 38 0.2000
3750.8000 190 39 0.2053
3754.0000 191 39 0.2042
3771.0000 192 39 0.2031
3787.0000 193 39 0.2021
3809.0000 194 39 0.2010
3832.0000 195 39 0.2000
3854.0000 196 39 0.1990
3873.0000 197 39 0.1980
3895.0000 198 39 0.1970
3919.0000 199 39 0.1960
3938.0000 200 39 0.1950
3955.0000 201 39 0.1940
3975.0000 202 39 0.1931
3996.0000 203 39 0.1921
4012.0000 204 39 0.1912
4018.5000 204 40 0.1961
4024.3000 204 41 0.2010
4026.3000 204 42 0.2059
4031.0000 205 42 0.2049
4052.0000 206 42 0.2039
4070.0000 207 42 0.2029
4094.0000 208 42 0.2019
4111.9000 208 43 0.2067
4115.0000 209 43 0.2057
4134.0000 210 43 0.2048
4136.0000 210 44 0.2095
4153.0000 211 44 0.2085
4171.0000 212 44 0.2075
4194.0000 213 44 0.2066
4214.0000 214 44 0.2056
4235.0000 215 44 0.2047
4243.3000 215 45 0.2093
4251.0000 216 45 0.2083
4272.0000 217 45 0.2074
4290.0000 218 45 0.2064
4314.0000 219 45 0.2055
4323.4000 219 46 0.2100
4338.0000 220 46 0.2091
4357.9000 220 47 0.2136
4360.0000 221 47 0.2127
4381.0000 222 47 0.2117
4400.0000 223 47 0.2108
4419.0000 224 47 0.2098
4419.1000 224 48 0.2143
4434.0000 225 48 0.2133
4458.0000 226 48 0.2124
4476.0000 227 48 0.2115
4497.0000 228 48 0.2105
4515.0000 229 48 0.2096
4537.0000 230 48 0.2087
4556.0000 231 48 0.2078
4580.0000 232 48 0.2069
4597.0000 233 48 0.2060
4610.6000 233 49 0.2103
4614.0000 234 49 0.2094
4634.0000 235 49 0.2085
4655.0000 236 49 0.2076
4665.1000 236 50 0.2119
4672.0000 237 50 0.2110
4689.0000 238 50 0.2101
4706.0000 239 50 0.2092
4729.0000 240 50 0.2083
4747.0000 241 50 0.2075
4762.0000 242 50 0.2066
4783.0000 243 50 0.2058
4807.0000 244 50 0.2049
4824.0000 245 50 0.2041
4838.1000 245 51 0.2082
4848.0000 246 51 0.2073
4867.0000 247 51 0.2065
4886.0000 248 51 0.2056
4909.0000 249 51 0.2048
4928.0000 250 51 0.2040
4951.0000 251 51 0.2032
4966.0000 252 51 0.2024
4986.0000 253 51 0.2016
4992.1000 253 52 0.2055
5010.0000 254 52 0.2047
5033.0000 255 52 0.2039
5048.0000 256 52 0.2031
5072.0000 257 52 0.2023
5089.0000 258 52 0.2016
5105.5000 258 53 0.2054
5112.0000 259 53 0.2046
5130.9000 259 54 0.2085
5131.0000 260 54 0.2077
5151.0000 261 54 0.2069
5175.0000 262 54 0.2061
5194.0000 263 54 0.2053
5203.1000 263 55 0.2091
5215.0000 264 55 0.2083
5237.0000 265 55 0.2075
5254.0000 266 55 0.2068
5269.0000 267 55 0.2060
5291.0000 268 55 0.2052
5291.6000 268 56 0.2090
5307.0000 269 56 0.2082
5314.3000 269 57 0.2119
5324.0000 270 57 0.2111
5339.0000 271 57 0.2103
5356.0000 272 57 0.2096
5371.0000 273 57 0.2088
5387.0000 274 57 0.2080
5410.0000 275 57 0.2073
5426.0000 276 57 0.2065
5427.4000 276 58 0.2101
5441.6000 276 59 0.2138
5447.0000 277 59 0.2130
5470.0000 278 59 0.2122
5490.0000 279 59 0.2115
5507.0000 280 59 0.2107
5516.8000 280 60 0.2143
5528.0000 281 60 0.2135
5546.0000 282 60 0.2128
5564.0000 283 60 0.2120
5584.0000 284 60 0.2113
5607.0000 285 60 0.2105
5625.0000 286 60 0.2098
5643.0000 287 60 0.2091
5665.0000 288 60 0.2083
5674.2000 288 61 0.2118
5685.0000 289 61 0.2111
5690.1000 289 62 0.2145
5704.0000 290 62 0.2138
5724.0000 291 62 0.2131
5745.0000 292 62 0.2123
5760.0000 293 62 0.2116
5784.0000 294 62 0.2109
5805.0000 295 62 0.2102
5822.0000 296 62 0.2095
5841.0000 297 62 0.2088
5859.0000 298 62 0.2081
5874.0000 299 62 0.2074
5893.0000 300 62 0.2067
5914.0000 301 62 0.2060
5914.4000 301 63 0.2093
5916.5000 301 64 0.2126
5932.0000 302 64 0.2119
5934.1000 302 65 0.2152
5953.0000 303 65 0.2145
5971.0000 304 65 0.2138
5986.0000 305 65 0.2131
5996.4000 305 66 0.2164
6008.0000 306 66 0.2157
6024.0000 307 66 0.2150
6035.0000 307 67 0.2182
6041.0000 308 67 0.2175
6063.0000 309 67 0.2168
6063.8000 309 68 0.2201
6087.0000 310 68 0.2194
6093.2000 310 69 0.2226
6105.0000 311 69 0.2219
6124.0000 312 69 0.2212
6145.0000 313 69 0.2204
6166.0000 314 69 0.2197
6182.0000 315 69 0.2190
6201.0000 316 69 0.2184
6216.0000 317 69 0.2177
6231.0000 318 69 0.2170
6241.3000 318 70 0.2201
6248.0000 319 70 0.2194
6261.7000 319 71 0.2226
6267.0000 320 71 0.2219
6283.1000 320 72 0.2250
6283.2000 320 73 0.2281
6285.5000 320 74 0.2313
6289.0000 321 74 0.2305
6296.7000 321 75 0.2336
6308.0000 322 75 0.2329
6332.0000 323 75 0.2322
6355.0000 324 75 0.2315
6372.0000 325 75 0.2308
6393.0000 326 75 0.2301
6417.0000 327 75 0.2294
6433.8000 327 76 0.2324
6434.6000 327 77 0.2355
6441.0000 328 77 0.2348
6465.0000 329 77 0.2340
6486.0000 330 77 0.2333
6502.0000 331 77 0.2326
6518.0000 332 77 0.2319
6536.0000 333 77 0.2312
6555.0000 334 77 0.2305
6572.0000 335 77 0.2299
6591.0000 336 77 0.2292
6608.0000 337 77 0.2285
6631.0000 338 77 0.2278
6646.0000 339 77 0.2271
6665.0000 340 77 0.2265
6684.0000 341 77 0.2258
6696.4000 341 78 0.2287
6708.0000 342 78 0.2281
6725.0000 343 78 0.2274
6727.2000 343 79 0.2303
6745.0000 344 79 0.2297
6760.0000 345 79 0.2290
6779.0000 345 80 0.2319
6781.0000 346 80 0.2312
6788.0000 346 81 0.2341
6794.7000 346 82 0.2370
6800.0000 347 82 0.2363
6816.0000 348 82 0.2356
6839.0000 349 82 0.2350
6854.0000 350 82 0.2343
6854.3000 350 83 0.2371
6874.0000 351 83 0.2365
6889.0000 352 83 0.2358
6900.9000 352 84 0.2386
6909.0000 353 84 0.2380
6930.0000 354 84 0.2373
6951.0000 355 84 0.2366
6951.3000 355 85 0.2394
6971.0000 356 85 0.2388
6995.0000 357 85 0.2381
7010.0000 358 85 0.2374
7011.3000 358 86 0.2402
7029.0000 359 86 0.2396
7042.8000 359 87 0.2423
7048.0000 360 87 0.2417
7071.0000 361 87 0.2410
7093.0000 362 87 0.2403
7103.6000 362 88 0.2431
7108.0000 363 88 0.2424
7112.8000 363 89 0.2452
7130.0000 364 89 0.2445
7147.0000 365 89 0.2438
7163.0000 366 89 0.2432
7175.0000 366 90 0.2459
7177.4000 366 91 0.2486
7180.0000 367 91 0.2480
7197.0000 368 91 0.2473
7221.0000 369 91 0.2466
7240.0000 370 91 0.2459
7255.0000 371 91 0.2453
7261.1000 371 92 0.2480
7272.0000 372 92 0.2473
7274.9000 372 93 0.2500
7296.0000 373 93 0.2493
7319.0000 374 93 0.2487
7333.2000 374 94 0.2513
7335.0000 375 94 0.2507
7358.0000 376 94 0.2500
7378.0000 377 94 0.2493
7394.0000 378 94 0.2487
7411.0000 379 94 0.2480
7435.0000 380 94 0.2474
7459.0000 381 94 0.2467
7480.0000 382 94 0.2461
7498.0000 383 94 0.2454
7514.0000 384 94 0.2448
7536.0000 385 94 0.2442
7559.0000 386 94 0.2435
7564.0000 386 95 0.2461
7574.0000 387 95 0.2455
7590.5000 387 96 0.2481
7591.1000 387 97 0.2506
7595.0000 388 97 0.2500
7596.8000 388 98 0.2526
7613.0000 389 98 0.2519
7615.2000 389 99 0.2545
7632.0000 390 99 0.2538
7656.0000 391 99 0.2532
7673.0000 392 99 0.2526
7696.0000 393 99 0.2519
7713.0000 394 99 0.2513
7730.0000 395 99 0.2506
7745.0000 396 99 0.2500
7749.7000 396 100 0.2525
7762.0000 397 100 0.2519
7784.0000 398 100 0.2513
7804.0000 399 100 0.2506
7822.0000 400 100 0.2500
7840.0000 401 100 0.2494
7858.0000 402 100 0.2488
7874.0000 403 100 0.2481
7895.0000 404 100 0.2475
7914.0000 405 100 0.2469
7922.2000 405 101 0.2494
7931.0000 406 101 0.2488
7948.0000 407 101 0.2482
7972.0000 408 101 0.2475
7987.0000 409 101 0.2469
8002.0000 410 101 0.2463
8024.0000 411 101 0.2457
8040.0000 412 101 0.2451
8041.7000 412 102 0.2476
8059.0000 413 102 0.2470
8082.0000 414 102 0.2464
8082.3000 414 103 0.2488
8099.0000 415 103 0.2482
8116.0000 416 103 0.2476
8123.0000 416 104 0.2500
8123.8000 416 105 0.2524
8137.0000 417 105 0.2518
8158.0000 418 105 0.2512
8164.2000 418 106 0.2536
8173.0000 419 106 0.2530
8190.0000 420 106 0.2524
8205.0000 421 106 0.2518
8227.0000 422 106 0.2512
8251.0000 423 106 0.2506
8269.7000 423 107 0.2530
8275.0000 424 107 0.2524
8297.0000 425 107 0.2518
8317.0000 426 107 0.2512
8336.0000 427 107 0.2506
8359.0000 428 107 0.2500
8363.6000 428 108 0.2523
8375.0000 429 108 0.2517
8396.0000 430 108 0.2512
8414.0000 431 108 0.2506
8437.0000 432 108 0.2500
8453.0000 433 108 0.2494
8456.0000 433 109 0.2517
8468.0000 434 109 0.2512
8492.0000 435 109 0.2506
8492.5000 435 110 0.2529
8510.0000 436 110 0.2523
8525.0000 437 110 0.2517
8544.0000 438 110 0.2511
8555.2000 438 111 0.2534
8566.0000 439 111 0.2528
8586.0000 440 111 0.2523
8598.4000 440 112 0.2545
8609.0000 441 112 0.2540
8625.0000 442 112 0.2534
8641.3000 442 113 0.2557
8644.0000 443 113 0.2551
8663.0000 444 113 0.2545
8681.0000 445 113 0.2539
8697.0000 446 113 0.2534
8719.0000 447 113 0.2528
8743.0000 448 113 0.2522
8767.0000 449 113 0.2517
8768.0000 449 114 0.2539
8784.0000 450 114 0.2533
8790.7000 450 115 0.2556
8800.0000 451 115 0.2550
8806.7000 451 116 0.2572
8821.2000 451 117 0.2594
8823.0000 452 117 0.2588
8829.0000 452 118 0.2611
8839.0000 453 118 0.2605
8854.0000 454 118 0.2599
8869.0000 455 118 0.2593
8874.6000 455 119 0.2615
8892.0000 456 119 0.2610
8911.0000 457 119 0.2604
8929.0000 458 119 0.2598
8944.0000 459 119 0.2593
8955.3000 459 120 0.2614
8961.0000 460 120 0.2609
8979.0000 461 120 0.2603
8997.0000 462 120 0.2597
9011.3000 462 121 0.2619
9013.0000 463 121 0.2613
9026.4000 463 122 0.2635
9035.0000 464 122 0.2629
9037.2000 464 123 0.2651
9058.0000 465 123 0.2645
9073.0000 466 123 0.2639
9095.0000 467 123 0.2634
9119.0000 468 123 0.2628
9126.9000 468 124 0.2650
9143.0000 469 124 0.2644
9162.0000 470 124 0.2638
9171.2000 470 125 0.2660
9174.0000 470 126 0.2681
9186.0000 471 126 0.2675
9209.0000 472 126 0.2669
9210.0000 472 127 0.2691
9224.0000 473 127 0.2685
9245.0000 474 127 0.2679
9264.0000 475 127 0.2674
9288.0000 476 127 0.2668
9304.2000 476 128 0.2689
9304.4000 476 129 0.2710
9306.5000 476 130 0.2731
9310.0000 477 130 0.2725
9326.0000 478 130 0.2720
9341.0000 479 130 0.2714
9365.0000 480 130 0.2708
9387.0000 481 130 0.2703
9403.0000 482 130 0.2697
9408.2000 482 131 0.2718
9426.0000 483 131 0.2712
9444.0000 484 131 0.2707
9456.3000 484 132 0.2727
9468.0000 485 132 0.2722
9485.0000 486 132 0.2716
9491.9000 486 133 0.2737
9503.0000 487 133 0.2731
9509.9000 487 134 0.2752
9527.0000 488 134 0.2746
9534.7000 488 135 0.2766
9546.1000 488 136 0.2787
9550.0000 489 136 0.2781
9566.1000 489 137 0.2802
9573.0000 490 137 0.2796
9591.0000 491 137 0.2790
9614.0000 492 137 0.2785
9632.0000 493 137 0.2779
9653.0000 494 137 0.2773
9676.0000 495 137 0.2768
9693.0000 496 137 0.2762
9715.0000 497 137 0.2757
9736.0000 498 137 0.2751
9748.3000 498 138 0.2771
9750.0000 498 139 0.2791
9752.0000 499 139 0.2786
9776.0000 500 139 0.2780
9792.0000 500 140 0.2800
9799.0000 501 140 0.2794
9821.0000 502 140 0.2789
9837.0000 503 140 0.2783
9846.7000 503 141 0.2803
9861.0000 504 141 0.2798
9879.0000 505 141 0.2792
9886.3000 505 142 0.2812
9894.0000 506 142 0.2806
9909.0000 507 142 0.2801
9927.0000 508 142 0.2795
9944.7000 508 143 0.2815
9946.0000 509 143 0.2809
9969.0000 510 143 0.2804
9988.0000 511 143 0.2798
10007.0000 512 143 0.2793
10024.0000 513 143 0.2788
10044.0000 514 143 0.2782
10050.2000 514 144 0.2802
10067.0000 515 144 0.2796
10087.0000 516 144 0.2791
10111.0000 517 144 0.2785
10132.0000 518 144 0.2780
10154.0000 519 144 0.2775
10177.0000 520 144 0.2769
10186.8000 520 145 0.2788
10194.0000 521 145 0.2783
10216.0000 522 145 0.2778
10235.0000 523 145 0.2772
10236.3000 523 146 0.2792
10257.0000 524 146 0.2786
10281.0000 525 146 0.2781
10300.0000 526 146 0.2776
10320.0000 527 146 0.2770
10343.0000 528 146 0.2765
10366.0000 529 146 0.2760
10382.0000 530 146 0.2755
10402.0000 531 146 0.2750
10423.0000 532 146 0.2744
10441.0000 533 146 0.2739
10461.0000 534 146 0.2734
10473.7000 534 147 0.2753
10480.0000 535 147 0.2748
10497.0000 536 147 0.2743
10518.0000 537 147 0.2737
10536.8000 537 148 0.2756
10537.0000 538 148 0.2751
10555.0000 539 148 0.2746
10571.0000 540 148 0.2741
10575.0000 540 149 0.2759
10591.0000 541 149 0.2754
10615.0000 542 149 0.2749
10621.0000 542 150 0.2768
10637.0000 543 150 0.2762
10648.3000 543 151 0.2781
10657.0000 544 151 0.2776
10681.0000 545 151 0.2771
10691.9000 545 152 0.2789
10703.0000 546 152 0.2784
10726.0000 547 152 0.2779
10748.0000 548 152 0.2774
10768.0000 549 152 0.2769
10788.0000 550 152 0.2764
10808.0000 551 152 0.2759
10823.0000 552 152 0.2754
10842.0000 553 152 0.2749
10866.0000 554 152 0.2744
10875.0000 554 153 0.2762
10885.0000 555 153 0.2757
10907.0000 556 153 0.2752
10925.0000 557 153 0.2747
10942.0000 558 153 0.2742
10945.9000 558 154 0.2760
10966.0000 559 154 0.2755
10983.0000 560 154 0.2750
11006.0000 561 154 0.2745
11023.0000 562 154 0.2740
11046.0000 563 154 0.2735
11060.7000 563 155 0.2753
11068.0000 564 155 0.2748
11084.0000 565 155 0.2743
11087.3000 565 156 0.2761
11102.0000 566 156 0.2756
11116.8000 566 157 0.2774
11119.0000 566 158 0.2792
11120.0000 567 158 0.2787
11143.0000 568 158 0.2782
11166.0000 569 158 0.2777
11182.0000 570 158 0.2772
11186.0000 570 159 0.2789
11197.6000 570 160 0.2807
11201.0000 571 160 0.2802
11206.3000 571 161 0.2820
11207.5000 571 162 0.2837
11218.0000 572 162 0.2832
11221.2000 572 163 0.2850
11222.0000 572 164 0.2867
11227.0000 572 165 0.2885
11238.0000 573 165 0.2880
11260.0000 574 165 0.2875
11280.0000 575 165 0.2870
11291.4000 575 166 0.2887
11298.0000 576 166 0.2882
11319.0000 577 166 0.2877
11333.1000 577 167 0.2894
11343.0000 578 167 0.2889
11360.7000 578 168 0.2907
11363.0000 579 168 0.2902
11381.0000 580 168 0.2897
11405.0000 581 168 0.2892
11424.0000 582 168 0.2887
11443.0000 583 168 0.2882
11459.6000 583 169 0.2899
11467.0000 584 169 0.2894
11491.0000 585 169 0.2889
11504.5000 585 170 0.2906
11511.0000 586 170 0.2901
11529.0000 587 170 0.2896
11534.2000 587 171 0.2913
11547.0000 588 171 0.2908
11566.0000 589 171 0.2903
11586.0000 590 171 0.2898
11610.0000 591 171 0.2893
11626.0000 592 171 0.2889
11640.2000 592 172 0.2905
11640.6000 592 173 0.2922
11650.0000 593 173 0.2917
11665.0000 594 173 0.2912
11669.6000 594 174 0.2929
11680.0000 595 174 0.2924
11696.0000 596 174 0.2919
11711.0000 597 174 0.2915
11731.0000 598 174 0.2910
11755.0000 599 174 0.2905
11771.0000 600 174 0.2900
11789.8000 600 175 0.2917
11790.0000 601 175 0.2912
11809.0000 602 175 0.2907
11827.0000 603 175 0.2902
11851.0000 604 175 0.2897
11867.0000 605 175 0.2893
11885.0000 606 175 0.2888
11886.5000 606 176 0.2904
11907.0000 607 176 0.2900
11916.9000 607 177 0.2916
11929.0000 608 177 0.2911
11948.0000 609 177 0.2906
11950.9000 609 178 0.2923
11960.1000 609 179 0.2939
11971.0000 610 179 0.2934
11980.9000 610 180 0.2951
11989.9000 610 181 0.2967
11995.0000 611 181 0.2962
12006.7000 611 182 0.2979
12012.0000 612 182 0.2974
12033.0000 613 182 0.2969
12048.0000 614 182 0.2964
12051.2000 614 183 0.2980
12070.0000 615 183 0.2976
12079.6000 615 184 0.2992
12088.0000 616 184 0.2987
12104.0000 617 184 0.2982
12124.0000 618 184 0.2977
12145.0000 619 184 0.2973
12165.0000 620 184 0.2968
12166.6000 620 185 0.2984
12169.2000 620 186 0.3000
12189.0000 621 186 0.2995
12197.7000 621 187 0.3011
12209.0000 622 187 0.3006
12211.4000 622 188 0.3023
12216.6000 622 189 0.3039
12218.2000 622 190 0.3055
12226.0000 623 190 0.3050
12249.0000 624 190 0.3045
12270.0000 625 190 0.3040
12287.0000 626 190 0.3035
12305.0000 627 190 0.3030
12305.8000 627 191 0.3046
12323.0000 628 191 0.3041
12329.4000 628 192 0.3057
12334.9000 628 193 0.3073
12339.0000 629 193 0.3068
12358.0000 630 193 0.3063
12373.0000 630 194 0.3079
12375.1000 630 195 0.3095
12377.0000 631 195 0.3090
12399.0000 632 195 0.3085
12421.0000 633 195 0.3081
12444.0000 634 195 0.3076
12463.0000 635 195 0.3071
12479.0000 636 195 0.3066
12483.1000 636 196 0.3082
12497.0000 637 196 0.3077
12518.0000 638 196 0.3072
12538.0000 639 196 0.3067
12542.1000 639 197 0.3083
12556.0000 640 197 0.3078
12575.0000 641 197 0.3073
12588.9000 641 198 0.3089
12596.0000 642 198 0.3084
12609.2000 642 199 0.3100
12611.0000 643 199 0.3095
12635.0000 644 199 0.3090
12642.9000 644 200 0.3106
12650.0000 644 201 0.3121
12655.0000 645 201 0.3116
12672.0000 646 201 0.3111
12680.7000 646 202 0.3127
12691.0000 647 202 0.3122
12713.0000 648 202 0.3117
12725.8000 648 203 0.3133
12737.0000 649 203 0.3128
12761.0000 650 203 0.3123
12781.0000 651 203 0.3118
12798.0000 652 203 0.3113
12818.0000 653 203 0.3109
12826.9000 653 204 0.3124
12837.0000 653 205 0.3139
12839.0000 654 205 0.3135
12863.0000 655 205 0.3130
12884.0000 656 205 0.3125
12901.0000 657 205 0.3120
12919.0000 658 205 0.3116
12936.0000 659 205 0.3111
12954.0000 660 205 0.3106
12971.0000 661 205 0.3101
12986.0000 662 205 0.3097
13009.0000 663 205 0.3092
13029.0000 664 205 0.3087
13034.8000 664 206 0.3102
13048.0000 665 206 0.3098
13069.0000 666 206 0.3093
13079.4000 666 207 0.3108
13080.5000 666 208 0.3123
13081.1000 666 209 0.3138
13090.0000 667 209 0.3133
13112.0000 668 209 0.3129
13135.0000 669 209 0.3124
13146.6000 669 210 0.3139
13148.8000 669 211 0.3154
13157.0000 670 211 0.3149
13173.8000 670 212 0.3164
13175.0000 671 212 0.3159
13198.0000 672 212 0.3155
13222.0000 673 212 0.3150
13227.3000 673 213 0.3165
13237.0000 674 213 0.3160
13261.0000 675 213 0.3156
13279.0000 676 213 0.3151
13303.0000 677 213 0.3146
13303.7000 677 214 0.3161
13327.0000 678 214 0.3156
13344.0000 679 214 0.3152
13367.0000 680 214 0.3147
13385.0000 681 214 0.3142
13400.0000 682 214 0.3138
13421.0000 682 215 0.3152
13422.0000 683 215 0.3148
13436.6000 683 216 0.3163
13439.0000 684 216 0.3158
13457.8000 684 217 0.3173
13463.0000 685 217 0.3168
13475.2000 685 218 0.3182
13485.0000 686 218 0.3178
13501.0000 687 218 0.3173
13522.0000 688 218 0.3169
13543.0000 689 218 0.3164
13558.0000 690 218 0.3159
13562.1000 690 219 0.3174
13578.0000 691 219 0.3169
13597.0000 692 219 0.3165
13601.2000 692 220 0.3179
13605.2000 692 221 0.3194
13612.0000 693 221 0.3189
13633.0000 694 221 0.3184
13654.0000 695 221 0.3180
13662.9000 695 222 0.3194
13669.5000 695 223 0.3209
13674.0000 696 223 0.3204
13689.0000 697 223 0.3199
13700.6000 697 224 0.3214
13702.7000 697 225 0.3228
13713.0000 698 225 0.3223
13733.0000 699 225 0.3219
13739.4000 699 226 0.3233
13750.0000 700 226 0.3229
13751.1000 700 227 0.3243
13771.0000 701 227 0.3238
13787.0000 702 227 0.3234
13808.0000 703 227 0.3229
13831.0000 704 227 0.3224
13853.0000 705 227 0.3220
13874.0000 706 227 0.3215
13894.0000 707 227 0.3211
13915.0000 708 227 0.3206
13937.0000 709 227 0.3202
13952.0000 710 227 0.3197
13976.0000 711 227 0.3193
13985.2000 711 228 0.3207
13994.0000 712 228 0.3202
14011.0000 713 228 0.3198
14032.0000 714 228 0.3193
14056.0000 715 228 0.3189
14060.1000 715 229 0.3203
14071.0000 715 230 0.3217
14077.0000 716 230 0.3212
14092.0000 717 230 0.3208
14107.0000 718 230 0.3203
14123.0000 719 230 0.3199
14147.0000 720 230 0.3194
14167.0000 721 230 0.3190
14186.0000 722 230 0.3186
14204.0000 723 230 0.3181
14225.0000 724 230 0.3177
14245.0000 725 230 0.3172
14267.0000 726 230 0.3168
14286.0000 727 230 0.3164
14304.0000 728 230 0.3159
14310.1000 728 231 0.3173
14315.8000 728 232 0.3187
14323.0000 729 232 0.3182
14335.0000 729 233 0.3196
14343.0000 730 233 0.3192
14357.9000 730 234 0.3205
14363.0000 731 234 0.3201
14385.0000 732 234 0.3197
14404.0000 733 234 0.3192
14420.0000 734 234 0.3188
14441.0000 735 234 0.3184
14456.0000 736 234 0.3179
14466.4000 736 235 0.3193
14475.0000 737 235 0.3189
14499.0000 738 235 0.3184
14523.0000 739 235 0.3180
14544.0000 740 235 0.3176
14568.0000 741 235 0.3171
14588.0000 742 235 0.3167
14603.0000 743 235 0.3163
14618.0000 744 235 0.3159
14629.4000 744 236 0.3172
14639.0000 745 236 0.3168
14655.0000 746 236 0.3164
14676.0000 747 236 0.3159
14696.0000 748 236 0.3155
14705.3000 748 237 0.3168
14718.0000 749 237 0.3164
14725.3000 749 238 0.3178
14736.0000 750 238 0.3173
14746.0000 750 239 0.3187
14756.0000 751 239 0.3182
14773.0000 752 239 0.3178
14790.0000 753 239 0.3174
14797.1000 753 240 0.3187
14809.0000 754 240 0.3183
14826.7000 754 241 0.3196
14831.0000 755 241 0.3192
14848.0000 756 241 0.3188
14867.0000 757 241 0.3184
14889.0000 758 241 0.3179
14905.0000 759 241 0.3175
14915.3000 759 242 0.3188
14927.0000 760 242 0.3184
14942.0000 761 242 0.3180
14961.0000 762 242 0.3176
14966.1000 762 243 0.3189
14984.0000 763 243 0.3185
14999.0000 764 243 0.3181
15021.0000 765 243 0.3176
15030.2000 765 244 0.3190
15041.0000 766 244 0.3185
15058.0000 767 244 0.3181
15074.0000 768 244 0.3177
15093.0000 769 244 0.3173
15114.0000 770 244 0.3169
15132.0000 771 244 0.3165
15149.0000 772 244 0.3161
15159.2000 772 245 0.3174
15172.0000 773 245 0.3169
15190.0000 774 245 0.3165
15212.0000 775 245 0.3161
15212.2000 775 246 0.3174
15235.0000 776 246 0.3170
15256.0000 777 246 0.3166
15266.7000 777 247 0.3179
15280.0000 778 247 0.3175
15290.0000 778 248 0.3188
15297.0000 779 248 0.3184
15298.2000 779 249 0.3196
15299.0000 779 250 0.3209
15318.0000 780 250 0.3205
15336.0000 781 250 0.3201
15360.0000 782 250 0.3197
15381.0000 783 250 0.3193
15399.0000 784 250 0.3189
15419.0000 785 250 0.3185
15439.2000 785 251 0.3197
15441.0000 786 251 0.3193
15459.6000 786 252 0.3206
15465.0000 787 252 0.3202
15482.0000 788 252 0.3198
15504.0000 789 252 0.3194
15526.0000 790 252 0.3190
15547.0000 791 252 0.3186
15569.0000 792 252 0.3182
15591.0000 793 252 0.3178
15615.0000 794 252 0.3174
15632.0000 795 252 0.3170
15651.0000 796 252 0.3166
15666.0000 797 252 0.3162
15681.2000 797 253 0.3174
15684.0000 798 253 0.3170
15708.0000 799 253 0.3166
15724.0000 800 253 0.3163
15746.0000 801 253 0.3159
15764.0000 802 253 0.3155
15782.0000 803 253 0.3151
15793.3000 803 254 0.3163
15799.0000 804 254 0.3159
15815.0000 805 254 0.3155
15838.0000 806 254 0.3151
15839.8000 806 255 0.3164
15854.0000 807 255 0.3160
15859.8000 807 256 0.3172
15873.0000 808 256 0.3168
15894.0000 809 256 0.3164
15909.0000 810 256 0.3160
15927.0000 811 256 0.3157
15948.0000 812 256 0.3153
15953.2000 812 257 0.3165
15967.0000 813 257 0.3161
15990.0000 814 257 0.3157
16004.7000 814 258 0.3170
16010.0000 815 258 0.3166
16027.0000 816 258 0.3162
16042.0000 817 258 0.3158
16060.9000 817 259 0.3170
16061.0000 818 259 0.3166
16062.0000 818 260 0.3178
16080.0000 819 260 0.3175
16104.0000 820 260 0.3171
16124.0000 821 260 0.3167
16139.0000 822 260 0.3163
16155.0000 823 260 0.3159
16174.9000 823 261 0.3171
16175.0000 824 261 0.3167
16196.0000 825 261 0.3164
16212.0000 826 261 0.3160
16230.0000 827 261 0.3156
16245.0000 828 261 0.3152
16258.9000 828 262 0.3164
16261.0000 829 262 0.3160
16281.0000 830 262 0.3157
16301.0000 831 262 0.3153
16322.0000 832 262 0.3149
16338.0000 833 262 0.3145
16357.0000 834 262 0.3141
16380.0000 835 262 0.3138
16399.0000 836 262 0.3134
16410.9000 836 263 0.3146
16416.0000 837 263 0.3142
16433.0000 838 263 0.3138
16455.0000 839 263 0.3135
16458.2000 839 264 0.3147
16479.0000 840 264 0.3143
16502.2000 840 265 0.3155
16503.0000 841 265 0.3151
16520.1000 841 266 0.3163
16526.0000 842 266 0.3159
16547.0000 843 266 0.3155
16568.0000 844 266 0.3152
16589.0000 845 266 0.3148
16590.2000 845 267 0.3160
16610.0000 846 267 0.3156
16628.0000 847 267 0.3152
16646.0000 848 267 0.3149
16662.0000 849 267 0.3145
16662.2000 849 268 0.3157
16682.0000 850 268 0.3153
16699.0000 851 268 0.3149
16721.7000 851 269 0.3161
16723.0000 852 269 0.3157
16745.0000 853 269 0.3154
16748.3000 853 270 0.3165
16760.0000 854 270 0.3162
16783.0000 855 270 0.3158
16800.0000 856 270 0.3154
16818.0000 857 270 0.3151
16835.0000 858 270 0.3147
16845.8000 858 271 0.3159
16858.0000 859 271 0.3155
16881.0000 860 271 0.3151
16901.0000 861 271 0.3148
16912.6000 861 272 0.3159
16917.0000 862 272 0.3155
16935.0000 863 272 0.3152
16959.0000 864 272 0.3148
16980.0000 865 272 0.3145
16997.0000 866 272 0.3141
17021.0000 867 272 0.3137
17040.0000 868 272 0.3134
17063.0000 869 272 0.3130
17076.8000 869 273 0.3142
17082.0000 870 273 0.3138
17105.0000 871 273 0.3134
17126.0000 872 273 0.3131
17143.0000 873 273 0.3127
17162.0000 874 273 0.3124
17181.0000 875 273 0.3120
17194.7000 875 274 0.3131
17202.0000 876 274 0.3128
17225.0000 877 274 0.3124
17240.0000 878 274 0.3121
17259.0000 879 274 0.3117
17278.0000 880 274 0.3114
17299.0000 881 274 0.3110
17318.0000 882 274 0.3107
17336.0000 883 274 0.3103
17353.0000 884 274 0.3100
17357.6000 884 275 0.3111
17370.0000 885 275 0.3107
17393.8000 885 276 0.3119
17394.0000 886 276 0.3115
17416.0000 887 276 0.3112
17439.0000 888 276 0.3108
17454.0000 889 276 0.3105
17459.0000 889 277 0.3116
17469.2000 889 278 0.3127
17477.0000 890 278 0.3124
17497.0000 891 278 0.3120
17503.0000 891 279 0.3131
17515.0000 892 279 0.3128
17535.0000 893 279 0.3124
17558.0000 894 279 0.3121
17574.0000 895 279 0.3117
17598.0000 896 279 0.3114
17619.0000 897 279 0.3110
17631.2000 897 280 0.3122
17639.0000 898 280 0.3118
17654.0000 899 280 0.3115
17672.0000 900 280 0.3111
17690.0000 901 280 0.3108
17701.5000 901 281 0.3119
17710.0000 902 281 0.3115
17734.0000 903 281 0.3112
17742.6000 903 282 0.3123
17751.0000 904 282 0.3119
17771.2000 904 283 0.3131
17774.0000 905 283 0.3127
17781.1000 905 284 0.3138
17791.6000 905 285 0.3149
17793.0000 906 285 0.3146
17808.0000 907 285 0.3142
17826.0000 908 285 0.3139
17846.0000 909 285 0.3135
17864.0000 910 285 0.3132
17884.0000 911 285 0.3128
17899.0000 912 285 0.3125
17917.0000 913 285 0.3122
17936.0000 914 285 0.3118
17958.0000 915 285 0.3115
17959.8000 915 286 0.3126
17976.0000 916 286 0.3122
17977.6000 916 287 0.3133
18000.0000 917 287 0.3130
18021.0000 918 287 0.3126
18040.0000 919 287 0.3123
18059.0000 920 287 0.3120
18077.0000 921 287 0.3116
18092.0000 922 287 0.3113
18097.0000 922 288 0.3124
18100.5000 922 289 0.3134
18112.1000 922 290 0.3145
18113.0000 923 290 0.3142
18132.0000 924 290 0.3139
18134.8000 924 291 0.3149
18155.0000 925 291 0.3146
18177.0000 926 291 0.3143
18192.0000 927 291 0.3139
18214.0000 928 291 0.3136
18221.6000 928 292 0.3147
18236.0000 929 292 0.3143
18259.0000 930 292 0.3140
18275.0000 931 292 0.3136
18298.0000 932 292 0.3133
18321.0000 933 292 0.3130
18340.0000 934 292 0.3126
18364.0000 935 292 0.3123
18383.0000 936 292 0.3120
18394.6000 936 293 0.3130
18402.0000 937 293 0.3127
18425.0000 938 293 0.3124
18449.0000 939 293 0.3120
18453.1000 939 294 0.3131
18473.0000 940 294 0.3128
18488.0000 941 294 0.3124
18490.6000 941 295 0.3135
18512.0000 942 295 0.3132
18531.4000 942 296 0.3142
18534.0000 943 296 0.3139
18534.2000 943 297 0.3150
18549.0000 944 297 0.3146
18570.0000 945 297 0.3143
18590.0000 946 297 0.3140
18613.0000 947 297 0.3136
18632.0000 948 297 0.3133
18653.0000 949 297 0.3130
18677.0000 950 297 0.3126
18696.0000 951 297 0.3123
18713.9000 951 298 0.3134
18715.0000 952 298 0.3130
18738.0000 953 298 0.3127
18753.0000 954 298 0.3124
18768.0000 955 298 0.3120
18784.0000 955 299 0.3131
18786.0000 956 299 0.3128
18792.3000 956 300 0.3138
18799.2000 956 301 0.3149
18809.0000 957 301 0.3145
18828.0000 958 301 0.3142
18845.0000 959 301 0.3139
18862.0000 960 301 0.3135
18884.0000 961 301 0.3132
18893.6000 961 302 0.3143
18894.5000 961 303 0.3153
18899.0000 962 303 0.3150
18922.0000 963 303 0.3146
18939.0000 964 303 0.3143
18956.0000 965 303 0.3140
18977.0000 966 303 0.3137
18993.0000 967 303 0.3133
19015.0000 968 303 0.3130
19037.0000 969 303 0.3127
19055.0000 970 303 0.3124
19072.0000 971 303 0.3120
19087.0000 972 303 0.3117
19108.0000 973 303 0.3114
19110.4000 973 304 0.3124
19129.0000 974 304 0.3121
19151.0000 975 304 0.3118
19162.4000 975 305 0.3128
19173.0000 976 305 0.3125
19192.0000 977 305 0.3122
19211.0000 978 305 0.3119
19231.0000 979 305 0.3115
19239.1000 979 306 0.3126
19251.4000 979 307 0.3136
19254.0000 980 307 0.3133
19277.0000 981 307 0.3129
19281.9000 981 308 0.3140
19300.9000 981 309 0.3150
19301.0000 982 309 0.3147
19316.0000 983 309 0.3143
19340.0000 984 309 0.3140
19355.0000 985 309 0.3137
19373.0000 986 309 0.3134
19391.0000 987 309 0.3131
19406.0000 988 309 0.3128
19418.6000 988 310 0.3138
19419.6000 988 311 0.3148
19423.0000 989 311 0.3145
19439.0000 990 311 0.3141
19455.0000 991 311 0.3138
19462.5000 991 312 0.3148
19479.0000 992 312 0.3145
19497.0000 993 312 0.3142
19521.0000 994 312 0.3139
19542.0000 995 312 0.3136
19565.0000 996 312 0.3133
19575.7000 996 313 0.3143
19586.0000 997 313 0.3139
19601.0000 998 313 0.3136
19616.9000 998 314 0.3146
19622.0000 999 314 0.3143
19632.8000 999 315 0.3153
19641.0000 1000 315 0.3150
19660.0000 1001 315 0.3147
19677.0000 1002 315 0.3144
19692.0000 1003 315 0.3141
19716.0000 1004 315 0.3137
19739.0000 1005 315 0.3134
19755.0000 1006 315 0.3131
19770.0000 1007 315 0.3128
19792.0000 1008 315 0.3125
19815.0000 1009 315 0.3122
19816.1000 1009 316 0.3132
19826.5000 1009 317 0.3142
19833.0000 1010 317 0.3139
19852.0000 1011 317 0.3136
19876.0000 1012 317 0.3132
19891.0000 1013 317 0.3129
19908.0000 1014 317 0.3126
19924.9000 1014 318 0.3136
19932.0000 1015 318 0.3133
19943.6000 1015 319 0.3143
19956.0000 1016 319 0.3140
19970.9000 1016 320 0.3150
19976.0000 1017 320 0.3147
19998.0000 1018 320 0.3143
20019.0000 1019 320 0.3140
20034.0000 1020 320 0.3137
20039.7000 1020 321 0.3147
20053.8000 1020 322 0.3157
20057.0000 1021 322 0.3154
20075.0000 1022 322 0.3151
20094.0000 1023 322 0.3148
20095.4000 1023 323 0.3157
20118.0000 1024 323 0.3154
20135.0000 1025 323 0.3151
20157.0000 1026 323 0.3148
20174.9000 1026 324 0.3158
20179.0000 1027 324 0.3155
20197.0000 1028 324 0.3152
20221.0000 1029 324 0.3149
20237.0000 1030 324 0.3146
20259.0000 1031 324 0.3143
20276.0000 1032 324 0.3140
20293.0000 1033 324 0.3136
20308.0000 1034 324 0.3133
20327.0000 1035 324 0.3130
20340.1000 1035 325 0.3140
20350.0000 1036 325 0.3137
20366.0000 1037 325 0.3134
20385.0000 1038 325 0.3131
20401.0000 1039 325 0.3128
20421.0000 1040 325 0.3125
20437.0000 1041 325 0.3122
20461.0000 1042 325 0.3119
20485.0000 1043 325 0.3116
20508.0000 1044 325 0.3113
20532.0000 1045 325 0.3110
20554.0000 1046 325 0.3107
20560.7000 1046 326 0.3117
20576.0000 1047 326 0.3114
20594.0000 1048 326 0.3111
20611.0000 1049 326 0.3108
20635.0000 1050 326 0.3105
20655.0000 1051 326 0.3102
20658.3000 1051 327 0.3111
20673.0000 1052 327 0.3108
20691.0000 1053 327 0.3105
20706.0000 1054 327 0.3102
20724.0000 1055 327 0.3100
20744.0000 1056 327 0.3097
20766.0000 1057 327 0.3094
20782.0000 1058 327 0.3091
20800.0000 1059 327 0.3088
20821.0000 1060 327 0.3085
20844.0000 1061 327 0.3082
20847.3000 1061 328 0.3091
20864.0000 1062 328 0.3089
20888.0000 1063 328 0.3086
20911.0000 1064 328 0.3083
20914.7000 1064 329 0.3092
20931.0000 1065 329 0.3089
20952.0000 1066 329 0.3086
20968.0000 1067 329 0.3083
20968.5000 1067 330 0.3093
20969.3000 1067 331 0.3102
20990.0000 1068 331 0.3099
21007.0000 1069 331 0.3096
21031.0000 1070 331 0.3093
21037.4000 1070 332 0.3103
21055.0000 1071 332 0.3100
21077.0000 1072 332 0.3097
21081.9000 1072 333 0.3106
21092.0000 1073 333 0.3103
21116.0000 1074 333 0.3101
21132.0000 1075 333 0.3098
21147.7000 1075 334 0.3107
21148.0000 1076 334 0.3104
21166.0000 1077 334 0.3101
21184.0000 1078 334 0.3098
21204.0000 1079 334 0.3095
21223.0000 1080 334 0.3093
21244.4000 1080 335 0.3102
21247.0000 1081 335 0.3099
21271.0000 1082 335 0.3096
21292.0000 1083 335 0.3093
21294.7000 1083 336 0.3102
21295.5000 1083 337 0.3112
21309.0000 1084 337 0.3109
21327.0000 1085 337 0.3106
21351.0000 1086 337 0.3103
21368.0000 1087 337 0.3100
21387.0000 1088 337 0.3097
21393.0000 1088 338 0.3107
21407.0000 1089 338 0.3104
21419.4000 1089 339 0.3113
21424.0000 1090 339 0.3110
21444.0000 1091 339 0.3107
21460.4000 1091 340 0.3116
21463.0000 1092 340 0.3114
21483.0000 1093 340 0.3111
21505.0000 1094 340 0.3108
21523.0000 1095 340 0.3105
21539.0000 1096 340 0.3102
21552.4000 1096 341 0.3111
21556.0000 1097 341 0.3108
21577.0000 1098 341 0.3106
21599.0000 1099 341 0.3103
21615.0000 1100 341 0.3100
21623.9000 1100 342 0.3109
21632.0000 1101 342 0.3106
21648.0000 1102 342 0.3103
21664.9000 1102 343 0.3113
21665.0000 1103 343 0.3110
21689.0000 1104 343 0.3107
21707.0000 1105 343 0.3104
21713.3000 1105 344 0.3113
21731.0000 1106 344 0.3110
21755.0000 1107 344 0.3107
21777.0000 1108 344 0.3105
21794.0000 1109 344 0.3102
21818.0000 1110 344 0.3099
21837.0000 1111 344 0.3096
21860.0000 1112 344 0.3094
21875.1000 1112 345 0.3103
21883.0000 1113 345 0.3100
21897.3000 1113 346 0.3109
21898.0000 1114 346 0.3106
21906.4000 1114 347 0.3115
21916.0000 1115 347 0.3112
21939.0000 1116 347 0.3109
21949.4000 1116 348 0.3118
21960.0000 1117 348 0.3115
21976.0000 1118 348 0.3113
21999.0000 1119 348 0.3110
22022.0000 1120 348 0.3107
22041.0000 1121 348 0.3104
22061.0000 1122 348 0.3102
22078.0000 1123 348 0.3099
22101.0000 1124 348 0.3096
22121.0000 1125 348 0.3093
22140.0000 1126 348 0.3091
22159.0000 1127 348 0.3088
22165.8000 1127 349 0.3097
22182.8000 1127 350 0.3106
22183.0000 1128 350 0.3103
22199.0000 1129 350 0.3100
22218.0000 1130 350 0.3097
22242.0000 1131 350 0.3095
22251.6000 1131 351 0.3103
22263.0000 1132 351 0.3101
22265.6000 1132 352 0.3110
22281.0000 1133 352 0.3107
22304.0000 1134 352 0.3104
22321.2000 1134 353 0.3113
22322.0000 1135 353 0.3110
22346.0000 1136 353 0.3107
22363.0000 1137 353 0.3105
22374.3000 1137 354 0.3113
22385.0000 1138 354 0.3111
22405.0000 1139 354 0.3108
22420.0000 1140 354 0.3105
22431.1000 1140 355 0.3114
22444.0000 1141 355 0.3111
22464.0000 1142 355 0.3109
22482.0000 1143 355 0.3106
22500.0000 1144 355 0.3103
22521.0000 1145 355 0.3100
22544.0000 1146 355 0.3098
22560.0000 1147 355 0.3095
22571.5000 1147 356 0.3104
22578.0000 1148 356 0.3101
22595.0000 1149 356 0.3098
22613.0000 1150 356 0.3096
22628.0000 1151 356 0.3093
22647.5000 1151 357 0.3102
22648.0000 1152 357 0.3099
22666.0000 1153 357 0.3096
22669.9000 1153 358 0.3105
22671.6000 1153 359 0.3114
22681.2000 1153 360 0.3122
22682.0000 1154 360 0.3120
22698.0000 1155 360 0.3117
22713.0000 1156 360 0.3114
22735.0000 1157 360 0.3111
22753.6000 1157 361 0.3120
22758.0000 1158 361 0.3117
22768.9000 1158 362 0.3126
22779.0000 1159 362 0.3123
22799.0000 1160 362 0.3121
22805.6000 1160 363 0.3129
22820.0000 1161 363 0.3127
22823.7000 1161 364 0.3135
22835.0000 1162 364 0.3133
22850.0000 1163 364 0.3130
22851.8000 1163 365 0.3138
22869.0000 1164 365 0.3136
22891.0000 1165 365 0.3133
22905.3000 1165 366 0.3142
22913.0000 1166 366 0.3139
22921.6000 1166 367 0.3148
22931.0000 1167 367 0.3145
22954.0000 1168 367 0.3142
22971.0000 1169 367 0.3139
22973.9000 1169 368 0.3148
22991.0000 1170 368 0.3145
23007.0000 1171 368 0.3143
23031.0000 1172 368 0.3140
23047.0000 1173 368 0.3137
23047.9000 1173 369 0.3146
23070.0000 1174 369 0.3143
23085.0000 1175 369 0.3140
23106.0000 1176 369 0.3138
23127.0000 1177 369 0.3135
23149.0000 1178 369 0.3132
23165.0000 1179 369 0.3130
23180.0000 1180 369 0.3127
23198.0000 1181 369 0.3124
23214.0000 1182 369 0.3122
23238.0000 1183 369 0.3119
23252.6000 1183 370 0.3128
23258.0000 1184 370 0.3125
23280.0000 1185 370 0.3122
23293.0000 1185 371 0.3131
23295.0000 1186 371 0.3128
23319.0000 1187 371 0.3126
23339.0000 1188 371 0.3123
23360.0000 1189 371 0.3120
23361.1000 1189 372 0.3129
23377.0000 1190 372 0.3126
23393.0000 1191 372 0.3123
23409.0000 1192 372 0.3121
23428.0000 1193 372 0.3118
23435.6000 1193 373 0.3127
23445.0000 1194 373 0.3124
23457.5000 1194 374 0.3132
23464.0000 1195 374 0.3130
23482.0000 1196 374 0.3127
23498.0000 1197 374 0.3124
23516.0000 1198 374 0.3122
23532.0000 1199 374 0.3119
23547.0000 1200 374 0.3117
23568.0000 1201 374 0.3114
23572.0000 1201 375 0.3122
23582.5000 1201 376 0.3131
23589.0000 1202 376 0.3128
23613.0000 1203 376 0.3126
23629.0000 1204 376 0.3123
23633.7000 1204 377 0.3131
23647.0000 1205 377 0.3129
23662.0000 1206 377 0.3126
23681.0000 1207 377 0.3123
23685.2000 1207 378 0.3132
23692.9000 1207 379 0.3140
23702.0000 1208 379 0.3137
23726.0000 1209 379 0.3135
23741.0000 1210 379 0.3132
23756.9000 1210 380 0.3140
23758.4000 1210 381 0.3149
23760.0000 1211 381 0.3146
23778.0000 1212 381 0.3144
23798.0000 1213 381 0.3141
23817.0000 1214 381 0.3138
23837.0000 1215 381 0.3136
23859.0000 1216 381 0.3133
23874.0000 1217 381 0.3131
23895.0000 1218 381 0.3128
23916.0000 1219 381 0.3126
23919.7000 1219 382 0.3134
23925.0000 1219 383 0.3142
23929.9000 1219 384 0.3150
23937.0000 1220 384 0.3148
23961.0000 1221 384 0.3145
23981.0000 1222 384 0.3142
24004.0000 1223 384 0.3140
24009.7000 1223 385 0.3148
24026.0000 1224 385 0.3145
24037.4000 1224 386 0.3154
24043.0000 1225 386 0.3151
24046.5000 1225 387 0.3159
24062.0000 1226 387 0.3157
24079.0000 1227 387 0.3154
24095.0000 1228 387 0.3151
24110.0000 1229 387 0.3149
24110.2000 1229 388 0.3157
24134.0000 1230 388 0.3154
24157.0000 1231 388 0.3152
24179.0000 1232 388 0.3149
24187.5000 1232 389 0.3157
24198.1000 1232 390 0.3166
24203.0000 1233 390 0.3163
24222.0000 1234 390 0.3160
24245.0000 1235 390 0.3158
24262.0000 1236 390 0.3155
24282.4000 1236 391 0.3163
24286.0000 1237 391 0.3161
24305.0000 1238 391 0.3158
24326.0000 1239 391 0.3156
24349.0000 1240 391 0.3153
24368.0000 1241 391 0.3151
24383.0000 1242 391 0.3148
24407.0000 1243 391 0.3146
24427.0000 1244 391 0.3143
24447.0000 1245 391 0.3141
24468.0000 1246 391 0.3138
24473.7000 1246 392 0.3146
24490.0000 1247 392 0.3144
24493.5000 1247 393 0.3152
24514.0000 1248 393 0.3149
24530.0000 1249 393 0.3147
24553.0000 1250 393 0.3144
24568.0000 1251 393 0.3141
24584.0000 1251 394 0.3149
24591.0000 1252 394 0.3147
24607.0000 1253 394 0.3144
24624.0000 1254 394 0.3142
24641.0000 1255 394 0.3139
24652.9000 1255 395 0.3147
24654.1000 1255 396 0.3155
24656.0000 1256 396 0.3153
24677.0000 1257 396 0.3150
24693.0000 1258 396 0.3148
24712.0000 1259 396 0.3145
24736.0000 1260 396 0.3143
24751.0000 1261 396 0.3140
24768.0000 1262 396 0.3138
24790.0000 1263 396 0.3135
24794.2000 1263 397 0.3143
24809.0000 1264 397 0.3141
24824.0000 1265 397 0.3138
24844.0000 1266 397 0.3136
24867.0000 1267 397 0.3133
24883.0000 1268 397 0.3131
24894.8000 1268 398 0.3139
24906.0000 1269 398 0.3136
24921.0000 1270 398 0.3134
24922.1000 1270 399 0.3142
24945.0000 1271 399 0.3139
24963.0000 1272 399 0.3137
24978.3000 1272 400 0.3145
24980.0000 1273 400 0.3142
24999.0000 1274 400 0.3140
25012.6000 1274 401 0.3148
25015.0000 1275 401 0.3145
25034.0000 1276 401 0.3143
25041.8000 1276 402 0.3150
25055.0000 1277 402 0.3148
25074.0000 1278 402 0.3146
25095.0000 1279 402 0.3143
25107.0000 1279 403 0.3151
25108.3000 1279 404 0.3159
25116.1000 1279 405 0.3167
25119.0000 1280 405 0.3164
25138.0000 1281 405 0.3162
25162.0000 1282 405 0.3159
25183.0000 1283 405 0.3157
