# time  created  delivered  delivered/created
22.0000 1 0 0.0000
38.0000 2 0 0.0000
54.0000 3 0 0.0000
72.0000 4 0 0.0000
94.0000 5 0 0.0000
110.0000 6 0 0.0000
133.0000 7 0 0.0000
153.0000 8 0 0.0000
175.0000 9 0 0.0000
191.0000 10 0 0.0000
210.0000 11 0 0.0000
225.0000 12 0 0.0000
249.0000 13 0 0.0000
265.0000 14 0 0.0000
281.0000 15 0 0.0000
304.0000 16 0 0.0000
328.0000 17 0 0.0000
343.0000 18 0 0.0000
367.0000 19 0 0.0000
382.0000 20 0 0.0000
399.0000 21 0 0.0000
420.0000 22 0 0.0000
439.0000 23 0 0.0000
458.0000 24 0 0.0000
480.0000 25 0 0.0000
497.0000 26 0 0.0000
515.0000 27 0 0.0000
538.0000 28 0 0.0000
562.0000 29 0 0.0000
581.0000 30 0 0.0000
581.2000 30 1 0.0333
603.0000 31 1 0.0323
625.0000 32 1 0.0313
640.9000 32 2 0.0625
646.0000 33 2 0.0606
661.6000 33 3 0.0909
667.0000 34 3 0.0882
685.0000 35 3 0.0857
691.0000 35 4 0.1143
700.0000 36 4 0.1111
714.8000 36 5 0.1389
722.0000 37 5 0.1351
741.0000 38 5 0.1316
764.0000 39 5 0.1282
775.8000 39 6 0.1538
784.0000 40 6 0.1500
806.0000 41 6 0.1463
829.0000 42 6 0.1429
851.0000 43 6 0.1395
873.0000 44 6 0.1364
895.0000 45 6 0.1333
904.7000 45 7 0.1556
918.0000 46 7 0.1522
941.0000 47 7 0.1489
957.0000 48 7 0.1458
975.0000 49 7 0.1429
998.0000 50 7 0.1400
1018.0000 51 7 0.1373
1040.0000 52 7 0.1346
1056.0000 53 7 0.1321
1077.0000 54 7 0.1296
1096.0000 55 7 0.1273
1117.0000 56 7 0.1250
1137.0000 57 7 0.1228
1159.0000 58 7 0.1207
1179.0000 59 7 0.1186
1194.1000 59 8 0.1356
1201.0000 60 8 0.1333
1216.0000 61 8 0.1311
1225.1000 61 9 0.1475
1226.1000 61 10 0.1639
1232.0000 62 10 0.1613
1251.0000 63 10 0.1587
1268.0000 64 10 0.1563
1287.0000 65 10 0.1538
1308.0000 66 10 0.1515
1327.0000 67 10 0.1493
1342.0000 68 10 0.1471
1364.0000 69 10 0.1449
1381.1000 69 11 0.1594
1388.0000 70 11 0.1571
1397.1000 70 12 0.1714
1407.0000 71 12 0.1690
1422.0000 72 12 0.1667
1442.0000 73 12 0.1644
1464.0000 74 12 0.1622
1475.9000 74 13 0.1757
1478.4000 74 14 0.1892
1479.0000 75 14 0.1867
1483.1000 75 15 0.2000
1500.0000 76 15 0.1974
1518.0000 77 15 0.1948
1542.0000 78 15 0.1923
1562.0000 79 15 0.1899
1577.0000 80 15 0.1875
1595.4000 80 16 0.2000
1600.0000 81 16 0.1975
1620.0000 82 16 0.1951
1637.0000 83 16 0.1928
1652.0000 84 16 0.1905
1673.0000 85 16 0.1882
1695.0000 86 16 0.1860
1706.4000 86 17 0.1977
1713.0000 87 17 0.1954
1736.2000 87 18 0.2069
1737.0000 88 18 0.2045
1739.4000 88 19 0.2159
1739.8000 88 20 0.2273
1760.0000 89 20 0.2247
1770.8000 89 21 0.2360
1781.0000 90 21 0.2333
1804.0000 91 21 0.2308
1826.0000 92 21 0.2283
1849.0000 93 21 0.2258
1870.0000 94 21 0.2234
1880.0000 94 22 0.2340
1890.0000 95 22 0.2316
1911.0000 96 22 0.2292
1929.0000 97 22 0.2268
1948.0000 98 22 0.2245
1965.0000 99 22 0.2222
1980.0000 100 22 0.2200
1989.9000 100 23 0.2300
2002.0000 101 23 0.2277
2019.9000 101 24 0.2376
2024.0000 102 24 0.2353
2035.6000 102 25 0.2451
2041.0000 103 25 0.2427
2064.0000 104 25 0.2404
2080.0000 105 25 0.2381
2095.0000 106 25 0.2358
2119.0000 107 25 0.2336
2139.0000 108 25 0.2315
2143.7000 108 26 0.2407
2161.0000 109 26 0.2385
2178.0000 110 26 0.2364
2199.0000 111 26 0.2342
2217.0000 111 27 0.2432
2222.0000 112 27 0.2411
2240.0000 113 27 0.2389
2259.0000 114 27 0.2368
2275.0000 115 27 0.2348
2295.0000 116 27 0.2328
2314.0000 117 27 0.2308
2325.9000 117 28 0.2393
2335.0000 118 28 0.2373
2354.0000 119 28 0.2353
2377.0000 120 28 0.2333
2396.0000 121 28 0.2314
2411.0000 122 28 0.2295
2412.0000 122 29 0.2377
2433.0000 123 29 0.2358
2452.0000 124 29 0.2339
2460.7000 124 30 0.2419
2461.2000 124 31 0.2500
2470.3000 124 32 0.2581
2474.0000 125 32 0.2560
2496.0000 126 32 0.2540
2506.7000 126 33 0.2619
2511.0000 127 33 0.2598
2526.0000 128 33 0.2578
2546.0000 129 33 0.2558
2553.5000 129 34 0.2636
2556.4000 129 35 0.2713
2563.0000 130 35 0.2692
2586.0000 131 35 0.2672
2592.3000 131 36 0.2748
2601.0000 132 36 0.2727
2621.0000 133 36 0.2707
2641.0000 134 36 0.2687
2662.0000 135 36 0.2667
2678.0000 136 36 0.2647
2679.9000 136 37 0.2721
2689.6000 136 38 0.2794
2690.9000 136 39 0.2868
2693.0000 137 39 0.2847
2716.0000 138 39 0.2826
2735.0000 139 39 0.2806
2740.4000 139 40 0.2878
2754.0000 140 40 0.2857
2771.0000 141 40 0.2837
2788.0000 142 40 0.2817
2800.0000 142 41 0.2887
2807.0000 143 41 0.2867
2823.6000 143 42 0.2937
2831.0000 144 42 0.2917
2832.2000 144 43 0.2986
2853.0000 145 43 0.2966
2868.0000 146 43 0.2945
2891.0000 147 43 0.2925
2900.1000 147 44 0.2993
2911.0000 148 44 0.2973
2926.0000 149 44 0.2953
2942.0000 150 44 0.2933
2946.7000 150 45 0.3000
2954.4000 150 46 0.3067
2955.6000 150 47 0.3133
2962.0000 151 47 0.3113
2979.0000 152 47 0.3092
3003.0000 153 47 0.3072
3024.0000 154 47 0.3052
3040.0000 155 47 0.3032
3064.0000 156 47 0.3013
3065.8000 156 48 0.3077
3084.5000 156 49 0.3141
3086.0000 157 49 0.3121
3110.0000 158 49 0.3101
3129.0000 159 49 0.3082
3129.3000 159 50 0.3145
3147.0000 160 50 0.3125
3166.0000 161 50 0.3106
3166.7000 161 51 0.3168
3190.0000 162 51 0.3148
3210.0000 163 51 0.3129
3225.0000 164 51 0.3110
3243.0000 165 51 0.3091
3260.0000 166 51 0.3072
3271.8000 166 52 0.3133
3273.4000 166 53 0.3193
3273.6000 166 54 0.3253
3283.0000 167 54 0.3234
3305.0000 168 54 0.3214
3319.3000 168 55 0.3274
3321.0000 169 55 0.3254
3322.6000 169 56 0.3314
3344.0000 170 56 0.3294
3364.9000 170 57 0.3353
3365.0000 171 57 0.3333
3385.0000 172 57 0.3314
3408.0000 173 57 0.3295
3425.8000 173 58 0.3353
3427.5000 173 59 0.3410
3428.0000 174 59 0.3391
3428.6000 174 60 0.3448
3447.8000 174 61 0.3506
3449.0000 175 61 0.3486
3472.0000 176 61 0.3466
3488.0000 177 61 0.3446
3511.0000 177 62 0.3503
3511.0000 178 62 0.3483
3532.4000 178 63 0.3539
3535.0000 179 63 0.3520
3550.1000 179 64 0.3575
3552.0000 180 64 0.3556
3565.2000 180 65 0.3611
3570.0000 181 65 0.3591
3575.8000 181 66 0.3646
3589.0000 182 66 0.3626
3604.0000 183 66 0.3607
3619.0000 184 66 0.3587
3638.0000 185 66 0.3568
3653.0000 186 66 0.3548
3669.0000 187 66 0.3529
3689.0000 188 66 0.3511
3712.0000 189 66 0.3492
3730.0000 190 66 0.3474
3754.0000 191 66 0.3455
3771.0000 192 66 0.3438
3787.0000 193 66 0.3420
3809.0000 194 66 0.3402
3815.5000 194 67 0.3454
3831.8000 194 68 0.3505
3832.0000 195 68 0.3487
3854.0000 196 68 0.3469
3873.0000 197 68 0.3452
3876.0000 197 69 0.3503
3895.0000 198 69 0.3485
3919.0000 199 69 0.3467
3935.5000 199 70 0.3518
3938.0000 200 70 0.3500
3951.0000 200 71 0.3550
3953.0000 200 72 0.3600
3955.0000 201 72 0.3582
3975.0000 202 72 0.3564
3996.0000 203 72 0.3547
4012.0000 204 72 0.3529
4018.5000 204 73 0.3578
4031.0000 205 73 0.3561
4052.0000 206 73 0.3544
4054.9000 206 74 0.3592
4060.2000 206 75 0.3641
4070.0000 207 75 0.3623
4094.0000 208 75 0.3606
4115.0000 209 75 0.3589
4128.3000 209 76 0.3636
4134.0000 210 76 0.3619
4153.0000 211 76 0.3602
4171.0000 212 76 0.3585
4194.0000 213 76 0.3568
4214.0000 214 76 0.3551
4214.5000 214 77 0.3598
4221.9000 214 78 0.3645
4232.3000 214 79 0.3692
4234.6000 214 80 0.3738
4235.0000 215 80 0.3721
4245.5000 215 81 0.3767
4251.0000 216 81 0.3750
4258.6000 216 82 0.3796
4268.6000 216 83 0.3843
4272.0000 217 83 0.3825
4287.3000 217 84 0.3871
4290.0000 218 84 0.3853
4314.0000 219 84 0.3836
4338.0000 220 84 0.3818
4360.0000 221 84 0.3801
4381.0000 222 84 0.3784
4400.0000 223 84 0.3767
4419.0000 224 84 0.3750
4419.1000 224 85 0.3795
4434.0000 225 85 0.3778
4452.4000 225 86 0.3822
4453.5000 225 87 0.3867
4458.0000 226 87 0.3850
4463.0000 226 88 0.3894
4476.0000 227 88 0.3877
4497.0000 228 88 0.3860
4515.0000 229 88 0.3843
4535.9000 229 89 0.3886
4537.0000 230 89 0.3870
4556.0000 231 89 0.3853
4580.0000 232 89 0.3836
4597.0000 233 89 0.3820
4607.1000 233 90 0.3863
4611.8000 233 91 0.3906
4613.7000 233 92 0.3948
4614.0000 234 92 0.3932
4634.0000 235 92 0.3915
4655.0000 236 92 0.3898
4665.1000 236 93 0.3941
4672.0000 237 93 0.3924
4686.6000 237 94 0.3966
4689.0000 238 94 0.3950
4706.0000 239 94 0.3933
4716.1000 239 95 0.3975
4729.0000 240 95 0.3958
4742.8000 240 96 0.4000
4747.0000 241 96 0.3983
4747.5000 241 97 0.4025
4762.0000 242 97 0.4008
4783.0000 243 97 0.3992
4793.4000 243 98 0.4033
4796.3000 243 99 0.4074
4807.0000 244 99 0.4057
4824.0000 245 99 0.4041
4848.0000 246 99 0.4024
4859.7000 246 100 0.4065
4867.0000 247 100 0.4049
4886.0000 248 100 0.4032
4909.0000 249 100 0.4016
4914.4000 249 101 0.4056
4915.0000 249 102 0.4096
4928.0000 250 102 0.4080
4951.0000 251 102 0.4064
4966.0000 252 102 0.4048
4986.0000 253 102 0.4032
5010.0000 254 102 0.4016
5033.0000 255 102 0.4000
5048.0000 256 102 0.3984
5072.0000 257 102 0.3969
5089.0000 258 102 0.3953
5089.4000 258 103 0.3992
5112.0000 259 103 0.3977
5131.0000 260 103 0.3962
5143.8000 260 104 0.4000
5151.0000 261 104 0.3985
5175.0000 262 104 0.3969
5194.0000 263 104 0.3954
5208.6000 263 105 0.3992
5215.0000 264 105 0.3977
5237.0000 265 105 0.3962
5254.0000 266 105 0.3947
5269.0000 267 105 0.3933
5291.0000 268 105 0.3918
5307.0000 269 105 0.3903
5324.0000 270 105 0.3889
5339.0000 271 105 0.3875
5356.0000 272 105 0.3860
5371.0000 273 105 0.3846
5387.0000 274 105 0.3832
5395.6000 274 106 0.3869
5409.3000 274 107 0.3905
5410.0000 275 107 0.3891
5426.0000 276 107 0.3877
5430.3000 276 108 0.3913
5447.0000 277 108 0.3899
5470.0000 278 108 0.3885
5490.0000 279 108 0.3871
5507.0000 280 108 0.3857
5517.7000 280 109 0.3893
5528.0000 281 109 0.3879
5542.9000 281 110 0.3915
5546.0000 282 110 0.3901
5564.0000 283 110 0.3887
5584.0000 284 110 0.3873
5589.1000 284 111 0.3908
5607.0000 285 111 0.3895
5625.0000 286 111 0.3881
5643.0000 287 111 0.3868
5665.0000 288 111 0.3854
5685.0000 289 111 0.3841
5704.0000 290 111 0.3828
5724.0000 291 111 0.3814
5729.1000 291 112 0.3849
5745.0000 292 112 0.3836
5745.2000 292 113 0.3870
5755.6000 292 114 0.3904
5760.0000 293 114 0.3891
5771.8000 293 115 0.3925
5778.9000 293 116 0.3959
5784.0000 294 116 0.3946
5805.0000 295 116 0.3932
5820.2000 295 117 0.3966
5822.0000 296 117 0.3953
5841.0000 297 117 0.3939
5855.7000 297 118 0.3973
5859.0000 298 118 0.3960
5860.0000 298 119 0.3993
5874.0000 299 119 0.3980
5893.0000 300 119 0.3967
5897.2000 300 120 0.4000
5901.3000 300 121 0.4033
5914.0000 301 121 0.4020
5914.2000 301 122 0.4053
5932.0000 302 122 0.4040
5953.0000 303 122 0.4026
5970.8000 303 123 0.4059
5971.0000 304 123 0.4046
5986.0000 305 123 0.4033
5987.9000 305 124 0.4066
5995.2000 305 125 0.4098
6003.8000 305 126 0.4131
6008.0000 306 126 0.4118
6011.2000 306 127 0.4150
6024.0000 307 127 0.4137
6041.0000 308 127 0.4123
6063.0000 309 127 0.4110
6082.5000 309 128 0.4142
6087.0000 310 128 0.4129
6105.0000 311 128 0.4116
6124.0000 312 128 0.4103
6145.0000 313 128 0.4089
6166.0000 314 128 0.4076
6182.0000 315 128 0.4063
6201.0000 316 128 0.4051
6216.0000 317 128 0.4038
6231.0000 318 128 0.4025
6248.0000 319 128 0.4013
6261.7000 319 129 0.4044
6267.0000 320 129 0.4031
6282.7000 320 130 0.4063
6289.0000 321 130 0.4050
6308.0000 322 130 0.4037
6312.4000 322 131 0.4068
6332.0000 323 131 0.4056
6338.7000 323 132 0.4087
6355.0000 324 132 0.4074
6372.0000 325 132 0.4062
6393.0000 326 132 0.4049
6417.0000 327 132 0.4037
6424.2000 327 133 0.4067
6431.8000 327 134 0.4098
6441.0000 328 134 0.4085
6462.7000 328 135 0.4116
6465.0000 329 135 0.4103
6467.3000 329 136 0.4134
6474.5000 329 137 0.4164
6486.0000 330 137 0.4152
6502.0000 331 137 0.4139
6518.0000 332 137 0.4127
6536.0000 333 137 0.4114
6551.1000 333 138 0.4144
6553.0000 333 139 0.4174
6555.0000 334 139 0.4162
6572.0000 335 139 0.4149
6591.0000 336 139 0.4137
6608.0000 337 139 0.4125
6631.0000 338 139 0.4112
6646.0000 339 139 0.4100
6665.0000 340 139 0.4088
6684.0000 341 139 0.4076
6696.4000 341 140 0.4106
6708.0000 342 140 0.4094
6725.0000 343 140 0.4082
6745.0000 344 140 0.4070
6752.4000 344 141 0.4099
6760.0000 345 141 0.4087
6781.0000 346 141 0.4075
6793.2000 346 142 0.4104
6800.0000 347 142 0.4092
6816.0000 348 142 0.4080
6839.0000 349 142 0.4069
6854.0000 350 142 0.4057
6874.0000 351 142 0.4046
6889.0000 352 142 0.4034
6893.6000 352 143 0.4063
6900.1000 352 144 0.4091
6909.0000 353 144 0.4079
6930.0000 354 144 0.4068
6951.0000 355 144 0.4056
6971.0000 356 144 0.4045
6978.5000 356 145 0.4073
6995.0000 357 145 0.4062
7010.0000 358 145 0.4050
7011.8000 358 146 0.4078
7020.3000 358 147 0.4106
7029.0000 359 147 0.4095
7043.5000 359 148 0.4123
7048.0000 360 148 0.4111
7071.0000 361 148 0.4100
7091.1000 361 149 0.4127
7093.0000 362 149 0.4116
7093.3000 362 150 0.4144
7108.0000 363 150 0.4132
7130.0000 364 150 0.4121
7147.0000 365 150 0.4110
7163.0000 366 150 0.4098
7175.0000 366 151 0.4126
7177.4000 366 152 0.4153
7180.0000 367 152 0.4142
7182.6000 367 153 0.4169
7197.0000 368 153 0.4158
7205.1000 368 154 0.4185
7221.0000 369 154 0.4173
7240.0000 370 154 0.4162
7255.0000 371 154 0.4151
7272.0000 372 154 0.4140
7290.8000 372 155 0.4167
7296.0000 373 155 0.4155
7314.6000 373 156 0.4182
7319.0000 374 156 0.4171
7333.2000 374 157 0.4198
7335.0000 375 157 0.4187
7338.6000 375 158 0.4213
7342.7000 375 159 0.4240
7358.0000 376 159 0.4229
7378.0000 377 159 0.4218
7394.0000 378 159 0.4206
7411.0000 379 159 0.4195
7435.0000 380 159 0.4184
7436.5000 380 160 0.4211
7459.0000 381 160 0.4199
7480.0000 382 160 0.4188
7498.0000 383 160 0.4178
7514.0000 384 160 0.4167
7536.0000 385 160 0.4156
7544.8000 385 161 0.4182
7559.0000 386 161 0.4171
7574.0000 387 161 0.4160
7583.5000 387 162 0.4186
7585.3000 387 163 0.4212
7589.1000 387 164 0.4238
7595.0000 388 164 0.4227
7613.0000 389 164 0.4216
7621.5000 389 165 0.4242
7632.0000 390 165 0.4231
7656.0000 391 165 0.4220
7673.0000 392 165 0.4209
7696.0000 393 165 0.4198
7713.0000 394 165 0.4188
7730.0000 395 165 0.4177
7745.0000 396 165 0.4167
7749.4000 396 166 0.4192
7762.0000 397 166 0.4181
7767.5000 397 167 0.4207
7784.0000 398 167 0.4196
7804.0000 399 167 0.4185
7822.0000 400 167 0.4175
7840.0000 401 167 0.4165
7858.0000 402 167 0.4154
7874.0000 403 167 0.4144
7895.0000 404 167 0.4134
7914.0000 405 167 0.4123
7931.0000 406 167 0.4113
7935.6000 406 168 0.4138
7948.0000 407 168 0.4128
7963.1000 407 169 0.4152
7972.0000 408 169 0.4142
7987.0000 409 169 0.4132
8002.0000 410 169 0.4122
8024.0000 411 169 0.4112
8040.0000 412 169 0.4102
8041.7000 412 170 0.4126
8059.0000 413 170 0.4116
8082.0000 414 170 0.4106
8099.0000 415 170 0.4096
8116.0000 416 170 0.4087
8137.0000 417 170 0.4077
8158.0000 418 170 0.4067
8164.2000 418 171 0.4091
8173.0000 419 171 0.4081
8190.0000 420 171 0.4071
8205.0000 421 171 0.4062
8205.7000 421 172 0.4086
8219.4000 421 173 0.4109
8227.0000 422 173 0.4100
8233.7000 422 174 0.4123
8237.1000 422 175 0.4147
8251.0000 423 175 0.4137
8270.0000 423 176 0.4161
8270.4000 423 177 0.4184
8271.7000 423 178 0.4208
8272.4000 423 179 0.4232
8273.2000 423 180 0.4255
8274.8000 423 181 0.4279
8275.0000 424 181 0.4269
8284.1000 424 182 0.4292
8297.0000 425 182 0.4282
8304.7000 425 183 0.4306
8315.9000 425 184 0.4329
8317.0000 426 184 0.4319
8336.0000 427 184 0.4309
8354.3000 427 185 0.4333
8354.8000 427 186 0.4356
8359.0000 428 186 0.4346
8360.5000 428 187 0.4369
8375.0000 429 187 0.4359
8392.9000 429 188 0.4382
8396.0000 430 188 0.4372
8414.0000 431 188 0.4362
8437.0000 432 188 0.4352
8453.0000 433 188 0.4342
8468.0000 434 188 0.4332
8489.9000 434 189 0.4355
8492.0000 435 189 0.4345
8492.5000 435 190 0.4368
8495.9000 435 191 0.4391
8510.0000 436 191 0.4381
8525.0000 437 191 0.4371
8544.0000 438 191 0.4361
8555.6000 438 192 0.4384
8556.0000 438 193 0.4406
8566.0000 439 193 0.4396
8578.2000 439 194 0.4419
8586.0000 440 194 0.4409
8609.0000 441 194 0.4399
8625.0000 442 194 0.4389
8641.0000 442 195 0.4412
8641.7000 442 196 0.4434
8644.0000 443 196 0.4424
8663.0000 444 196 0.4414
8681.0000 445 196 0.4404
8695.5000 445 197 0.4427
8697.0000 446 197 0.4417
8719.0000 447 197 0.4407
8743.0000 448 197 0.4397
8748.8000 448 198 0.4420
8767.0000 449 198 0.4410
8784.0000 450 198 0.4400
8800.0000 451 198 0.4390
8806.3000 451 199 0.4412
8823.0000 452 199 0.4403
8824.9000 452 200 0.4425
8829.6000 452 201 0.4447
8839.0000 453 201 0.4437
8849.0000 453 202 0.4459
8854.0000 454 202 0.4449
8869.0000 455 202 0.4440
8888.6000 455 203 0.4462
8892.0000 456 203 0.4452
8911.0000 457 203 0.4442
8929.0000 458 203 0.4432
8941.4000 458 204 0.4454
8944.0000 459 204 0.4444
8955.3000 459 205 0.4466
8961.0000 460 205 0.4457
8962.4000 460 206 0.4478
8979.0000 461 206 0.4469
8985.6000 461 207 0.4490
8989.9000 461 208 0.4512
8997.0000 462 208 0.4502
9008.9000 462 209 0.4524
9011.3000 462 210 0.4545
9013.0000 463 210 0.4536
9026.4000 463 211 0.4557
9035.0000 464 211 0.4547
9058.0000 465 211 0.4538
9065.9000 465 212 0.4559
9067.9000 465 213 0.4581
9068.8000 465 214 0.4602
9073.0000 466 214 0.4592
9095.0000 467 214 0.4582
9099.6000 467 215 0.4604
9119.0000 468 215 0.4594
9126.9000 468 216 0.4615
9129.2000 468 217 0.4637
9143.0000 469 217 0.4627
9162.0000 470 217 0.4617
9172.0000 470 218 0.4638
9174.0000 470 219 0.4660
9175.6000 470 220 0.4681
9176.1000 470 221 0.4702
9178.1000 470 222 0.4723
9186.0000 471 222 0.4713
9209.0000 472 222 0.4703
9220.4000 472 223 0.4725
9220.8000 472 224 0.4746
9224.0000 473 224 0.4736
9229.3000 473 225 0.4757
9241.4000 473 226 0.4778
9245.0000 474 226 0.4768
9264.0000 475 226 0.4758
9288.0000 476 226 0.4748
9305.3000 476 227 0.4769
9306.5000 476 228 0.4790
9310.0000 477 228 0.4780
9316.1000 477 229 0.4801
9326.0000 478 229 0.4791
9338.1000 478 230 0.4812
9341.0000 479 230 0.4802
9365.0000 480 230 0.4792
9387.0000 481 230 0.4782
9403.0000 482 230 0.4772
9408.9000 482 231 0.4793
9426.0000 483 231 0.4783
9429.1000 483 232 0.4803
9444.0000 484 232 0.4793
9468.0000 485 232 0.4784
9485.0000 486 232 0.4774
9503.0000 487 232 0.4764
9527.0000 488 232 0.4754
9550.0000 489 232 0.4744
9573.0000 490 232 0.4735
9586.5000 490 233 0.4755
9588.6000 490 234 0.4776
9589.3000 490 235 0.4796
9591.0000 491 235 0.4786
9614.0000 492 235 0.4776
9632.0000 493 235 0.4767
9633.7000 493 236 0.4787
9653.0000 494 236 0.4777
9669.5000 494 237 0.4798
9676.0000 495 237 0.4788
9689.9000 495 238 0.4808
9693.0000 496 238 0.4798
9695.2000 496 239 0.4819
9715.0000 497 239 0.4809
9736.0000 498 239 0.4799
9748.3000 498 240 0.4819
9750.0000 498 241 0.4839
9752.0000 499 241 0.4830
9761.5000 499 242 0.4850
9776.0000 500 242 0.4840
9794.8000 500 243 0.4860
9799.0000 501 243 0.4850
9821.0000 502 243 0.4841
9837.0000 503 243 0.4831
9861.0000 504 243 0.4821
9879.0000 505 243 0.4812
9894.0000 506 243 0.4802
9909.0000 507 243 0.4793
9927.0000 508 243 0.4783
9946.0000 509 243 0.4774
9969.0000 510 243 0.4765
9988.0000 511 243 0.4755
10007.0000 512 243 0.4746
10024.0000 513 243 0.4737
10044.0000 514 243 0.4728
10067.0000 515 243 0.4718
10087.0000 516 243 0.4709
10111.0000 517 243 0.4700
10132.0000 518 243 0.4691
10138.5000 518 244 0.4710
10154.0000 519 244 0.4701
10177.0000 520 244 0.4692
10194.0000 521 244 0.4683
10216.0000 522 244 0.4674
10235.0000 523 244 0.4665
10257.0000 524 244 0.4656
10276.0000 524 245 0.4676
10281.0000 525 245 0.4667
10300.0000 526 245 0.4658
10303.0000 526 246 0.4677
10320.0000 527 246 0.4668
10333.5000 527 247 0.4687
10343.0000 528 247 0.4678
10366.0000 529 247 0.4669
10382.0000 530 247 0.4660
10402.0000 531 247 0.4652
10410.2000 531 248 0.4670
10415.9000 531 249 0.4689
10423.0000 532 249 0.4680
10424.8000 532 250 0.4699
10441.0000 533 250 0.4690
10461.0000 534 250 0.4682
10480.0000 535 250 0.4673
10495.5000 535 251 0.4692
10497.0000 536 251 0.4683
10499.4000 536 252 0.4701
10505.5000 536 253 0.4720
10506.7000 536 254 0.4739
10507.4000 536 255 0.4757
10518.0000 537 255 0.4749
10536.0000 537 256 0.4767
10537.0000 538 256 0.4758
10538.5000 538 257 0.4777
10540.6000 538 258 0.4796
10555.0000 539 258 0.4787
10571.0000 540 258 0.4778
10591.0000 541 258 0.4769
10615.0000 542 258 0.4760
10637.0000 543 258 0.4751
10644.4000 543 259 0.4770
10645.7000 543 260 0.4788
10657.0000 544 260 0.4779
10665.2000 544 261 0.4798
10680.3000 544 262 0.4816
10681.0000 545 262 0.4807
10681.2000 545 263 0.4826
10703.0000 546 263 0.4817
10713.5000 546 264 0.4835
10726.0000 547 264 0.4826
10748.0000 548 264 0.4818
10768.0000 549 264 0.4809
10781.7000 549 265 0.4827
10788.0000 550 265 0.4818
10808.0000 551 265 0.4809
10809.1000 551 266 0.4828
10823.0000 552 266 0.4819
10842.0000 553 266 0.4810
10866.0000 554 266 0.4801
10876.4000 554 267 0.4819
10881.5000 554 268 0.4838
10884.2000 554 269 0.4856
10885.0000 555 269 0.4847
10887.3000 555 270 0.4865
10907.0000 556 270 0.4856
10925.0000 557 270 0.4847
10942.0000 558 270 0.4839
10966.0000 559 270 0.4830
10983.0000 560 270 0.4821
11006.0000 561 270 0.4813
11023.0000 562 270 0.4804
11039.0000 562 271 0.4822
11046.0000 563 271 0.4813
11058.4000 563 272 0.4831
11068.0000 564 272 0.4823
11084.0000 565 272 0.4814
11102.0000 566 272 0.4806
11104.0000 566 273 0.4823
11106.8000 566 274 0.4841
11120.0000 567 274 0.4832
11127.5000 567 275 0.4850
11143.0000 568 275 0.4842
11166.0000 569 275 0.4833
11182.0000 570 275 0.4825
11197.6000 570 276 0.4842
11201.0000 571 276 0.4834
11207.5000 571 277 0.4851
11218.0000 572 277 0.4843
11232.7000 572 278 0.4860
11238.0000 573 278 0.4852
11250.4000 573 279 0.4869
11253.1000 573 280 0.4887
11254.0000 573 281 0.4904
11260.0000 574 281 0.4895
11268.2000 574 282 0.4913
11280.0000 575 282 0.4904
11298.0000 576 282 0.4896
11308.0000 576 283 0.4913
11319.0000 577 283 0.4905
11321.8000 577 284 0.4922
11325.1000 577 285 0.4939
11343.0000 578 285 0.4931
11359.8000 578 286 0.4948
11363.0000 579 286 0.4940
11381.0000 580 286 0.4931
11401.4000 580 287 0.4948
11405.0000 581 287 0.4940
11424.0000 582 287 0.4931
11432.7000 582 288 0.4948
11443.0000 583 288 0.4940
11443.6000 583 289 0.4957
11450.2000 583 290 0.4974
11459.6000 583 291 0.4991
11467.0000 584 291 0.4983
11491.0000 585 291 0.4974
11504.5000 585 292 0.4991
11511.0000 586 292 0.4983
11529.0000 587 292 0.4974
11547.0000 588 292 0.4966
11564.3000 588 293 0.4983
11566.0000 589 293 0.4975
11586.0000 590 293 0.4966
11610.0000 591 293 0.4958
11626.0000 592 293 0.4949
11640.2000 592 294 0.4966
11650.0000 593 294 0.4958
11665.0000 594 294 0.4949
11680.0000 595 294 0.4941
11687.1000 595 295 0.4958
11696.0000 596 295 0.4950
11710.9000 596 296 0.4966
11711.0000 597 296 0.4958
11731.0000 598 296 0.4950
11755.0000 599 296 0.4942
11771.0000 600 296 0.4933
11790.0000 601 296 0.4925
11805.5000 601 297 0.4942
11809.0000 602 297 0.4934
11809.6000 602 298 0.4950
11827.0000 603 298 0.4942
11851.0000 604 298 0.4934
11867.0000 605 298 0.4926
11869.9000 605 299 0.4942
11885.0000 606 299 0.4934
11907.0000 607 299 0.4926
11929.0000 608 299 0.4918
11937.7000 608 300 0.4934
11948.0000 609 300 0.4926
11951.7000 609 301 0.4943
11971.0000 610 301 0.4934
11989.6000 610 302 0.4951
11995.0000 611 302 0.4943
12005.8000 611 303 0.4959
12008.0000 611 304 0.4975
12012.0000 612 304 0.4967
12033.0000 613 304 0.4959
12048.0000 614 304 0.4951
12070.0000 615 304 0.4943
12072.8000 615 305 0.4959
12083.1000 615 306 0.4976
12088.0000 616 306 0.4968
12091.0000 616 307 0.4984
12102.7000 616 308 0.5000
12104.0000 617 308 0.4992
12124.0000 618 308 0.4984
12145.0000 619 308 0.4976
12153.5000 619 309 0.4992
12165.0000 620 309 0.4984
12189.0000 621 309 0.4976
12209.0000 622 309 0.4968
12211.8000 622 310 0.4984
12218.2000 622 311 0.5000
12220.5000 622 312 0.5016
12226.0000 623 312 0.5008
12244.6000 623 313 0.5024
12249.0000 624 313 0.5016
12261.4000 624 314 0.5032
12270.0000 625 314 0.5024
12287.0000 626 314 0.5016
12297.0000 626 315 0.5032
12304.8000 626 316 0.5048
12305.0000 627 316 0.5040
12314.5000 627 317 0.5056
12323.0000 628 317 0.5048
12330.6000 628 318 0.5064
12332.8000 628 319 0.5080
12339.0000 629 319 0.5072
12341.9000 629 320 0.5087
12358.0000 630 320 0.5079
12377.0000 631 320 0.5071
12389.5000 631 321 0.5087
12399.0000 632 321 0.5079
12413.4000 632 322 0.5095
12416.9000 632 323 0.5111
12421.0000 633 323 0.5103
12444.0000 634 323 0.5095
12463.0000 635 323 0.5087
12473.7000 635 324 0.5102
12476.3000 635 325 0.5118
12479.0000 636 325 0.5110
12483.1000 636 326 0.5126
12497.0000 637 326 0.5118
12518.0000 638 326 0.5110
12524.5000 638 327 0.5125
12536.2000 638 328 0.5141
12538.0000 639 328 0.5133
12553.2000 639 329 0.5149
12556.0000 640 329 0.5141
12558.6000 640 330 0.5156
12560.3000 640 331 0.5172
12575.0000 641 331 0.5164
12592.6000 641 332 0.5179
12596.0000 642 332 0.5171
12611.0000 643 332 0.5163
12614.8000 643 333 0.5179
12616.3000 643 334 0.5194
12617.3000 643 335 0.5210
12635.0000 644 335 0.5202
12642.9000 644 336 0.5217
12648.9000 644 337 0.5233
12655.0000 645 337 0.5225
12672.0000 646 337 0.5217
12691.0000 647 337 0.5209
12692.6000 647 338 0.5224
12705.4000 647 339 0.5240
12713.0000 648 339 0.5231
12725.8000 648 340 0.5247
12727.4000 648 341 0.5262
12737.0000 649 341 0.5254
12746.6000 649 342 0.5270
12761.0000 650 342 0.5262
12781.0000 651 342 0.5253
12798.0000 652 342 0.5245
12818.0000 653 342 0.5237
12830.3000 653 343 0.5253
12836.3000 653 344 0.5268
12838.1000 653 345 0.5283
12839.0000 654 345 0.5275
12855.5000 654 346 0.5291
12863.0000 655 346 0.5282
12884.0000 656 346 0.5274
12901.0000 657 346 0.5266
12919.0000 658 346 0.5258
12935.3000 658 347 0.5274
12936.0000 659 347 0.5266
12954.0000 660 347 0.5258
12971.0000 661 347 0.5250
12985.7000 661 348 0.5265
12986.0000 662 348 0.5257
13009.0000 663 348 0.5249
13029.0000 664 348 0.5241
13041.9000 664 349 0.5256
13048.0000 665 349 0.5248
13069.0000 666 349 0.5240
13080.5000 666 350 0.5255
13081.1000 666 351 0.5270
13090.0000 667 351 0.5262
13103.9000 667 352 0.5277
13104.8000 667 353 0.5292
13109.1000 667 354 0.5307
13112.0000 668 354 0.5299
13135.0000 669 354 0.5291
13137.2000 669 355 0.5306
13146.6000 669 356 0.5321
13148.4000 669 357 0.5336
13157.0000 670 357 0.5328
13172.9000 670 358 0.5343
13175.0000 671 358 0.5335
13178.9000 671 359 0.5350
13181.1000 671 360 0.5365
13198.0000 672 360 0.5357
13222.0000 673 360 0.5349
13237.0000 674 360 0.5341
13261.0000 675 360 0.5333
13279.0000 676 360 0.5325
13303.0000 677 360 0.5318
13327.0000 678 360 0.5310
13344.0000 679 360 0.5302
13344.0000 679 361 0.5317
13360.6000 679 362 0.5331
13361.5000 679 363 0.5346
13363.5000 679 364 0.5361
13367.0000 680 364 0.5353
13385.0000 681 364 0.5345
13400.0000 682 364 0.5337
13420.9000 682 365 0.5352
13422.0000 683 365 0.5344
13439.0000 684 365 0.5336
13458.1000 684 366 0.5351
13463.0000 685 366 0.5343
13485.0000 686 366 0.5335
13500.8000 686 367 0.5350
13501.0000 687 367 0.5342
13517.9000 687 368 0.5357
13522.0000 688 368 0.5349
13543.0000 689 368 0.5341
13558.0000 690 368 0.5333
13578.0000 691 368 0.5326
13581.7000 691 369 0.5340
13597.0000 692 369 0.5332
13601.2000 692 370 0.5347
13605.2000 692 371 0.5361
13612.0000 693 371 0.5354
13622.2000 693 372 0.5368
13633.0000 694 372 0.5360
13654.0000 695 372 0.5353
13669.9000 695 373 0.5367
13674.0000 696 373 0.5359
13689.0000 697 373 0.5352
13693.3000 697 374 0.5366
13713.0000 698 374 0.5358
13732.6000 698 375 0.5372
13733.0000 699 375 0.5365
13740.6000 699 376 0.5379
13750.0000 700 376 0.5371
13770.6000 700 377 0.5386
13771.0000 701 377 0.5378
13787.0000 702 377 0.5370
13808.0000 703 377 0.5363
13831.0000 704 377 0.5355
13853.0000 705 377 0.5348
13874.0000 706 377 0.5340
13894.0000 707 377 0.5332
13915.0000 708 377 0.5325
13929.4000 708 378 0.5339
13934.4000 708 379 0.5353
13937.0000 709 379 0.5346
13952.0000 710 379 0.5338
13953.2000 710 380 0.5352
13976.0000 711 380 0.5345
13984.2000 711 381 0.5359
13994.0000 712 381 0.5351
14011.0000 713 381 0.5344
14028.3000 713 382 0.5358
14032.0000 714 382 0.5350
14056.0000 715 382 0.5343
14068.3000 715 383 0.5357
14071.0000 715 384 0.5371
14077.0000 716 384 0.5363
14092.0000 717 384 0.5356
14099.2000 717 385 0.5370
14107.0000 718 385 0.5362
14108.3000 718 386 0.5376
14123.0000 719 386 0.5369
14147.0000 720 386 0.5361
14167.0000 721 386 0.5354
14186.0000 722 386 0.5346
14204.0000 723 386 0.5339
14225.0000 724 386 0.5331
14239.1000 724 387 0.5345
14245.0000 725 387 0.5338
14267.0000 726 387 0.5331
14282.6000 726 388 0.5344
14286.0000 727 388 0.5337
14304.0000 728 388 0.5330
14323.0000 729 388 0.5322
14333.8000 729 389 0.5336
14343.0000 730 389 0.5329
14363.0000 731 389 0.5321
14367.5000 731 390 0.5335
14385.0000 732 390 0.5328
14402.7000 732 391 0.5342
14404.0000 733 391 0.5334
14406.1000 733 392 0.5348
14420.0000 734 392 0.5341
14441.0000 735 392 0.5333
14456.0000 736 392 0.5326
14466.4000 736 393 0.5340
14473.6000 736 394 0.5353
14475.0000 737 394 0.5346
14499.0000 738 394 0.5339
14523.0000 739 394 0.5332
14544.0000 740 394 0.5324
14568.0000 741 394 0.5317
14571.0000 741 395 0.5331
14588.0000 742 395 0.5323
14601.0000 742 396 0.5337
14603.0000 743 396 0.5330
14605.8000 743 397 0.5343
14613.1000 743 398 0.5357
14618.0000 744 398 0.5349
14618.3000 744 399 0.5363
14630.1000 744 400 0.5376
14631.8000 744 401 0.5390
14639.0000 745 401 0.5383
14655.0000 746 401 0.5375
14676.0000 747 401 0.5368
14689.2000 747 402 0.5382
14696.0000 748 402 0.5374
14718.0000 749 402 0.5367
14726.3000 749 403 0.5381
14733.2000 749 404 0.5394
14736.0000 750 404 0.5387
14746.0000 750 405 0.5400
14756.0000 751 405 0.5393
14773.0000 752 405 0.5386
14790.0000 753 405 0.5378
14809.0000 754 405 0.5371
14831.0000 755 405 0.5364
14848.0000 756 405 0.5357
14867.0000 757 405 0.5350
14889.0000 758 405 0.5343
14905.0000 759 405 0.5336
14925.7000 759 406 0.5349
14927.0000 760 406 0.5342
14942.0000 761 406 0.5335
14958.9000 761 407 0.5348
14961.0000 762 407 0.5341
14975.8000 762 408 0.5354
14984.0000 763 408 0.5347
14999.0000 764 408 0.5340
15021.0000 765 408 0.5333
15030.4000 765 409 0.5346
15033.3000 765 410 0.5359
15041.0000 766 410 0.5352
15058.0000 767 410 0.5346
15074.0000 768 410 0.5339
15093.0000 769 410 0.5332
15101.5000 769 411 0.5345
15114.0000 770 411 0.5338
15132.0000 771 411 0.5331
15149.0000 772 411 0.5324
15172.0000 773 411 0.5317
15190.0000 774 411 0.5310
15212.0000 775 411 0.5303
15235.0000 776 411 0.5296
15256.0000 777 411 0.5290
15280.0000 778 411 0.5283
15297.0000 779 411 0.5276
15318.0000 780 411 0.5269
15336.0000 781 411 0.5262
15360.0000 782 411 0.5256
15381.0000 783 411 0.5249
15389.1000 783 412 0.5262
15399.0000 784 412 0.5255
15419.0000 785 412 0.5248
15439.2000 785 413 0.5261
15441.0000 786 413 0.5254
15442.1000 786 414 0.5267
15465.0000 787 414 0.5260
15474.0000 787 415 0.5273
15482.0000 788 415 0.5266
15486.8000 788 416 0.5279
15504.0000 789 416 0.5272
15517.2000 789 417 0.5285
15526.0000 790 417 0.5278
15538.7000 790 418 0.5291
15547.0000 791 418 0.5284
15569.0000 792 418 0.5278
15583.0000 792 419 0.5290
15591.0000 793 419 0.5284
15602.7000 793 420 0.5296
15615.0000 794 420 0.5290
15632.0000 795 420 0.5283
15651.0000 796 420 0.5276
15666.0000 797 420 0.5270
15680.6000 797 421 0.5282
15684.0000 798 421 0.5276
15708.0000 799 421 0.5269
15724.0000 800 421 0.5263
15746.0000 801 421 0.5256
15754.9000 801 422 0.5268
15764.0000 802 422 0.5262
15766.2000 802 423 0.5274
15782.0000 803 423 0.5268
15793.3000 803 424 0.5280
15799.0000 804 424 0.5274
15815.0000 805 424 0.5267
15838.0000 806 424 0.5261
15854.0000 807 424 0.5254
15873.0000 808 424 0.5248
15880.0000 808 425 0.5260
15891.0000 808 426 0.5272
15894.0000 809 426 0.5266
15909.0000 810 426 0.5259
15927.0000 811 426 0.5253
15948.0000 812 426 0.5246
15953.1000 812 427 0.5259
15967.0000 813 427 0.5252
15981.4000 813 428 0.5264
15990.0000 814 428 0.5258
16004.6000 814 429 0.5270
16008.1000 814 430 0.5283
16010.0000 815 430 0.5276
16027.0000 816 430 0.5270
16042.0000 817 430 0.5263
16061.0000 818 430 0.5257
16061.0000 818 431 0.5269
16080.0000 819 431 0.5263
16100.3000 819 432 0.5275
16104.0000 820 432 0.5268
16124.0000 821 432 0.5262
16139.0000 822 432 0.5255
16155.0000 823 432 0.5249
16161.4000 823 433 0.5261
16175.0000 824 433 0.5255
16196.0000 825 433 0.5248
16212.0000 826 433 0.5242
16220.0000 826 434 0.5254
16230.0000 827 434 0.5248
16245.0000 828 434 0.5242
16247.9000 828 435 0.5254
16261.0000 829 435 0.5247
16281.0000 830 435 0.5241
16301.0000 831 435 0.5235
16305.1000 831 436 0.5247
16322.0000 832 436 0.5240
16338.0000 833 436 0.5234
16357.0000 834 436 0.5228
16380.0000 835 436 0.5222
16399.0000 836 436 0.5215
16406.5000 836 437 0.5227
16412.9000 836 438 0.5239
16416.0000 837 438 0.5233
16433.0000 838 438 0.5227
16455.0000 839 438 0.5221
16471.9000 839 439 0.5232
16476.9000 839 440 0.5244
16479.0000 840 440 0.5238
16479.5000 840 441 0.5250
16491.6000 840 442 0.5262
16503.0000 841 442 0.5256
16519.2000 841 443 0.5268
16520.1000 841 444 0.5279
16526.0000 842 444 0.5273
16547.0000 843 444 0.5267
16568.0000 844 444 0.5261
16589.0000 845 444 0.5254
16594.7000 845 445 0.5266
16604.1000 845 446 0.5278
16610.0000 846 446 0.5272
16628.0000 847 446 0.5266
16632.0000 847 447 0.5277
16646.0000 848 447 0.5271
16662.0000 849 447 0.5265
16682.0000 850 447 0.5259
16691.8000 850 448 0.5271
16699.0000 851 448 0.5264
16721.7000 851 449 0.5276
16723.0000 852 449 0.5270
16745.0000 853 449 0.5264
16760.0000 854 449 0.5258
16783.0000 855 449 0.5251
16796.6000 855 450 0.5263
16800.0000 856 450 0.5257
16808.6000 856 451 0.5269
16818.0000 857 451 0.5263
16835.0000 858 451 0.5256
16852.1000 858 452 0.5268
16858.0000 859 452 0.5262
16881.0000 860 452 0.5256
16901.0000 861 452 0.5250
16917.0000 862 452 0.5244
16935.0000 863 452 0.5238
16959.0000 864 452 0.5231
16980.0000 865 452 0.5225
16987.6000 865 453 0.5237
16997.0000 866 453 0.5231
17021.0000 867 453 0.5225
17036.6000 867 454 0.5236
17040.0000 868 454 0.5230
17063.0000 869 454 0.5224
17077.3000 869 455 0.5236
17082.0000 870 455 0.5230
17105.0000 871 455 0.5224
17126.0000 872 455 0.5218
17143.0000 873 455 0.5212
17162.0000 874 455 0.5206
17181.0000 875 455 0.5200
17181.9000 875 456 0.5211
17202.0000 876 456 0.5205
17223.7000 876 457 0.5217
17225.0000 877 457 0.5211
17234.6000 877 458 0.5222
17240.0000 878 458 0.5216
17259.0000 879 458 0.5210
17278.0000 880 458 0.5205
17299.0000 881 458 0.5199
17318.0000 882 458 0.5193
17336.0000 883 458 0.5187
17338.6000 883 459 0.5198
17344.5000 883 460 0.5210
17353.0000 884 460 0.5204
17357.6000 884 461 0.5215
17370.0000 885 461 0.5209
17371.3000 885 462 0.5220
17393.6000 885 463 0.5232
17394.0000 886 463 0.5226
17406.8000 886 464 0.5237
17416.0000 887 464 0.5231
17425.9000 887 465 0.5242
17439.0000 888 465 0.5236
17454.0000 889 465 0.5231
17469.2000 889 466 0.5242
17477.0000 890 466 0.5236
17480.2000 890 467 0.5247
17497.0000 891 467 0.5241
17515.0000 892 467 0.5235
17535.0000 893 467 0.5230
17551.3000 893 468 0.5241
17558.0000 894 468 0.5235
17574.0000 895 468 0.5229
17580.1000 895 469 0.5240
17598.0000 896 469 0.5234
17619.0000 897 469 0.5229
17639.0000 898 469 0.5223
17654.0000 899 469 0.5217
17672.0000 900 469 0.5211
17690.0000 901 469 0.5205
17710.0000 902 469 0.5200
17734.0000 903 469 0.5194
17751.0000 904 469 0.5188
17774.0000 905 469 0.5182
17785.2000 905 470 0.5193
17793.0000 906 470 0.5188
17808.0000 907 470 0.5182
17814.0000 907 471 0.5193
17817.1000 907 472 0.5204
17825.4000 907 473 0.5215
17826.0000 908 473 0.5209
17835.5000 908 474 0.5220
17846.0000 909 474 0.5215
17864.0000 910 474 0.5209
17884.0000 911 474 0.5203
17899.0000 912 474 0.5197
17917.0000 913 474 0.5192
17921.4000 913 475 0.5203
17933.6000 913 476 0.5214
17934.5000 913 477 0.5225
17936.0000 914 477 0.5219
17942.3000 914 478 0.5230
17952.3000 914 479 0.5241
17958.0000 915 479 0.5235
17976.0000 916 479 0.5229
17976.3000 916 480 0.5240
18000.0000 917 480 0.5234
18012.5000 917 481 0.5245
18021.0000 918 481 0.5240
18040.0000 919 481 0.5234
18057.4000 919 482 0.5245
18059.0000 920 482 0.5239
18077.0000 921 482 0.5233
18077.5000 921 483 0.5244
18092.0000 922 483 0.5239
18095.9000 922 484 0.5249
18104.0000 922 485 0.5260
18112.1000 922 486 0.5271
18113.0000 923 486 0.5265
18132.0000 924 486 0.5260
18147.7000 924 487 0.5271
18155.0000 925 487 0.5265
18177.0000 926 487 0.5259
18190.3000 926 488 0.5270
18192.0000 927 488 0.5264
18207.8000 927 489 0.5275
18214.0000 928 489 0.5269
18221.6000 928 490 0.5280
18225.3000 928 491 0.5291
18236.0000 929 491 0.5285
18259.0000 930 491 0.5280
18275.0000 931 491 0.5274
18298.0000 932 491 0.5268
18321.0000 933 491 0.5263
18336.4000 933 492 0.5273
18340.0000 934 492 0.5268
18353.1000 934 493 0.5278
18363.2000 934 494 0.5289
18364.0000 935 494 0.5283
18383.0000 936 494 0.5278
18402.0000 937 494 0.5272
18425.0000 938 494 0.5267
18449.0000 939 494 0.5261
18459.1000 939 495 0.5272
18462.0000 939 496 0.5282
18464.3000 939 497 0.5293
18471.3000 939 498 0.5304
18471.8000 939 499 0.5314
18473.0000 940 499 0.5309
18488.0000 941 499 0.5303
18489.3000 941 500 0.5313
18507.3000 941 501 0.5324
18512.0000 942 501 0.5318
18534.0000 943 501 0.5313
18534.2000 943 502 0.5323
18549.0000 944 502 0.5318
18561.5000 944 503 0.5328
18570.0000 945 503 0.5323
18574.7000 945 504 0.5333
18578.2000 945 505 0.5344
18590.0000 946 505 0.5338
18613.0000 947 505 0.5333
18632.0000 948 505 0.5327
18653.0000 949 505 0.5321
18677.0000 950 505 0.5316
18696.0000 951 505 0.5310
18715.0000 952 505 0.5305
18738.0000 953 505 0.5299
18753.0000 954 505 0.5294
18768.0000 955 505 0.5288
18784.0000 955 506 0.5298
18786.0000 956 506 0.5293
18800.7000 956 507 0.5303
18809.0000 957 507 0.5298
18828.0000 958 507 0.5292
18841.9000 958 508 0.5303
18845.0000 959 508 0.5297
18851.0000 959 509 0.5308
18862.0000 960 509 0.5302
18884.0000 961 509 0.5297
18894.5000 961 510 0.5307
18894.6000 961 511 0.5317
18899.0000 962 511 0.5312
18922.0000 963 511 0.5306
18939.0000 964 511 0.5301
18940.4000 964 512 0.5311
18949.8000 964 513 0.5322
18956.0000 965 513 0.5316
18956.9000 965 514 0.5326
18957.8000 965 515 0.5337
18977.0000 966 515 0.5331
18990.3000 966 516 0.5342
18993.0000 967 516 0.5336
19015.0000 968 516 0.5331
19036.6000 968 517 0.5341
19037.0000 969 517 0.5335
19055.0000 970 517 0.5330
19072.0000 971 517 0.5324
19087.0000 972 517 0.5319
19090.5000 972 518 0.5329
19108.0000 973 518 0.5324
19121.3000 973 519 0.5334
19129.0000 974 519 0.5329
19151.0000 975 519 0.5323
19161.8000 975 520 0.5333
19173.0000 976 520 0.5328
19192.0000 977 520 0.5322
19211.0000 978 520 0.5317
19231.0000 979 520 0.5312
19254.0000 980 520 0.5306
19277.0000 981 520 0.5301
19301.0000 982 520 0.5295
19303.2000 982 521 0.5305
19313.4000 982 522 0.5316
19316.0000 983 522 0.5310
19318.0000 983 523 0.5320
19340.0000 984 523 0.5315
19340.2000 984 524 0.5325
19355.0000 985 524 0.5320
19373.0000 986 524 0.5314
19391.0000 987 524 0.5309
19406.0000 988 524 0.5304
19418.6000 988 525 0.5314
19423.0000 989 525 0.5308
19439.0000 990 525 0.5303
19455.0000 991 525 0.5298
19479.0000 992 525 0.5292
19497.0000 993 525 0.5287
19513.9000 993 526 0.5297
19519.3000 993 527 0.5307
19521.0000 994 527 0.5302
19531.6000 994 528 0.5312
19542.0000 995 528 0.5307
19552.8000 995 529 0.5317
19565.0000 996 529 0.5311
19575.7000 996 530 0.5321
19586.0000 997 530 0.5316
19601.0000 998 530 0.5311
19622.0000 999 530 0.5305
19641.0000 1000 530 0.5300
19656.0000 1000 531 0.5310
19660.0000 1001 531 0.5305
19677.0000 1002 531 0.5299
19692.0000 1003 531 0.5294
19703.0000 1003 532 0.5304
19716.0000 1004 532 0.5299
19739.0000 1005 532 0.5294
19740.4000 1005 533 0.5303
19755.0000 1006 533 0.5298
19770.0000 1007 533 0.5293
19783.2000 1007 534 0.5303
19792.0000 1008 534 0.5298
19815.0000 1009 534 0.5292
19816.1000 1009 535 0.5302
19826.5000 1009 536 0.5312
19828.3000 1009 537 0.5322
19833.0000 1010 537 0.5317
19852.0000 1011 537 0.5312
19876.0000 1012 537 0.5306
19891.0000 1013 537 0.5301
19893.6000 1013 538 0.5311
19908.0000 1014 538 0.5306
19924.9000 1014 539 0.5316
19932.0000 1015 539 0.5310
19956.0000 1016 539 0.5305
19970.9000 1016 540 0.5315
19976.0000 1017 540 0.5310
19978.8000 1017 541 0.5320
19981.1000 1017 542 0.5329
19998.0000 1018 542 0.5324
20019.0000 1019 542 0.5319
20025.6000 1019 543 0.5329
20034.0000 1020 543 0.5324
20039.7000 1020 544 0.5333
20054.8000 1020 545 0.5343
20057.0000 1021 545 0.5338
20066.2000 1021 546 0.5348
20075.0000 1022 546 0.5342
20086.0000 1022 547 0.5352
20088.8000 1022 548 0.5362
20094.0000 1023 548 0.5357
20097.0000 1023 549 0.5367
20108.1000 1023 550 0.5376
20118.0000 1024 550 0.5371
20135.0000 1025 550 0.5366
20157.0000 1026 550 0.5361
20179.0000 1027 550 0.5355
20197.0000 1028 550 0.5350
20201.6000 1028 551 0.5360
20202.1000 1028 552 0.5370
20211.3000 1028 553 0.5379
20221.0000 1029 553 0.5374
20232.5000 1029 554 0.5384
20237.0000 1030 554 0.5379
20259.0000 1031 554 0.5373
20276.0000 1032 554 0.5368
20293.0000 1033 554 0.5363
20293.8000 1033 555 0.5373
20308.0000 1034 555 0.5368
20327.0000 1035 555 0.5362
20349.5000 1035 556 0.5372
20350.0000 1036 556 0.5367
20366.0000 1037 556 0.5362
20372.7000 1037 557 0.5371
20385.0000 1038 557 0.5366
20401.0000 1039 557 0.5361
20409.2000 1039 558 0.5371
20421.0000 1040 558 0.5365
20437.0000 1041 558 0.5360
20461.0000 1042 558 0.5355
20462.7000 1042 559 0.5365
20485.0000 1043 559 0.5360
20508.0000 1044 559 0.5354
20532.0000 1045 559 0.5349
20533.4000 1045 560 0.5359
20550.4000 1045 561 0.5368
20552.0000 1045 562 0.5378
20554.0000 1046 562 0.5373
20576.0000 1047 562 0.5368
20594.0000 1048 562 0.5363
20611.0000 1049 562 0.5357
20611.3000 1049 563 0.5367
20635.0000 1050 563 0.5362
20635.8000 1050 564 0.5371
20655.0000 1051 564 0.5366
20673.0000 1052 564 0.5361
20691.0000 1053 564 0.5356
20706.0000 1054 564 0.5351
20724.0000 1055 564 0.5346
20735.7000 1055 565 0.5355
20744.0000 1056 565 0.5350
20766.0000 1057 565 0.5345
20766.8000 1057 566 0.5355
20782.0000 1058 566 0.5350
20798.5000 1058 567 0.5359
20800.0000 1059 567 0.5354
20821.0000 1060 567 0.5349
20837.9000 1060 568 0.5358
20839.1000 1060 569 0.5368
20844.0000 1061 569 0.5363
20857.2000 1061 570 0.5372
20857.6000 1061 571 0.5382
20858.3000 1061 572 0.5391
20863.9000 1061 573 0.5401
20864.0000 1062 573 0.5395
20876.6000 1062 574 0.5405
20888.0000 1063 574 0.5400
20900.8000 1063 575 0.5409
20901.3000 1063 576 0.5419
20911.0000 1064 576 0.5414
20922.6000 1064 577 0.5423
20931.0000 1065 577 0.5418
20952.0000 1066 577 0.5413
20968.0000 1067 577 0.5408
20969.7000 1067 578 0.5417
20978.6000 1067 579 0.5426
20979.2000 1067 580 0.5436
20981.6000 1067 581 0.5445
20987.6000 1067 582 0.5455
20990.0000 1068 582 0.5449
21005.2000 1068 583 0.5459
21007.0000 1069 583 0.5454
21008.6000 1069 584 0.5463
21021.5000 1069 585 0.5472
21031.0000 1070 585 0.5467
21055.0000 1071 585 0.5462
21067.3000 1071 586 0.5472
21077.0000 1072 586 0.5466
21078.1000 1072 587 0.5476
21081.9000 1072 588 0.5485
21092.0000 1073 588 0.5480
21096.9000 1073 589 0.5489
21097.1000 1073 590 0.5499
21098.1000 1073 591 0.5508
21116.0000 1074 591 0.5503
21123.8000 1074 592 0.5512
21126.6000 1074 593 0.5521
21132.0000 1075 593 0.5516
21148.0000 1076 593 0.5511
21166.0000 1077 593 0.5506
21184.0000 1078 593 0.5501
21189.4000 1078 594 0.5510
21204.0000 1079 594 0.5505
21223.0000 1080 594 0.5500
21225.8000 1080 595 0.5509
21235.3000 1080 596 0.5519
21239.3000 1080 597 0.5528
21247.0000 1081 597 0.5523
21271.0000 1082 597 0.5518
21292.0000 1083 597 0.5512
21309.0000 1084 597 0.5507
21319.4000 1084 598 0.5517
21325.6000 1084 599 0.5526
21327.0000 1085 599 0.5521
21338.0000 1085 600 0.5530
21351.0000 1086 600 0.5525
21352.7000 1086 601 0.5534
21368.0000 1087 601 0.5529
21369.8000 1087 602 0.5538
21387.0000 1088 602 0.5533
21388.8000 1088 603 0.5542
21407.0000 1089 603 0.5537
21423.9000 1089 604 0.5546
21424.0000 1090 604 0.5541
21444.0000 1091 604 0.5536
21463.0000 1092 604 0.5531
21475.0000 1092 605 0.5540
21483.0000 1093 605 0.5535
21497.5000 1093 606 0.5544
21505.0000 1094 606 0.5539
21516.2000 1094 607 0.5548
21523.0000 1095 607 0.5543
21539.0000 1096 607 0.5538
21551.4000 1096 608 0.5547
21551.5000 1096 609 0.5557
21552.1000 1096 610 0.5566
21556.0000 1097 610 0.5561
21563.8000 1097 611 0.5570
21577.0000 1098 611 0.5565
21599.0000 1099 611 0.5560
21615.0000 1100 611 0.5555
21632.0000 1101 611 0.5550
21648.0000 1102 611 0.5544
21648.8000 1102 612 0.5554
21664.9000 1102 613 0.5563
21665.0000 1103 613 0.5558
21689.0000 1104 613 0.5553
21707.0000 1105 613 0.5548
21713.3000 1105 614 0.5557
21731.0000 1106 614 0.5552
21755.0000 1107 614 0.5547
21777.0000 1108 614 0.5542
21794.0000 1109 614 0.5537
21818.0000 1110 614 0.5532
21837.0000 1111 614 0.5527
21845.3000 1111 615 0.5536
21847.3000 1111 616 0.5545
21851.8000 1111 617 0.5554
21860.0000 1112 617 0.5549
21872.6000 1112 618 0.5558
21883.0000 1113 618 0.5553
21898.0000 1114 618 0.5548
21916.0000 1115 618 0.5543
21939.0000 1116 618 0.5538
21949.4000 1116 619 0.5547
21960.0000 1117 619 0.5542
21971.6000 1117 620 0.5551
21976.0000 1118 620 0.5546
21999.0000 1119 620 0.5541
22022.0000 1120 620 0.5536
22041.0000 1121 620 0.5531
22061.0000 1122 620 0.5526
22078.0000 1123 620 0.5521
22101.0000 1124 620 0.5516
22107.1000 1124 621 0.5525
22121.0000 1125 621 0.5520
22140.0000 1126 621 0.5515
22152.1000 1126 622 0.5524
22159.0000 1127 622 0.5519
22165.8000 1127 623 0.5528
22183.0000 1128 623 0.5523
22199.0000 1129 623 0.5518
22218.0000 1130 623 0.5513
22242.0000 1131 623 0.5508
22251.3000 1131 624 0.5517
22263.0000 1132 624 0.5512
22281.0000 1133 624 0.5508
22304.0000 1134 624 0.5503
22311.0000 1134 625 0.5511
22320.6000 1134 626 0.5520
22322.0000 1135 626 0.5515
22346.0000 1136 626 0.5511
22363.0000 1137 626 0.5506
22363.8000 1137 627 0.5515
22385.0000 1138 627 0.5510
22388.9000 1138 628 0.5518
22405.0000 1139 628 0.5514
22420.0000 1140 628 0.5509
22429.9000 1140 629 0.5518
22444.0000 1141 629 0.5513
22445.7000 1141 630 0.5521
22464.0000 1142 630 0.5517
22482.0000 1143 630 0.5512
22500.0000 1144 630 0.5507
22521.0000 1145 630 0.5502
22543.7000 1145 631 0.5511
22544.0000 1146 631 0.5506
22560.0000 1147 631 0.5501
22571.5000 1147 632 0.5510
22578.0000 1148 632 0.5505
22595.0000 1149 632 0.5500
22613.0000 1150 632 0.5496
22628.0000 1151 632 0.5491
22648.0000 1152 632 0.5486
22661.1000 1152 633 0.5495
22666.0000 1153 633 0.5490
22681.2000 1153 634 0.5499
22682.0000 1154 634 0.5494
22682.5000 1154 635 0.5503
22698.0000 1155 635 0.5498
22713.0000 1156 635 0.5493
22735.0000 1157 635 0.5488
22753.5000 1157 636 0.5497
22754.5000 1157 637 0.5506
22758.0000 1158 637 0.5501
22779.0000 1159 637 0.5496
22799.0000 1160 637 0.5491
22820.0000 1161 637 0.5487
22823.6000 1161 638 0.5495
22826.9000 1161 639 0.5504
22835.0000 1162 639 0.5499
22845.9000 1162 640 0.5508
22850.0000 1163 640 0.5503
22853.0000 1163 641 0.5512
22858.7000 1163 642 0.5520
22860.6000 1163 643 0.5529
22869.0000 1164 643 0.5524
22891.0000 1165 643 0.5519
22891.6000 1165 644 0.5528
22893.0000 1165 645 0.5536
22913.0000 1166 645 0.5532
22917.2000 1166 646 0.5540
22928.5000 1166 647 0.5549
22931.0000 1167 647 0.5544
22943.1000 1167 648 0.5553
22954.0000 1168 648 0.5548
22971.0000 1169 648 0.5543
22991.0000 1170 648 0.5538
23007.0000 1171 648 0.5534
23031.0000 1172 648 0.5529
23039.1000 1172 649 0.5538
23047.0000 1173 649 0.5533
23047.9000 1173 650 0.5541
23070.0000 1174 650 0.5537
23079.4000 1174 651 0.5545
23085.0000 1175 651 0.5540
23106.0000 1176 651 0.5536
23111.4000 1176 652 0.5544
23127.0000 1177 652 0.5540
23134.3000 1177 653 0.5548
23149.0000 1178 653 0.5543
23165.0000 1179 653 0.5539
23179.9000 1179 654 0.5547
23180.0000 1180 654 0.5542
23185.2000 1180 655 0.5551
23198.0000 1181 655 0.5546
23214.0000 1182 655 0.5541
23238.0000 1183 655 0.5537
23248.8000 1183 656 0.5545
23252.8000 1183 657 0.5554
23254.1000 1183 658 0.5562
23258.0000 1184 658 0.5557
23280.0000 1185 658 0.5553
23295.0000 1186 658 0.5548
23304.1000 1186 659 0.5556
23319.0000 1187 659 0.5552
23339.0000 1188 659 0.5547
23352.0000 1188 660 0.5556
23360.0000 1189 660 0.5551
23361.0000 1189 661 0.5559
23377.0000 1190 661 0.5555
23393.0000 1191 661 0.5550
23409.0000 1192 661 0.5545
23428.0000 1193 661 0.5541
23429.4000 1193 662 0.5549
23445.0000 1194 662 0.5544
23450.5000 1194 663 0.5553
23463.8000 1194 664 0.5561
23464.0000 1195 664 0.5556
23466.7000 1195 665 0.5565
23482.0000 1196 665 0.5560
23498.0000 1197 665 0.5556
23499.9000 1197 666 0.5564
23516.0000 1198 666 0.5559
23528.4000 1198 667 0.5568
23532.0000 1199 667 0.5563
23547.0000 1200 667 0.5558
23558.7000 1200 668 0.5567
23567.6000 1200 669 0.5575
23568.0000 1201 669 0.5570
23577.1000 1201 670 0.5579
23589.0000 1202 670 0.5574
23613.0000 1203 670 0.5569
23614.5000 1203 671 0.5578
23629.0000 1204 671 0.5573
23647.0000 1205 671 0.5568
23660.3000 1205 672 0.5577
23662.0000 1206 672 0.5572
23681.0000 1207 672 0.5568
23695.8000 1207 673 0.5576
23702.0000 1208 673 0.5571
23710.9000 1208 674 0.5579
23722.4000 1208 675 0.5588
23726.0000 1209 675 0.5583
23726.3000 1209 676 0.5591
23733.7000 1209 677 0.5600
23741.0000 1210 677 0.5595
23760.0000 1211 677 0.5590
23778.0000 1212 677 0.5586
23782.4000 1212 678 0.5594
23798.0000 1213 678 0.5589
23817.0000 1214 678 0.5585
23837.0000 1215 678 0.5580
23843.7000 1215 679 0.5588
23846.7000 1215 680 0.5597
23859.0000 1216 680 0.5592
23868.4000 1216 681 0.5600
23874.0000 1217 681 0.5596
23895.0000 1218 681 0.5591
23915.8000 1218 682 0.5599
23916.0000 1219 682 0.5595
23926.1000 1219 683 0.5603
23937.0000 1220 683 0.5598
23961.0000 1221 683 0.5594
23981.0000 1222 683 0.5589
23985.1000 1222 684 0.5597
24004.0000 1223 684 0.5593
24026.0000 1224 684 0.5588
24037.4000 1224 685 0.5596
24043.0000 1225 685 0.5592
24045.4000 1225 686 0.5600
24062.0000 1226 686 0.5595
24077.5000 1226 687 0.5604
24079.0000 1227 687 0.5599
24095.0000 1228 687 0.5594
24110.0000 1229 687 0.5590
24134.0000 1230 687 0.5585
24144.9000 1230 688 0.5593
24149.5000 1230 689 0.5602
24157.0000 1231 689 0.5597
24179.0000 1232 689 0.5593
24189.3000 1232 690 0.5601
24203.0000 1233 690 0.5596
24222.0000 1234 690 0.5592
24235.3000 1234 691 0.5600
24245.0000 1235 691 0.5595
24262.0000 1236 691 0.5591
24267.4000 1236 692 0.5599
24286.0000 1237 692 0.5594
24299.4000 1237 693 0.5602
24305.0000 1238 693 0.5598
24326.0000 1239 693 0.5593
24334.4000 1239 694 0.5601
24336.0000 1239 695 0.5609
24349.0000 1240 695 0.5605
24368.0000 1241 695 0.5600
24379.5000 1241 696 0.5608
24383.0000 1242 696 0.5604
24407.0000 1243 696 0.5599
24422.4000 1243 697 0.5607
24427.0000 1244 697 0.5603
24445.2000 1244 698 0.5611
24447.0000 1245 698 0.5606
24468.0000 1246 698 0.5602
24468.8000 1246 699 0.5610
24473.7000 1246 700 0.5618
24482.9000 1246 701 0.5626
24490.0000 1247 701 0.5621
24498.1000 1247 702 0.5630
24514.0000 1248 702 0.5625
24530.0000 1249 702 0.5620
24539.6000 1249 703 0.5629
24553.0000 1250 703 0.5624
24562.0000 1250 704 0.5632
24568.0000 1251 704 0.5627
24568.7000 1251 705 0.5635
24591.0000 1252 705 0.5631
24602.5000 1252 706 0.5639
24607.0000 1253 706 0.5634
24624.0000 1254 706 0.5630
24641.0000 1255 706 0.5625
24656.0000 1256 706 0.5621
24668.3000 1256 707 0.5629
24677.0000 1257 707 0.5625
24693.0000 1258 707 0.5620
24712.0000 1259 707 0.5616
24728.7000 1259 708 0.5624
24736.0000 1260 708 0.5619
24751.0000 1261 708 0.5615
24768.0000 1262 708 0.5610
24774.0000 1262 709 0.5618
24790.0000 1263 709 0.5614
24809.0000 1264 709 0.5609
24824.0000 1265 709 0.5605
24828.3000 1265 710 0.5613
24832.5000 1265 711 0.5621
24844.0000 1266 711 0.5616
24867.0000 1267 711 0.5612
24883.0000 1268 711 0.5607
24903.8000 1268 712 0.5615
24906.0000 1269 712 0.5611
24921.0000 1270 712 0.5606
24945.0000 1271 712 0.5602
24950.6000 1271 713 0.5610
24963.0000 1272 713 0.5605
24980.0000 1273 713 0.5601
24999.0000 1274 713 0.5597
25015.0000 1275 713 0.5592
25026.8000 1275 714 0.5600
25029.5000 1275 715 0.5608
25034.0000 1276 715 0.5603
25055.0000 1277 715 0.5599
25074.0000 1278 715 0.5595
25095.0000 1279 715 0.5590
25096.3000 1279 716 0.5598
25107.0000 1279 717 0.5606
25116.1000 1279 718 0.5614
25118.0000 1279 719 0.5622
25119.0000 1280 719 0.5617
25138.0000 1281 719 0.5613
25162.0000 1282 719 0.5608
25183.0000 1283 719 0.5604
