# time  created  delivered  delivered/created
22.0000 1 0 0.0000
38.0000 2 0 0.0000
54.0000 3 0 0.0000
72.0000 4 0 0.0000
94.0000 5 0 0.0000
110.0000 6 0 0.0000
133.0000 7 0 0.0000
153.0000 8 0 0.0000
175.0000 9 0 0.0000
191.0000 10 0 0.0000
210.0000 11 0 0.0000
225.0000 12 0 0.0000
249.0000 13 0 0.0000
265.0000 14 0 0.0000
281.0000 15 0 0.0000
304.0000 16 0 0.0000
328.0000 17 0 0.0000
343.0000 18 0 0.0000
367.0000 19 0 0.0000
382.0000 20 0 0.0000
399.0000 21 0 0.0000
420.0000 22 0 0.0000
439.0000 23 0 0.0000
458.0000 24 0 0.0000
480.0000 25 0 0.0000
497.0000 26 0 0.0000
515.0000 27 0 0.0000
538.0000 28 0 0.0000
562.0000 29 0 0.0000
581.0000 30 0 0.0000
581.2000 30 1 0.0333
603.0000 31 1 0.0323
625.0000 32 1 0.0313
640.9000 32 2 0.0625
646.0000 33 2 0.0606
661.6000 33 3 0.0909
667.0000 34 3 0.0882
685.0000 35 3 0.0857
691.0000 35 4 0.1143
700.0000 36 4 0.1111
713.8000 36 5 0.1389
722.0000 37 5 0.1351
741.0000 38 5 0.1316
764.0000 39 5 0.1282
775.8000 39 6 0.1538
784.0000 40 6 0.1500
806.0000 41 6 0.1463
829.0000 42 6 0.1429
851.0000 43 6 0.1395
873.0000 44 6 0.1364
895.0000 45 6 0.1333
918.0000 46 6 0.1304
941.0000 47 6 0.1277
957.0000 48 6 0.1250
975.0000 49 6 0.1224
998.0000 50 6 0.1200
1018.0000 51 6 0.1176
1040.0000 52 6 0.1154
1056.0000 53 6 0.1132
1077.0000 54 6 0.1111
1096.0000 55 6 0.1091
1117.0000 56 6 0.1071
1137.0000 57 6 0.1053
1159.0000 58 6 0.1034
1179.0000 59 6 0.1017
1194.1000 59 7 0.1186
1201.0000 60 7 0.1167
1216.0000 61 7 0.1148
1225.1000 61 8 0.1311
1232.0000 62 8 0.1290
1251.0000 63 8 0.1270
1268.0000 64 8 0.1250
1287.0000 65 8 0.1231
1308.0000 66 8 0.1212
1327.0000 67 8 0.1194
1342.0000 68 8 0.1176
1364.0000 69 8 0.1159
1382.0000 69 9 0.1304
1388.0000 70 9 0.1286
1397.1000 70 10 0.1429
1407.0000 71 10 0.1408
1408.4000 71 11 0.1549
1422.0000 72 11 0.1528
1442.0000 73 11 0.1507
1464.0000 74 11 0.1486
1476.9000 74 12 0.1622
1479.0000 75 12 0.1600
1483.1000 75 13 0.1733
1500.0000 76 13 0.1711
1518.0000 77 13 0.1688
1542.0000 78 13 0.1667
1562.0000 79 13 0.1646
1577.0000 80 13 0.1625
1594.5000 80 14 0.1750
1600.0000 81 14 0.1728
1620.0000 82 14 0.1707
1637.0000 83 14 0.1687
1652.0000 84 14 0.1667
1673.0000 85 14 0.1647
1695.0000 86 14 0.1628
1707.0000 86 15 0.1744
1709.8000 86 16 0.1860
1713.0000 87 16 0.1839
1736.2000 87 17 0.1954
1737.0000 88 17 0.1932
1739.8000 88 18 0.2045
1754.9000 88 19 0.2159
1760.0000 89 19 0.2135
1781.0000 90 19 0.2111
1804.0000 91 19 0.2088
1826.0000 92 19 0.2065
1849.0000 93 19 0.2043
1850.6000 93 20 0.2151
1870.0000 94 20 0.2128
1881.2000 94 21 0.2234
1882.8000 94 22 0.2340
1883.1000 94 23 0.2447
1890.0000 95 23 0.2421
1911.0000 96 23 0.2396
1929.0000 97 23 0.2371
1948.0000 98 23 0.2347
1965.0000 99 23 0.2323
1980.0000 100 23 0.2300
2002.0000 101 23 0.2277
2024.0000 102 23 0.2255
2028.3000 102 24 0.2353
2035.6000 102 25 0.2451
2041.0000 103 25 0.2427
2064.0000 104 25 0.2404
2075.8000 104 26 0.2500
2080.0000 105 26 0.2476
2095.0000 106 26 0.2453
2115.7000 106 27 0.2547
2119.0000 107 27 0.2523
2139.0000 108 27 0.2500
2146.9000 108 28 0.2593
2161.0000 109 28 0.2569
2178.0000 110 28 0.2545
2199.0000 111 28 0.2523
2215.8000 111 29 0.2613
2222.0000 112 29 0.2589
2240.0000 113 29 0.2566
2259.0000 114 29 0.2544
2275.0000 115 29 0.2522
2295.0000 116 29 0.2500
2314.0000 117 29 0.2479
2327.2000 117 30 0.2564
2335.0000 118 30 0.2542
2354.0000 119 30 0.2521
2377.0000 120 30 0.2500
2396.0000 121 30 0.2479
2405.9000 121 31 0.2562
2411.0000 122 31 0.2541
2412.0000 122 32 0.2623
2433.0000 123 32 0.2602
2452.0000 124 32 0.2581
2460.7000 124 33 0.2661
2464.9000 124 34 0.2742
2470.9000 124 35 0.2823
2474.0000 125 35 0.2800
2496.0000 126 35 0.2778
2506.7000 126 36 0.2857
2511.0000 127 36 0.2835
2526.0000 128 36 0.2813
2546.0000 129 36 0.2791
2551.9000 129 37 0.2868
2563.0000 130 37 0.2846
2586.0000 131 37 0.2824
2601.0000 132 37 0.2803
2621.0000 133 37 0.2782
2641.0000 134 37 0.2761
2662.0000 135 37 0.2741
2678.0000 136 37 0.2721
2681.8000 136 38 0.2794
2689.6000 136 39 0.2868
2690.9000 136 40 0.2941
2693.0000 137 40 0.2920
2716.0000 138 40 0.2899
2735.0000 139 40 0.2878
2737.9000 139 41 0.2950
2740.4000 139 42 0.3022
2754.0000 140 42 0.3000
2771.0000 141 42 0.2979
2788.0000 142 42 0.2958
2807.0000 143 42 0.2937
2823.1000 143 43 0.3007
2826.1000 143 44 0.3077
2831.0000 144 44 0.3056
2837.0000 144 45 0.3125
2853.0000 145 45 0.3103
2868.0000 146 45 0.3082
2891.0000 147 45 0.3061
2911.0000 148 45 0.3041
2926.0000 149 45 0.3020
2942.0000 150 45 0.3000
2954.4000 150 46 0.3067
2962.0000 151 46 0.3046
2979.0000 152 46 0.3026
3003.0000 153 46 0.3007
3004.4000 153 47 0.3072
3024.0000 154 47 0.3052
3040.0000 155 47 0.3032
3061.0000 155 48 0.3097
3064.0000 156 48 0.3077
3065.8000 156 49 0.3141
3086.0000 157 49 0.3121
3110.0000 158 49 0.3101
3129.0000 159 49 0.3082
3147.0000 160 49 0.3063
3166.0000 161 49 0.3043
3168.6000 161 50 0.3106
3170.0000 161 51 0.3168
3190.0000 162 51 0.3148
3210.0000 163 51 0.3129
3225.0000 164 51 0.3110
3243.0000 165 51 0.3091
3260.0000 166 51 0.3072
3261.2000 166 52 0.3133
3283.0000 167 52 0.3114
3305.0000 168 52 0.3095
3321.0000 169 52 0.3077
3344.0000 170 52 0.3059
3365.0000 171 52 0.3041
3385.0000 172 52 0.3023
3408.0000 173 52 0.3006
3428.0000 174 52 0.2989
3429.2000 174 53 0.3046
3449.0000 175 53 0.3029
3454.7000 175 54 0.3086
3456.1000 175 55 0.3143
3472.0000 176 55 0.3125
3488.0000 177 55 0.3107
3511.0000 178 55 0.3090
3512.5000 178 56 0.3146
3532.4000 178 57 0.3202
3535.0000 179 57 0.3184
3552.0000 180 57 0.3167
3563.1000 180 58 0.3222
3570.0000 181 58 0.3204
3577.4000 181 59 0.3260
3581.2000 181 60 0.3315
3589.0000 182 60 0.3297
3604.0000 183 60 0.3279
3619.0000 184 60 0.3261
3638.0000 185 60 0.3243
3653.0000 186 60 0.3226
3669.0000 187 60 0.3209
3689.0000 188 60 0.3191
3712.0000 189 60 0.3175
3730.0000 190 60 0.3158
3744.1000 190 61 0.3211
3754.0000 191 61 0.3194
3771.0000 192 61 0.3177
3787.0000 193 61 0.3161
3809.0000 194 61 0.3144
3828.6000 194 62 0.3196
3832.0000 195 62 0.3179
3854.0000 196 62 0.3163
3861.3000 196 63 0.3214
3873.0000 197 63 0.3198
3895.0000 198 63 0.3182
3919.0000 199 63 0.3166
3938.0000 200 63 0.3150
3946.1000 200 64 0.3200
3955.0000 201 64 0.3184
3975.0000 202 64 0.3168
3996.0000 203 64 0.3153
4012.0000 204 64 0.3137
4026.3000 204 65 0.3186
4031.0000 205 65 0.3171
4052.0000 206 65 0.3155
4070.0000 207 65 0.3140
4094.0000 208 65 0.3125
4114.2000 208 66 0.3173
4115.0000 209 66 0.3158
4134.0000 210 66 0.3143
4153.0000 211 66 0.3128
4171.0000 212 66 0.3113
4194.0000 213 66 0.3099
4214.0000 214 66 0.3084
4221.9000 214 67 0.3131
4224.3000 214 68 0.3178
4235.0000 215 68 0.3163
4245.1000 215 69 0.3209
4251.0000 216 69 0.3194
4272.0000 217 69 0.3180
4290.0000 218 69 0.3165
4314.0000 219 69 0.3151
4325.0000 219 70 0.3196
4338.0000 220 70 0.3182
4339.6000 220 71 0.3227
4360.0000 221 71 0.3213
4364.4000 221 72 0.3258
4381.0000 222 72 0.3243
4400.0000 223 72 0.3229
4419.0000 224 72 0.3214
4419.1000 224 73 0.3259
4434.0000 225 73 0.3244
4452.4000 225 74 0.3289
4458.0000 226 74 0.3274
4476.0000 227 74 0.3260
4497.0000 228 74 0.3246
4500.7000 228 75 0.3289
4515.0000 229 75 0.3275
4537.0000 230 75 0.3261
4538.5000 230 76 0.3304
4556.0000 231 76 0.3290
4562.1000 231 77 0.3333
4580.0000 232 77 0.3319
4597.0000 233 77 0.3305
4606.5000 233 78 0.3348
4614.0000 234 78 0.3333
4634.0000 235 78 0.3319
4655.0000 236 78 0.3305
4665.1000 236 79 0.3347
4672.0000 237 79 0.3333
4689.0000 238 79 0.3319
4706.0000 239 79 0.3305
4729.0000 240 79 0.3292
4747.0000 241 79 0.3278
4762.0000 242 79 0.3264
4783.0000 243 79 0.3251
4807.0000 244 79 0.3238
4824.0000 245 79 0.3224
4848.0000 246 79 0.3211
4853.3000 246 80 0.3252
4867.0000 247 80 0.3239
4886.0000 248 80 0.3226
4909.0000 249 80 0.3213
4914.4000 249 81 0.3253
4928.0000 250 81 0.3240
4951.0000 251 81 0.3227
4966.0000 252 81 0.3214
4972.7000 252 82 0.3254
4986.0000 253 82 0.3241
4988.2000 253 83 0.3281
4991.0000 253 84 0.3320
5010.0000 254 84 0.3307
5033.0000 255 84 0.3294
5048.0000 256 84 0.3281
5072.0000 257 84 0.3268
5089.0000 258 84 0.3256
5112.0000 259 84 0.3243
5131.0000 260 84 0.3231
5151.0000 261 84 0.3218
5173.8000 261 85 0.3257
5175.0000 262 85 0.3244
5194.0000 263 85 0.3232
5210.2000 263 86 0.3270
5215.0000 264 86 0.3258
5237.0000 265 86 0.3245
5254.0000 266 86 0.3233
5269.0000 267 86 0.3221
5291.0000 268 86 0.3209
5307.0000 269 86 0.3197
5324.0000 270 86 0.3185
5339.0000 271 86 0.3173
5356.0000 272 86 0.3162
5371.0000 273 86 0.3150
5387.0000 274 86 0.3139
5395.6000 274 87 0.3175
5410.0000 275 87 0.3164
5426.0000 276 87 0.3152
5447.0000 277 87 0.3141
5464.3000 277 88 0.3177
5470.0000 278 88 0.3165
5490.0000 279 88 0.3154
5507.0000 280 88 0.3143
5528.0000 281 88 0.3132
5546.0000 282 88 0.3121
5564.0000 283 88 0.3110
5584.0000 284 88 0.3099
5607.0000 285 88 0.3088
5622.0000 285 89 0.3123
5625.0000 286 89 0.3112
5643.0000 287 89 0.3101
5665.0000 288 89 0.3090
5685.0000 289 89 0.3080
5688.2000 289 90 0.3114
5704.0000 290 90 0.3103
5724.0000 291 90 0.3093
5745.0000 292 90 0.3082
5755.6000 292 91 0.3116
5760.0000 293 91 0.3106
5778.9000 293 92 0.3140
5784.0000 294 92 0.3129
5805.0000 295 92 0.3119
5822.0000 296 92 0.3108
5841.0000 297 92 0.3098
5859.0000 298 92 0.3087
5874.0000 299 92 0.3077
5892.9000 299 93 0.3110
5893.0000 300 93 0.3100
5901.3000 300 94 0.3133
5914.0000 301 94 0.3123
5932.0000 302 94 0.3113
5947.3000 302 95 0.3146
5953.0000 303 95 0.3135
5969.0000 303 96 0.3168
5971.0000 304 96 0.3158
5981.3000 304 97 0.3191
5986.0000 305 97 0.3180
5996.7000 305 98 0.3213
6003.8000 305 99 0.3246
6008.0000 306 99 0.3235
6013.1000 306 100 0.3268
6024.0000 307 100 0.3257
6035.8000 307 101 0.3290
6041.0000 308 101 0.3279
6063.0000 309 101 0.3269
6068.1000 309 102 0.3301
6082.5000 309 103 0.3333
6087.0000 310 103 0.3323
6105.0000 311 103 0.3312
6124.0000 312 103 0.3301
6145.0000 313 103 0.3291
6166.0000 314 103 0.3280
6182.0000 315 103 0.3270
6201.0000 316 103 0.3259
6216.0000 317 103 0.3249
6231.0000 318 103 0.3239
6236.7000 318 104 0.3270
6248.0000 319 104 0.3260
6261.7000 319 105 0.3292
6267.0000 320 105 0.3281
6289.0000 321 105 0.3271
6290.0000 321 106 0.3302
6308.0000 322 106 0.3292
6318.7000 322 107 0.3323
6332.0000 323 107 0.3313
6338.9000 323 108 0.3344
6345.9000 323 109 0.3375
6355.0000 324 109 0.3364
6372.0000 325 109 0.3354
6393.0000 326 109 0.3344
6417.0000 327 109 0.3333
6434.5000 327 110 0.3364
6441.0000 328 110 0.3354
6465.0000 329 110 0.3343
6467.1000 329 111 0.3374
6486.0000 330 111 0.3364
6502.0000 331 111 0.3353
6518.0000 332 111 0.3343
6536.0000 333 111 0.3333
6555.0000 334 111 0.3323
6563.9000 334 112 0.3353
6568.6000 334 113 0.3383
6572.0000 335 113 0.3373
6591.0000 336 113 0.3363
6608.0000 337 113 0.3353
6631.0000 338 113 0.3343
6646.0000 339 113 0.3333
6665.0000 340 113 0.3324
6684.0000 341 113 0.3314
6696.4000 341 114 0.3343
6702.9000 341 115 0.3372
6708.0000 342 115 0.3363
6725.0000 343 115 0.3353
6728.9000 343 116 0.3382
6733.4000 343 117 0.3411
6745.0000 344 117 0.3401
6760.0000 345 117 0.3391
6781.0000 346 117 0.3382
6793.2000 346 118 0.3410
6800.0000 347 118 0.3401
6816.0000 348 118 0.3391
6839.0000 349 118 0.3381
6854.0000 350 118 0.3371
6874.0000 351 118 0.3362
6889.0000 352 118 0.3352
6893.6000 352 119 0.3381
6909.0000 353 119 0.3371
6930.0000 354 119 0.3362
6951.0000 355 119 0.3352
6952.7000 355 120 0.3380
6971.0000 356 120 0.3371
6995.0000 357 120 0.3361
7008.2000 357 121 0.3389
7010.0000 358 121 0.3380
7019.8000 358 122 0.3408
7021.1000 358 123 0.3436
7029.0000 359 123 0.3426
7045.6000 359 124 0.3454
7048.0000 360 124 0.3444
7071.0000 361 124 0.3435
7093.0000 362 124 0.3425
7108.0000 363 124 0.3416
7121.1000 363 125 0.3444
7130.0000 364 125 0.3434
7147.0000 365 125 0.3425
7163.0000 366 125 0.3415
7175.0000 366 126 0.3443
7177.4000 366 127 0.3470
7180.0000 367 127 0.3460
7194.7000 367 128 0.3488
7197.0000 368 128 0.3478
7197.4000 368 129 0.3505
7221.0000 369 129 0.3496
7240.0000 370 129 0.3486
7255.0000 371 129 0.3477
7261.1000 371 130 0.3504
7272.0000 372 130 0.3495
7274.0000 372 131 0.3522
7296.0000 373 131 0.3512
7314.2000 373 132 0.3539
7319.0000 374 132 0.3529
7326.9000 374 133 0.3556
7333.2000 374 134 0.3583
7335.0000 375 134 0.3573
7358.0000 376 134 0.3564
7378.0000 377 134 0.3554
7394.0000 378 134 0.3545
7411.0000 379 134 0.3536
7429.2000 379 135 0.3562
7435.0000 380 135 0.3553
7459.0000 381 135 0.3543
7480.0000 382 135 0.3534
7498.0000 383 135 0.3525
7514.0000 384 135 0.3516
7536.0000 385 135 0.3506
7559.0000 386 135 0.3497
7574.0000 387 135 0.3488
7589.8000 387 136 0.3514
7595.0000 388 136 0.3505
7613.0000 389 136 0.3496
7621.5000 389 137 0.3522
7632.0000 390 137 0.3513
7648.9000 390 138 0.3538
7656.0000 391 138 0.3529
7666.2000 391 139 0.3555
7673.0000 392 139 0.3546
7696.0000 393 139 0.3537
7713.0000 394 139 0.3528
7729.6000 394 140 0.3553
7730.0000 395 140 0.3544
7745.0000 396 140 0.3535
7749.4000 396 141 0.3561
7758.9000 396 142 0.3586
7762.0000 397 142 0.3577
7784.0000 398 142 0.3568
7804.0000 399 142 0.3559
7822.0000 400 142 0.3550
7838.1000 400 143 0.3575
7840.0000 401 143 0.3566
7858.0000 402 143 0.3557
7874.0000 403 143 0.3548
7895.0000 404 143 0.3540
7914.0000 405 143 0.3531
7922.2000 405 144 0.3556
7931.0000 406 144 0.3547
7933.7000 406 145 0.3571
7948.0000 407 145 0.3563
7972.0000 408 145 0.3554
7973.5000 408 146 0.3578
7982.8000 408 147 0.3603
7983.2000 408 148 0.3627
7987.0000 409 148 0.3619
8002.0000 410 148 0.3610
8024.0000 411 148 0.3601
8040.0000 412 148 0.3592
8041.7000 412 149 0.3617
8059.0000 413 149 0.3608
8069.1000 413 150 0.3632
8082.0000 414 150 0.3623
8084.3000 414 151 0.3647
8099.0000 415 151 0.3639
8106.6000 415 152 0.3663
8116.0000 416 152 0.3654
8122.2000 416 153 0.3678
8137.0000 417 153 0.3669
8144.6000 417 154 0.3693
8158.0000 418 154 0.3684
8173.0000 419 154 0.3675
8190.0000 420 154 0.3667
8205.0000 421 154 0.3658
8205.7000 421 155 0.3682
8222.6000 421 156 0.3705
8227.0000 422 156 0.3697
8251.0000 423 156 0.3688
8275.0000 424 156 0.3679
8297.0000 425 156 0.3671
8311.2000 425 157 0.3694
8317.0000 426 157 0.3685
8336.0000 427 157 0.3677
8359.0000 428 157 0.3668
8363.6000 428 158 0.3692
8375.0000 429 158 0.3683
8396.0000 430 158 0.3674
8414.0000 431 158 0.3666
8427.0000 431 159 0.3689
8437.0000 432 159 0.3681
8453.0000 433 159 0.3672
8454.9000 433 160 0.3695
8468.0000 434 160 0.3687
8492.0000 435 160 0.3678
8510.0000 436 160 0.3670
8525.0000 437 160 0.3661
8544.0000 438 160 0.3653
8556.0000 438 161 0.3676
8557.4000 438 162 0.3699
8566.0000 439 162 0.3690
8578.2000 439 163 0.3713
8586.0000 440 163 0.3705
8609.0000 441 163 0.3696
8625.0000 442 163 0.3688
8630.3000 442 164 0.3710
8641.3000 442 165 0.3733
8644.0000 443 165 0.3725
8663.0000 444 165 0.3716
8681.0000 445 165 0.3708
8697.0000 446 165 0.3700
8703.9000 446 166 0.3722
8706.0000 446 167 0.3744
8712.5000 446 168 0.3767
8719.0000 447 168 0.3758
8743.0000 448 168 0.3750
8755.8000 448 169 0.3772
8767.0000 449 169 0.3764
8768.0000 449 170 0.3786
8784.0000 450 170 0.3778
8800.0000 451 170 0.3769
8807.1000 451 171 0.3792
8823.0000 452 171 0.3783
8824.9000 452 172 0.3805
8839.0000 453 172 0.3797
8854.0000 454 172 0.3789
8869.0000 455 172 0.3780
8892.0000 456 172 0.3772
8911.0000 457 172 0.3764
8929.0000 458 172 0.3755
8944.0000 459 172 0.3747
8954.8000 459 173 0.3769
8955.3000 459 174 0.3791
8961.0000 460 174 0.3783
8979.0000 461 174 0.3774
8997.0000 462 174 0.3766
9009.6000 462 175 0.3788
9011.3000 462 176 0.3810
9013.0000 463 176 0.3801
9035.0000 464 176 0.3793
9055.6000 464 177 0.3815
9058.0000 465 177 0.3806
9073.0000 466 177 0.3798
9095.0000 467 177 0.3790
9119.0000 468 177 0.3782
9126.9000 468 178 0.3803
9139.8000 468 179 0.3825
9143.0000 469 179 0.3817
9145.0000 469 180 0.3838
9162.0000 470 180 0.3830
9186.0000 471 180 0.3822
9196.5000 471 181 0.3843
9209.0000 472 181 0.3835
9218.2000 472 182 0.3856
9224.0000 473 182 0.3848
9245.0000 474 182 0.3840
9253.5000 474 183 0.3861
9264.0000 475 183 0.3853
9269.4000 475 184 0.3874
9288.0000 476 184 0.3866
9305.3000 476 185 0.3887
9306.5000 476 186 0.3908
9310.0000 477 186 0.3899
9326.0000 478 186 0.3891
9341.0000 479 186 0.3883
9363.0000 479 187 0.3904
9365.0000 480 187 0.3896
9387.0000 481 187 0.3888
9392.3000 481 188 0.3909
9403.0000 482 188 0.3900
9426.0000 483 188 0.3892
9444.0000 484 188 0.3884
9456.3000 484 189 0.3905
9458.3000 484 190 0.3926
9468.0000 485 190 0.3918
9485.0000 486 190 0.3909
9503.0000 487 190 0.3901
9527.0000 488 190 0.3893
9547.0000 488 191 0.3914
9550.0000 489 191 0.3906
9563.6000 489 192 0.3926
9565.9000 489 193 0.3947
9566.1000 489 194 0.3967
9573.0000 490 194 0.3959
9591.0000 491 194 0.3951
9614.0000 492 194 0.3943
9614.2000 492 195 0.3963
9632.0000 493 195 0.3955
9653.0000 494 195 0.3947
9653.4000 494 196 0.3968
9669.0000 494 197 0.3988
9676.0000 495 197 0.3980
9693.0000 496 197 0.3972
9715.0000 497 197 0.3964
9736.0000 498 197 0.3956
9738.5000 498 198 0.3976
9750.0000 498 199 0.3996
9752.0000 499 199 0.3988
9761.5000 499 200 0.4008
9771.1000 499 201 0.4028
9776.0000 500 201 0.4020
9789.0000 500 202 0.4040
9791.7000 500 203 0.4060
9799.0000 501 203 0.4052
9821.0000 502 203 0.4044
9837.0000 503 203 0.4036
9846.7000 503 204 0.4056
9861.0000 504 204 0.4048
9879.0000 505 204 0.4040
9894.0000 506 204 0.4032
9909.0000 507 204 0.4024
9927.0000 508 204 0.4016
9946.0000 509 204 0.4008
9948.5000 509 205 0.4028
9969.0000 510 205 0.4020
9988.0000 511 205 0.4012
9995.7000 511 206 0.4031
10004.2000 511 207 0.4051
10007.0000 512 207 0.4043
10013.2000 512 208 0.4063
10024.0000 513 208 0.4055
10034.2000 513 209 0.4074
10039.7000 513 210 0.4094
10044.0000 514 210 0.4086
10050.2000 514 211 0.4105
10067.0000 515 211 0.4097
10087.0000 516 211 0.4089
10108.0000 516 212 0.4109
10111.0000 517 212 0.4101
10132.0000 518 212 0.4093
10138.5000 518 213 0.4112
10154.0000 519 213 0.4104
10177.0000 520 213 0.4096
10194.0000 521 213 0.4088
10216.0000 522 213 0.4080
10235.0000 523 213 0.4073
10257.0000 524 213 0.4065
10265.1000 524 214 0.4084
10277.0000 524 215 0.4103
10281.0000 525 215 0.4095
10292.1000 525 216 0.4114
10300.0000 526 216 0.4106
10320.0000 527 216 0.4099
10343.0000 528 216 0.4091
10358.2000 528 217 0.4110
10366.0000 529 217 0.4102
10382.0000 530 217 0.4094
10402.0000 531 217 0.4087
10423.0000 532 217 0.4079
10424.8000 532 218 0.4098
10441.0000 533 218 0.4090
10443.4000 533 219 0.4109
10461.0000 534 219 0.4101
10480.0000 535 219 0.4093
10497.0000 536 219 0.4086
10518.0000 537 219 0.4078
10537.0000 538 219 0.4071
10555.0000 539 219 0.4063
10571.0000 540 219 0.4056
10575.0000 540 220 0.4074
10591.0000 541 220 0.4067
10615.0000 542 220 0.4059
10615.7000 542 221 0.4077
10637.0000 543 221 0.4070
10645.7000 543 222 0.4088
10657.0000 544 222 0.4081
10667.4000 544 223 0.4099
10681.0000 545 223 0.4092
10703.0000 546 223 0.4084
10726.0000 547 223 0.4077
10747.4000 547 224 0.4095
10748.0000 548 224 0.4088
10768.0000 549 224 0.4080
10781.7000 549 225 0.4098
10788.0000 550 225 0.4091
10808.0000 551 225 0.4083
10809.3000 551 226 0.4102
10811.4000 551 227 0.4120
10823.0000 552 227 0.4112
10842.0000 553 227 0.4105
10866.0000 554 227 0.4097
10875.7000 554 228 0.4116
10882.3000 554 229 0.4134
10885.0000 555 229 0.4126
10892.6000 555 230 0.4144
10907.0000 556 230 0.4137
10925.0000 557 230 0.4129
10942.0000 558 230 0.4122
10945.4000 558 231 0.4140
10955.7000 558 232 0.4158
10966.0000 559 232 0.4150
10968.0000 559 233 0.4168
10983.0000 560 233 0.4161
11006.0000 561 233 0.4153
11023.0000 562 233 0.4146
11046.0000 563 233 0.4139
11068.0000 564 233 0.4131
11080.6000 564 234 0.4149
11084.0000 565 234 0.4142
11097.6000 565 235 0.4159
11098.0000 565 236 0.4177
11102.0000 566 236 0.4170
11119.1000 566 237 0.4187
11120.0000 567 237 0.4180
11143.0000 568 237 0.4173
11165.6000 568 238 0.4190
11166.0000 569 238 0.4183
11167.8000 569 239 0.4200
11173.2000 569 240 0.4218
11182.0000 570 240 0.4211
11201.0000 571 240 0.4203
11209.0000 571 241 0.4221
11218.0000 572 241 0.4213
11238.0000 573 241 0.4206
11250.8000 573 242 0.4223
11260.0000 574 242 0.4216
11280.0000 575 242 0.4209
11298.0000 576 242 0.4201
11319.0000 577 242 0.4194
11319.2000 577 243 0.4211
11343.0000 578 243 0.4204
11363.0000 579 243 0.4197
11381.0000 580 243 0.4190
11381.1000 580 244 0.4207
11405.0000 581 244 0.4200
11424.0000 582 244 0.4192
11428.1000 582 245 0.4210
11432.3000 582 246 0.4227
11443.0000 583 246 0.4220
11455.9000 583 247 0.4237
11467.0000 584 247 0.4229
11470.6000 584 248 0.4247
11491.0000 585 248 0.4239
11499.1000 585 249 0.4256
11504.5000 585 250 0.4274
11511.0000 586 250 0.4266
11514.3000 586 251 0.4283
11529.0000 587 251 0.4276
11547.0000 588 251 0.4269
11566.0000 589 251 0.4261
11584.9000 589 252 0.4278
11586.0000 590 252 0.4271
11610.0000 591 252 0.4264
11626.0000 592 252 0.4257
11632.8000 592 253 0.4274
11640.2000 592 254 0.4291
11650.0000 593 254 0.4283
11665.0000 594 254 0.4276
11680.0000 595 254 0.4269
11688.0000 595 255 0.4286
11696.0000 596 255 0.4279
11711.0000 597 255 0.4271
11731.0000 598 255 0.4264
11755.0000 599 255 0.4257
11771.0000 600 255 0.4250
11790.0000 601 255 0.4243
11794.9000 601 256 0.4260
11809.0000 602 256 0.4252
11827.0000 603 256 0.4245
11834.1000 603 257 0.4262
11851.0000 604 257 0.4255
11867.0000 605 257 0.4248
11885.0000 606 257 0.4241
11907.0000 607 257 0.4234
11929.0000 608 257 0.4227
11937.7000 608 258 0.4243
11947.9000 608 259 0.4260
11948.0000 609 259 0.4253
11960.2000 609 260 0.4269
11971.0000 610 260 0.4262
11991.2000 610 261 0.4279
11995.0000 611 261 0.4272
12012.0000 612 261 0.4265
12033.0000 613 261 0.4258
12048.0000 614 261 0.4251
12070.0000 615 261 0.4244
12073.0000 615 262 0.4260
12088.0000 616 262 0.4253
12104.0000 617 262 0.4246
12124.0000 618 262 0.4239
12145.0000 619 262 0.4233
12153.5000 619 263 0.4249
12165.0000 620 263 0.4242
12184.7000 620 264 0.4258
12189.0000 621 264 0.4251
12209.0000 622 264 0.4244
12216.0000 622 265 0.4260
12216.6000 622 266 0.4277
12218.2000 622 267 0.4293
12226.0000 623 267 0.4286
12249.0000 624 267 0.4279
12270.0000 625 267 0.4272
12286.7000 625 268 0.4288
12287.0000 626 268 0.4281
12305.0000 627 268 0.4274
12323.0000 628 268 0.4268
12330.6000 628 269 0.4283
12332.7000 628 270 0.4299
12339.0000 629 270 0.4293
12358.0000 630 270 0.4286
12375.1000 630 271 0.4302
12377.0000 631 271 0.4295
12399.0000 632 271 0.4288
12402.7000 632 272 0.4304
12421.0000 633 272 0.4297
12443.8000 633 273 0.4313
12444.0000 634 273 0.4306
12462.4000 634 274 0.4322
12463.0000 635 274 0.4315
12479.0000 636 274 0.4308
12483.1000 636 275 0.4324
12497.0000 637 275 0.4317
12518.0000 638 275 0.4310
12537.6000 638 276 0.4326
12538.0000 639 276 0.4319
12544.3000 639 277 0.4335
12556.0000 640 277 0.4328
12575.0000 641 277 0.4321
12596.0000 642 277 0.4315
12611.0000 643 277 0.4308
12615.7000 643 278 0.4323
12635.0000 644 278 0.4317
12642.9000 644 279 0.4332
12655.0000 645 279 0.4326
12672.0000 646 279 0.4319
12689.5000 646 280 0.4334
12690.6000 646 281 0.4350
12691.0000 647 281 0.4343
12702.9000 647 282 0.4359
12713.0000 648 282 0.4352
12725.8000 648 283 0.4367
12727.4000 648 284 0.4383
12730.7000 648 285 0.4398
12737.0000 649 285 0.4391
12761.0000 650 285 0.4385
12781.0000 651 285 0.4378
12798.0000 652 285 0.4371
12818.0000 653 285 0.4364
12826.6000 653 286 0.4380
12836.3000 653 287 0.4395
12839.0000 654 287 0.4388
12863.0000 655 287 0.4382
12884.0000 656 287 0.4375
12889.3000 656 288 0.4390
12901.0000 657 288 0.4384
12919.0000 658 288 0.4377
12936.0000 659 288 0.4370
12954.0000 660 288 0.4364
12971.0000 661 288 0.4357
12977.3000 661 289 0.4372
12977.4000 661 290 0.4387
12986.0000 662 290 0.4381
12986.2000 662 291 0.4396
13004.5000 662 292 0.4411
13005.2000 662 293 0.4426
13009.0000 663 293 0.4419
13029.0000 664 293 0.4413
13048.0000 665 293 0.4406
13069.0000 666 293 0.4399
13080.5000 666 294 0.4414
13082.9000 666 295 0.4429
13090.0000 667 295 0.4423
13109.7000 667 296 0.4438
13112.0000 668 296 0.4431
13132.3000 668 297 0.4446
13135.0000 669 297 0.4439
13137.9000 669 298 0.4454
13146.6000 669 299 0.4469
13148.4000 669 300 0.4484
13157.0000 670 300 0.4478
13175.0000 671 300 0.4471
13198.0000 672 300 0.4464
13222.0000 673 300 0.4458
13237.0000 674 300 0.4451
13261.0000 675 300 0.4444
13266.6000 675 301 0.4459
13279.0000 676 301 0.4453
13279.3000 676 302 0.4467
13280.5000 676 303 0.4482
13303.0000 677 303 0.4476
13327.0000 678 303 0.4469
13344.0000 679 303 0.4462
13344.0000 679 304 0.4477
13367.0000 680 304 0.4471
13385.0000 681 304 0.4464
13400.0000 682 304 0.4457
13420.1000 682 305 0.4472
13422.0000 683 305 0.4466
13436.6000 683 306 0.4480
13439.0000 684 306 0.4474
13455.9000 684 307 0.4488
13463.0000 685 307 0.4482
13485.0000 686 307 0.4475
13501.0000 687 307 0.4469
13517.9000 687 308 0.4483
13522.0000 688 308 0.4477
13543.0000 689 308 0.4470
13558.0000 690 308 0.4464
13578.0000 691 308 0.4457
13597.0000 692 308 0.4451
13601.2000 692 309 0.4465
13612.0000 693 309 0.4459
13614.5000 693 310 0.4473
13624.0000 693 311 0.4488
13633.0000 694 311 0.4481
13640.2000 694 312 0.4496
13641.6000 694 313 0.4510
13643.7000 694 314 0.4524
13654.0000 695 314 0.4518
13662.9000 695 315 0.4532
13674.0000 696 315 0.4526
13683.9000 696 316 0.4540
13689.0000 697 316 0.4534
13690.0000 697 317 0.4548
13713.0000 698 317 0.4542
13733.0000 699 317 0.4535
13750.0000 700 317 0.4529
13771.0000 701 317 0.4522
13771.6000 701 318 0.4536
13772.7000 701 319 0.4551
13787.0000 702 319 0.4544
13808.0000 703 319 0.4538
13831.0000 704 319 0.4531
13853.0000 705 319 0.4525
13874.0000 706 319 0.4518
13894.0000 707 319 0.4512
13915.0000 708 319 0.4506
13937.0000 709 319 0.4499
13939.5000 709 320 0.4513
13950.2000 709 321 0.4528
13952.0000 710 321 0.4521
13976.0000 711 321 0.4515
13978.4000 711 322 0.4529
13984.8000 711 323 0.4543
13994.0000 712 323 0.4537
14011.0000 713 323 0.4530
14016.9000 713 324 0.4544
14032.0000 714 324 0.4538
14041.4000 714 325 0.4552
14056.0000 715 325 0.4545
14071.0000 715 326 0.4559
14077.0000 716 326 0.4553
14092.0000 717 326 0.4547
14107.0000 718 326 0.4540
14123.0000 719 326 0.4534
14147.0000 720 326 0.4528
14167.0000 721 326 0.4521
14172.4000 721 327 0.4535
14180.6000 721 328 0.4549
14186.0000 722 328 0.4543
14204.0000 723 328 0.4537
14208.3000 723 329 0.4550
14225.0000 724 329 0.4544
14245.0000 725 329 0.4538
14267.0000 726 329 0.4532
14286.0000 727 329 0.4525
14290.8000 727 330 0.4539
14304.0000 728 330 0.4533
14323.0000 729 330 0.4527
14343.0000 730 330 0.4521
14363.0000 731 330 0.4514
14385.0000 732 330 0.4508
14404.0000 733 330 0.4502
14420.0000 734 330 0.4496
14433.0000 734 331 0.4510
14441.0000 735 331 0.4503
14456.0000 736 331 0.4497
14466.4000 736 332 0.4511
14475.0000 737 332 0.4505
14499.0000 738 332 0.4499
14523.0000 739 332 0.4493
14544.0000 740 332 0.4486
14551.8000 740 333 0.4500
14568.0000 741 333 0.4494
14569.4000 741 334 0.4507
14588.0000 742 334 0.4501
14603.0000 743 334 0.4495
14618.0000 744 334 0.4489
14620.8000 744 335 0.4503
14629.4000 744 336 0.4516
14639.0000 745 336 0.4510
14655.0000 746 336 0.4504
14676.0000 747 336 0.4498
14693.0000 747 337 0.4511
14696.0000 748 337 0.4505
14718.0000 749 337 0.4499
14733.2000 749 338 0.4513
14736.0000 750 338 0.4507
14746.0000 750 339 0.4520
14756.0000 751 339 0.4514
14773.0000 752 339 0.4508
14781.3000 752 340 0.4521
14790.0000 753 340 0.4515
14809.0000 754 340 0.4509
14831.0000 755 340 0.4503
14848.0000 756 340 0.4497
14867.0000 757 340 0.4491
14889.0000 758 340 0.4485
14905.0000 759 340 0.4480
14926.5000 759 341 0.4493
14927.0000 760 341 0.4487
14942.0000 761 341 0.4481
14961.0000 762 341 0.4475
14984.0000 763 341 0.4469
14999.0000 764 341 0.4463
15016.4000 764 342 0.4476
15021.0000 765 342 0.4471
15041.0000 766 342 0.4465
15058.0000 767 342 0.4459
15074.0000 768 342 0.4453
15093.0000 769 342 0.4447
15114.0000 770 342 0.4442
15132.0000 771 342 0.4436
15141.9000 771 343 0.4449
15149.0000 772 343 0.4443
15159.2000 772 344 0.4456
15172.0000 773 344 0.4450
15190.0000 774 344 0.4444
15212.0000 775 344 0.4439
15235.0000 776 344 0.4433
15256.0000 777 344 0.4427
15280.0000 778 344 0.4422
15297.0000 779 344 0.4416
15318.0000 780 344 0.4410
15336.0000 781 344 0.4405
15360.0000 782 344 0.4399
15381.0000 783 344 0.4393
15399.0000 784 344 0.4388
15406.6000 784 345 0.4401
15419.0000 785 345 0.4395
15439.2000 785 346 0.4408
15441.0000 786 346 0.4402
15442.1000 786 347 0.4415
15465.0000 787 347 0.4409
15474.2000 787 348 0.4422
15482.0000 788 348 0.4416
15490.2000 788 349 0.4429
15502.9000 788 350 0.4442
15504.0000 789 350 0.4436
15526.0000 790 350 0.4430
15536.2000 790 351 0.4443
15537.9000 790 352 0.4456
15547.0000 791 352 0.4450
15569.0000 792 352 0.4444
15591.0000 793 352 0.4439
15615.0000 794 352 0.4433
15632.0000 795 352 0.4428
15651.0000 796 352 0.4422
15666.0000 797 352 0.4417
15667.9000 797 353 0.4429
15684.0000 798 353 0.4424
15708.0000 799 353 0.4418
15724.0000 800 353 0.4413
15746.0000 801 353 0.4407
15764.0000 802 353 0.4401
15782.0000 803 353 0.4396
15782.0000 803 354 0.4408
15793.3000 803 355 0.4421
15796.2000 803 356 0.4433
15799.0000 804 356 0.4428
15804.2000 804 357 0.4440
15815.0000 805 357 0.4435
15838.0000 806 357 0.4429
15854.0000 807 357 0.4424
15873.0000 808 357 0.4418
15880.0000 808 358 0.4431
15894.0000 809 358 0.4425
15909.0000 810 358 0.4420
15927.0000 811 358 0.4414
15948.0000 812 358 0.4409
15953.1000 812 359 0.4421
15967.0000 813 359 0.4416
15990.0000 814 359 0.4410
15990.1000 814 360 0.4423
16005.4000 814 361 0.4435
16010.0000 815 361 0.4429
16027.0000 816 361 0.4424
16036.4000 816 362 0.4436
16042.0000 817 362 0.4431
16048.7000 817 363 0.4443
16056.0000 817 364 0.4455
16060.9000 817 365 0.4468
16061.0000 818 365 0.4462
16080.0000 819 365 0.4457
16104.0000 820 365 0.4451
16124.0000 821 365 0.4446
16139.0000 822 365 0.4440
16155.0000 823 365 0.4435
16175.0000 824 365 0.4430
16184.5000 824 366 0.4442
16185.4000 824 367 0.4454
16196.0000 825 367 0.4448
16201.5000 825 368 0.4461
16212.0000 826 368 0.4455
16220.0000 826 369 0.4467
16220.1000 826 370 0.4479
16230.0000 827 370 0.4474
16245.0000 828 370 0.4469
16261.0000 829 370 0.4463
16281.0000 830 370 0.4458
16301.0000 831 370 0.4452
16322.0000 832 370 0.4447
16332.7000 832 371 0.4459
16338.0000 833 371 0.4454
16344.3000 833 372 0.4466
16357.0000 834 372 0.4460
16380.0000 835 372 0.4455
16388.2000 835 373 0.4467
16399.0000 836 373 0.4462
16410.7000 836 374 0.4474
16416.0000 837 374 0.4468
16433.0000 838 374 0.4463
16455.0000 839 374 0.4458
16479.0000 840 374 0.4452
16491.6000 840 375 0.4464
16503.0000 841 375 0.4459
16520.1000 841 376 0.4471
16526.0000 842 376 0.4466
16547.0000 843 376 0.4460
16568.0000 844 376 0.4455
16584.6000 844 377 0.4467
16589.0000 845 377 0.4462
16610.0000 846 377 0.4456
16627.3000 846 378 0.4468
16628.0000 847 378 0.4463
16646.0000 848 378 0.4458
16662.0000 849 378 0.4452
16662.2000 849 379 0.4464
16682.0000 850 379 0.4459
16691.8000 850 380 0.4471
16699.0000 851 380 0.4465
16721.7000 851 381 0.4477
16723.0000 852 381 0.4472
16745.0000 853 381 0.4467
16760.0000 854 381 0.4461
16783.0000 855 381 0.4456
16800.0000 856 381 0.4451
16818.0000 857 381 0.4446
16835.0000 858 381 0.4441
16849.4000 858 382 0.4452
16858.0000 859 382 0.4447
16863.3000 859 383 0.4459
16867.7000 859 384 0.4470
16881.0000 860 384 0.4465
16901.0000 861 384 0.4460
16917.0000 862 384 0.4455
16935.0000 863 384 0.4450
16959.0000 864 384 0.4444
16978.3000 864 385 0.4456
16980.0000 865 385 0.4451
16988.1000 865 386 0.4462
16997.0000 866 386 0.4457
17001.9000 866 387 0.4469
17021.0000 867 387 0.4464
17037.2000 867 388 0.4475
17040.0000 868 388 0.4470
17063.0000 869 388 0.4465
17082.0000 870 388 0.4460
17105.0000 871 388 0.4455
17126.0000 872 388 0.4450
17143.0000 873 388 0.4444
17144.6000 873 389 0.4456
17162.0000 874 389 0.4451
17181.0000 875 389 0.4446
17194.7000 875 390 0.4457
17202.0000 876 390 0.4452
17209.0000 876 391 0.4463
17225.0000 877 391 0.4458
17240.0000 878 391 0.4453
17259.0000 879 391 0.4448
17278.0000 880 391 0.4443
17299.0000 881 391 0.4438
17318.0000 882 391 0.4433
17336.0000 883 391 0.4428
17342.8000 883 392 0.4439
17353.0000 884 392 0.4434
17358.8000 884 393 0.4446
17359.4000 884 394 0.4457
17370.0000 885 394 0.4452
17372.5000 885 395 0.4463
17376.7000 885 396 0.4475
17393.6000 885 397 0.4486
17394.0000 886 397 0.4481
17399.4000 886 398 0.4492
17416.0000 887 398 0.4487
17439.0000 888 398 0.4482
17454.0000 889 398 0.4477
17469.2000 889 399 0.4488
17477.0000 890 399 0.4483
17497.0000 891 399 0.4478
17515.0000 892 399 0.4473
17535.0000 893 399 0.4468
17558.0000 894 399 0.4463
17574.0000 895 399 0.4458
17580.1000 895 400 0.4469
17598.0000 896 400 0.4464
17619.0000 897 400 0.4459
17639.0000 898 400 0.4454
17654.0000 899 400 0.4449
17672.0000 900 400 0.4444
17690.0000 901 400 0.4440
17710.0000 902 400 0.4435
17734.0000 903 400 0.4430
17751.0000 904 400 0.4425
17774.0000 905 400 0.4420
17782.7000 905 401 0.4431
17793.0000 906 401 0.4426
17799.4000 906 402 0.4437
17808.0000 907 402 0.4432
17813.5000 907 403 0.4443
17826.0000 908 403 0.4438
17846.0000 909 403 0.4433
17864.0000 910 403 0.4429
17884.0000 911 403 0.4424
17885.3000 911 404 0.4435
17899.0000 912 404 0.4430
17917.0000 913 404 0.4425
17936.0000 914 404 0.4420
17958.0000 915 404 0.4415
17976.0000 916 404 0.4410
17976.3000 916 405 0.4421
18000.0000 917 405 0.4417
