# time  created  delivered  delivered/created
22.0000 1 0 0.0000
38.0000 2 0 0.0000
54.0000 3 0 0.0000
72.0000 4 0 0.0000
94.0000 5 0 0.0000
110.0000 6 0 0.0000
133.0000 7 0 0.0000
153.0000 8 0 0.0000
175.0000 9 0 0.0000
191.0000 10 0 0.0000
210.0000 11 0 0.0000
225.0000 12 0 0.0000
249.0000 13 0 0.0000
265.0000 14 0 0.0000
281.0000 15 0 0.0000
304.0000 16 0 0.0000
328.0000 17 0 0.0000
343.0000 18 0 0.0000
367.0000 19 0 0.0000
382.0000 20 0 0.0000
399.0000 21 0 0.0000
420.0000 22 0 0.0000
439.0000 23 0 0.0000
458.0000 24 0 0.0000
480.0000 25 0 0.0000
497.0000 26 0 0.0000
515.0000 27 0 0.0000
538.0000 28 0 0.0000
562.0000 29 0 0.0000
581.0000 30 0 0.0000
582.6000 30 1 0.0333
603.0000 31 1 0.0323
625.0000 32 1 0.0313
640.9000 32 2 0.0625
646.0000 33 2 0.0606
661.6000 33 3 0.0909
667.0000 34 3 0.0882
685.0000 35 3 0.0857
691.0000 35 4 0.1143
700.0000 36 4 0.1111
714.5000 36 5 0.1389
722.0000 37 5 0.1351
741.0000 38 5 0.1316
764.0000 39 5 0.1282
775.8000 39 6 0.1538
784.0000 40 6 0.1500
806.0000 41 6 0.1463
829.0000 42 6 0.1429
851.0000 43 6 0.1395
873.0000 44 6 0.1364
895.0000 45 6 0.1333
903.5000 45 7 0.1556
918.0000 46 7 0.1522
941.0000 47 7 0.1489
957.0000 48 7 0.1458
975.0000 49 7 0.1429
998.0000 50 7 0.1400
1018.0000 51 7 0.1373
1040.0000 52 7 0.1346
1056.0000 53 7 0.1321
1077.0000 54 7 0.1296
1096.0000 55 7 0.1273
1117.0000 56 7 0.1250
1137.0000 57 7 0.1228
1159.0000 58 7 0.1207
1179.0000 59 7 0.1186
1193.3000 59 8 0.1356
1201.0000 60 8 0.1333
1216.0000 61 8 0.1311
1225.1000 61 9 0.1475
1232.0000 62 9 0.1452
1251.0000 63 9 0.1429
1268.0000 64 9 0.1406
1287.0000 65 9 0.1385
1308.0000 66 9 0.1364
1327.0000 67 9 0.1343
1342.0000 68 9 0.1324
1364.0000 69 9 0.1304
1382.4000 69 10 0.1449
1388.0000 70 10 0.1429
1397.1000 70 11 0.1571
1407.0000 71 11 0.1549
1422.0000 72 11 0.1528
1442.0000 73 11 0.1507
1464.0000 74 11 0.1486
1475.3000 74 12 0.1622
1478.6000 74 13 0.1757
1479.0000 75 13 0.1733
1483.1000 75 14 0.1867
1500.0000 76 14 0.1842
1518.0000 77 14 0.1818
1542.0000 78 14 0.1795
1555.9000 78 15 0.1923
1562.0000 79 15 0.1899
1577.0000 80 15 0.1875
1585.3000 80 16 0.2000
1595.4000 80 17 0.2125
1600.0000 81 17 0.2099
1620.0000 82 17 0.2073
1637.0000 83 17 0.2048
1652.0000 84 17 0.2024
1673.0000 85 17 0.2000
1695.0000 86 17 0.1977
1706.4000 86 18 0.2093
1713.0000 87 18 0.2069
1736.2000 87 19 0.2184
1737.0000 88 19 0.2159
1739.4000 88 20 0.2273
1739.8000 88 21 0.2386
1760.0000 89 21 0.2360
1781.0000 90 21 0.2333
1804.0000 91 21 0.2308
1826.0000 92 21 0.2283
1849.0000 93 21 0.2258
1870.0000 94 21 0.2234
1880.0000 94 22 0.2340
1890.0000 95 22 0.2316
1911.0000 96 22 0.2292
1929.0000 97 22 0.2268
1948.0000 98 22 0.2245
1965.0000 99 22 0.2222
1980.0000 100 22 0.2200
1989.9000 100 23 0.2300
2002.0000 101 23 0.2277
2024.0000 102 23 0.2255
2035.6000 102 24 0.2353
2041.0000 103 24 0.2330
2064.0000 104 24 0.2308
2080.0000 105 24 0.2286
2095.0000 106 24 0.2264
2115.7000 106 25 0.2358
2119.0000 107 25 0.2336
2139.0000 108 25 0.2315
2142.8000 108 26 0.2407
2161.0000 109 26 0.2385
2178.0000 110 26 0.2364
2199.0000 111 26 0.2342
2217.0000 111 27 0.2432
2222.0000 112 27 0.2411
2240.0000 113 27 0.2389
2259.0000 114 27 0.2368
2275.0000 115 27 0.2348
2295.0000 116 27 0.2328
2314.0000 117 27 0.2308
2324.8000 117 28 0.2393
2335.0000 118 28 0.2373
2354.0000 119 28 0.2353
2377.0000 120 28 0.2333
2396.0000 121 28 0.2314
2411.0000 122 28 0.2295
2412.0000 122 29 0.2377
2433.0000 123 29 0.2358
2446.4000 123 30 0.2439
2452.0000 124 30 0.2419
2460.7000 124 31 0.2500
2464.9000 124 32 0.2581
2470.3000 124 33 0.2661
2474.0000 125 33 0.2640
2496.0000 126 33 0.2619
2511.0000 127 33 0.2598
2512.1000 127 34 0.2677
2526.0000 128 34 0.2656
2546.0000 129 34 0.2636
2554.0000 129 35 0.2713
2556.9000 129 36 0.2791
2563.0000 130 36 0.2769
2586.0000 131 36 0.2748
2601.0000 132 36 0.2727
2621.0000 133 36 0.2707
2641.0000 134 36 0.2687
2662.0000 135 36 0.2667
2678.0000 136 36 0.2647
2689.6000 136 37 0.2721
2690.9000 136 38 0.2794
2693.0000 137 38 0.2774
2716.0000 138 38 0.2754
2735.0000 139 38 0.2734
2741.3000 139 39 0.2806
2742.9000 139 40 0.2878
2754.0000 140 40 0.2857
2771.0000 141 40 0.2837
2788.0000 142 40 0.2817
2800.0000 142 41 0.2887
2807.0000 143 41 0.2867
2823.1000 143 42 0.2937
2831.0000 144 42 0.2917
2836.0000 144 43 0.2986
2853.0000 145 43 0.2966
2868.0000 146 43 0.2945
2891.0000 147 43 0.2925
2911.0000 148 43 0.2905
2926.0000 149 43 0.2886
2942.0000 150 43 0.2867
2954.4000 150 44 0.2933
2962.0000 151 44 0.2914
2979.0000 152 44 0.2895
3003.0000 153 44 0.2876
3004.4000 153 45 0.2941
3020.9000 153 46 0.3007
3024.0000 154 46 0.2987
3040.0000 155 46 0.2968
3059.0000 155 47 0.3032
3064.0000 156 47 0.3013
3065.8000 156 48 0.3077
3085.2000 156 49 0.3141
3086.0000 157 49 0.3121
3110.0000 158 49 0.3101
3120.2000 158 50 0.3165
3129.0000 159 50 0.3145
3129.6000 159 51 0.3208
3147.0000 160 51 0.3188
3166.0000 161 51 0.3168
3190.0000 162 51 0.3148
3210.0000 163 51 0.3129
3225.0000 164 51 0.3110
3243.0000 165 51 0.3091
3260.0000 166 51 0.3072
3261.2000 166 52 0.3133
3273.3000 166 53 0.3193
3283.0000 167 53 0.3174
3305.0000 168 53 0.3155
3321.0000 169 53 0.3136
3329.5000 169 54 0.3195
3344.0000 170 54 0.3176
3362.8000 170 55 0.3235
3365.0000 171 55 0.3216
3385.0000 172 55 0.3198
3396.5000 172 56 0.3256
3404.4000 172 57 0.3314
3408.0000 173 57 0.3295
3427.6000 173 58 0.3353
3428.0000 174 58 0.3333
3449.0000 175 58 0.3314
3459.8000 175 59 0.3371
3469.2000 175 60 0.3429
3472.0000 176 60 0.3409
3488.0000 177 60 0.3390
3511.0000 178 60 0.3371
3532.4000 178 61 0.3427
3533.2000 178 62 0.3483
3535.0000 179 62 0.3464
3547.0000 179 63 0.3520
3552.0000 180 63 0.3500
3552.7000 180 64 0.3556
3563.1000 180 65 0.3611
3569.7000 180 66 0.3667
3570.0000 181 66 0.3646
3570.9000 181 67 0.3702
3575.8000 181 68 0.3757
3589.0000 182 68 0.3736
3604.0000 183 68 0.3716
3619.0000 184 68 0.3696
3638.0000 185 68 0.3676
3653.0000 186 68 0.3656
3669.0000 187 68 0.3636
3689.0000 188 68 0.3617
3712.0000 189 68 0.3598
3730.0000 190 68 0.3579
3754.0000 191 68 0.3560
3771.0000 192 68 0.3542
3787.0000 193 68 0.3523
3809.0000 194 68 0.3505
3831.8000 194 69 0.3557
3832.0000 195 69 0.3538
3854.0000 196 69 0.3520
3873.0000 197 69 0.3503
3882.0000 197 70 0.3553
3895.0000 198 70 0.3535
3919.0000 199 70 0.3518
3938.0000 200 70 0.3500
3943.9000 200 71 0.3550
3944.4000 200 72 0.3600
3953.0000 200 73 0.3650
3955.0000 201 73 0.3632
3975.0000 202 73 0.3614
3996.0000 203 73 0.3596
4005.8000 203 74 0.3645
4012.0000 204 74 0.3627
4031.0000 205 74 0.3610
4052.0000 206 74 0.3592
4054.9000 206 75 0.3641
4059.4000 206 76 0.3689
4060.7000 206 77 0.3738
4070.0000 207 77 0.3720
4094.0000 208 77 0.3702
4111.9000 208 78 0.3750
4115.0000 209 78 0.3732
4134.0000 210 78 0.3714
4153.0000 211 78 0.3697
4171.0000 212 78 0.3679
4194.0000 213 78 0.3662
4208.3000 213 79 0.3709
4214.0000 214 79 0.3692
4235.0000 215 79 0.3674
4245.1000 215 80 0.3721
4251.0000 216 80 0.3704
4268.6000 216 81 0.3750
4272.0000 217 81 0.3733
4287.3000 217 82 0.3779
4290.0000 218 82 0.3761
4297.6000 218 83 0.3807
4314.0000 219 83 0.3790
4338.0000 220 83 0.3773
4360.0000 221 83 0.3756
4365.2000 221 84 0.3801
4381.0000 222 84 0.3784
4400.0000 223 84 0.3767
4406.0000 223 85 0.3812
4419.0000 224 85 0.3795
4419.1000 224 86 0.3839
4434.0000 225 86 0.3822
4452.4000 225 87 0.3867
4458.0000 226 87 0.3850
4463.0000 226 88 0.3894
4476.0000 227 88 0.3877
4497.0000 228 88 0.3860
4515.0000 229 88 0.3843
4537.0000 230 88 0.3826
4556.0000 231 88 0.3810
4561.4000 231 89 0.3853
4580.0000 232 89 0.3836
4597.0000 233 89 0.3820
4604.8000 233 90 0.3863
4607.8000 233 91 0.3906
4614.0000 234 91 0.3889
4634.0000 235 91 0.3872
4655.0000 236 91 0.3856
4665.1000 236 92 0.3898
4672.0000 237 92 0.3882
4689.0000 238 92 0.3866
4706.0000 239 92 0.3849
4729.0000 240 92 0.3833
4741.9000 240 93 0.3875
4747.0000 241 93 0.3859
4748.8000 241 94 0.3900
4762.0000 242 94 0.3884
4764.8000 242 95 0.3926
4783.0000 243 95 0.3909
4793.4000 243 96 0.3951
4796.3000 243 97 0.3992
4807.0000 244 97 0.3975
4808.3000 244 98 0.4016
4824.0000 245 98 0.4000
4848.0000 246 98 0.3984
4867.0000 247 98 0.3968
4873.1000 247 99 0.4008
4886.0000 248 99 0.3992
4896.5000 248 100 0.4032
4909.0000 249 100 0.4016
4914.4000 249 101 0.4056
4928.0000 250 101 0.4040
4951.0000 251 101 0.4024
4966.0000 252 101 0.4008
4972.7000 252 102 0.4048
4986.0000 253 102 0.4032
5010.0000 254 102 0.4016
5033.0000 255 102 0.4000
5048.0000 256 102 0.3984
5072.0000 257 102 0.3969
5078.6000 257 103 0.4008
5089.0000 258 103 0.3992
5112.0000 259 103 0.3977
5131.0000 260 103 0.3962
5143.8000 260 104 0.4000
5151.0000 261 104 0.3985
5175.0000 262 104 0.3969
5194.0000 263 104 0.3954
5215.0000 264 104 0.3939
5237.0000 265 104 0.3925
5238.5000 265 105 0.3962
5254.0000 266 105 0.3947
5269.0000 267 105 0.3933
5291.0000 268 105 0.3918
5307.0000 269 105 0.3903
5324.0000 270 105 0.3889
5339.0000 271 105 0.3875
5356.0000 272 105 0.3860
5371.0000 273 105 0.3846
5387.0000 274 105 0.3832
5395.6000 274 106 0.3869
5410.0000 275 106 0.3855
5410.3000 275 107 0.3891
5426.0000 276 107 0.3877
5430.3000 276 108 0.3913
5447.0000 277 108 0.3899
5470.0000 278 108 0.3885
5490.0000 279 108 0.3871
5507.0000 280 108 0.3857
5516.1000 280 109 0.3893
5528.0000 281 109 0.3879
5546.0000 282 109 0.3865
5564.0000 283 109 0.3852
5584.0000 284 109 0.3838
5589.1000 284 110 0.3873
5598.2000 284 111 0.3908
5607.0000 285 111 0.3895
5625.0000 286 111 0.3881
5643.0000 287 111 0.3868
5665.0000 288 111 0.3854
5685.0000 289 111 0.3841
5704.0000 290 111 0.3828
5724.0000 291 111 0.3814
5745.0000 292 111 0.3801
5745.2000 292 112 0.3836
5760.0000 293 112 0.3823
5771.8000 293 113 0.3857
5778.9000 293 114 0.3891
5784.0000 294 114 0.3878
5805.0000 295 114 0.3864
5822.0000 296 114 0.3851
5841.0000 297 114 0.3838
5852.6000 297 115 0.3872
5855.7000 297 116 0.3906
5859.0000 298 116 0.3893
5869.8000 298 117 0.3926
5874.0000 299 117 0.3913
5883.4000 299 118 0.3946
5893.0000 300 118 0.3933
5901.3000 300 119 0.3967
5914.0000 301 119 0.3953
5914.2000 301 120 0.3987
5932.0000 302 120 0.3974
5947.3000 302 121 0.4007
5953.0000 303 121 0.3993
5971.0000 304 121 0.3980
5986.0000 305 121 0.3967
6003.8000 305 122 0.4000
6005.1000 305 123 0.4033
6008.0000 306 123 0.4020
6010.3000 306 124 0.4052
6024.0000 307 124 0.4039
6041.0000 308 124 0.4026
6042.3000 308 125 0.4058
6063.0000 309 125 0.4045
6068.1000 309 126 0.4078
6074.6000 309 127 0.4110
6087.0000 310 127 0.4097
6105.0000 311 127 0.4084
6114.3000 311 128 0.4116
6124.0000 312 128 0.4103
6145.0000 313 128 0.4089
6166.0000 314 128 0.4076
6182.0000 315 128 0.4063
6201.0000 316 128 0.4051
6211.5000 316 129 0.4082
6216.0000 317 129 0.4069
6231.0000 318 129 0.4057
6241.3000 318 130 0.4088
6248.0000 319 130 0.4075
6261.7000 319 131 0.4107
6267.0000 320 131 0.4094
6283.4000 320 132 0.4125
6289.0000 321 132 0.4112
6308.0000 322 132 0.4099
6332.0000 323 132 0.4087
6340.0000 323 133 0.4118
6355.0000 324 133 0.4105
6372.0000 325 133 0.4092
6374.6000 325 134 0.4123
6384.7000 325 135 0.4154
6391.9000 325 136 0.4185
6393.0000 326 136 0.4172
6417.0000 327 136 0.4159
6424.2000 327 137 0.4190
6438.2000 327 138 0.4220
6441.0000 328 138 0.4207
6457.1000 328 139 0.4238
6465.0000 329 139 0.4225
6467.3000 329 140 0.4255
6486.0000 330 140 0.4242
6502.0000 331 140 0.4230
6518.0000 332 140 0.4217
6536.0000 333 140 0.4204
6546.3000 333 141 0.4234
6555.0000 334 141 0.4222
6572.0000 335 141 0.4209
6591.0000 336 141 0.4196
6608.0000 337 141 0.4184
6631.0000 338 141 0.4172
6646.0000 339 141 0.4159
6646.8000 339 142 0.4189
6665.0000 340 142 0.4176
6684.0000 341 142 0.4164
6687.9000 341 143 0.4194
6696.4000 341 144 0.4223
6708.0000 342 144 0.4211
6725.0000 343 144 0.4198
6745.0000 344 144 0.4186
6760.0000 345 144 0.4174
6780.4000 345 145 0.4203
6781.0000 346 145 0.4191
6787.5000 346 146 0.4220
6793.2000 346 147 0.4249
6800.0000 347 147 0.4236
6801.3000 347 148 0.4265
6816.0000 348 148 0.4253
6827.4000 348 149 0.4282
6839.0000 349 149 0.4269
6854.0000 350 149 0.4257
6860.0000 350 150 0.4286
6874.0000 351 150 0.4274
6889.0000 352 150 0.4261
6893.6000 352 151 0.4290
6897.1000 352 152 0.4318
6909.0000 353 152 0.4306
6930.0000 354 152 0.4294
6951.0000 355 152 0.4282
6971.0000 356 152 0.4270
6978.5000 356 153 0.4298
6995.0000 357 153 0.4286
7010.0000 358 153 0.4274
7010.9000 358 154 0.4302
7019.8000 358 155 0.4330
7029.0000 359 155 0.4318
7045.6000 359 156 0.4345
7048.0000 360 156 0.4333
7062.9000 360 157 0.4361
7071.0000 361 157 0.4349
7093.0000 362 157 0.4337
7093.3000 362 158 0.4365
7108.0000 363 158 0.4353
7111.5000 363 159 0.4380
7130.0000 364 159 0.4368
7147.0000 365 159 0.4356
7163.0000 366 159 0.4344
7176.4000 366 160 0.4372
7178.3000 366 161 0.4399
7180.0000 367 161 0.4387
7197.0000 368 161 0.4375
7221.0000 369 161 0.4363
7230.1000 369 162 0.4390
7240.0000 370 162 0.4378
7255.0000 371 162 0.4367
7272.0000 372 162 0.4355
7274.3000 372 163 0.4382
7296.0000 373 163 0.4370
7319.0000 374 163 0.4358
7333.2000 374 164 0.4385
7335.0000 375 164 0.4373
7358.0000 376 164 0.4362
7378.0000 377 164 0.4350
7394.0000 378 164 0.4339
7406.7000 378 165 0.4365
7411.0000 379 165 0.4354
7435.0000 380 165 0.4342
7459.0000 381 165 0.4331
7468.4000 381 166 0.4357
7480.0000 382 166 0.4346
7498.0000 383 166 0.4334
7514.0000 384 166 0.4323
7533.0000 384 167 0.4349
7536.0000 385 167 0.4338
7559.0000 386 167 0.4326
7574.0000 387 167 0.4315
7583.5000 387 168 0.4341
7590.5000 387 169 0.4367
7595.0000 388 169 0.4356
7613.0000 389 169 0.4344
7632.0000 390 169 0.4333
7656.0000 391 169 0.4322
7673.0000 392 169 0.4311
7696.0000 393 169 0.4300
7696.6000 393 170 0.4326
7713.0000 394 170 0.4315
7730.0000 395 170 0.4304
7745.0000 396 170 0.4293
7749.4000 396 171 0.4318
7762.0000 397 171 0.4307
7784.0000 398 171 0.4296
7804.0000 399 171 0.4286
7822.0000 400 171 0.4275
7838.1000 400 172 0.4300
7840.0000 401 172 0.4289
7858.0000 402 172 0.4279
7874.0000 403 172 0.4268
7883.6000 403 173 0.4293
7895.0000 404 173 0.4282
7907.7000 404 174 0.4307
7914.0000 405 174 0.4296
7931.0000 406 174 0.4286
7948.0000 407 174 0.4275
7960.8000 407 175 0.4300
7972.0000 408 175 0.4289
7973.5000 408 176 0.4314
7980.0000 408 177 0.4338
7986.9000 408 178 0.4363
7987.0000 409 178 0.4352
7992.4000 409 179 0.4377
8002.0000 410 179 0.4366
8018.1000 410 180 0.4390
8024.0000 411 180 0.4380
8035.2000 411 181 0.4404
8040.0000 412 181 0.4393
8041.7000 412 182 0.4417
8059.0000 413 182 0.4407
8061.2000 413 183 0.4431
8082.0000 414 183 0.4420
8099.0000 415 183 0.4410
8106.7000 415 184 0.4434
8108.6000 415 185 0.4458
8116.0000 416 185 0.4447
8137.0000 417 185 0.4436
8158.0000 418 185 0.4426
8173.0000 419 185 0.4415
8190.0000 420 185 0.4405
8205.0000 421 185 0.4394
8205.7000 421 186 0.4418
8227.0000 422 186 0.4408
8229.4000 422 187 0.4431
8233.7000 422 188 0.4455
8237.1000 422 189 0.4479
8251.0000 423 189 0.4468
8269.7000 423 190 0.4492
8270.0000 423 191 0.4515
8272.4000 423 192 0.4539
8274.6000 423 193 0.4563
8275.0000 424 193 0.4552
8284.1000 424 194 0.4575
8297.0000 425 194 0.4565
8317.0000 426 194 0.4554
8336.0000 427 194 0.4543
8359.0000 428 194 0.4533
8375.0000 429 194 0.4522
8396.0000 430 194 0.4512
8399.8000 430 195 0.4535
8414.0000 431 195 0.4524
8427.0000 431 196 0.4548
8437.0000 432 196 0.4537
8453.0000 433 196 0.4527
8462.3000 433 197 0.4550
8468.0000 434 197 0.4539
8474.6000 434 198 0.4562
8492.0000 435 198 0.4552
8510.0000 436 198 0.4541
8525.0000 437 198 0.4531
8526.5000 437 199 0.4554
8544.0000 438 199 0.4543
8566.0000 439 199 0.4533
8572.8000 439 200 0.4556
8578.2000 439 201 0.4579
8586.0000 440 201 0.4568
8591.3000 440 202 0.4591
8593.1000 440 203 0.4614
8609.0000 441 203 0.4603
8625.0000 442 203 0.4593
8634.7000 442 204 0.4615
8640.2000 442 205 0.4638
8642.1000 442 206 0.4661
8644.0000 443 206 0.4650
8663.0000 444 206 0.4640
8681.0000 445 206 0.4629
8697.0000 446 206 0.4619
8719.0000 447 206 0.4609
8727.2000 447 207 0.4631
8743.0000 448 207 0.4621
8767.0000 449 207 0.4610
8778.0000 449 208 0.4633
8784.0000 450 208 0.4622
8800.0000 451 208 0.4612
8807.2000 451 209 0.4634
8822.7000 451 210 0.4656
8823.0000 452 210 0.4646
8825.6000 452 211 0.4668
8839.0000 453 211 0.4658
8854.0000 454 211 0.4648
8869.0000 455 211 0.4637
8888.8000 455 212 0.4659
8892.0000 456 212 0.4649
8911.0000 457 212 0.4639
8929.0000 458 212 0.4629
8939.8000 458 213 0.4651
8944.0000 459 213 0.4641
8955.3000 459 214 0.4662
8955.8000 459 215 0.4684
8961.0000 460 215 0.4674
8979.0000 461 215 0.4664
8997.0000 462 215 0.4654
9006.7000 462 216 0.4675
9007.5000 462 217 0.4697
9011.3000 462 218 0.4719
9013.0000 463 218 0.4708
9026.5000 463 219 0.4730
9035.0000 464 219 0.4720
9055.6000 464 220 0.4741
9058.0000 465 220 0.4731
9073.0000 466 220 0.4721
9095.0000 467 220 0.4711
9119.0000 468 220 0.4701
9143.0000 469 220 0.4691
9151.6000 469 221 0.4712
9156.7000 469 222 0.4733
9162.0000 470 222 0.4723
9184.4000 470 223 0.4745
9186.0000 471 223 0.4735
9196.5000 471 224 0.4756
9209.0000 472 224 0.4746
9211.4000 472 225 0.4767
9215.1000 472 226 0.4788
9224.0000 473 226 0.4778
9245.0000 474 226 0.4768
9264.0000 475 226 0.4758
9288.0000 476 226 0.4748
9294.6000 476 227 0.4769
9300.8000 476 228 0.4790
9306.5000 476 229 0.4811
9306.7000 476 230 0.4832
9310.0000 477 230 0.4822
9313.6000 477 231 0.4843
9321.5000 477 232 0.4864
9326.0000 478 232 0.4854
9341.0000 479 232 0.4843
9365.0000 480 232 0.4833
9387.0000 481 232 0.4823
9396.7000 481 233 0.4844
9403.0000 482 233 0.4834
9426.0000 483 233 0.4824
9444.0000 484 233 0.4814
9450.1000 484 234 0.4835
9452.1000 484 235 0.4855
9453.7000 484 236 0.4876
9456.3000 484 237 0.4897
9468.0000 485 237 0.4887
9485.0000 486 237 0.4877
9503.0000 487 237 0.4867
9527.0000 488 237 0.4857
9550.0000 489 237 0.4847
9566.1000 489 238 0.4867
9573.0000 490 238 0.4857
9591.0000 491 238 0.4847
9614.0000 492 238 0.4837
9614.6000 492 239 0.4858
9632.0000 493 239 0.4848
9653.0000 494 239 0.4838
9669.5000 494 240 0.4858
9676.0000 495 240 0.4848
9693.0000 496 240 0.4839
9715.0000 497 240 0.4829
9736.0000 498 240 0.4819
9750.0000 498 241 0.4839
9752.0000 499 241 0.4830
9776.0000 500 241 0.4820
9790.0000 500 242 0.4840
9791.4000 500 243 0.4860
9799.0000 501 243 0.4850
9820.6000 501 244 0.4870
9821.0000 502 244 0.4861
9837.0000 503 244 0.4851
9861.0000 504 244 0.4841
9878.2000 504 245 0.4861
9879.0000 505 245 0.4851
9894.0000 506 245 0.4842
9906.5000 506 246 0.4862
9909.0000 507 246 0.4852
9920.9000 507 247 0.4872
9927.0000 508 247 0.4862
9940.0000 508 248 0.4882
9946.0000 509 248 0.4872
9947.9000 509 249 0.4892
9969.0000 510 249 0.4882
9988.0000 511 249 0.4873
10007.0000 512 249 0.4863
10009.2000 512 250 0.4883
10024.0000 513 250 0.4873
10027.1000 513 251 0.4893
10043.3000 513 252 0.4912
10044.0000 514 252 0.4903
10066.3000 514 253 0.4922
10067.0000 515 253 0.4913
10078.9000 515 254 0.4932
10087.0000 516 254 0.4922
10108.2000 516 255 0.4942
10111.0000 517 255 0.4932
10117.8000 517 256 0.4952
10132.0000 518 256 0.4942
10154.0000 519 256 0.4933
10155.9000 519 257 0.4952
10177.0000 520 257 0.4942
10194.0000 521 257 0.4933
10214.2000 521 258 0.4952
10216.0000 522 258 0.4943
10235.0000 523 258 0.4933
10257.0000 524 258 0.4924
10281.0000 525 258 0.4914
10300.0000 526 258 0.4905
10320.0000 527 258 0.4896
10335.1000 527 259 0.4915
10343.0000 528 259 0.4905
10358.2000 528 260 0.4924
10366.0000 529 260 0.4915
10374.1000 529 261 0.4934
10382.0000 530 261 0.4925
10402.0000 531 261 0.4915
10416.0000 531 262 0.4934
10423.0000 532 262 0.4925
10424.8000 532 263 0.4944
10441.0000 533 263 0.4934
10443.4000 533 264 0.4953
10461.0000 534 264 0.4944
10480.0000 535 264 0.4935
10497.0000 536 264 0.4925
10518.0000 537 264 0.4916
10522.1000 537 265 0.4935
10537.0000 538 265 0.4926
10552.3000 538 266 0.4944
10555.0000 539 266 0.4935
10571.0000 540 266 0.4926
10591.0000 541 266 0.4917
10595.7000 541 267 0.4935
10615.0000 542 267 0.4926
10637.0000 543 267 0.4917
10645.7000 543 268 0.4936
10657.0000 544 268 0.4926
10658.6000 544 269 0.4945
10667.5000 544 270 0.4963
10681.0000 545 270 0.4954
10683.4000 545 271 0.4972
10703.0000 546 271 0.4963
10726.0000 547 271 0.4954
10748.0000 548 271 0.4945
10768.0000 549 271 0.4936
10781.7000 549 272 0.4954
10788.0000 550 272 0.4945
10808.0000 551 272 0.4936
10823.0000 552 272 0.4928
10842.0000 553 272 0.4919
10857.2000 553 273 0.4937
10866.0000 554 273 0.4928
10876.3000 554 274 0.4946
10883.5000 554 275 0.4964
10885.0000 555 275 0.4955
10888.2000 555 276 0.4973
10897.5000 555 277 0.4991
10898.6000 555 278 0.5009
10907.0000 556 278 0.5000
10917.0000 556 279 0.5018
10925.0000 557 279 0.5009
10942.0000 558 279 0.5000
10966.0000 559 279 0.4991
10983.0000 560 279 0.4982
11006.0000 561 279 0.4973
11023.0000 562 279 0.4964
11039.5000 562 280 0.4982
11041.5000 562 281 0.5000
11046.0000 563 281 0.4991
11068.0000 564 281 0.4982
11079.9000 564 282 0.5000
11084.0000 565 282 0.4991
11102.0000 566 282 0.4982
11120.0000 567 282 0.4974
11126.6000 567 283 0.4991
11143.0000 568 283 0.4982
11163.9000 568 284 0.5000
11166.0000 569 284 0.4991
11182.0000 570 284 0.4982
11193.7000 570 285 0.5000
11197.9000 570 286 0.5018
11201.0000 571 286 0.5009
11206.0000 571 287 0.5026
11215.0000 571 288 0.5044
11218.0000 572 288 0.5035
11238.0000 573 288 0.5026
11250.8000 573 289 0.5044
11252.6000 573 290 0.5061
11260.0000 574 290 0.5052
11264.5000 574 291 0.5070
11280.0000 575 291 0.5061
11284.8000 575 292 0.5078
11290.4000 575 293 0.5096
11298.0000 576 293 0.5087
11319.0000 577 293 0.5078
11324.8000 577 294 0.5095
11327.9000 577 295 0.5113
11343.0000 578 295 0.5104
11363.0000 579 295 0.5095
11363.3000 579 296 0.5112
11381.0000 580 296 0.5103
11405.0000 581 296 0.5095
11424.0000 582 296 0.5086
11432.3000 582 297 0.5103
11443.0000 583 297 0.5094
11443.2000 583 298 0.5111
11450.2000 583 299 0.5129
11459.6000 583 300 0.5146
11467.0000 584 300 0.5137
11491.0000 585 300 0.5128
11511.0000 586 300 0.5119
11529.0000 587 300 0.5111
11541.7000 587 301 0.5128
11547.0000 588 301 0.5119
11566.0000 589 301 0.5110
11578.6000 589 302 0.5127
11586.0000 590 302 0.5119
11610.0000 591 302 0.5110
11611.3000 591 303 0.5127
11626.0000 592 303 0.5118
11640.2000 592 304 0.5135
11650.0000 593 304 0.5126
11665.0000 594 304 0.5118
11680.0000 595 304 0.5109
11685.7000 595 305 0.5126
11696.0000 596 305 0.5117
11711.0000 597 305 0.5109
11731.0000 598 305 0.5100
11734.8000 598 306 0.5117
11755.0000 599 306 0.5109
11771.0000 600 306 0.5100
11782.9000 600 307 0.5117
11790.0000 601 307 0.5108
11805.5000 601 308 0.5125
11809.0000 602 308 0.5116
11809.6000 602 309 0.5133
11827.0000 603 309 0.5124
11851.0000 604 309 0.5116
11867.0000 605 309 0.5107
11869.6000 605 310 0.5124
11885.0000 606 310 0.5116
11887.5000 606 311 0.5132
11892.6000 606 312 0.5149
11907.0000 607 312 0.5140
11929.0000 608 312 0.5132
11937.7000 608 313 0.5148
11948.0000 609 313 0.5140
11950.9000 609 314 0.5156
11971.0000 610 314 0.5148
11988.9000 610 315 0.5164
11989.6000 610 316 0.5180
11995.0000 611 316 0.5172
12012.0000 612 316 0.5163
12023.6000 612 317 0.5180
12029.5000 612 318 0.5196
12033.0000 613 318 0.5188
12048.0000 614 318 0.5179
12051.6000 614 319 0.5195
12052.1000 614 320 0.5212
12053.9000 614 321 0.5228
12070.0000 615 321 0.5220
12072.5000 615 322 0.5236
12073.0000 615 323 0.5252
12075.1000 615 324 0.5268
12088.0000 616 324 0.5260
12101.6000 616 325 0.5276
12104.0000 617 325 0.5267
12124.0000 618 325 0.5259
12143.8000 618 326 0.5275
12145.0000 619 326 0.5267
12153.5000 619 327 0.5283
12155.1000 619 328 0.5299
12165.0000 620 328 0.5290
12189.0000 621 328 0.5282
12209.0000 622 328 0.5273
12210.5000 622 329 0.5289
12216.6000 622 330 0.5305
12218.2000 622 331 0.5322
12220.5000 622 332 0.5338
12224.5000 622 333 0.5354
12226.0000 623 333 0.5345
12236.1000 623 334 0.5361
12249.0000 624 334 0.5353
12270.0000 625 334 0.5344
12280.1000 625 335 0.5360
12287.0000 626 335 0.5351
12304.8000 626 336 0.5367
12305.0000 627 336 0.5359
12323.0000 628 336 0.5350
12329.4000 628 337 0.5366
12335.4000 628 338 0.5382
12339.0000 629 338 0.5374
12357.9000 629 339 0.5390
12358.0000 630 339 0.5381
12377.0000 631 339 0.5372
12389.5000 631 340 0.5388
12399.0000 632 340 0.5380
12402.7000 632 341 0.5396
12421.0000 633 341 0.5387
12444.0000 634 341 0.5379
12463.0000 635 341 0.5370
12479.0000 636 341 0.5362
12496.3000 636 342 0.5377
12497.0000 637 342 0.5369
12518.0000 638 342 0.5361
12538.0000 639 342 0.5352
12544.7000 639 343 0.5368
12556.0000 640 343 0.5359
12575.0000 641 343 0.5351
12596.0000 642 343 0.5343
12611.0000 643 343 0.5334
12635.0000 644 343 0.5326
12641.8000 644 344 0.5342
12655.0000 645 344 0.5333
12668.1000 645 345 0.5349
12669.4000 645 346 0.5364
12672.0000 646 346 0.5356
12679.7000 646 347 0.5372
12691.0000 647 347 0.5363
12704.4000 647 348 0.5379
12713.0000 648 348 0.5370
12723.7000 648 349 0.5386
12725.8000 648 350 0.5401
12727.4000 648 351 0.5417
12737.0000 649 351 0.5408
12761.0000 650 351 0.5400
12781.0000 651 351 0.5392
12798.0000 652 351 0.5383
12818.0000 653 351 0.5375
12830.3000 653 352 0.5391
12836.7000 653 353 0.5406
12839.0000 654 353 0.5398
12863.0000 655 353 0.5389
12884.0000 656 353 0.5381
12901.0000 657 353 0.5373
12919.0000 658 353 0.5365
12935.3000 658 354 0.5380
12936.0000 659 354 0.5372
12954.0000 660 354 0.5364
12971.0000 661 354 0.5356
12976.7000 661 355 0.5371
12986.0000 662 355 0.5363
13009.0000 663 355 0.5354
13010.3000 663 356 0.5370
13029.0000 664 356 0.5361
13042.4000 664 357 0.5377
13048.0000 665 357 0.5368
13069.0000 666 357 0.5360
13071.4000 666 358 0.5375
13079.8000 666 359 0.5390
13080.5000 666 360 0.5405
13082.6000 666 361 0.5420
13090.0000 667 361 0.5412
13097.1000 667 362 0.5427
13097.2000 667 363 0.5442
13112.0000 668 363 0.5434
13132.3000 668 364 0.5449
13135.0000 669 364 0.5441
13146.6000 669 365 0.5456
13157.0000 670 365 0.5448
13175.0000 671 365 0.5440
13187.8000 671 366 0.5455
13198.0000 672 366 0.5446
13202.3000 672 367 0.5461
13222.0000 673 367 0.5453
13237.0000 674 367 0.5445
13261.0000 675 367 0.5437
13279.0000 676 367 0.5429
13290.8000 676 368 0.5444
13303.0000 677 368 0.5436
13327.0000 678 368 0.5428
13344.0000 679 368 0.5420
13344.0000 679 369 0.5434
13367.0000 680 369 0.5426
13373.1000 680 370 0.5441
13382.6000 680 371 0.5456
13385.0000 681 371 0.5448
13400.0000 682 371 0.5440
13422.0000 683 371 0.5432
13436.6000 683 372 0.5447
13439.0000 684 372 0.5439
13463.0000 685 372 0.5431
13485.0000 686 372 0.5423
13501.0000 687 372 0.5415
13522.0000 688 372 0.5407
13543.0000 689 372 0.5399
13558.0000 690 372 0.5391
13562.1000 690 373 0.5406
13567.9000 690 374 0.5420
13578.0000 691 374 0.5412
13590.7000 691 375 0.5427
13597.0000 692 375 0.5419
13600.2000 692 376 0.5434
13601.2000 692 377 0.5448
13605.2000 692 378 0.5462
13612.0000 693 378 0.5455
13622.2000 693 379 0.5469
13626.0000 693 380 0.5483
13633.0000 694 380 0.5476
13654.0000 695 380 0.5468
13674.0000 696 380 0.5460
13681.0000 696 381 0.5474
13689.0000 697 381 0.5466
13692.9000 697 382 0.5481
13705.3000 697 383 0.5495
13713.0000 698 383 0.5487
13733.0000 699 383 0.5479
13735.4000 699 384 0.5494
13750.0000 700 384 0.5486
13771.0000 701 384 0.5478
13771.7000 701 385 0.5492
13772.6000 701 386 0.5506
13787.0000 702 386 0.5499
13808.0000 703 386 0.5491
13812.8000 703 387 0.5505
13831.0000 704 387 0.5497
13853.0000 705 387 0.5489
13874.0000 706 387 0.5482
13894.0000 707 387 0.5474
13915.0000 708 387 0.5466
13937.0000 709 387 0.5458
13952.0000 710 387 0.5451
13957.6000 710 388 0.5465
13976.0000 711 388 0.5457
13994.0000 712 388 0.5449
14011.0000 713 388 0.5442
14028.3000 713 389 0.5456
14032.0000 714 389 0.5448
14038.1000 714 390 0.5462
14046.8000 714 391 0.5476
14056.0000 715 391 0.5469
14071.0000 715 392 0.5483
14077.0000 716 392 0.5475
14092.0000 717 392 0.5467
14107.0000 718 392 0.5460
14108.3000 718 393 0.5474
14123.0000 719 393 0.5466
14147.0000 720 393 0.5458
14166.1000 720 394 0.5472
14167.0000 721 394 0.5465
14186.0000 722 394 0.5457
14204.0000 723 394 0.5450
14225.0000 724 394 0.5442
14245.0000 725 394 0.5434
14267.0000 726 394 0.5427
14282.5000 726 395 0.5441
14286.0000 727 395 0.5433
14304.0000 728 395 0.5426
14315.6000 728 396 0.5440
14316.5000 728 397 0.5453
14323.0000 729 397 0.5446
14343.0000 730 397 0.5438
14363.0000 731 397 0.5431
14385.0000 732 397 0.5423
14404.0000 733 397 0.5416
14420.0000 734 397 0.5409
14434.2000 734 398 0.5422
14440.5000 734 399 0.5436
14441.0000 735 399 0.5429
14456.0000 736 399 0.5421
14466.4000 736 400 0.5435
14474.2000 736 401 0.5448
14475.0000 737 401 0.5441
14499.0000 738 401 0.5434
14523.0000 739 401 0.5426
14544.0000 740 401 0.5419
14568.0000 741 401 0.5412
14588.0000 742 401 0.5404
14597.0000 742 402 0.5418
14603.0000 743 402 0.5410
14617.5000 743 403 0.5424
14618.0000 744 403 0.5417
14629.2000 744 404 0.5430
14629.4000 744 405 0.5444
14639.0000 745 405 0.5436
14655.0000 746 405 0.5429
14676.0000 747 405 0.5422
14696.0000 748 405 0.5414
14718.0000 749 405 0.5407
14723.7000 749 406 0.5421
14736.0000 750 406 0.5413
14746.0000 750 407 0.5427
14756.0000 751 407 0.5419
14773.0000 752 407 0.5412
14790.0000 753 407 0.5405
14797.1000 753 408 0.5418
14809.0000 754 408 0.5411
14831.0000 755 408 0.5404
14848.0000 756 408 0.5397
14854.0000 756 409 0.5410
14860.2000 756 410 0.5423
14867.0000 757 410 0.5416
14886.9000 757 411 0.5429
14889.0000 758 411 0.5422
14897.0000 758 412 0.5435
14905.0000 759 412 0.5428
14927.0000 760 412 0.5421
14942.0000 761 412 0.5414
14961.0000 762 412 0.5407
14975.8000 762 413 0.5420
14984.0000 763 413 0.5413
14991.4000 763 414 0.5426
14999.0000 764 414 0.5419
15021.0000 765 414 0.5412
15030.4000 765 415 0.5425
15030.8000 765 416 0.5438
15032.8000 765 417 0.5451
15035.7000 765 418 0.5464
15041.0000 766 418 0.5457
15058.0000 767 418 0.5450
15074.0000 768 418 0.5443
15089.2000 768 419 0.5456
15093.0000 769 419 0.5449
15114.0000 770 419 0.5442
15132.0000 771 419 0.5435
15149.0000 772 419 0.5427
15172.0000 773 419 0.5420
15190.0000 774 419 0.5413
15212.0000 775 419 0.5406
15235.0000 776 419 0.5399
15256.0000 777 419 0.5393
15266.0000 777 420 0.5405
15280.0000 778 420 0.5398
15290.0000 778 421 0.5411
15297.0000 779 421 0.5404
15318.0000 780 421 0.5397
15336.0000 781 421 0.5391
15360.0000 782 421 0.5384
15381.0000 783 421 0.5377
15399.0000 784 421 0.5370
15419.0000 785 421 0.5363
15439.2000 785 422 0.5376
15441.0000 786 422 0.5369
15459.3000 786 423 0.5382
15465.0000 787 423 0.5375
15474.2000 787 424 0.5388
15482.0000 788 424 0.5381
15494.7000 788 425 0.5393
15504.0000 789 425 0.5387
15517.2000 789 426 0.5399
15526.0000 790 426 0.5392
15538.7000 790 427 0.5405
15538.8000 790 428 0.5418
15547.0000 791 428 0.5411
15569.0000 792 428 0.5404
15583.0000 792 429 0.5417
15591.0000 793 429 0.5410
15615.0000 794 429 0.5403
15632.0000 795 429 0.5396
15646.2000 795 430 0.5409
15651.0000 796 430 0.5402
15666.0000 797 430 0.5395
15684.0000 798 430 0.5388
15708.0000 799 430 0.5382
15724.0000 800 430 0.5375
15743.0000 800 431 0.5388
15746.0000 801 431 0.5381
15764.0000 802 431 0.5374
15772.1000 802 432 0.5387
15780.2000 802 433 0.5399
15782.0000 803 433 0.5392
15793.3000 803 434 0.5405
15799.0000 804 434 0.5398
15815.0000 805 434 0.5391
15838.0000 806 434 0.5385
15854.0000 807 434 0.5378
15873.0000 808 434 0.5371
15880.0000 808 435 0.5384
15894.0000 809 435 0.5377
15909.0000 810 435 0.5370
15924.6000 810 436 0.5383
15925.0000 810 437 0.5395
15927.0000 811 437 0.5388
15948.0000 812 437 0.5382
15953.1000 812 438 0.5394
15967.0000 813 438 0.5387
15981.4000 813 439 0.5400
15990.0000 814 439 0.5393
16004.6000 814 440 0.5405
16005.7000 814 441 0.5418
16010.0000 815 441 0.5411
16027.0000 816 441 0.5404
16028.1000 816 442 0.5417
16042.0000 817 442 0.5410
16060.9000 817 443 0.5422
16061.0000 818 443 0.5416
16080.0000 819 443 0.5409
16089.7000 819 444 0.5421
16104.0000 820 444 0.5415
16124.0000 821 444 0.5408
16139.0000 822 444 0.5401
16155.0000 823 444 0.5395
16167.3000 823 445 0.5407
16175.0000 824 445 0.5400
16196.0000 825 445 0.5394
16199.9000 825 446 0.5406
16212.0000 826 446 0.5400
16220.0000 826 447 0.5412
16230.0000 827 447 0.5405
16232.5000 827 448 0.5417
16245.0000 828 448 0.5411
16250.6000 828 449 0.5423
16261.0000 829 449 0.5416
16281.0000 830 449 0.5410
16301.0000 831 449 0.5403
16322.0000 832 449 0.5397
16330.1000 832 450 0.5409
16338.0000 833 450 0.5402
16357.0000 834 450 0.5396
16369.6000 834 451 0.5408
16380.0000 835 451 0.5401
16388.5000 835 452 0.5413
16399.0000 836 452 0.5407
16414.0000 836 453 0.5419
16416.0000 837 453 0.5412
16433.0000 838 453 0.5406
16433.6000 838 454 0.5418
16455.0000 839 454 0.5411
16479.0000 840 454 0.5405
16503.0000 841 454 0.5398
16520.1000 841 455 0.5410
16526.0000 842 455 0.5404
16547.0000 843 455 0.5397
16568.0000 844 455 0.5391
16589.0000 845 455 0.5385
16610.0000 846 455 0.5378
16612.2000 846 456 0.5390
16628.0000 847 456 0.5384
16628.2000 847 457 0.5396
16628.9000 847 458 0.5407
16630.1000 847 459 0.5419
16646.0000 848 459 0.5413
16662.0000 849 459 0.5406
16666.9000 849 460 0.5418
16682.0000 850 460 0.5412
16699.0000 851 460 0.5405
16721.7000 851 461 0.5417
16723.0000 852 461 0.5411
16745.0000 853 461 0.5404
16760.0000 854 461 0.5398
16783.0000 855 461 0.5392
16784.2000 855 462 0.5404
16800.0000 856 462 0.5397
16802.4000 856 463 0.5409
16818.0000 857 463 0.5403
16835.0000 858 463 0.5396
16852.1000 858 464 0.5408
16858.0000 859 464 0.5402
16873.9000 859 465 0.5413
16881.0000 860 465 0.5407
16895.6000 860 466 0.5419
16901.0000 861 466 0.5412
16917.0000 862 466 0.5406
16935.0000 863 466 0.5400
16959.0000 864 466 0.5394
16980.0000 865 466 0.5387
16988.1000 865 467 0.5399
16997.0000 866 467 0.5393
17021.0000 867 467 0.5386
17030.5000 867 468 0.5398
17040.0000 868 468 0.5392
17063.0000 869 468 0.5386
17082.0000 870 468 0.5379
17086.0000 870 469 0.5391
17105.0000 871 469 0.5385
17114.5000 871 470 0.5396
17126.0000 872 470 0.5390
17143.0000 873 470 0.5384
17162.0000 874 470 0.5378
17181.0000 875 470 0.5371
17202.0000 876 470 0.5365
17224.8000 876 471 0.5377
17225.0000 877 471 0.5371
17240.0000 878 471 0.5364
17259.0000 879 471 0.5358
17278.0000 880 471 0.5352
17299.0000 881 471 0.5346
17318.0000 882 471 0.5340
17336.0000 883 471 0.5334
17338.2000 883 472 0.5345
17353.0000 884 472 0.5339
17357.6000 884 473 0.5351
17370.0000 885 473 0.5345
17371.3000 885 474 0.5356
17393.6000 885 475 0.5367
17394.0000 886 475 0.5361
17403.6000 886 476 0.5372
17416.0000 887 476 0.5366
17439.0000 888 476 0.5360
17454.0000 889 476 0.5354
17469.2000 889 477 0.5366
17472.7000 889 478 0.5377
17477.0000 890 478 0.5371
17493.9000 890 479 0.5382
17497.0000 891 479 0.5376
17515.0000 892 479 0.5370
17535.0000 893 479 0.5364
17558.0000 894 479 0.5358
17574.0000 895 479 0.5352
17598.0000 896 479 0.5346
17619.0000 897 479 0.5340
17635.2000 897 480 0.5351
17639.0000 898 480 0.5345
17654.0000 899 480 0.5339
17672.0000 900 480 0.5333
17690.0000 901 480 0.5327
17710.0000 902 480 0.5322
17729.9000 902 481 0.5333
17734.0000 903 481 0.5327
17751.0000 904 481 0.5321
17751.5000 904 482 0.5332
17774.0000 905 482 0.5326
17793.0000 906 482 0.5320
17808.0000 907 482 0.5314
17813.6000 907 483 0.5325
17816.7000 907 484 0.5336
17826.0000 908 484 0.5330
17839.0000 908 485 0.5341
17846.0000 909 485 0.5336
17864.0000 910 485 0.5330
17884.0000 911 485 0.5324
17899.0000 912 485 0.5318
17917.0000 913 485 0.5312
17933.2000 913 486 0.5323
17934.5000 913 487 0.5334
17936.0000 914 487 0.5328
17936.1000 914 488 0.5339
17951.1000 914 489 0.5350
17958.0000 915 489 0.5344
17976.0000 916 489 0.5338
18000.0000 917 489 0.5333
