# time  created  delivered  delivered/created
22.0000 1 0 0.0000
38.0000 2 0 0.0000
54.0000 3 0 0.0000
72.0000 4 0 0.0000
94.0000 5 0 0.0000
110.0000 6 0 0.0000
133.0000 7 0 0.0000
153.0000 8 0 0.0000
175.0000 9 0 0.0000
191.0000 10 0 0.0000
210.0000 11 0 0.0000
225.0000 12 0 0.0000
249.0000 13 0 0.0000
265.0000 14 0 0.0000
281.0000 15 0 0.0000
304.0000 16 0 0.0000
328.0000 17 0 0.0000
343.0000 18 0 0.0000
367.0000 19 0 0.0000
382.0000 20 0 0.0000
399.0000 21 0 0.0000
420.0000 22 0 0.0000
439.0000 23 0 0.0000
458.0000 24 0 0.0000
480.0000 25 0 0.0000
497.0000 26 0 0.0000
515.0000 27 0 0.0000
538.0000 28 0 0.0000
562.0000 29 0 0.0000
581.0000 30 0 0.0000
581.2000 30 1 0.0333
603.0000 31 1 0.0323
625.0000 32 1 0.0313
642.8000 32 2 0.0625
646.0000 33 2 0.0606
661.6000 33 3 0.0909
667.0000 34 3 0.0882
685.0000 35 3 0.0857
691.0000 35 4 0.1143
700.0000 36 4 0.1111
713.7000 36 5 0.1389
722.0000 37 5 0.1351
741.0000 38 5 0.1316
764.0000 39 5 0.1282
773.6000 39 6 0.1538
784.0000 40 6 0.1500
806.0000 41 6 0.1463
829.0000 42 6 0.1429
851.0000 43 6 0.1395
873.0000 44 6 0.1364
895.0000 45 6 0.1333
918.0000 46 6 0.1304
935.7000 46 7 0.1522
941.0000 47 7 0.1489
957.0000 48 7 0.1458
975.0000 49 7 0.1429
998.0000 50 7 0.1400
1018.0000 51 7 0.1373
1040.0000 52 7 0.1346
1056.0000 53 7 0.1321
1077.0000 54 7 0.1296
1096.0000 55 7 0.1273
1117.0000 56 7 0.1250
1137.0000 57 7 0.1228
1159.0000 58 7 0.1207
1179.0000 59 7 0.1186
1193.3000 59 8 0.1356
1201.0000 60 8 0.1333
1216.0000 61 8 0.1311
1225.2000 61 9 0.1475
1226.1000 61 10 0.1639
1232.0000 62 10 0.1613
1251.0000 63 10 0.1587
1268.0000 64 10 0.1563
1287.0000 65 10 0.1538
1308.0000 66 10 0.1515
1327.0000 67 10 0.1493
1342.0000 68 10 0.1471
1364.0000 69 10 0.1449
1381.1000 69 11 0.1594
1388.0000 70 11 0.1571
1397.1000 70 12 0.1714
1407.0000 71 12 0.1690
1422.0000 72 12 0.1667
1442.0000 73 12 0.1644
1464.0000 74 12 0.1622
1475.9000 74 13 0.1757
1478.4000 74 14 0.1892
1479.0000 75 14 0.1867
1483.1000 75 15 0.2000
1500.0000 76 15 0.1974
1518.0000 77 15 0.1948
1542.0000 78 15 0.1923
1562.0000 79 15 0.1899
1577.0000 80 15 0.1875
1585.3000 80 16 0.2000
1594.5000 80 17 0.2125
1600.0000 81 17 0.2099
1620.0000 82 17 0.2073
1637.0000 83 17 0.2048
1652.0000 84 17 0.2024
1673.0000 85 17 0.2000
1695.0000 86 17 0.1977
1703.1000 86 18 0.2093
1706.4000 86 19 0.2209
1713.0000 87 19 0.2184
1736.2000 87 20 0.2299
1737.0000 87 21 0.2414
1737.0000 88 21 0.2386
1739.4000 88 22 0.2500
1739.8000 88 23 0.2614
1760.0000 89 23 0.2584
1781.0000 90 23 0.2556
1804.0000 91 23 0.2527
1826.0000 92 23 0.2500
1849.0000 93 23 0.2473
1870.0000 94 23 0.2447
1880.0000 94 24 0.2553
1882.8000 94 25 0.2660
1890.0000 95 25 0.2632
1911.0000 96 25 0.2604
1929.0000 97 25 0.2577
1948.0000 98 25 0.2551
1965.0000 99 25 0.2525
1980.0000 100 25 0.2500
1991.4000 100 26 0.2600
2002.0000 101 26 0.2574
2024.0000 102 26 0.2549
2035.6000 102 27 0.2647
2041.0000 103 27 0.2621
2064.0000 104 27 0.2596
2080.0000 105 27 0.2571
2095.0000 106 27 0.2547
2119.0000 107 27 0.2523
2139.0000 108 27 0.2500
2143.6000 108 28 0.2593
2161.0000 109 28 0.2569
2178.0000 110 28 0.2545
2199.0000 111 28 0.2523
2217.0000 111 29 0.2613
2222.0000 112 29 0.2589
2240.0000 113 29 0.2566
2256.4000 113 30 0.2655
2259.0000 114 30 0.2632
2275.0000 115 30 0.2609
2295.0000 116 30 0.2586
2314.0000 117 30 0.2564
2326.3000 117 31 0.2650
2335.0000 118 31 0.2627
2354.0000 119 31 0.2605
2377.0000 120 31 0.2583
2396.0000 121 31 0.2562
2411.0000 122 31 0.2541
2412.0000 122 32 0.2623
2433.0000 123 32 0.2602
2452.0000 124 32 0.2581
2460.7000 124 33 0.2661
2461.2000 124 34 0.2742
2464.9000 124 35 0.2823
2470.4000 124 36 0.2903
2474.0000 125 36 0.2880
2490.0000 125 37 0.2960
2496.0000 126 37 0.2937
2511.0000 127 37 0.2913
2526.0000 128 37 0.2891
2546.0000 129 37 0.2868
2554.8000 129 38 0.2946
2563.0000 130 38 0.2923
2586.0000 131 38 0.2901
2601.0000 132 38 0.2879
2621.0000 133 38 0.2857
2641.0000 134 38 0.2836
2654.8000 134 39 0.2910
2662.0000 135 39 0.2889
2678.0000 136 39 0.2868
2689.6000 136 40 0.2941
2690.0000 136 41 0.3015
2693.0000 137 41 0.2993
2716.0000 138 41 0.2971
2729.2000 138 42 0.3043
2735.0000 139 42 0.3022
2741.3000 139 43 0.3094
2742.9000 139 44 0.3165
2754.0000 140 44 0.3143
2771.0000 141 44 0.3121
2788.0000 142 44 0.3099
2800.0000 142 45 0.3169
2807.0000 143 45 0.3147
2823.3000 143 46 0.3217
2831.0000 144 46 0.3194
2838.8000 144 47 0.3264
2853.0000 145 47 0.3241
2868.0000 146 47 0.3219
2891.0000 147 47 0.3197
2899.2000 147 48 0.3265
2911.0000 148 48 0.3243
2926.0000 149 48 0.3221
2942.0000 150 48 0.3200
2947.3000 150 49 0.3267
2954.4000 150 50 0.3333
2962.0000 151 50 0.3311
2979.0000 152 50 0.3289
3000.8000 152 51 0.3355
3003.0000 153 51 0.3333
3022.3000 153 52 0.3399
3024.0000 154 52 0.3377
3040.0000 155 52 0.3355
3059.0000 155 53 0.3419
3064.0000 156 53 0.3397
3065.8000 156 54 0.3462
3084.5000 156 55 0.3526
3086.0000 157 55 0.3503
3110.0000 158 55 0.3481
3118.8000 158 56 0.3544
3129.0000 159 56 0.3522
3131.0000 159 57 0.3585
3147.0000 160 57 0.3563
3166.0000 161 57 0.3540
3190.0000 162 57 0.3519
3204.1000 162 58 0.3580
3210.0000 163 58 0.3558
3225.0000 164 58 0.3537
3243.0000 165 58 0.3515
3260.0000 166 58 0.3494
3261.2000 166 59 0.3554
3271.5000 166 60 0.3614
3272.8000 166 61 0.3675
3283.0000 167 61 0.3653
3288.4000 167 62 0.3713
3305.0000 168 62 0.3690
3321.0000 169 62 0.3669
3344.0000 170 62 0.3647
3362.9000 170 63 0.3706
3365.0000 171 63 0.3684
3365.5000 171 64 0.3743
3385.0000 172 64 0.3721
3396.5000 172 65 0.3779
3408.0000 173 65 0.3757
3414.1000 173 66 0.3815
3414.4000 173 67 0.3873
3423.8000 173 68 0.3931
3428.0000 174 68 0.3908
3429.2000 174 69 0.3966
3449.0000 175 69 0.3943
3456.6000 175 70 0.4000
3472.0000 176 70 0.3977
3488.0000 177 70 0.3955
3510.8000 177 71 0.4011
3511.0000 178 71 0.3989
3526.2000 178 72 0.4045
3530.6000 178 73 0.4101
3535.0000 179 73 0.4078
3547.0000 179 74 0.4134
3548.5000 179 75 0.4190
3551.5000 179 76 0.4246
3552.0000 180 76 0.4222
3569.3000 180 77 0.4278
3570.0000 181 77 0.4254
3578.0000 181 78 0.4309
3589.0000 182 78 0.4286
3604.0000 183 78 0.4262
3619.0000 184 78 0.4239
3638.0000 185 78 0.4216
3653.0000 186 78 0.4194
3669.0000 187 78 0.4171
3689.0000 188 78 0.4149
3712.0000 189 78 0.4127
3730.0000 190 78 0.4105
3754.0000 191 78 0.4084
3771.0000 192 78 0.4063
3787.0000 193 78 0.4041
3809.0000 194 78 0.4021
3823.9000 194 79 0.4072
3832.0000 195 79 0.4051
3848.6000 195 80 0.4103
3854.0000 196 80 0.4082
3873.0000 197 80 0.4061
3895.0000 198 80 0.4040
3919.0000 199 80 0.4020
3938.0000 200 80 0.4000
3946.3000 200 81 0.4050
3946.9000 200 82 0.4100
3953.0000 200 83 0.4150
3955.0000 201 83 0.4129
3975.0000 202 83 0.4109
3996.0000 203 83 0.4089
4012.0000 204 83 0.4069
4018.5000 204 84 0.4118
4031.0000 205 84 0.4098
4052.0000 206 84 0.4078
4054.9000 206 85 0.4126
4057.8000 206 86 0.4175
4058.8000 206 87 0.4223
4060.1000 206 88 0.4272
4070.0000 207 88 0.4251
4094.0000 208 88 0.4231
4115.0000 209 88 0.4211
4134.0000 210 88 0.4190
4152.1000 210 89 0.4238
4153.0000 211 89 0.4218
4171.0000 212 89 0.4198
4187.1000 212 90 0.4245
4194.0000 213 90 0.4225
4205.9000 213 91 0.4272
4214.0000 214 91 0.4252
4222.4000 214 92 0.4299
4235.0000 215 92 0.4279
4245.6000 215 93 0.4326
4251.0000 216 93 0.4306
4256.7000 216 94 0.4352
4268.6000 216 95 0.4398
4272.0000 217 95 0.4378
4287.3000 217 96 0.4424
4288.6000 217 97 0.4470
4290.0000 218 97 0.4450
4297.6000 218 98 0.4495
4314.0000 219 98 0.4475
4315.4000 219 99 0.4521
4338.0000 220 99 0.4500
4360.0000 221 99 0.4480
4381.0000 222 99 0.4459
4400.0000 223 99 0.4439
4419.0000 224 99 0.4420
4419.1000 224 100 0.4464
4428.4000 224 101 0.4509
4434.0000 225 101 0.4489
4435.5000 225 102 0.4533
4452.4000 225 103 0.4578
4454.5000 225 104 0.4622
4458.0000 226 104 0.4602
4463.0000 226 105 0.4646
4476.0000 227 105 0.4626
4497.0000 228 105 0.4605
4505.4000 228 106 0.4649
4515.0000 229 106 0.4629
4537.0000 230 106 0.4609
4556.0000 231 106 0.4589
4561.4000 231 107 0.4632
4580.0000 232 107 0.4612
4597.0000 233 107 0.4592
4614.0000 234 107 0.4573
4634.0000 235 107 0.4553
4655.0000 236 107 0.4534
4665.1000 236 108 0.4576
4670.2000 236 109 0.4619
4672.0000 237 109 0.4599
4682.5000 237 110 0.4641
4689.0000 238 110 0.4622
4706.0000 239 110 0.4603
4729.0000 240 110 0.4583
4742.8000 240 111 0.4625
4747.0000 241 111 0.4606
4747.5000 241 112 0.4647
4751.3000 241 113 0.4689
4762.0000 242 113 0.4669
4764.8000 242 114 0.4711
4783.0000 243 114 0.4691
4795.2000 243 115 0.4733
4807.0000 244 115 0.4713
4824.0000 245 115 0.4694
4848.0000 246 115 0.4675
4867.0000 247 115 0.4656
4886.0000 248 115 0.4637
4909.0000 249 115 0.4618
4928.0000 250 115 0.4600
4951.0000 251 115 0.4582
4966.0000 252 115 0.4563
4975.7000 252 116 0.4603
4979.5000 252 117 0.4643
4986.0000 253 117 0.4625
4989.5000 253 118 0.4664
4991.0000 253 119 0.4704
4995.1000 253 120 0.4743
5010.0000 254 120 0.4724
5033.0000 255 120 0.4706
5048.0000 256 120 0.4688
5072.0000 257 120 0.4669
5086.0000 257 121 0.4708
5089.0000 258 121 0.4690
5112.0000 259 121 0.4672
5131.0000 260 121 0.4654
5151.0000 261 121 0.4636
5175.0000 262 121 0.4618
5194.0000 263 121 0.4601
5215.0000 264 121 0.4583
5237.0000 265 121 0.4566
5238.5000 265 122 0.4604
5239.3000 265 123 0.4642
5254.0000 266 123 0.4624
5263.5000 266 124 0.4662
5269.0000 267 124 0.4644
5291.0000 268 124 0.4627
5307.0000 269 124 0.4610
5324.0000 270 124 0.4593
5325.3000 270 125 0.4630
5327.2000 270 126 0.4667
5339.0000 271 126 0.4649
5355.3000 271 127 0.4686
5356.0000 272 127 0.4669
5371.0000 273 127 0.4652
5387.0000 274 127 0.4635
5410.0000 275 127 0.4618
5410.3000 275 128 0.4655
5426.0000 276 128 0.4638
5447.0000 277 128 0.4621
5470.0000 278 128 0.4604
5490.0000 279 128 0.4588
5504.6000 279 129 0.4624
5507.0000 280 129 0.4607
5516.7000 280 130 0.4643
5528.0000 281 130 0.4626
5542.9000 281 131 0.4662
5546.0000 282 131 0.4645
5553.3000 282 132 0.4681
5564.0000 283 132 0.4664
5565.1000 283 133 0.4700
5584.0000 284 133 0.4683
5590.2000 284 134 0.4718
5607.0000 285 134 0.4702
5622.0000 285 135 0.4737
5625.0000 286 135 0.4720
5643.0000 287 135 0.4704
5665.0000 288 135 0.4688
5685.0000 289 135 0.4671
5686.6000 289 136 0.4706
5687.9000 289 137 0.4740
5704.0000 290 137 0.4724
5724.0000 291 137 0.4708
5745.0000 292 137 0.4692
5745.2000 292 138 0.4726
5759.9000 292 139 0.4760
5760.0000 293 139 0.4744
5771.8000 293 140 0.4778
5778.9000 293 141 0.4812
5784.0000 294 141 0.4796
5805.0000 295 141 0.4780
5807.1000 295 142 0.4814
5822.0000 296 142 0.4797
5841.0000 297 142 0.4781
5855.7000 297 143 0.4815
5859.0000 298 143 0.4799
5860.0000 298 144 0.4832
5860.3000 298 145 0.4866
5863.7000 298 146 0.4899
5874.0000 299 146 0.4883
5893.0000 300 146 0.4867
5897.6000 300 147 0.4900
5914.0000 301 147 0.4884
5932.0000 302 147 0.4868
5938.9000 302 148 0.4901
5953.0000 303 148 0.4884
5968.9000 303 149 0.4917
5971.0000 304 149 0.4901
5986.0000 305 149 0.4885
6003.8000 305 150 0.4918
6007.7000 305 151 0.4951
6008.0000 306 151 0.4935
6008.4000 306 152 0.4967
6024.0000 307 152 0.4951
6029.0000 307 153 0.4984
6031.2000 307 154 0.5016
6037.7000 307 155 0.5049
6041.0000 308 155 0.5032
6063.0000 309 155 0.5016
6068.1000 309 156 0.5049
6074.6000 309 157 0.5081
6087.0000 310 157 0.5065
6105.0000 311 157 0.5048
6124.0000 312 157 0.5032
6145.0000 313 157 0.5016
6166.0000 314 157 0.5000
6182.0000 315 157 0.4984
6201.0000 316 157 0.4968
6216.0000 317 157 0.4953
6231.0000 318 157 0.4937
6242.2000 318 158 0.4969
6245.2000 318 159 0.5000
6248.0000 319 159 0.4984
6261.7000 319 160 0.5016
6267.0000 320 160 0.5000
6289.0000 321 160 0.4984
6289.3000 321 161 0.5016
6308.0000 322 161 0.5000
6320.5000 322 162 0.5031
6332.0000 323 162 0.5015
6355.0000 324 162 0.5000
6372.0000 325 162 0.4985
6374.8000 325 163 0.5015
6385.7000 325 164 0.5046
6391.9000 325 165 0.5077
6393.0000 326 165 0.5061
6394.0000 326 166 0.5092
6412.5000 326 167 0.5123
6417.0000 327 167 0.5107
6431.8000 327 168 0.5138
6441.0000 328 168 0.5122
6457.3000 328 169 0.5152
6460.0000 328 170 0.5183
6464.6000 328 171 0.5213
6465.0000 329 171 0.5198
6467.3000 329 172 0.5228
6486.0000 330 172 0.5212
6502.0000 331 172 0.5196
6518.0000 332 172 0.5181
6536.0000 333 172 0.5165
6555.0000 334 172 0.5150
6566.0000 334 173 0.5180
6572.0000 335 173 0.5164
6591.0000 336 173 0.5149
6606.9000 336 174 0.5179
6608.0000 337 174 0.5163
6631.0000 338 174 0.5148
6646.0000 339 174 0.5133
6664.5000 339 175 0.5162
6665.0000 340 175 0.5147
6684.0000 341 175 0.5132
6696.4000 341 176 0.5161
6708.0000 342 176 0.5146
6725.0000 343 176 0.5131
6743.9000 343 177 0.5160
6745.0000 344 177 0.5145
6752.4000 344 178 0.5174
6760.0000 345 178 0.5159
6765.3000 345 179 0.5188
6776.9000 345 180 0.5217
6781.0000 346 180 0.5202
6793.2000 346 181 0.5231
6800.0000 347 181 0.5216
6816.0000 348 181 0.5201
6827.4000 348 182 0.5230
6828.7000 348 183 0.5259
6839.0000 349 183 0.5244
6854.0000 350 183 0.5229
6874.0000 351 183 0.5214
6889.0000 352 183 0.5199
6893.6000 352 184 0.5227
6900.6000 352 185 0.5256
6909.0000 353 185 0.5241
6917.1000 353 186 0.5269
6930.0000 354 186 0.5254
6941.5000 354 187 0.5282
6950.0000 354 188 0.5311
6951.0000 355 188 0.5296
6953.0000 355 189 0.5324
6971.0000 356 189 0.5309
6973.3000 356 190 0.5337
6978.5000 356 191 0.5365
6995.0000 357 191 0.5350
7010.0000 358 191 0.5335
7013.4000 358 192 0.5363
7014.8000 358 193 0.5391
7029.0000 359 193 0.5376
7043.2000 359 194 0.5404
7048.0000 360 194 0.5389
7061.9000 360 195 0.5417
7071.0000 361 195 0.5402
7073.0000 361 196 0.5429
7091.8000 361 197 0.5457
7093.0000 362 197 0.5442
7093.3000 362 198 0.5470
7108.0000 363 198 0.5455
7130.0000 364 198 0.5440
7147.0000 365 198 0.5425
7163.0000 366 198 0.5410
7177.2000 366 199 0.5437
7179.6000 366 200 0.5464
7180.0000 367 200 0.5450
7197.0000 368 200 0.5435
7206.0000 368 201 0.5462
7221.0000 369 201 0.5447
7240.0000 370 201 0.5432
7243.4000 370 202 0.5459
7245.6000 370 203 0.5486
7255.0000 371 203 0.5472
7272.0000 372 203 0.5457
7290.8000 372 204 0.5484
7296.0000 373 204 0.5469
7305.1000 373 205 0.5496
7314.6000 373 206 0.5523
7315.8000 373 207 0.5550
7319.0000 374 207 0.5535
7333.2000 374 208 0.5561
7335.0000 375 208 0.5547
7342.7000 375 209 0.5573
7354.8000 375 210 0.5600
7358.0000 376 210 0.5585
7378.0000 377 210 0.5570
7381.1000 377 211 0.5597
7389.9000 377 212 0.5623
7394.0000 378 212 0.5608
7406.7000 378 213 0.5635
7411.0000 379 213 0.5620
7428.9000 379 214 0.5646
7435.0000 380 214 0.5632
7436.5000 380 215 0.5658
7459.0000 381 215 0.5643
7468.4000 381 216 0.5669
7480.0000 382 216 0.5654
7498.0000 383 216 0.5640
7514.0000 384 216 0.5625
7536.0000 385 216 0.5610
7544.7000 385 217 0.5636
7549.9000 385 218 0.5662
7559.0000 386 218 0.5648
7566.1000 386 219 0.5674
7574.0000 387 219 0.5659
7589.5000 387 220 0.5685
7595.0000 388 220 0.5670
7600.5000 388 221 0.5696
7610.5000 388 222 0.5722
7610.7000 388 223 0.5747
7613.0000 389 223 0.5733
7621.5000 389 224 0.5758
7632.0000 390 224 0.5744
7656.0000 391 224 0.5729
7673.0000 392 224 0.5714
7685.6000 392 225 0.5740
7696.0000 393 225 0.5725
7713.0000 394 225 0.5711
7727.6000 394 226 0.5736
7730.0000 395 226 0.5722
7745.0000 396 226 0.5707
7749.7000 396 227 0.5732
7758.9000 396 228 0.5758
7762.0000 397 228 0.5743
7767.7000 397 229 0.5768
7784.0000 398 229 0.5754
7804.0000 399 229 0.5739
7822.0000 400 229 0.5725
7822.3000 400 230 0.5750
7824.8000 400 231 0.5775
7840.0000 401 231 0.5761
7858.0000 402 231 0.5746
7874.0000 403 231 0.5732
7878.2000 403 232 0.5757
7895.0000 404 232 0.5743
7914.0000 405 232 0.5728
7922.2000 405 233 0.5753
7931.0000 406 233 0.5739
7931.6000 406 234 0.5764
7934.8000 406 235 0.5788
7948.0000 407 235 0.5774
7960.8000 407 236 0.5799
7972.0000 408 236 0.5784
7987.0000 409 236 0.5770
7992.4000 409 237 0.5795
8002.0000 410 237 0.5780
8024.0000 411 237 0.5766
8035.3000 411 238 0.5791
8040.0000 412 238 0.5777
8041.7000 412 239 0.5801
8059.0000 413 239 0.5787
8082.0000 414 239 0.5773
8083.7000 414 240 0.5797
8085.0000 414 241 0.5821
8099.0000 415 241 0.5807
8106.7000 415 242 0.5831
8116.0000 416 242 0.5817
8137.0000 417 242 0.5803
8144.0000 417 243 0.5827
8158.0000 418 243 0.5813
8168.9000 418 244 0.5837
8171.9000 418 245 0.5861
8173.0000 419 245 0.5847
8190.0000 420 245 0.5833
8196.2000 420 246 0.5857
8205.0000 421 246 0.5843
8205.7000 421 247 0.5867
8227.0000 422 247 0.5853
8235.0000 422 248 0.5877
8251.0000 423 248 0.5863
8270.0000 423 249 0.5887
8272.4000 423 250 0.5910
8274.2000 423 251 0.5934
8275.0000 424 251 0.5920
8283.2000 424 252 0.5943
8284.1000 424 253 0.5967
8285.2000 424 254 0.5991
8297.0000 425 254 0.5976
8310.4000 425 255 0.6000
8317.0000 426 255 0.5986
8336.0000 427 255 0.5972
8359.0000 428 255 0.5958
8363.8000 428 256 0.5981
8375.0000 429 256 0.5967
8396.0000 430 256 0.5953
8404.7000 430 257 0.5977
8414.0000 431 257 0.5963
8428.2000 431 258 0.5986
8431.8000 431 259 0.6009
8437.0000 432 259 0.5995
8440.8000 432 260 0.6019
8448.7000 432 261 0.6042
8453.0000 433 261 0.6028
8468.0000 434 261 0.6014
8492.0000 435 261 0.6000
8510.0000 436 261 0.5986
8525.0000 437 261 0.5973
8526.5000 437 262 0.5995
8544.0000 438 262 0.5982
8566.0000 439 262 0.5968
8567.6000 439 263 0.5991
8578.2000 439 264 0.6014
8586.0000 440 264 0.6000
8593.1000 440 265 0.6023
8609.0000 441 265 0.6009
8625.0000 442 265 0.5995
8630.5000 442 266 0.6018
8641.0000 442 267 0.6041
8641.6000 442 268 0.6063
8644.0000 443 268 0.6050
8663.0000 444 268 0.6036
8663.0000 444 269 0.6059
8681.0000 445 269 0.6045
8681.8000 445 270 0.6067
8697.0000 446 270 0.6054
8699.3000 446 271 0.6076
8705.9000 446 272 0.6099
8719.0000 447 272 0.6085
8730.3000 447 273 0.6107
8737.7000 447 274 0.6130
8743.0000 448 274 0.6116
8748.8000 448 275 0.6138
8767.0000 449 275 0.6125
8778.0000 449 276 0.6147
8784.0000 450 276 0.6133
8793.6000 450 277 0.6156
8794.1000 450 278 0.6178
8800.0000 451 278 0.6164
8809.0000 451 279 0.6186
8823.0000 452 279 0.6173
8824.9000 452 280 0.6195
8829.0000 452 281 0.6217
8839.0000 453 281 0.6203
8854.0000 454 281 0.6189
8869.0000 455 281 0.6176
8888.6000 455 282 0.6198
8892.0000 456 282 0.6184
8897.5000 456 283 0.6206
8911.0000 457 283 0.6193
8925.8000 457 284 0.6214
8929.0000 458 284 0.6201
8944.0000 459 284 0.6187
8955.3000 459 285 0.6209
8961.0000 460 285 0.6196
8963.8000 460 286 0.6217
8979.0000 461 286 0.6204
8984.7000 461 287 0.6226
8989.8000 461 288 0.6247
8997.0000 462 288 0.6234
9011.3000 462 289 0.6255
9013.0000 463 289 0.6242
9027.5000 463 290 0.6263
9035.0000 464 290 0.6250
9035.9000 464 291 0.6272
9058.0000 465 291 0.6258
9067.9000 465 292 0.6280
9073.0000 466 292 0.6266
9075.4000 466 293 0.6288
9095.0000 467 293 0.6274
9113.8000 467 294 0.6296
9119.0000 468 294 0.6282
9119.7000 468 295 0.6303
9143.0000 469 295 0.6290
9162.0000 470 295 0.6277
9169.5000 470 296 0.6298
9171.9000 470 297 0.6319
9184.4000 470 298 0.6340
9186.0000 471 298 0.6327
9196.5000 471 299 0.6348
9209.0000 472 299 0.6335
9209.2000 472 300 0.6356
9209.8000 472 301 0.6377
9224.0000 473 301 0.6364
9245.0000 474 301 0.6350
9264.0000 475 301 0.6337
9281.6000 475 302 0.6358
9288.0000 476 302 0.6345
9305.4000 476 303 0.6366
9307.2000 476 304 0.6387
9310.0000 477 304 0.6373
9314.6000 477 305 0.6394
9320.6000 477 306 0.6415
9321.5000 477 307 0.6436
9326.0000 478 307 0.6423
9338.9000 478 308 0.6444
9341.0000 479 308 0.6430
9365.0000 480 308 0.6417
9387.0000 481 308 0.6403
9403.0000 482 308 0.6390
9426.0000 483 308 0.6377
9431.4000 483 309 0.6398
9444.0000 484 309 0.6384
9468.0000 485 309 0.6371
9485.0000 486 309 0.6358
9501.9000 486 310 0.6379
9503.0000 487 310 0.6366
9518.4000 487 311 0.6386
9527.0000 488 311 0.6373
9538.8000 488 312 0.6393
9547.9000 488 313 0.6414
9550.0000 489 313 0.6401
9573.0000 490 313 0.6388
9591.0000 491 313 0.6375
9614.0000 492 313 0.6362
9632.0000 493 313 0.6349
9653.0000 494 313 0.6336
9669.5000 494 314 0.6356
9673.6000 494 315 0.6377
9676.0000 495 315 0.6364
9693.0000 496 315 0.6351
9695.2000 496 316 0.6371
9715.0000 497 316 0.6358
9736.0000 498 316 0.6345
9738.5000 498 317 0.6365
9748.3000 498 318 0.6386
9750.0000 498 319 0.6406
9751.4000 498 320 0.6426
9752.0000 499 320 0.6413
9761.5000 499 321 0.6433
9776.0000 500 321 0.6420
9791.7000 500 322 0.6440
9799.0000 501 322 0.6427
9805.5000 501 323 0.6447
9821.0000 502 323 0.6434
9837.0000 503 323 0.6421
9845.1000 503 324 0.6441
9846.7000 503 325 0.6461
9848.4000 503 326 0.6481
9861.0000 504 326 0.6468
9879.0000 505 326 0.6455
9888.9000 505 327 0.6475
9894.0000 506 327 0.6462
9905.9000 506 328 0.6482
9907.1000 506 329 0.6502
9909.0000 507 329 0.6489
9927.0000 508 329 0.6476
9946.0000 509 329 0.6464
9969.0000 510 329 0.6451
9988.0000 511 329 0.6438
9995.7000 511 330 0.6458
10007.0000 512 330 0.6445
10013.2000 512 331 0.6465
10024.0000 513 331 0.6452
10026.8000 513 332 0.6472
10034.5000 513 333 0.6491
10044.0000 514 333 0.6479
10048.8000 514 334 0.6498
10061.6000 514 335 0.6518
10062.0000 514 336 0.6537
10067.0000 515 336 0.6524
10087.0000 516 336 0.6512
10108.2000 516 337 0.6531
10111.0000 517 337 0.6518
10116.5000 517 338 0.6538
10123.9000 517 339 0.6557
10130.2000 517 340 0.6576
10132.0000 518 340 0.6564
10154.0000 519 340 0.6551
10155.7000 519 341 0.6570
10177.0000 520 341 0.6558
10194.0000 521 341 0.6545
10214.0000 521 342 0.6564
10216.0000 522 342 0.6552
10233.5000 522 343 0.6571
10235.0000 523 343 0.6558
10257.0000 524 343 0.6546
10265.1000 524 344 0.6565
10277.0000 524 345 0.6584
10279.7000 524 346 0.6603
10281.0000 525 346 0.6590
10284.4000 525 347 0.6610
10300.0000 526 347 0.6597
10320.0000 527 347 0.6584
10343.0000 528 347 0.6572
10343.6000 528 348 0.6591
10366.0000 529 348 0.6578
10374.1000 529 349 0.6597
10379.4000 529 350 0.6616
10382.0000 530 350 0.6604
10394.3000 530 351 0.6623
10402.0000 531 351 0.6610
10403.5000 531 352 0.6629
10423.0000 532 352 0.6617
10424.8000 532 353 0.6635
10441.0000 533 353 0.6623
10441.0000 533 354 0.6642
10443.4000 533 355 0.6660
10461.0000 534 355 0.6648
10480.0000 535 355 0.6636
10487.0000 535 356 0.6654
10497.0000 536 356 0.6642
10518.0000 537 356 0.6629
10524.1000 537 357 0.6648
10526.4000 537 358 0.6667
10536.0000 537 359 0.6685
10537.0000 538 359 0.6673
10538.1000 538 360 0.6691
10552.3000 538 361 0.6710
10554.1000 538 362 0.6729
10555.0000 539 362 0.6716
10571.0000 540 362 0.6704
10591.0000 541 362 0.6691
10615.0000 542 362 0.6679
10624.4000 542 363 0.6697
10637.0000 543 363 0.6685
10645.7000 543 364 0.6703
10648.9000 543 365 0.6722
10657.0000 544 365 0.6710
10665.2000 544 366 0.6728
10667.4000 544 367 0.6746
10681.0000 545 367 0.6734
10703.0000 546 367 0.6722
10726.0000 547 367 0.6709
10746.3000 547 368 0.6728
10747.6000 547 369 0.6746
10748.0000 548 369 0.6734
10748.6000 548 370 0.6752
10768.0000 549 370 0.6740
10781.7000 549 371 0.6758
10788.0000 550 371 0.6745
10808.0000 551 371 0.6733
10823.0000 552 371 0.6721
10842.0000 553 371 0.6709
10862.3000 553 372 0.6727
10866.0000 554 372 0.6715
10876.6000 554 373 0.6733
10877.9000 554 374 0.6751
10884.2000 554 375 0.6769
10885.0000 555 375 0.6757
10887.3000 555 376 0.6775
10907.0000 556 376 0.6763
10925.0000 557 376 0.6750
10942.0000 558 376 0.6738
10942.2000 558 377 0.6756
10955.7000 558 378 0.6774
10966.0000 559 378 0.6762
10983.0000 560 378 0.6750
11006.0000 561 378 0.6738
11019.4000 561 379 0.6756
11023.0000 562 379 0.6744
11046.0000 563 379 0.6732
11057.7000 563 380 0.6750
11058.3000 563 381 0.6767
11068.0000 564 381 0.6755
11084.0000 565 381 0.6743
11089.8000 565 382 0.6761
11095.0000 565 383 0.6779
11102.0000 566 383 0.6767
11116.8000 566 384 0.6784
11120.0000 567 384 0.6772
11132.5000 567 385 0.6790
11137.9000 567 386 0.6808
11143.0000 568 386 0.6796
11154.6000 568 387 0.6813
11157.0000 568 388 0.6831
11166.0000 569 388 0.6819
11171.9000 569 389 0.6837
11181.4000 569 390 0.6854
11182.0000 570 390 0.6842
11191.1000 570 391 0.6860
11201.0000 571 391 0.6848
11206.3000 571 392 0.6865
11207.5000 571 393 0.6883
11210.6000 571 394 0.6900
11213.0000 571 395 0.6918
11215.0000 571 396 0.6935
11218.0000 572 396 0.6923
11231.0000 572 397 0.6941
11238.0000 573 397 0.6928
11260.0000 574 397 0.6916
11271.8000 574 398 0.6934
11280.0000 575 398 0.6922
11291.4000 575 399 0.6939
11298.0000 576 399 0.6927
11308.0000 576 400 0.6944
11315.7000 576 401 0.6962
11319.0000 577 401 0.6950
11320.8000 577 402 0.6967
11323.4000 577 403 0.6984
11332.9000 577 404 0.7002
11343.0000 578 404 0.6990
11363.0000 579 404 0.6978
11381.0000 580 404 0.6966
11405.0000 581 404 0.6954
11424.0000 582 404 0.6942
11432.5000 582 405 0.6959
11433.4000 582 406 0.6976
11443.0000 583 406 0.6964
11443.6000 583 407 0.6981
11459.6000 583 408 0.6998
11461.6000 583 409 0.7015
11467.0000 584 409 0.7003
11491.0000 585 409 0.6991
11511.0000 586 409 0.6980
11513.2000 586 410 0.6997
11529.0000 587 410 0.6985
11539.6000 587 411 0.7002
11547.0000 588 411 0.6990
11562.9000 588 412 0.7007
11566.0000 589 412 0.6995
11575.9000 589 413 0.7012
11586.0000 590 413 0.7000
11610.0000 591 413 0.6988
11626.0000 592 413 0.6976
11640.2000 592 414 0.6993
11650.0000 593 414 0.6981
11665.0000 594 414 0.6970
11680.0000 595 414 0.6958
11686.3000 595 415 0.6975
11687.9000 595 416 0.6992
11689.7000 595 417 0.7008
11696.0000 596 417 0.6997
11711.0000 597 417 0.6985
11731.0000 598 417 0.6973
11755.0000 599 417 0.6962
11771.0000 600 417 0.6950
11782.9000 600 418 0.6967
11784.5000 600 419 0.6983
11790.0000 601 419 0.6972
11796.0000 601 420 0.6988
11797.3000 601 421 0.7005
11805.5000 601 422 0.7022
11809.0000 602 422 0.7010
11825.2000 602 423 0.7027
11827.0000 603 423 0.7015
11831.1000 603 424 0.7032
11834.1000 603 425 0.7048
11841.6000 603 426 0.7065
11851.0000 604 426 0.7053
11867.0000 605 426 0.7041
11872.1000 605 427 0.7058
11872.7000 605 428 0.7074
11876.0000 605 429 0.7091
11885.0000 606 429 0.7079
11907.0000 607 429 0.7068
11929.0000 608 429 0.7056
11933.3000 608 430 0.7072
11935.3000 608 431 0.7089
11935.8000 608 432 0.7105
11940.3000 608 433 0.7122
11948.0000 609 433 0.7110
11948.3000 609 434 0.7126
11951.1000 609 435 0.7143
11959.7000 609 436 0.7159
11959.8000 609 437 0.7176
11971.0000 610 437 0.7164
11982.3000 610 438 0.7180
11992.8000 610 439 0.7197
11995.0000 611 439 0.7185
12012.0000 612 439 0.7173
12033.0000 613 439 0.7162
12043.4000 613 440 0.7178
12048.0000 614 440 0.7166
12051.8000 614 441 0.7182
12070.0000 615 441 0.7171
12073.0000 615 442 0.7187
12079.6000 615 443 0.7203
12088.0000 616 443 0.7192
12104.0000 617 443 0.7180
12124.0000 618 443 0.7168
12145.0000 619 443 0.7157
12153.5000 619 444 0.7173
12165.0000 620 444 0.7161
12189.0000 621 444 0.7150
12198.3000 621 445 0.7166
12209.0000 622 445 0.7154
12210.0000 622 446 0.7170
12211.8000 622 447 0.7186
12216.4000 622 448 0.7203
12217.1000 622 449 0.7219
12218.2000 622 450 0.7235
12220.5000 622 451 0.7251
12226.0000 623 451 0.7239
12243.7000 623 452 0.7255
12249.0000 624 452 0.7244
12264.5000 624 453 0.7260
12265.0000 624 454 0.7276
12270.0000 625 454 0.7264
12280.1000 625 455 0.7280
12286.7000 625 456 0.7296
12287.0000 626 456 0.7284
12305.0000 627 456 0.7273
12323.0000 628 456 0.7261
12329.4000 628 457 0.7277
12329.5000 628 458 0.7293
12332.7000 628 459 0.7309
12339.0000 629 459 0.7297
12358.0000 630 459 0.7286
12377.0000 631 459 0.7274
12379.9000 631 460 0.7290
12399.0000 632 460 0.7278
12416.9000 632 461 0.7294
12418.6000 632 462 0.7310
12419.9000 632 463 0.7326
12421.0000 633 463 0.7314
12444.0000 634 463 0.7303
12463.0000 635 463 0.7291
12474.8000 635 464 0.7307
12479.0000 636 464 0.7296
12483.1000 636 465 0.7311
12485.5000 636 466 0.7327
12485.9000 636 467 0.7343
12487.4000 636 468 0.7358
12497.0000 637 468 0.7347
12518.0000 638 468 0.7335
12535.8000 638 469 0.7351
12538.0000 639 469 0.7340
12556.0000 640 469 0.7328
12556.6000 640 470 0.7344
12558.5000 640 471 0.7359
12575.0000 641 471 0.7348
12596.0000 642 471 0.7336
12611.0000 643 471 0.7325
12614.7000 643 472 0.7341
12615.7000 643 473 0.7356
12634.2000 643 474 0.7372
12635.0000 644 474 0.7360
12642.9000 644 475 0.7376
12655.0000 645 475 0.7364
12668.6000 645 476 0.7380
12672.0000 646 476 0.7368
12691.0000 647 476 0.7357
12704.3000 647 477 0.7372
12707.1000 647 478 0.7388
12713.0000 648 478 0.7377
12726.0000 648 479 0.7392
12727.4000 648 480 0.7407
12737.0000 649 480 0.7396
12746.5000 649 481 0.7411
12749.4000 649 482 0.7427
12761.0000 650 482 0.7415
12781.0000 651 482 0.7404
12784.8000 651 483 0.7419
12798.0000 652 483 0.7408
12818.0000 653 483 0.7397
12830.3000 653 484 0.7412
12837.0000 653 485 0.7427
12839.0000 654 485 0.7416
12863.0000 655 485 0.7405
12879.5000 655 486 0.7420
12884.0000 656 486 0.7409
12901.0000 657 486 0.7397
12919.0000 658 486 0.7386
12936.0000 659 486 0.7375
12954.0000 660 486 0.7364
12971.0000 661 486 0.7352
12976.7000 661 487 0.7368
12986.0000 662 487 0.7356
12997.0000 662 488 0.7372
13004.9000 662 489 0.7387
13009.0000 663 489 0.7376
13021.9000 663 490 0.7391
13029.0000 664 490 0.7380
13048.0000 665 490 0.7368
13049.7000 665 491 0.7383
13052.9000 665 492 0.7398
13069.0000 666 492 0.7387
13080.5000 666 493 0.7402
13081.1000 666 494 0.7417
13082.6000 666 495 0.7432
13090.0000 667 495 0.7421
13103.9000 667 496 0.7436
13112.0000 668 496 0.7425
13123.8000 668 497 0.7440
13132.3000 668 498 0.7455
13135.0000 669 498 0.7444
13137.4000 669 499 0.7459
13139.6000 669 500 0.7474
13146.6000 669 501 0.7489
13150.3000 669 502 0.7504
13157.0000 670 502 0.7493
13172.9000 670 503 0.7507
13175.0000 671 503 0.7496
13182.3000 671 504 0.7511
13198.0000 672 504 0.7500
13222.0000 673 504 0.7489
13235.4000 673 505 0.7504
13237.0000 674 505 0.7493
13238.7000 674 506 0.7507
13261.0000 675 506 0.7496
13279.0000 676 506 0.7485
13288.8000 676 507 0.7500
13290.7000 676 508 0.7515
13303.0000 677 508 0.7504
13327.0000 678 508 0.7493
13344.0000 679 508 0.7482
13346.4000 679 509 0.7496
13367.0000 680 509 0.7485
13382.8000 680 510 0.7500
13385.0000 681 510 0.7489
13387.8000 681 511 0.7504
13400.0000 682 511 0.7493
13422.0000 683 511 0.7482
13439.0000 684 511 0.7471
13454.9000 684 512 0.7485
13463.0000 685 512 0.7474
13485.0000 686 512 0.7464
13501.0000 687 512 0.7453
13512.8000 687 513 0.7467
13522.0000 688 513 0.7456
13534.7000 688 514 0.7471
13535.9000 688 515 0.7485
13543.0000 689 515 0.7475
13558.0000 690 515 0.7464
13562.1000 690 516 0.7478
13572.0000 690 517 0.7493
13578.0000 691 517 0.7482
13579.3000 691 518 0.7496
13597.0000 692 518 0.7486
13601.2000 692 519 0.7500
13605.2000 692 520 0.7514
13605.9000 692 521 0.7529
13612.0000 693 521 0.7518
13622.2000 693 522 0.7532
13633.0000 694 522 0.7522
13654.0000 695 522 0.7511
13662.9000 695 523 0.7525
13674.0000 696 523 0.7514
13689.0000 697 523 0.7504
13692.7000 697 524 0.7518
13693.8000 697 525 0.7532
13701.7000 697 526 0.7547
13704.0000 697 527 0.7561
13713.0000 698 527 0.7550
13732.6000 698 528 0.7564
13733.0000 699 528 0.7554
13750.0000 700 528 0.7543
13751.3000 700 529 0.7557
13770.6000 700 530 0.7571
13771.0000 701 530 0.7561
13787.0000 702 530 0.7550
13808.0000 703 530 0.7539
13831.0000 704 530 0.7528
13836.3000 704 531 0.7543
13853.0000 705 531 0.7532
13874.0000 706 531 0.7521
13894.0000 707 531 0.7511
13915.0000 708 531 0.7500
13937.0000 709 531 0.7489
13939.1000 709 532 0.7504
13952.0000 710 532 0.7493
13953.4000 710 533 0.7507
13976.0000 711 533 0.7496
13994.0000 712 533 0.7486
14007.7000 712 534 0.7500
14011.0000 713 534 0.7489
14017.8000 713 535 0.7504
14028.3000 713 536 0.7518
14032.0000 714 536 0.7507
14039.9000 714 537 0.7521
14056.0000 715 537 0.7510
14071.0000 715 538 0.7524
14077.0000 716 538 0.7514
14092.0000 717 538 0.7503
14107.0000 718 538 0.7493
14123.0000 719 538 0.7483
14147.0000 720 538 0.7472
14158.0000 720 539 0.7486
14164.7000 720 540 0.7500
14167.0000 721 540 0.7490
14186.0000 722 540 0.7479
14204.0000 723 540 0.7469
14225.0000 724 540 0.7459
14240.1000 724 541 0.7472
14245.0000 725 541 0.7462
14250.0000 725 542 0.7476
14267.0000 726 542 0.7466
14269.6000 726 543 0.7479
14286.0000 727 543 0.7469
14304.0000 728 543 0.7459
14313.7000 728 544 0.7473
14314.7000 728 545 0.7486
14323.0000 729 545 0.7476
14323.2000 729 546 0.7490
14343.0000 730 546 0.7479
14363.0000 731 546 0.7469
14368.7000 731 547 0.7483
14385.0000 732 547 0.7473
14404.0000 733 547 0.7462
14420.0000 734 547 0.7452
14434.2000 734 548 0.7466
14441.0000 735 548 0.7456
14456.0000 736 548 0.7446
14466.4000 736 549 0.7459
14475.0000 737 549 0.7449
14475.1000 737 550 0.7463
14499.0000 738 550 0.7453
14523.0000 739 550 0.7442
14544.0000 740 550 0.7432
14550.3000 740 551 0.7446
14563.7000 740 552 0.7459
14568.0000 741 552 0.7449
14569.4000 741 553 0.7463
14588.0000 742 553 0.7453
14603.0000 743 553 0.7443
14617.9000 743 554 0.7456
14618.0000 744 554 0.7446
14629.4000 744 555 0.7460
14630.1000 744 556 0.7473
14639.0000 745 556 0.7463
14655.0000 746 556 0.7453
14676.0000 747 556 0.7443
14696.0000 748 556 0.7433
14701.7000 748 557 0.7447
14718.0000 749 557 0.7437
14725.3000 749 558 0.7450
14736.0000 750 558 0.7440
14746.0000 750 559 0.7453
14756.0000 751 559 0.7443
14773.0000 752 559 0.7434
14790.0000 753 559 0.7424
14797.1000 753 560 0.7437
14809.0000 754 560 0.7427
14831.0000 755 560 0.7417
14848.0000 756 560 0.7407
14867.0000 757 560 0.7398
14885.2000 757 561 0.7411
14889.0000 758 561 0.7401
14889.0000 758 562 0.7414
14905.0000 759 562 0.7404
14921.8000 759 563 0.7418
14926.9000 759 564 0.7431
14927.0000 760 564 0.7421
14942.0000 761 564 0.7411
14961.0000 762 564 0.7402
14975.8000 762 565 0.7415
14984.0000 763 565 0.7405
14999.0000 764 565 0.7395
15001.4000 764 566 0.7408
15021.0000 765 566 0.7399
15022.6000 765 567 0.7412
15036.9000 765 568 0.7425
15039.7000 765 569 0.7438
15041.0000 766 569 0.7428
15058.0000 767 569 0.7419
15072.0000 767 570 0.7432
15074.0000 768 570 0.7422
15093.0000 769 570 0.7412
15114.0000 770 570 0.7403
15132.0000 771 570 0.7393
15149.0000 772 570 0.7383
15157.7000 772 571 0.7396
15160.4000 772 572 0.7409
15172.0000 773 572 0.7400
15190.0000 774 572 0.7390
15212.0000 775 572 0.7381
15223.5000 775 573 0.7394
15235.0000 776 573 0.7384
15244.2000 776 574 0.7397
15256.0000 777 574 0.7387
15274.9000 777 575 0.7400
15280.0000 778 575 0.7391
15290.0000 778 576 0.7404
15297.0000 779 576 0.7394
15313.3000 779 577 0.7407
15318.0000 780 577 0.7397
15319.4000 780 578 0.7410
15336.0000 781 578 0.7401
15360.0000 782 578 0.7391
15381.0000 783 578 0.7382
15386.0000 783 579 0.7395
15388.1000 783 580 0.7407
15399.0000 784 580 0.7398
15419.0000 785 580 0.7389
15439.2000 785 581 0.7401
15441.0000 786 581 0.7392
15442.1000 786 582 0.7405
15465.0000 787 582 0.7395
15474.2000 787 583 0.7408
15482.0000 788 583 0.7398
15494.7000 788 584 0.7411
15500.8000 788 585 0.7424
15504.0000 789 585 0.7414
15526.0000 790 585 0.7405
15538.7000 790 586 0.7418
15539.5000 790 587 0.7430
15546.2000 790 588 0.7443
15547.0000 791 588 0.7434
15569.0000 792 588 0.7424
15591.0000 793 588 0.7415
15602.7000 793 589 0.7427
15615.0000 794 589 0.7418
15632.0000 795 589 0.7409
15635.3000 795 590 0.7421
15651.0000 796 590 0.7412
15666.0000 797 590 0.7403
15680.8000 797 591 0.7415
15684.0000 798 591 0.7406
15708.0000 799 591 0.7397
15724.0000 800 591 0.7388
15727.8000 800 592 0.7400
15746.0000 801 592 0.7391
15764.0000 802 592 0.7382
15772.1000 802 593 0.7394
15780.2000 802 594 0.7406
15782.0000 803 594 0.7397
15793.3000 803 595 0.7410
15799.0000 804 595 0.7400
15808.4000 804 596 0.7413
15815.0000 805 596 0.7404
15838.0000 806 596 0.7395
15854.0000 807 596 0.7385
15872.0000 807 597 0.7398
15873.0000 808 597 0.7389
15880.0000 808 598 0.7401
15894.0000 809 598 0.7392
15909.0000 810 598 0.7383
15921.4000 810 599 0.7395
15924.6000 810 600 0.7407
15927.0000 811 600 0.7398
15948.0000 812 600 0.7389
15953.1000 812 601 0.7401
15967.0000 813 601 0.7392
15981.4000 813 602 0.7405
15990.0000 814 602 0.7396
16004.9000 814 603 0.7408
16010.0000 815 603 0.7399
16019.4000 815 604 0.7411
16027.0000 816 604 0.7402
16042.0000 817 604 0.7393
16056.0000 817 605 0.7405
16060.9000 817 606 0.7417
16061.0000 818 606 0.7408
16062.0000 818 607 0.7421
16080.0000 819 607 0.7411
16083.7000 819 608 0.7424
16104.0000 820 608 0.7415
16124.0000 821 608 0.7406
16139.0000 822 608 0.7397
16155.0000 823 608 0.7388
16175.0000 824 608 0.7379
16196.0000 825 608 0.7370
16212.0000 826 608 0.7361
16220.0000 826 609 0.7373
16230.0000 827 609 0.7364
16245.0000 828 609 0.7355
16250.6000 828 610 0.7367
16251.0000 828 611 0.7379
16258.9000 828 612 0.7391
16261.0000 829 612 0.7382
16281.0000 830 612 0.7373
16301.0000 831 612 0.7365
16322.0000 832 612 0.7356
16333.3000 832 613 0.7368
16336.1000 832 614 0.7380
16338.0000 833 614 0.7371
16342.7000 833 615 0.7383
16357.0000 834 615 0.7374
16380.0000 835 615 0.7365
16399.0000 836 615 0.7356
16411.5000 836 616 0.7368
16416.0000 837 616 0.7360
16433.0000 838 616 0.7351
16455.0000 839 616 0.7342
16479.0000 840 616 0.7333
16492.7000 840 617 0.7345
16503.0000 841 617 0.7337
16520.1000 841 618 0.7348
16526.0000 842 618 0.7340
16543.7000 842 619 0.7352
16547.0000 843 619 0.7343
16568.0000 844 619 0.7334
16589.0000 845 619 0.7325
16610.0000 846 619 0.7317
16627.3000 846 620 0.7329
16628.0000 847 620 0.7320
16646.0000 848 620 0.7311
16662.0000 849 620 0.7303
16666.9000 849 621 0.7314
16682.0000 850 621 0.7306
16699.0000 851 621 0.7297
16721.7000 851 622 0.7309
16723.0000 852 622 0.7300
16745.0000 853 622 0.7292
16760.0000 854 622 0.7283
16783.0000 855 622 0.7275
16784.2000 855 623 0.7287
16800.0000 856 623 0.7278
16818.0000 857 623 0.7270
16835.0000 858 623 0.7261
16837.1000 858 624 0.7273
16849.2000 858 625 0.7284
16852.1000 858 626 0.7296
16858.0000 859 626 0.7288
16881.0000 860 626 0.7279
16901.0000 861 626 0.7271
16917.0000 862 626 0.7262
16931.2000 862 627 0.7274
16935.0000 863 627 0.7265
16959.0000 864 627 0.7257
16977.1000 864 628 0.7269
16980.0000 865 628 0.7260
16997.0000 866 628 0.7252
17021.0000 867 628 0.7243
17024.9000 867 629 0.7255
17040.0000 868 629 0.7247
17063.0000 869 629 0.7238
17076.8000 869 630 0.7250
17082.0000 870 630 0.7241
17096.3000 870 631 0.7253
17105.0000 871 631 0.7245
17119.1000 871 632 0.7256
17126.0000 872 632 0.7248
17135.1000 872 633 0.7259
17143.0000 873 633 0.7251
17152.0000 873 634 0.7262
17153.6000 873 635 0.7274
17154.1000 873 636 0.7285
17162.0000 874 636 0.7277
17181.0000 875 636 0.7269
17202.0000 876 636 0.7260
17224.8000 876 637 0.7272
17225.0000 877 637 0.7263
17234.6000 877 638 0.7275
17238.1000 877 639 0.7286
17239.6000 877 640 0.7298
17240.0000 878 640 0.7289
17259.0000 879 640 0.7281
17278.0000 880 640 0.7273
17299.0000 881 640 0.7264
17318.0000 882 640 0.7256
17336.0000 883 640 0.7248
17338.6000 883 641 0.7259
17344.5000 883 642 0.7271
17353.0000 884 642 0.7262
17354.6000 884 643 0.7274
17357.6000 884 644 0.7285
17365.7000 884 645 0.7296
17366.9000 884 646 0.7308
17370.0000 885 646 0.7299
17370.7000 885 647 0.7311
17371.3000 885 648 0.7322
17393.6000 885 649 0.7333
17394.0000 886 649 0.7325
17416.0000 887 649 0.7317
17428.3000 887 650 0.7328
17430.9000 887 651 0.7339
17439.0000 888 651 0.7331
17444.3000 888 652 0.7342
17454.0000 889 652 0.7334
17469.2000 889 653 0.7345
17472.7000 889 654 0.7357
17477.0000 890 654 0.7348
17497.0000 891 654 0.7340
17515.0000 892 654 0.7332
17515.9000 892 655 0.7343
17535.0000 893 655 0.7335
17556.8000 893 656 0.7346
17558.0000 894 656 0.7338
17574.0000 895 656 0.7330
17582.3000 895 657 0.7341
17598.0000 896 657 0.7333
17619.0000 897 657 0.7324
17632.9000 897 658 0.7336
17635.7000 897 659 0.7347
17639.0000 898 659 0.7339
17654.0000 899 659 0.7330
17672.0000 900 659 0.7322
17682.8000 900 660 0.7333
17690.0000 901 660 0.7325
17710.0000 902 660 0.7317
17734.0000 903 660 0.7309
17751.0000 904 660 0.7301
17758.4000 904 661 0.7312
17759.6000 904 662 0.7323
17771.2000 904 663 0.7334
17772.1000 904 664 0.7345
17774.0000 905 664 0.7337
17785.2000 905 665 0.7348
17791.1000 905 666 0.7359
17793.0000 906 666 0.7351
17808.0000 907 666 0.7343
17813.6000 907 667 0.7354
17816.7000 907 668 0.7365
17826.0000 908 668 0.7357
17846.0000 909 668 0.7349
17864.0000 910 668 0.7341
17884.0000 911 668 0.7333
17888.7000 911 669 0.7344
17899.0000 912 669 0.7336
17917.0000 913 669 0.7327
17934.5000 913 670 0.7338
17936.0000 914 670 0.7330
17958.0000 915 670 0.7322
17976.0000 916 670 0.7314
17976.3000 916 671 0.7325
18000.0000 917 671 0.7317
18021.0000 918 671 0.7309
18040.0000 919 671 0.7301
18057.4000 919 672 0.7312
18059.0000 920 672 0.7304
18077.0000 921 672 0.7296
18077.2000 921 673 0.7307
18092.0000 922 673 0.7299
18095.9000 922 674 0.7310
18107.7000 922 675 0.7321
18112.1000 922 676 0.7332
18113.0000 923 676 0.7324
18132.0000 924 676 0.7316
18135.2000 924 677 0.7327
18135.5000 924 678 0.7338
18140.6000 924 679 0.7348
18143.4000 924 680 0.7359
18147.7000 924 681 0.7370
18151.5000 924 682 0.7381
18154.8000 924 683 0.7392
18155.0000 925 683 0.7384
18166.5000 925 684 0.7395
18170.8000 925 685 0.7405
18171.2000 925 686 0.7416
18177.0000 926 686 0.7408
18190.3000 926 687 0.7419
18192.0000 927 687 0.7411
18214.0000 928 687 0.7403
18221.6000 928 688 0.7414
18227.0000 928 689 0.7425
18236.0000 929 689 0.7417
18259.0000 930 689 0.7409
18271.2000 930 690 0.7419
18274.5000 930 691 0.7430
18275.0000 931 691 0.7422
18279.3000 931 692 0.7433
18298.0000 932 692 0.7425
18321.0000 933 692 0.7417
18340.0000 934 692 0.7409
18353.1000 934 693 0.7420
18363.6000 934 694 0.7430
18364.0000 935 694 0.7422
18383.0000 936 694 0.7415
18402.0000 937 694 0.7407
18425.0000 938 694 0.7399
18436.5000 938 695 0.7409
18449.0000 939 695 0.7401
18454.9000 939 696 0.7412
18461.5000 939 697 0.7423
18472.7000 939 698 0.7433
18473.0000 940 698 0.7426
18474.4000 940 699 0.7436
18474.9000 940 700 0.7447
18488.0000 941 700 0.7439
18493.6000 941 701 0.7450
18502.5000 941 702 0.7460
18512.0000 942 702 0.7452
18534.0000 943 702 0.7444
18536.1000 943 703 0.7455
18549.0000 944 703 0.7447
18558.2000 944 704 0.7458
18558.8000 944 705 0.7468
18570.0000 945 705 0.7460
18574.7000 945 706 0.7471
18576.9000 945 707 0.7481
18590.0000 946 707 0.7474
18613.0000 947 707 0.7466
18632.0000 948 707 0.7458
18653.0000 949 707 0.7450
18677.0000 950 707 0.7442
18696.0000 951 707 0.7434
18714.8000 951 708 0.7445
18715.0000 952 708 0.7437
18720.1000 952 709 0.7447
18723.6000 952 710 0.7458
18731.4000 952 711 0.7468
18738.0000 953 711 0.7461
18753.0000 954 711 0.7453
18768.0000 955 711 0.7445
18784.0000 955 712 0.7455
18786.0000 956 712 0.7448
18799.2000 956 713 0.7458
18801.5000 956 714 0.7469
18809.0000 957 714 0.7461
18828.0000 958 714 0.7453
18841.2000 958 715 0.7463
18845.0000 959 715 0.7456
18851.3000 959 716 0.7466
18862.0000 960 716 0.7458
18884.0000 961 716 0.7451
18893.4000 961 717 0.7461
18894.5000 961 718 0.7471
18899.0000 962 718 0.7464
18913.3000 962 719 0.7474
18922.0000 963 719 0.7466
18939.0000 964 719 0.7459
18956.0000 965 719 0.7451
18964.9000 965 720 0.7461
18977.0000 966 720 0.7453
18990.3000 966 721 0.7464
18993.0000 967 721 0.7456
19015.0000 968 721 0.7448
19035.8000 968 722 0.7459
19037.0000 969 722 0.7451
19055.0000 970 722 0.7443
19072.0000 971 722 0.7436
19087.0000 972 722 0.7428
19108.0000 973 722 0.7420
19129.0000 974 722 0.7413
19151.0000 975 722 0.7405
19161.8000 975 723 0.7415
19173.0000 976 723 0.7408
19173.3000 976 724 0.7418
19182.2000 976 725 0.7428
19192.0000 977 725 0.7421
19211.0000 978 725 0.7413
19231.0000 979 725 0.7406
19236.7000 979 726 0.7416
19254.0000 980 726 0.7408
19277.0000 981 726 0.7401
19300.0000 981 727 0.7411
19301.0000 982 727 0.7403
19303.9000 982 728 0.7413
19310.4000 982 729 0.7424
19313.4000 982 730 0.7434
19316.0000 983 730 0.7426
19340.0000 984 730 0.7419
19355.0000 985 730 0.7411
19373.0000 986 730 0.7404
19391.0000 987 730 0.7396
19406.0000 988 730 0.7389
19418.6000 988 731 0.7399
19423.0000 989 731 0.7391
19430.1000 989 732 0.7401
19439.0000 990 732 0.7394
19455.0000 991 732 0.7386
19479.0000 992 732 0.7379
19497.0000 993 732 0.7372
19502.9000 993 733 0.7382
19518.9000 993 734 0.7392
19521.0000 994 734 0.7384
19542.0000 995 734 0.7377
19547.1000 995 735 0.7387
19562.0000 995 736 0.7397
19562.6000 995 737 0.7407
19565.0000 996 737 0.7400
19586.0000 997 737 0.7392
19601.0000 998 737 0.7385
19622.0000 999 737 0.7377
19628.8000 999 738 0.7387
19641.0000 1000 738 0.7380
19656.0000 1000 739 0.7390
19660.0000 1001 739 0.7383
19669.0000 1001 740 0.7393
19677.0000 1002 740 0.7385
19692.0000 1003 740 0.7378
19703.0000 1003 741 0.7388
19716.0000 1004 741 0.7380
19726.7000 1004 742 0.7390
19739.0000 1005 742 0.7383
19755.0000 1006 742 0.7376
19767.6000 1006 743 0.7386
19770.0000 1007 743 0.7378
19779.4000 1007 744 0.7388
19783.2000 1007 745 0.7398
19792.0000 1008 745 0.7391
19815.0000 1009 745 0.7384
19816.1000 1009 746 0.7393
19826.5000 1009 747 0.7403
19833.0000 1010 747 0.7396
19848.4000 1010 748 0.7406
19852.0000 1011 748 0.7399
19872.9000 1011 749 0.7409
19876.0000 1012 749 0.7401
19891.0000 1013 749 0.7394
19894.8000 1013 750 0.7404
19908.0000 1014 750 0.7396
19924.7000 1014 751 0.7406
19924.9000 1014 752 0.7416
19932.0000 1015 752 0.7409
19945.5000 1015 753 0.7419
19956.0000 1016 753 0.7411
19968.8000 1016 754 0.7421
19970.9000 1016 755 0.7431
19975.0000 1016 756 0.7441
19976.0000 1017 756 0.7434
19987.9000 1017 757 0.7443
19994.1000 1017 758 0.7453
19998.0000 1018 758 0.7446
20019.0000 1019 758 0.7439
20022.2000 1019 759 0.7448
20027.8000 1019 760 0.7458
20034.0000 1020 760 0.7451
20039.7000 1020 761 0.7461
20041.7000 1020 762 0.7471
20047.4000 1020 763 0.7480
20053.8000 1020 764 0.7490
20054.8000 1020 765 0.7500
20054.9000 1020 766 0.7510
20057.0000 1021 766 0.7502
20075.0000 1022 766 0.7495
20088.8000 1022 767 0.7505
20094.0000 1023 767 0.7498
20096.4000 1023 768 0.7507
20118.0000 1024 768 0.7500
20127.8000 1024 769 0.7510
20128.4000 1024 770 0.7520
20135.0000 1025 770 0.7512
20141.0000 1025 771 0.7522
20157.0000 1026 771 0.7515
20175.2000 1026 772 0.7524
20179.0000 1027 772 0.7517
20181.2000 1027 773 0.7527
20182.4000 1027 774 0.7537
20197.0000 1028 774 0.7529
20204.0000 1028 775 0.7539
20204.5000 1028 776 0.7549
20221.0000 1029 776 0.7541
20221.4000 1029 777 0.7551
20231.5000 1029 778 0.7561
20237.0000 1030 778 0.7553
20259.0000 1031 778 0.7546
20276.0000 1032 778 0.7539
20293.0000 1033 778 0.7531
20307.2000 1033 779 0.7541
20307.8000 1033 780 0.7551
20308.0000 1034 780 0.7544
20327.0000 1035 780 0.7536
20345.9000 1035 781 0.7546
20349.5000 1035 782 0.7556
20350.0000 1036 782 0.7548
20366.0000 1037 782 0.7541
20372.7000 1037 783 0.7551
20373.1000 1037 784 0.7560
20373.3000 1037 785 0.7570
20375.4000 1037 786 0.7580
20385.0000 1038 786 0.7572
20401.0000 1039 786 0.7565
20401.3000 1039 787 0.7575
20409.2000 1039 788 0.7584
20421.0000 1040 788 0.7577
20427.4000 1040 789 0.7587
20437.0000 1041 789 0.7579
20461.0000 1042 789 0.7572
20485.0000 1043 789 0.7565
20506.4000 1043 790 0.7574
20508.0000 1044 790 0.7567
20515.1000 1044 791 0.7577
20532.0000 1045 791 0.7569
20533.4000 1045 792 0.7579
20554.0000 1046 792 0.7572
20576.0000 1047 792 0.7564
20588.3000 1047 793 0.7574
20594.0000 1048 793 0.7567
20603.8000 1048 794 0.7576
20609.2000 1048 795 0.7586
20611.0000 1049 795 0.7579
20635.0000 1050 795 0.7571
20655.0000 1050 796 0.7581
20655.0000 1051 796 0.7574
20659.9000 1051 797 0.7583
20664.6000 1051 798 0.7593
20673.0000 1052 798 0.7586
20683.8000 1052 799 0.7595
20691.0000 1053 799 0.7588
20692.0000 1053 800 0.7597
20694.9000 1053 801 0.7607
20706.0000 1054 801 0.7600
20724.0000 1055 801 0.7592
20735.7000 1055 802 0.7602
20736.3000 1055 803 0.7611
20744.0000 1056 803 0.7604
20744.5000 1056 804 0.7614
20746.4000 1056 805 0.7623
20756.1000 1056 806 0.7633
20763.2000 1056 807 0.7642
20766.0000 1057 807 0.7635
20776.2000 1057 808 0.7644
20782.0000 1058 808 0.7637
20797.6000 1058 809 0.7647
20800.0000 1059 809 0.7639
20801.3000 1059 810 0.7649
20804.0000 1059 811 0.7658
20808.5000 1059 812 0.7668
20821.0000 1060 812 0.7660
20839.1000 1060 813 0.7670
20844.0000 1061 813 0.7663
20855.4000 1061 814 0.7672
20857.6000 1061 815 0.7681
20864.0000 1062 815 0.7674
20888.0000 1063 815 0.7667
20911.0000 1064 815 0.7660
20922.6000 1064 816 0.7669
20931.0000 1065 816 0.7662
20952.0000 1066 816 0.7655
20965.5000 1066 817 0.7664
20968.0000 1067 817 0.7657
20968.5000 1067 818 0.7666
20978.6000 1067 819 0.7676
20979.2000 1067 820 0.7685
20987.6000 1067 821 0.7694
20990.0000 1068 821 0.7687
21007.0000 1069 821 0.7680
21008.6000 1069 822 0.7689
21018.1000 1069 823 0.7699
21031.0000 1070 823 0.7692
21034.6000 1070 824 0.7701
21041.3000 1070 825 0.7710
21055.0000 1071 825 0.7703
21068.2000 1071 826 0.7712
21077.0000 1072 826 0.7705
21078.1000 1072 827 0.7715
21092.0000 1073 827 0.7707
21096.9000 1073 828 0.7717
21107.7000 1073 829 0.7726
21116.0000 1074 829 0.7719
21124.4000 1074 830 0.7728
21132.0000 1075 830 0.7721
21140.1000 1075 831 0.7730
21148.0000 1076 831 0.7723
21166.0000 1077 831 0.7716
21184.0000 1078 831 0.7709
21189.3000 1078 832 0.7718
21189.4000 1078 833 0.7727
21204.0000 1079 833 0.7720
21213.8000 1079 834 0.7729
21215.8000 1079 835 0.7739
21223.0000 1080 835 0.7731
21227.0000 1080 836 0.7741
21239.3000 1080 837 0.7750
21247.0000 1081 837 0.7743
21271.0000 1082 837 0.7736
21285.5000 1082 838 0.7745
21292.0000 1083 838 0.7738
21309.0000 1084 838 0.7731
21319.4000 1084 839 0.7740
21327.0000 1085 839 0.7733
21331.3000 1085 840 0.7742
21334.6000 1085 841 0.7751
21351.0000 1086 841 0.7744
21352.7000 1086 842 0.7753
21367.7000 1086 843 0.7762
21368.0000 1087 843 0.7755
21369.9000 1087 844 0.7764
21372.8000 1087 845 0.7774
21387.0000 1088 845 0.7767
21389.5000 1088 846 0.7776
21398.6000 1088 847 0.7785
21407.0000 1089 847 0.7778
21424.0000 1090 847 0.7771
21427.1000 1090 848 0.7780
21429.8000 1090 849 0.7789
21443.7000 1090 850 0.7798
21444.0000 1091 850 0.7791
21459.5000 1091 851 0.7800
21463.0000 1092 851 0.7793
21463.2000 1092 852 0.7802
21483.0000 1093 852 0.7795
21501.7000 1093 853 0.7804
21505.0000 1094 853 0.7797
21523.0000 1095 853 0.7790
21539.0000 1096 853 0.7783
21556.0000 1097 853 0.7776
21574.7000 1097 854 0.7785
21577.0000 1098 854 0.7778
21599.0000 1099 854 0.7771
21612.2000 1099 855 0.7780
21615.0000 1100 855 0.7773
21632.0000 1101 855 0.7766
21648.0000 1102 855 0.7759
21651.4000 1102 856 0.7768
21664.9000 1102 857 0.7777
21665.0000 1103 857 0.7770
21665.4000 1103 858 0.7779
21689.0000 1104 858 0.7772
21707.0000 1105 858 0.7765
21713.3000 1105 859 0.7774
21721.4000 1105 860 0.7783
21731.0000 1106 860 0.7776
21740.1000 1106 861 0.7785
21755.0000 1107 861 0.7778
21755.7000 1107 862 0.7787
21758.7000 1107 863 0.7796
21777.0000 1108 863 0.7789
21794.0000 1109 863 0.7782
21812.4000 1109 864 0.7791
21818.0000 1110 864 0.7784
21837.0000 1111 864 0.7777
21851.8000 1111 865 0.7786
21860.0000 1112 865 0.7779
21867.3000 1112 866 0.7788
21872.6000 1112 867 0.7797
21883.0000 1113 867 0.7790
21898.0000 1114 867 0.7783
21916.0000 1115 867 0.7776
21939.0000 1116 867 0.7769
21941.3000 1116 868 0.7778
21949.4000 1116 869 0.7787
21960.0000 1117 869 0.7780
21971.6000 1117 870 0.7789
21976.0000 1118 870 0.7782
21985.3000 1118 871 0.7791
21993.9000 1118 872 0.7800
21999.0000 1119 872 0.7793
22022.0000 1120 872 0.7786
22041.0000 1121 872 0.7779
22052.4000 1121 873 0.7788
22061.0000 1122 873 0.7781
22078.0000 1123 873 0.7774
22101.0000 1124 873 0.7767
22121.0000 1125 873 0.7760
22124.3000 1125 874 0.7769
22134.2000 1125 875 0.7778
22140.0000 1126 875 0.7771
22143.1000 1126 876 0.7780
22159.0000 1127 876 0.7773
22165.8000 1127 877 0.7782
22170.9000 1127 878 0.7791
22183.0000 1128 878 0.7784
22199.0000 1129 878 0.7777
22218.0000 1130 878 0.7770
22228.1000 1130 879 0.7779
22242.0000 1131 879 0.7772
22263.0000 1132 879 0.7765
22264.8000 1132 880 0.7774
22281.0000 1133 880 0.7767
22285.7000 1133 881 0.7776
22304.0000 1134 881 0.7769
22310.8000 1134 882 0.7778
22318.4000 1134 883 0.7787
22322.0000 1135 883 0.7780
22335.9000 1135 884 0.7789
22339.1000 1135 885 0.7797
22344.1000 1135 886 0.7806
22346.0000 1136 886 0.7799
22363.0000 1137 886 0.7792
22385.0000 1138 886 0.7786
22388.9000 1138 887 0.7794
22400.2000 1138 888 0.7803
22405.0000 1139 888 0.7796
22420.0000 1140 888 0.7789
22444.0000 1141 888 0.7783
22445.7000 1141 889 0.7791
22464.0000 1142 889 0.7785
22482.0000 1143 889 0.7778
22500.0000 1144 889 0.7771
22512.5000 1144 890 0.7780
22521.0000 1145 890 0.7773
22543.7000 1145 891 0.7782
22544.0000 1146 891 0.7775
22546.3000 1146 892 0.7784
22546.3000 1146 893 0.7792
22560.0000 1147 893 0.7786
22571.5000 1147 894 0.7794
22574.7000 1147 895 0.7803
22578.0000 1148 895 0.7796
22595.0000 1149 895 0.7789
22613.0000 1150 895 0.7783
22627.3000 1150 896 0.7791
22628.0000 1151 896 0.7785
22644.9000 1151 897 0.7793
22648.0000 1152 897 0.7786
22666.0000 1153 897 0.7780
22668.3000 1153 898 0.7788
22682.0000 1154 898 0.7782
22698.0000 1155 898 0.7775
22713.0000 1156 898 0.7768
22717.4000 1156 899 0.7777
22735.0000 1157 899 0.7770
22744.0000 1157 900 0.7779
22753.5000 1157 901 0.7787
22758.0000 1158 901 0.7781
22773.3000 1158 902 0.7789
22776.0000 1158 903 0.7798
22779.0000 1159 903 0.7791
22781.5000 1159 904 0.7800
22786.4000 1159 905 0.7808
22799.0000 1160 905 0.7802
22803.2000 1160 906 0.7810
22816.7000 1160 907 0.7819
22820.0000 1161 907 0.7812
22822.5000 1161 908 0.7821
22824.3000 1161 909 0.7829
22835.0000 1162 909 0.7823
22845.8000 1162 910 0.7831
22846.4000 1162 911 0.7840
22850.0000 1163 911 0.7833
22869.0000 1164 911 0.7826
22891.0000 1165 911 0.7820
22913.0000 1166 911 0.7813
22920.6000 1166 912 0.7822
22931.0000 1167 912 0.7815
22952.2000 1167 913 0.7823
22954.0000 1168 913 0.7817
22971.0000 1169 913 0.7810
22991.0000 1170 913 0.7803
23007.0000 1171 913 0.7797
23031.0000 1172 913 0.7790
23047.0000 1173 913 0.7783
23047.9000 1173 914 0.7792
23049.6000 1173 915 0.7801
23070.0000 1174 915 0.7794
23085.0000 1175 915 0.7787
23106.0000 1176 915 0.7781
23113.0000 1176 916 0.7789
23118.3000 1176 917 0.7798
23127.0000 1177 917 0.7791
23142.2000 1177 918 0.7799
23149.0000 1178 918 0.7793
23165.0000 1179 918 0.7786
23179.9000 1179 919 0.7795
23180.0000 1180 919 0.7788
23183.0000 1180 920 0.7797
23183.5000 1180 921 0.7805
23185.0000 1180 922 0.7814
23187.7000 1180 923 0.7822
23198.0000 1181 923 0.7815
23214.0000 1182 923 0.7809
23238.0000 1183 923 0.7802
23254.0000 1183 924 0.7811
23255.3000 1183 925 0.7819
23258.0000 1184 925 0.7813
23280.0000 1185 925 0.7806
23295.0000 1186 925 0.7799
23319.0000 1187 925 0.7793
23339.0000 1188 925 0.7786
23354.2000 1188 926 0.7795
23359.8000 1188 927 0.7803
23360.0000 1189 927 0.7796
23377.0000 1190 927 0.7790
23393.0000 1191 927 0.7783
23409.0000 1192 927 0.7777
23428.0000 1193 927 0.7770
23435.6000 1193 928 0.7779
23445.0000 1194 928 0.7772
23450.5000 1194 929 0.7781
23455.5000 1194 930 0.7789
23463.8000 1194 931 0.7797
23464.0000 1195 931 0.7791
23465.8000 1195 932 0.7799
23472.1000 1195 933 0.7808
23482.0000 1196 933 0.7801
23498.0000 1197 933 0.7794
23500.6000 1197 934 0.7803
23502.0000 1197 935 0.7811
23507.8000 1197 936 0.7820
23516.0000 1198 936 0.7813
23532.0000 1199 936 0.7807
23547.0000 1200 936 0.7800
23558.7000 1200 937 0.7808
23565.9000 1200 938 0.7817
23568.0000 1201 938 0.7810
23589.0000 1202 938 0.7804
23613.0000 1203 938 0.7797
23629.0000 1204 938 0.7791
23647.0000 1205 938 0.7784
23653.6000 1205 939 0.7793
23662.0000 1206 939 0.7786
23678.4000 1206 940 0.7794
23681.0000 1207 940 0.7788
23691.4000 1207 941 0.7796
23696.3000 1207 942 0.7804
23701.1000 1207 943 0.7813
23702.0000 1208 943 0.7806
23710.9000 1208 944 0.7815
23713.1000 1208 945 0.7823
23726.0000 1209 945 0.7816
23741.0000 1210 945 0.7810
23760.0000 1211 945 0.7803
23771.5000 1211 946 0.7812
23772.0000 1211 947 0.7820
23778.0000 1212 947 0.7814
23782.6000 1212 948 0.7822
23786.0000 1212 949 0.7830
23798.0000 1213 949 0.7824
23817.0000 1214 949 0.7817
23823.0000 1214 950 0.7825
23837.0000 1215 950 0.7819
23843.7000 1215 951 0.7827
23846.7000 1215 952 0.7835
23859.0000 1216 952 0.7829
23874.0000 1217 952 0.7823
23895.0000 1218 952 0.7816
23916.0000 1219 952 0.7810
23916.8000 1219 953 0.7818
23925.7000 1219 954 0.7826
23937.0000 1220 954 0.7820
23961.0000 1221 954 0.7813
23970.3000 1221 955 0.7821
23981.0000 1222 955 0.7815
23984.0000 1222 956 0.7823
23987.0000 1222 957 0.7831
23988.5000 1222 958 0.7840
24004.0000 1223 958 0.7833
24026.0000 1224 958 0.7827
24043.0000 1225 958 0.7820
24045.4000 1225 959 0.7829
24047.0000 1225 960 0.7837
24062.0000 1226 960 0.7830
24077.5000 1226 961 0.7838
24079.0000 1227 961 0.7832
24095.0000 1228 961 0.7826
24095.4000 1228 962 0.7834
24110.0000 1229 962 0.7828
24134.0000 1230 962 0.7821
24140.5000 1230 963 0.7829
24157.0000 1231 963 0.7823
24179.0000 1232 963 0.7817
24192.1000 1232 964 0.7825
24203.0000 1233 964 0.7818
24222.0000 1234 964 0.7812
24225.8000 1234 965 0.7820
24235.3000 1234 966 0.7828
24242.4000 1234 967 0.7836
24245.0000 1235 967 0.7830
24252.1000 1235 968 0.7838
24262.0000 1236 968 0.7832
24270.7000 1236 969 0.7840
24286.0000 1237 969 0.7833
24305.0000 1238 969 0.7827
24314.2000 1238 970 0.7835
24326.0000 1239 970 0.7829
24338.6000 1239 971 0.7837
24341.7000 1239 972 0.7845
24349.0000 1240 972 0.7839
24363.0000 1240 973 0.7847
24368.0000 1241 973 0.7840
24379.5000 1241 974 0.7849
24380.6000 1241 975 0.7857
24382.2000 1241 976 0.7865
24383.0000 1242 976 0.7858
24407.0000 1243 976 0.7852
24422.4000 1243 977 0.7860
24427.0000 1244 977 0.7854
24445.2000 1244 978 0.7862
24447.0000 1245 978 0.7855
24468.0000 1246 978 0.7849
24468.8000 1246 979 0.7857
24473.7000 1246 980 0.7865
24482.9000 1246 981 0.7873
24490.0000 1247 981 0.7867
24490.3000 1247 982 0.7875
24494.6000 1247 983 0.7883
24496.5000 1247 984 0.7891
24510.4000 1247 985 0.7899
24514.0000 1248 985 0.7893
24530.0000 1249 985 0.7886
24548.6000 1249 986 0.7894
24553.0000 1250 986 0.7888
24568.0000 1251 986 0.7882
24591.0000 1252 986 0.7875
24605.9000 1252 987 0.7883
24607.0000 1253 987 0.7877
24624.0000 1254 987 0.7871
24641.0000 1255 987 0.7865
24652.9000 1255 988 0.7873
24656.0000 1256 988 0.7866
24663.0000 1256 989 0.7874
24677.0000 1257 989 0.7868
24693.0000 1258 989 0.7862
24702.5000 1258 990 0.7870
24712.0000 1259 990 0.7863
24736.0000 1260 990 0.7857
24751.0000 1261 990 0.7851
24768.0000 1262 990 0.7845
24773.9000 1262 991 0.7853
24780.2000 1262 992 0.7861
24790.0000 1263 992 0.7854
24791.2000 1263 993 0.7862
24809.0000 1264 993 0.7856
24818.6000 1264 994 0.7864
24824.0000 1265 994 0.7858
24828.3000 1265 995 0.7866
24844.0000 1266 995 0.7859
24859.5000 1266 996 0.7867
24867.0000 1267 996 0.7861
24870.4000 1267 997 0.7869
24883.0000 1268 997 0.7863
24894.8000 1268 998 0.7871
24905.0000 1268 999 0.7879
24905.3000 1268 1000 0.7886
24906.0000 1269 1000 0.7880
24907.1000 1269 1001 0.7888
24919.7000 1269 1002 0.7896
24921.0000 1270 1002 0.7890
24925.9000 1270 1003 0.7898
24945.0000 1271 1003 0.7891
24951.5000 1271 1004 0.7899
24963.0000 1272 1004 0.7893
24977.0000 1272 1005 0.7901
24980.0000 1273 1005 0.7895
24999.0000 1274 1005 0.7889
25015.0000 1275 1005 0.7882
25023.4000 1275 1006 0.7890
25026.2000 1275 1007 0.7898
25028.1000 1275 1008 0.7906
25034.0000 1276 1008 0.7900
25044.1000 1276 1009 0.7908
25055.0000 1277 1009 0.7901
25074.0000 1278 1009 0.7895
25083.3000 1278 1010 0.7903
25091.5000 1278 1011 0.7911
25094.7000 1278 1012 0.7919
25095.0000 1279 1012 0.7912
25107.0000 1279 1013 0.7920
25110.3000 1279 1014 0.7928
25116.1000 1279 1015 0.7936
25119.0000 1280 1015 0.7930
25130.0000 1280 1016 0.7938
25130.1000 1280 1017 0.7945
25138.0000 1281 1017 0.7939
25162.0000 1282 1017 0.7933
25183.0000 1283 1017 0.7927
