# time  created  delivered  delivered/created
22.0000 1 0 0.0000
38.0000 2 0 0.0000
54.0000 3 0 0.0000
72.0000 4 0 0.0000
94.0000 5 0 0.0000
110.0000 6 0 0.0000
133.0000 7 0 0.0000
153.0000 8 0 0.0000
175.0000 9 0 0.0000
191.0000 10 0 0.0000
210.0000 11 0 0.0000
225.0000 12 0 0.0000
249.0000 13 0 0.0000
265.0000 14 0 0.0000
281.0000 15 0 0.0000
304.0000 16 0 0.0000
328.0000 17 0 0.0000
343.0000 18 0 0.0000
367.0000 19 0 0.0000
382.0000 20 0 0.0000
399.0000 21 0 0.0000
420.0000 22 0 0.0000
439.0000 23 0 0.0000
458.0000 24 0 0.0000
480.0000 25 0 0.0000
497.0000 26 0 0.0000
515.0000 27 0 0.0000
538.0000 28 0 0.0000
562.0000 29 0 0.0000
581.0000 30 0 0.0000
581.2000 30 1 0.0333
603.0000 31 1 0.0323
625.0000 32 1 0.0313
642.8000 32 2 0.0625
646.0000 33 2 0.0606
661.6000 33 3 0.0909
667.0000 34 3 0.0882
685.0000 35 3 0.0857
691.0000 35 4 0.1143
700.0000 36 4 0.1111
713.7000 36 5 0.1389
722.0000 37 5 0.1351
741.0000 38 5 0.1316
764.0000 39 5 0.1282
773.6000 39 6 0.1538
784.0000 40 6 0.1500
806.0000 41 6 0.1463
829.0000 42 6 0.1429
851.0000 43 6 0.1395
873.0000 44 6 0.1364
895.0000 45 6 0.1333
918.0000 46 6 0.1304
935.7000 46 7 0.1522
941.0000 47 7 0.1489
957.0000 48 7 0.1458
975.0000 49 7 0.1429
998.0000 50 7 0.1400
1018.0000 51 7 0.1373
1040.0000 52 7 0.1346
1056.0000 53 7 0.1321
1077.0000 54 7 0.1296
1096.0000 55 7 0.1273
1117.0000 56 7 0.1250
1137.0000 57 7 0.1228
1159.0000 58 7 0.1207
1179.0000 59 7 0.1186
1195.4000 59 8 0.1356
1201.0000 60 8 0.1333
1216.0000 61 8 0.1311
1225.2000 61 9 0.1475
1226.1000 61 10 0.1639
1232.0000 62 10 0.1613
1251.0000 63 10 0.1587
1268.0000 64 10 0.1563
1287.0000 65 10 0.1538
1308.0000 66 10 0.1515
1327.0000 67 10 0.1493
1342.0000 68 10 0.1471
1364.0000 69 10 0.1449
1381.1000 69 11 0.1594
1388.0000 70 11 0.1571
1397.1000 70 12 0.1714
1407.0000 71 12 0.1690
1422.0000 72 12 0.1667
1442.0000 73 12 0.1644
1464.0000 74 12 0.1622
1475.9000 74 13 0.1757
1478.4000 74 14 0.1892
1479.0000 75 14 0.1867
1483.1000 75 15 0.2000
1500.0000 76 15 0.1974
1518.0000 77 15 0.1948
1542.0000 78 15 0.1923
1562.0000 79 15 0.1899
1577.0000 80 15 0.1875
1585.3000 80 16 0.2000
1594.5000 80 17 0.2125
1600.0000 81 17 0.2099
1620.0000 82 17 0.2073
1637.0000 83 17 0.2048
1652.0000 84 17 0.2024
1673.0000 85 17 0.2000
1695.0000 86 17 0.1977
1703.1000 86 18 0.2093
1706.4000 86 19 0.2209
1713.0000 87 19 0.2184
1736.2000 87 20 0.2299
1737.0000 87 21 0.2414
1737.0000 88 21 0.2386
1739.4000 88 22 0.2500
1739.8000 88 23 0.2614
1760.0000 89 23 0.2584
1781.0000 90 23 0.2556
1804.0000 91 23 0.2527
1826.0000 92 23 0.2500
1849.0000 93 23 0.2473
1870.0000 94 23 0.2447
1880.0000 94 24 0.2553
1882.8000 94 25 0.2660
1890.0000 95 25 0.2632
1911.0000 96 25 0.2604
1929.0000 97 25 0.2577
1948.0000 98 25 0.2551
1965.0000 99 25 0.2525
1980.0000 100 25 0.2500
1991.6000 100 26 0.2600
2002.0000 101 26 0.2574
2024.0000 102 26 0.2549
2035.6000 102 27 0.2647
2041.0000 103 27 0.2621
2064.0000 104 27 0.2596
2080.0000 105 27 0.2571
2095.0000 106 27 0.2547
2119.0000 107 27 0.2523
2139.0000 108 27 0.2500
2143.6000 108 28 0.2593
2161.0000 109 28 0.2569
2178.0000 110 28 0.2545
2199.0000 111 28 0.2523
2217.0000 111 29 0.2613
2222.0000 112 29 0.2589
2240.0000 113 29 0.2566
2259.0000 114 29 0.2544
2275.0000 115 29 0.2522
2295.0000 116 29 0.2500
2314.0000 117 29 0.2479
2324.7000 117 30 0.2564
2335.0000 118 30 0.2542
2348.0000 118 31 0.2627
2354.0000 119 31 0.2605
2377.0000 120 31 0.2583
2396.0000 121 31 0.2562
2411.0000 122 31 0.2541
2412.0000 122 32 0.2623
2433.0000 123 32 0.2602
2452.0000 124 32 0.2581
2460.7000 124 33 0.2661
2461.2000 124 34 0.2742
2464.9000 124 35 0.2823
2470.9000 124 36 0.2903
2474.0000 125 36 0.2880
2490.0000 125 37 0.2960
2496.0000 126 37 0.2937
2511.0000 127 37 0.2913
2526.0000 128 37 0.2891
2546.0000 129 37 0.2868
2555.1000 129 38 0.2946
2555.7000 129 39 0.3023
2563.0000 130 39 0.3000
2586.0000 131 39 0.2977
2592.3000 131 40 0.3053
2601.0000 132 40 0.3030
2621.0000 133 40 0.3008
2641.0000 134 40 0.2985
2654.8000 134 41 0.3060
2662.0000 135 41 0.3037
2678.0000 136 41 0.3015
2689.6000 136 42 0.3088
2690.0000 136 43 0.3162
2693.0000 137 43 0.3139
2716.0000 138 43 0.3116
2729.2000 138 44 0.3188
2735.0000 139 44 0.3165
2741.3000 139 45 0.3237
2742.9000 139 46 0.3309
2754.0000 140 46 0.3286
2771.0000 141 46 0.3262
2788.0000 142 46 0.3239
2800.0000 142 47 0.3310
2803.7000 142 48 0.3380
2807.0000 143 48 0.3357
2823.3000 143 49 0.3427
2831.0000 144 49 0.3403
2853.0000 145 49 0.3379
2868.0000 146 49 0.3356
2891.0000 147 49 0.3333
2899.2000 147 50 0.3401
2911.0000 148 50 0.3378
2926.0000 149 50 0.3356
2942.0000 150 50 0.3333
2947.3000 150 51 0.3400
2954.4000 150 52 0.3467
2962.0000 151 52 0.3444
2979.0000 152 52 0.3421
3003.0000 153 52 0.3399
3024.0000 154 52 0.3377
3040.0000 155 52 0.3355
3059.0000 155 53 0.3419
3064.0000 156 53 0.3397
3065.8000 156 54 0.3462
3084.5000 156 55 0.3526
3086.0000 157 55 0.3503
3110.0000 158 55 0.3481
3129.0000 159 55 0.3459
3131.0000 159 56 0.3522
3147.0000 160 56 0.3500
3166.0000 161 56 0.3478
3190.0000 162 56 0.3457
3210.0000 163 56 0.3436
3225.0000 164 56 0.3415
3243.0000 165 56 0.3394
3260.0000 166 56 0.3373
3261.2000 166 57 0.3434
3271.5000 166 58 0.3494
3273.2000 166 59 0.3554
3283.0000 167 59 0.3533
3288.4000 167 60 0.3593
3305.0000 168 60 0.3571
3321.0000 169 60 0.3550
3344.0000 170 60 0.3529
3365.0000 171 60 0.3509
3365.1000 171 61 0.3567
3385.0000 172 61 0.3547
3396.5000 172 62 0.3605
3408.0000 173 62 0.3584
3414.1000 173 63 0.3642
3414.4000 173 64 0.3699
3423.8000 173 65 0.3757
3428.0000 174 65 0.3736
3446.0000 174 66 0.3793
3449.0000 175 66 0.3771
3454.7000 175 67 0.3829
3456.5000 175 68 0.3886
3472.0000 176 68 0.3864
3488.0000 177 68 0.3842
3510.8000 177 69 0.3898
3511.0000 178 69 0.3876
3513.6000 178 70 0.3933
3532.4000 178 71 0.3989
3533.2000 178 72 0.4045
3535.0000 179 72 0.4022
3547.0000 179 73 0.4078
3552.0000 180 73 0.4056
3569.5000 180 74 0.4111
3570.0000 181 74 0.4088
3576.3000 181 75 0.4144
3589.0000 182 75 0.4121
3604.0000 183 75 0.4098
3619.0000 184 75 0.4076
3638.0000 185 75 0.4054
3653.0000 186 75 0.4032
3669.0000 187 75 0.4011
3689.0000 188 75 0.3989
3712.0000 189 75 0.3968
3730.0000 190 75 0.3947
3754.0000 191 75 0.3927
3771.0000 192 75 0.3906
3787.0000 193 75 0.3886
3809.0000 194 75 0.3866
3832.0000 195 75 0.3846
3854.0000 196 75 0.3827
3873.0000 197 75 0.3807
3895.0000 198 75 0.3788
3919.0000 199 75 0.3769
3938.0000 200 75 0.3750
3946.1000 200 76 0.3800
3953.0000 200 77 0.3850
3955.0000 201 77 0.3831
3975.0000 202 77 0.3812
3987.9000 202 78 0.3861
3996.0000 203 78 0.3842
4012.0000 204 78 0.3824
4018.5000 204 79 0.3873
4031.0000 205 79 0.3854
4052.0000 206 79 0.3835
4054.9000 206 80 0.3883
4070.0000 207 80 0.3865
4094.0000 208 80 0.3846
4096.8000 208 81 0.3894
4111.9000 208 82 0.3942
4115.0000 209 82 0.3923
4134.0000 210 82 0.3905
4152.1000 210 83 0.3952
4153.0000 211 83 0.3934
4171.0000 212 83 0.3915
4177.6000 212 84 0.3962
4187.1000 212 85 0.4009
4194.0000 213 85 0.3991
4214.0000 214 85 0.3972
4222.4000 214 86 0.4019
4235.0000 215 86 0.4000
4251.0000 216 86 0.3981
4268.6000 216 87 0.4028
4272.0000 217 87 0.4009
4287.3000 217 88 0.4055
4290.0000 218 88 0.4037
4309.0000 218 89 0.4083
4314.0000 219 89 0.4064
4315.4000 219 90 0.4110
4338.0000 220 90 0.4091
4357.9000 220 91 0.4136
4360.0000 221 91 0.4118
4381.0000 222 91 0.4099
4400.0000 223 91 0.4081
4419.0000 224 91 0.4063
4419.1000 224 92 0.4107
4434.0000 225 92 0.4089
4435.5000 225 93 0.4133
4452.4000 225 94 0.4178
4454.5000 225 95 0.4222
4458.0000 226 95 0.4204
4476.0000 227 95 0.4185
4497.0000 228 95 0.4167
4515.0000 229 95 0.4148
4537.0000 230 95 0.4130
4556.0000 231 95 0.4113
4561.4000 231 96 0.4156
4580.0000 232 96 0.4138
4597.0000 233 96 0.4120
4606.3000 233 97 0.4163
4607.1000 233 98 0.4206
4614.0000 234 98 0.4188
4634.0000 235 98 0.4170
4655.0000 236 98 0.4153
4665.1000 236 99 0.4195
4672.0000 237 99 0.4177
4686.6000 237 100 0.4219
4689.0000 238 100 0.4202
4706.0000 239 100 0.4184
4722.7000 239 101 0.4226
4729.0000 240 101 0.4208
4743.7000 240 102 0.4250
4747.0000 241 102 0.4232
4762.0000 242 102 0.4215
4783.0000 243 102 0.4198
4795.2000 243 103 0.4239
4807.0000 244 103 0.4221
4808.3000 244 104 0.4262
4824.0000 245 104 0.4245
4848.0000 246 104 0.4228
4867.0000 247 104 0.4211
4886.0000 248 104 0.4194
4909.0000 249 104 0.4177
4928.0000 250 104 0.4160
4951.0000 251 104 0.4143
4966.0000 252 104 0.4127
4975.1000 252 105 0.4167
4976.5000 252 106 0.4206
4986.0000 253 106 0.4190
4989.5000 253 107 0.4229
4993.2000 253 108 0.4269
5010.0000 254 108 0.4252
5033.0000 255 108 0.4235
5048.0000 256 108 0.4219
5072.0000 257 108 0.4202
5076.2000 257 109 0.4241
5089.0000 258 109 0.4225
5104.1000 258 110 0.4264
5112.0000 259 110 0.4247
5130.8000 259 111 0.4286
5131.0000 260 111 0.4269
5131.8000 260 112 0.4308
5151.0000 261 112 0.4291
5175.0000 262 112 0.4275
5194.0000 263 112 0.4259
5212.5000 263 113 0.4297
5215.0000 264 113 0.4280
5237.0000 265 113 0.4264
5239.3000 265 114 0.4302
5254.0000 266 114 0.4286
5269.0000 267 114 0.4270
5291.0000 268 114 0.4254
5307.0000 269 114 0.4238
5324.0000 270 114 0.4222
5339.0000 271 114 0.4207
5356.0000 272 114 0.4191
5371.0000 273 114 0.4176
5387.0000 274 114 0.4161
5391.6000 274 115 0.4197
5410.0000 275 115 0.4182
5426.0000 276 115 0.4167
5447.0000 277 115 0.4152
5470.0000 278 115 0.4137
5490.0000 279 115 0.4122
5504.6000 279 116 0.4158
5507.0000 280 116 0.4143
5519.1000 280 117 0.4179
5528.0000 281 117 0.4164
5546.0000 282 117 0.4149
5553.3000 282 118 0.4184
5564.0000 283 118 0.4170
5584.0000 284 118 0.4155
5607.0000 285 118 0.4140
5622.0000 285 119 0.4175
5625.0000 286 119 0.4161
5643.0000 287 119 0.4146
5665.0000 288 119 0.4132
5685.0000 289 119 0.4118
5693.8000 289 120 0.4152
5695.9000 289 121 0.4187
5704.0000 290 121 0.4172
5724.0000 291 121 0.4158
5745.0000 292 121 0.4144
5759.9000 292 122 0.4178
5760.0000 293 122 0.4164
5778.9000 293 123 0.4198
5781.7000 293 124 0.4232
5782.0000 293 125 0.4266
5784.0000 294 125 0.4252
5805.0000 295 125 0.4237
5820.1000 295 126 0.4271
5822.0000 296 126 0.4257
5841.0000 297 126 0.4242
5855.7000 297 127 0.4276
5859.0000 298 127 0.4262
5860.0000 298 128 0.4295
5874.0000 299 128 0.4281
5874.0000 299 129 0.4314
5893.0000 300 129 0.4300
5896.4000 300 130 0.4333
5905.8000 300 131 0.4367
5914.0000 301 131 0.4352
5914.2000 301 132 0.4385
5924.2000 301 133 0.4419
5932.0000 302 133 0.4404
5953.0000 303 133 0.4389
5971.0000 304 133 0.4375
5986.0000 305 133 0.4361
5995.2000 305 134 0.4393
6008.0000 306 134 0.4379
6010.3000 306 135 0.4412
6024.0000 307 135 0.4397
6029.0000 307 136 0.4430
6037.7000 307 137 0.4463
6041.0000 308 137 0.4448
6063.0000 309 137 0.4434
6068.1000 309 138 0.4466
6068.7000 309 139 0.4498
6082.5000 309 140 0.4531
6087.0000 310 140 0.4516
6105.0000 311 140 0.4502
6124.0000 312 140 0.4487
6145.0000 313 140 0.4473
6166.0000 314 140 0.4459
6182.0000 315 140 0.4444
6185.9000 315 141 0.4476
6201.0000 316 141 0.4462
6216.0000 317 141 0.4448
6231.0000 318 141 0.4434
6248.0000 319 141 0.4420
6261.7000 319 142 0.4451
6267.0000 320 142 0.4438
6283.4000 320 143 0.4469
6289.0000 321 143 0.4455
6289.3000 321 144 0.4486
6308.0000 322 144 0.4472
6320.5000 322 145 0.4503
6332.0000 323 145 0.4489
6355.0000 324 145 0.4475
6372.0000 325 145 0.4462
6393.0000 326 145 0.4448
6412.5000 326 146 0.4479
6417.0000 327 146 0.4465
6424.0000 327 147 0.4495
6441.0000 328 147 0.4482
6460.0000 328 148 0.4512
6465.0000 329 148 0.4498
6467.3000 329 149 0.4529
6486.0000 330 149 0.4515
6502.0000 331 149 0.4502
6518.0000 332 149 0.4488
6536.0000 333 149 0.4474
6552.5000 333 150 0.4505
6555.0000 334 150 0.4491
6564.4000 334 151 0.4521
6572.0000 335 151 0.4507
6591.0000 336 151 0.4494
6608.0000 337 151 0.4481
6631.0000 338 151 0.4467
6646.0000 339 151 0.4454
6665.0000 340 151 0.4441
6684.0000 341 151 0.4428
6696.4000 341 152 0.4457
6708.0000 342 152 0.4444
6725.0000 343 152 0.4431
6726.0000 343 153 0.4461
6733.4000 343 154 0.4490
6743.9000 343 155 0.4519
6745.0000 344 155 0.4506
6760.0000 345 155 0.4493
6781.0000 346 155 0.4480
6793.2000 346 156 0.4509
6800.0000 347 156 0.4496
6816.0000 348 156 0.4483
6839.0000 349 156 0.4470
6854.0000 350 156 0.4457
6860.3000 350 157 0.4486
6874.0000 351 157 0.4473
6889.0000 352 157 0.4460
6893.6000 352 158 0.4489
6897.1000 352 159 0.4517
6901.0000 352 160 0.4545
6909.0000 353 160 0.4533
6916.0000 353 161 0.4561
6930.0000 354 161 0.4548
6941.5000 354 162 0.4576
6942.3000 354 163 0.4605
6951.0000 355 163 0.4592
6954.0000 355 164 0.4620
6971.0000 356 164 0.4607
6973.3000 356 165 0.4635
6995.0000 357 165 0.4622
7008.2000 357 166 0.4650
7010.0000 358 166 0.4637
7012.8000 358 167 0.4665
7014.2000 358 168 0.4693
7015.5000 358 169 0.4721
7029.0000 359 169 0.4708
7044.8000 359 170 0.4735
7048.0000 360 170 0.4722
7062.9000 360 171 0.4750
7071.0000 361 171 0.4737
7093.0000 362 171 0.4724
7108.0000 363 171 0.4711
7130.0000 364 171 0.4698
7147.0000 365 171 0.4685
7163.0000 366 171 0.4672
7176.4000 366 172 0.4699
7180.0000 367 172 0.4687
7182.9000 367 173 0.4714
7197.0000 368 173 0.4701
7197.8000 368 174 0.4728
7218.3000 368 175 0.4755
7221.0000 369 175 0.4743
7232.6000 369 176 0.4770
7240.0000 370 176 0.4757
7255.0000 371 176 0.4744
7272.0000 372 176 0.4731
7290.8000 372 177 0.4758
7296.0000 373 177 0.4745
7305.1000 373 178 0.4772
7314.6000 373 179 0.4799
7319.0000 374 179 0.4786
7333.2000 374 180 0.4813
7335.0000 375 180 0.4800
7342.7000 375 181 0.4827
7358.0000 376 181 0.4814
7378.0000 377 181 0.4801
7381.1000 377 182 0.4828
7394.0000 378 182 0.4815
7406.7000 378 183 0.4841
7411.0000 379 183 0.4828
7435.0000 380 183 0.4816
7455.1000 380 184 0.4842
7459.0000 381 184 0.4829
7468.4000 381 185 0.4856
7472.0000 381 186 0.4882
7474.2000 381 187 0.4908
7480.0000 382 187 0.4895
7498.0000 383 187 0.4883
7514.0000 384 187 0.4870
7536.0000 385 187 0.4857
7544.9000 385 188 0.4883
7559.0000 386 188 0.4870
7566.1000 386 189 0.4896
7574.0000 387 189 0.4884
7585.3000 387 190 0.4910
7589.5000 387 191 0.4935
7595.0000 388 191 0.4923
7610.5000 388 192 0.4948
7610.7000 388 193 0.4974
7613.0000 389 193 0.4961
7621.5000 389 194 0.4987
7632.0000 390 194 0.4974
7652.5000 390 195 0.5000
7656.0000 391 195 0.4987
7673.0000 392 195 0.4974
7677.6000 392 196 0.5000
7696.0000 393 196 0.4987
7713.0000 394 196 0.4975
7727.9000 394 197 0.5000
7730.0000 395 197 0.4987
7745.0000 396 197 0.4975
7758.9000 396 198 0.5000
7762.0000 397 198 0.4987
7784.0000 398 198 0.4975
7804.0000 399 198 0.4962
7822.0000 400 198 0.4950
7822.3000 400 199 0.4975
7823.0000 400 200 0.5000
7840.0000 401 200 0.4988
7848.5000 401 201 0.5012
7858.0000 402 201 0.5000
7874.0000 403 201 0.4988
7882.6000 403 202 0.5012
7889.8000 403 203 0.5037
7891.2000 403 204 0.5062
7895.0000 404 204 0.5050
7914.0000 405 204 0.5037
7929.1000 405 205 0.5062
7931.0000 406 205 0.5049
7948.0000 407 205 0.5037
7960.8000 407 206 0.5061
7972.0000 408 206 0.5049
7973.5000 408 207 0.5074
7987.0000 409 207 0.5061
8002.0000 410 207 0.5049
8018.1000 410 208 0.5073
8024.0000 411 208 0.5061
8040.0000 412 208 0.5049
8041.7000 412 209 0.5073
8059.0000 413 209 0.5061
8061.2000 413 210 0.5085
8082.0000 414 210 0.5072
8084.2000 414 211 0.5097
8099.0000 415 211 0.5084
8116.0000 416 211 0.5072
8137.0000 417 211 0.5060
8158.0000 418 211 0.5048
8171.9000 418 212 0.5072
8173.0000 419 212 0.5060
8190.0000 420 212 0.5048
8205.0000 421 212 0.5036
8205.7000 421 213 0.5059
8227.0000 422 213 0.5047
8235.0000 422 214 0.5071
8235.8000 422 215 0.5095
8251.0000 423 215 0.5083
8270.0000 423 216 0.5106
8272.4000 423 217 0.5130
8274.2000 423 218 0.5154
8275.0000 424 218 0.5142
8283.6000 424 219 0.5165
8284.1000 424 220 0.5189
8297.0000 425 220 0.5176
8310.4000 425 221 0.5200
8317.0000 426 221 0.5188
8336.0000 427 221 0.5176
8359.0000 428 221 0.5164
8375.0000 429 221 0.5152
8396.0000 430 221 0.5140
8404.7000 430 222 0.5163
8414.0000 431 222 0.5151
8431.8000 431 223 0.5174
8437.0000 432 223 0.5162
8444.8000 432 224 0.5185
8453.0000 433 224 0.5173
8468.0000 434 224 0.5161
8492.0000 435 224 0.5149
8492.5000 435 225 0.5172
8495.9000 435 226 0.5195
8510.0000 436 226 0.5183
8525.0000 437 226 0.5172
8544.0000 438 226 0.5160
8552.4000 438 227 0.5183
8566.0000 439 227 0.5171
8578.2000 439 228 0.5194
8586.0000 440 228 0.5182
8609.0000 441 228 0.5170
8611.0000 441 229 0.5193
8625.0000 442 229 0.5181
8640.0000 442 230 0.5204
8641.9000 442 231 0.5226
8644.0000 443 231 0.5214
8663.0000 444 231 0.5203
8681.0000 445 231 0.5191
8697.0000 446 231 0.5179
8703.9000 446 232 0.5202
8705.9000 446 233 0.5224
8719.0000 447 233 0.5213
8727.2000 447 234 0.5235
8736.3000 447 235 0.5257
8737.7000 447 236 0.5280
8743.0000 448 236 0.5268
8748.8000 448 237 0.5290
8767.0000 449 237 0.5278
8768.0000 449 238 0.5301
8778.0000 449 239 0.5323
8779.7000 449 240 0.5345
8784.0000 450 240 0.5333
8800.0000 451 240 0.5322
8807.0000 451 241 0.5344
8823.0000 452 241 0.5332
8829.0000 452 242 0.5354
8839.0000 453 242 0.5342
8854.0000 454 242 0.5330
8869.0000 455 242 0.5319
8892.0000 456 242 0.5307
8911.0000 457 242 0.5295
8925.0000 457 243 0.5317
8929.0000 458 243 0.5306
8944.0000 459 243 0.5294
8955.3000 459 244 0.5316
8961.0000 460 244 0.5304
8979.0000 461 244 0.5293
8989.8000 461 245 0.5315
8996.6000 461 246 0.5336
8997.0000 462 246 0.5325
9011.1000 462 247 0.5346
9013.0000 463 247 0.5335
9024.2000 463 248 0.5356
9027.2000 463 249 0.5378
9035.0000 464 249 0.5366
9058.0000 465 249 0.5355
9067.9000 465 250 0.5376
9073.0000 466 250 0.5365
9092.2000 466 251 0.5386
9095.0000 467 251 0.5375
9110.1000 467 252 0.5396
9119.0000 468 252 0.5385
9126.9000 468 253 0.5406
9143.0000 469 253 0.5394
9160.6000 469 254 0.5416
9162.0000 470 254 0.5404
9172.2000 470 255 0.5426
9174.0000 470 256 0.5447
9184.4000 470 257 0.5468
9186.0000 471 257 0.5456
9209.0000 472 257 0.5445
9210.0000 472 258 0.5466
9213.7000 472 259 0.5487
9215.1000 472 260 0.5508
9219.1000 472 261 0.5530
9224.0000 473 261 0.5518
9245.0000 474 261 0.5506
9252.8000 474 262 0.5527
9253.4000 474 263 0.5549
9264.0000 475 263 0.5537
9280.1000 475 264 0.5558
9288.0000 476 264 0.5546
9303.2000 476 265 0.5567
9305.3000 476 266 0.5588
9306.5000 476 267 0.5609
9310.0000 477 267 0.5597
9320.6000 477 268 0.5618
9321.5000 477 269 0.5639
9323.6000 477 270 0.5660
9326.0000 478 270 0.5649
9335.0000 478 271 0.5669
9341.0000 479 271 0.5658
9365.0000 480 271 0.5646
9387.0000 481 271 0.5634
9403.0000 482 271 0.5622
9426.0000 483 271 0.5611
9444.0000 484 271 0.5599
9455.8000 484 272 0.5620
9467.3000 484 273 0.5640
9468.0000 485 273 0.5629
9485.0000 486 273 0.5617
9490.7000 486 274 0.5638
9503.0000 487 274 0.5626
9527.0000 488 274 0.5615
9531.9000 488 275 0.5635
9550.0000 489 275 0.5624
9551.1000 489 276 0.5644
9573.0000 490 276 0.5633
9591.0000 491 276 0.5621
9614.0000 492 276 0.5610
9632.0000 493 276 0.5598
9653.0000 494 276 0.5587
9664.3000 494 277 0.5607
9673.6000 494 278 0.5628
9676.0000 495 278 0.5616
9693.0000 496 278 0.5605
9715.0000 497 278 0.5594
9736.0000 498 278 0.5582
9738.5000 498 279 0.5602
9748.3000 498 280 0.5622
9752.0000 499 280 0.5611
9761.5000 499 281 0.5631
9770.5000 499 282 0.5651
9775.6000 499 283 0.5671
9776.0000 500 283 0.5660
9791.7000 500 284 0.5680
9796.2000 500 285 0.5700
9798.1000 500 286 0.5720
9799.0000 501 286 0.5709
9821.0000 502 286 0.5697
9837.0000 503 286 0.5686
9845.1000 503 287 0.5706
9861.0000 504 287 0.5694
9879.0000 505 287 0.5683
9889.4000 505 288 0.5703
9894.0000 506 288 0.5692
9904.5000 506 289 0.5711
9909.0000 507 289 0.5700
9927.0000 508 289 0.5689
9944.9000 508 290 0.5709
9946.0000 509 290 0.5697
9951.3000 509 291 0.5717
9969.0000 510 291 0.5706
9988.0000 511 291 0.5695
9995.7000 511 292 0.5714
10007.0000 512 292 0.5703
10013.2000 512 293 0.5723
10016.0000 512 294 0.5742
10024.0000 513 294 0.5731
10026.8000 513 295 0.5750
10042.5000 513 296 0.5770
10044.0000 514 296 0.5759
10063.2000 514 297 0.5778
10063.6000 514 298 0.5798
10067.0000 515 298 0.5786
10072.3000 515 299 0.5806
10087.0000 516 299 0.5795
10108.8000 516 300 0.5814
10111.0000 517 300 0.5803
10123.9000 517 301 0.5822
10132.0000 518 301 0.5811
10139.8000 518 302 0.5830
10154.0000 519 302 0.5819
10176.1000 519 303 0.5838
10177.0000 520 303 0.5827
10179.7000 520 304 0.5846
10184.3000 520 305 0.5865
10194.0000 521 305 0.5854
10216.0000 522 305 0.5843
10235.0000 523 305 0.5832
10243.0000 523 306 0.5851
10257.0000 524 306 0.5840
10279.7000 524 307 0.5859
10281.0000 525 307 0.5848
10300.0000 526 307 0.5837
10320.0000 527 307 0.5825
10321.5000 527 308 0.5844
10343.0000 528 308 0.5833
10343.6000 528 309 0.5852
10366.0000 529 309 0.5841
10382.0000 530 309 0.5830
10394.3000 530 310 0.5849
10397.7000 530 311 0.5868
10402.0000 531 311 0.5857
10423.0000 532 311 0.5846
10424.8000 532 312 0.5865
10441.0000 533 312 0.5854
10441.0000 533 313 0.5872
10443.4000 533 314 0.5891
10448.0000 533 315 0.5910
10450.3000 533 316 0.5929
10456.3000 533 317 0.5947
10461.0000 534 317 0.5936
10477.3000 534 318 0.5955
10480.0000 535 318 0.5944
10497.0000 536 318 0.5933
10518.0000 537 318 0.5922
10524.1000 537 319 0.5940
10535.7000 537 320 0.5959
10537.0000 538 320 0.5948
10537.8000 538 321 0.5967
10551.1000 538 322 0.5985
10555.0000 539 322 0.5974
10571.0000 540 322 0.5963
10591.0000 541 322 0.5952
10595.3000 541 323 0.5970
10595.7000 541 324 0.5989
10615.0000 542 324 0.5978
10624.4000 542 325 0.5996
10637.0000 543 325 0.5985
10645.7000 543 326 0.6004
10648.9000 543 327 0.6022
10657.0000 544 327 0.6011
10660.4000 544 328 0.6029
10665.2000 544 329 0.6048
10667.4000 544 330 0.6066
10681.0000 545 330 0.6055
10703.0000 546 330 0.6044
10726.0000 547 330 0.6033
10748.0000 548 330 0.6022
10768.0000 549 330 0.6011
10768.5000 549 331 0.6029
10788.0000 550 331 0.6018
10808.0000 551 331 0.6007
10823.0000 552 331 0.5996
10842.0000 553 331 0.5986
10862.3000 553 332 0.6004
10866.0000 554 332 0.5993
10875.9000 554 333 0.6011
10883.8000 554 334 0.6029
10885.0000 555 334 0.6018
10907.0000 556 334 0.6007
10925.0000 557 334 0.5996
10942.0000 558 334 0.5986
10942.2000 558 335 0.6004
10955.7000 558 336 0.6022
10966.0000 559 336 0.6011
10968.1000 559 337 0.6029
10983.0000 560 337 0.6018
10999.3000 560 338 0.6036
11006.0000 561 338 0.6025
11023.0000 562 338 0.6014
11046.0000 563 338 0.6004
11058.5000 563 339 0.6021
11068.0000 564 339 0.6011
11084.0000 565 339 0.6000
11099.0000 565 340 0.6018
11102.0000 566 340 0.6007
11109.7000 566 341 0.6025
11119.1000 566 342 0.6042
11120.0000 567 342 0.6032
11121.1000 567 343 0.6049
11143.0000 568 343 0.6039
11146.7000 568 344 0.6056
11165.2000 568 345 0.6074
11166.0000 569 345 0.6063
11182.0000 570 345 0.6053
11191.1000 570 346 0.6070
11201.0000 571 346 0.6060
11208.2000 571 347 0.6077
11218.0000 572 347 0.6066
11238.0000 573 347 0.6056
11250.8000 573 348 0.6073
11260.0000 574 348 0.6063
11280.0000 575 348 0.6052
11298.0000 576 348 0.6042
11319.0000 577 348 0.6031
11320.0000 577 349 0.6049
11343.0000 578 349 0.6038
11363.0000 579 349 0.6028
11376.8000 579 350 0.6045
11381.0000 580 350 0.6034
11405.0000 581 350 0.6024
11424.0000 582 350 0.6014
11432.5000 582 351 0.6031
11433.4000 582 352 0.6048
11443.0000 583 352 0.6038
11443.6000 583 353 0.6055
11459.6000 583 354 0.6072
11461.6000 583 355 0.6089
11467.0000 584 355 0.6079
11491.0000 585 355 0.6068
11511.0000 586 355 0.6058
11515.6000 586 356 0.6075
11529.0000 587 356 0.6065
11547.0000 588 356 0.6054
11550.7000 588 357 0.6071
11562.5000 588 358 0.6088
11566.0000 589 358 0.6078
11586.0000 590 358 0.6068
11610.0000 591 358 0.6058
11626.0000 592 358 0.6047
11640.2000 592 359 0.6064
11650.0000 593 359 0.6054
11665.0000 594 359 0.6044
11680.0000 595 359 0.6034
11696.0000 596 359 0.6023
11711.0000 597 359 0.6013
11731.0000 598 359 0.6003
11755.0000 599 359 0.5993
11771.0000 600 359 0.5983
11781.7000 600 360 0.6000
11790.0000 601 360 0.5990
11809.0000 602 360 0.5980
11809.0000 602 361 0.5997
11809.4000 602 362 0.6013
11825.2000 602 363 0.6030
11827.0000 603 363 0.6020
11851.0000 604 363 0.6010
11851.1000 604 364 0.6026
11853.0000 604 365 0.6043
11860.1000 604 366 0.6060
11867.0000 605 366 0.6050
11869.6000 605 367 0.6066
11872.0000 605 368 0.6083
11885.0000 606 368 0.6073
11886.5000 606 369 0.6089
11907.0000 607 369 0.6079
11925.6000 607 370 0.6096
11929.0000 608 370 0.6086
11930.4000 608 371 0.6102
11933.3000 608 372 0.6118
11933.7000 608 373 0.6135
11947.7000 608 374 0.6151
11948.0000 609 374 0.6141
11950.9000 609 375 0.6158
11959.7000 609 376 0.6174
11971.0000 610 376 0.6164
11982.3000 610 377 0.6180
11990.2000 610 378 0.6197
11995.0000 611 378 0.6187
12012.0000 612 378 0.6176
12033.0000 613 378 0.6166
12043.4000 613 379 0.6183
12048.0000 614 379 0.6173
12051.6000 614 380 0.6189
12070.0000 615 380 0.6179
12073.0000 615 381 0.6195
12076.3000 615 382 0.6211
12079.6000 615 383 0.6228
12088.0000 616 383 0.6218
12104.0000 617 383 0.6207
12124.0000 618 383 0.6197
12145.0000 619 383 0.6187
12153.5000 619 384 0.6204
12155.7000 619 385 0.6220
12165.0000 620 385 0.6210
12189.0000 621 385 0.6200
12209.0000 622 385 0.6190
12211.8000 622 386 0.6206
12216.6000 622 387 0.6222
12217.1000 622 388 0.6238
12218.2000 622 389 0.6254
12226.0000 623 389 0.6244
12249.0000 624 389 0.6234
12261.9000 624 390 0.6250
12270.0000 625 390 0.6240
12287.0000 626 390 0.6230
12297.0000 626 391 0.6246
12304.8000 626 392 0.6262
12305.0000 627 392 0.6252
12323.0000 628 392 0.6242
12329.4000 628 393 0.6258
12332.7000 628 394 0.6274
12335.4000 628 395 0.6290
12339.0000 629 395 0.6280
12358.0000 630 395 0.6270
12377.0000 631 395 0.6260
12399.0000 632 395 0.6250
12421.0000 633 395 0.6240
12444.0000 634 395 0.6230
12457.3000 634 396 0.6246
12463.0000 635 396 0.6236
12479.0000 636 396 0.6226
12481.0000 636 397 0.6242
12483.1000 636 398 0.6258
12496.1000 636 399 0.6274
12497.0000 637 399 0.6264
12514.6000 637 400 0.6279
12518.0000 638 400 0.6270
12535.5000 638 401 0.6285
12538.0000 639 401 0.6275
12556.0000 640 401 0.6266
12575.0000 641 401 0.6256
12589.3000 641 402 0.6271
12596.0000 642 402 0.6262
12611.0000 643 402 0.6252
12635.0000 644 402 0.6242
12642.9000 644 403 0.6258
12655.0000 645 403 0.6248
12668.6000 645 404 0.6264
12672.0000 646 404 0.6254
12691.0000 647 404 0.6244
12694.1000 647 405 0.6260
12704.3000 647 406 0.6275
12708.1000 647 407 0.6291
12713.0000 648 407 0.6281
12726.0000 648 408 0.6296
12727.4000 648 409 0.6312
12730.7000 648 410 0.6327
12737.0000 649 410 0.6317
12761.0000 650 410 0.6308
12773.6000 650 411 0.6323
12781.0000 651 411 0.6313
12784.8000 651 412 0.6329
12798.0000 652 412 0.6319
12818.0000 653 412 0.6309
12837.0000 653 413 0.6325
12839.0000 654 413 0.6315
12855.5000 654 414 0.6330
12863.0000 655 414 0.6321
12884.0000 656 414 0.6311
12901.0000 657 414 0.6301
12919.0000 658 414 0.6292
12936.0000 659 414 0.6282
12946.5000 659 415 0.6297
12954.0000 660 415 0.6288
12971.0000 661 415 0.6278
12976.7000 661 416 0.6293
12986.0000 662 416 0.6284
12995.2000 662 417 0.6299
12995.9000 662 418 0.6314
13009.0000 663 418 0.6305
13021.9000 663 419 0.6320
13029.0000 664 419 0.6310
13048.0000 665 419 0.6301
13069.0000 666 419 0.6291
13080.5000 666 420 0.6306
13081.1000 666 421 0.6321
13090.0000 667 421 0.6312
13098.1000 667 422 0.6327
13103.9000 667 423 0.6342
13109.7000 667 424 0.6357
13112.0000 668 424 0.6347
13125.8000 668 425 0.6362
13133.2000 668 426 0.6377
13133.9000 668 427 0.6392
13135.0000 669 427 0.6383
13135.1000 669 428 0.6398
13146.6000 669 429 0.6413
13148.4000 669 430 0.6428
13155.7000 669 431 0.6442
13157.0000 670 431 0.6433
13175.0000 671 431 0.6423
13196.2000 671 432 0.6438
13198.0000 672 432 0.6429
13222.0000 673 432 0.6419
13237.0000 674 432 0.6409
13239.1000 674 433 0.6424
13261.0000 675 433 0.6415
13266.0000 675 434 0.6430
13279.0000 676 434 0.6420
13295.7000 676 435 0.6435
13303.0000 677 435 0.6425
13304.7000 677 436 0.6440
13315.2000 677 437 0.6455
13327.0000 678 437 0.6445
13339.7000 678 438 0.6460
13344.0000 679 438 0.6451
13344.0000 679 439 0.6465
13345.1000 679 440 0.6480
13346.1000 679 441 0.6495
13367.0000 680 441 0.6485
13383.3000 680 442 0.6500
13385.0000 681 442 0.6490
13400.0000 682 442 0.6481
13420.1000 682 443 0.6496
13422.0000 683 443 0.6486
13439.0000 684 443 0.6477
13454.4000 684 444 0.6491
13463.0000 685 444 0.6482
13485.0000 686 444 0.6472
13501.0000 687 444 0.6463
13517.9000 687 445 0.6477
13522.0000 688 445 0.6468
13535.5000 688 446 0.6483
13543.0000 689 446 0.6473
13558.0000 690 446 0.6464
13562.1000 690 447 0.6478
13572.0000 690 448 0.6493
13578.0000 691 448 0.6483
13597.0000 692 448 0.6474
13601.2000 692 449 0.6488
13605.2000 692 450 0.6503
13605.9000 692 451 0.6517
13607.6000 692 452 0.6532
13612.0000 693 452 0.6522
13613.4000 693 453 0.6537
13633.0000 694 453 0.6527
13640.2000 694 454 0.6542
13654.0000 695 454 0.6532
13662.9000 695 455 0.6547
13674.0000 696 455 0.6537
13689.0000 697 455 0.6528
13693.4000 697 456 0.6542
13713.0000 698 456 0.6533
13733.0000 699 456 0.6524
13750.0000 700 456 0.6514
13770.6000 700 457 0.6529
13771.0000 701 457 0.6519
13787.0000 702 457 0.6510
13808.0000 703 457 0.6501
13831.0000 704 457 0.6491
13853.0000 705 457 0.6482
13874.0000 706 457 0.6473
13894.0000 707 457 0.6464
13915.0000 708 457 0.6455
13929.4000 708 458 0.6469
13937.0000 709 458 0.6460
13937.3000 709 459 0.6474
13950.2000 709 460 0.6488
13952.0000 710 460 0.6479
13976.0000 711 460 0.6470
13985.2000 711 461 0.6484
13994.0000 712 461 0.6475
14011.0000 713 461 0.6466
14016.7000 713 462 0.6480
14017.4000 713 463 0.6494
14028.3000 713 464 0.6508
14032.0000 714 464 0.6499
14056.0000 715 464 0.6490
14077.0000 716 464 0.6480
14092.0000 717 464 0.6471
14107.0000 718 464 0.6462
14123.0000 719 464 0.6453
14141.4000 719 465 0.6467
14143.5000 719 466 0.6481
14147.0000 720 466 0.6472
14166.1000 720 467 0.6486
14167.0000 721 467 0.6477
14186.0000 722 467 0.6468
14195.8000 722 468 0.6482
14204.0000 723 468 0.6473
14224.5000 723 469 0.6487
14225.0000 724 469 0.6478
14240.1000 724 470 0.6492
14242.6000 724 471 0.6506
14245.0000 725 471 0.6497
14267.0000 726 471 0.6488
14286.0000 727 471 0.6479
14304.0000 728 471 0.6470
14314.7000 728 472 0.6484
14314.9000 728 473 0.6497
14323.0000 729 473 0.6488
14343.0000 730 473 0.6479
14363.0000 731 473 0.6471
14385.0000 732 473 0.6462
14404.0000 733 473 0.6453
14420.0000 734 473 0.6444
14420.9000 734 474 0.6458
14441.0000 735 474 0.6449
14456.0000 736 474 0.6440
14466.4000 736 475 0.6454
14475.0000 737 475 0.6445
14499.0000 738 475 0.6436
14523.0000 739 475 0.6428
14544.0000 740 475 0.6419
14568.0000 741 475 0.6410
14569.4000 741 476 0.6424
14582.8000 741 477 0.6437
14588.0000 742 477 0.6429
14603.0000 743 477 0.6420
14618.0000 744 477 0.6411
14620.1000 744 478 0.6425
14620.9000 744 479 0.6438
14629.4000 744 480 0.6452
14632.1000 744 481 0.6465
14639.0000 745 481 0.6456
14655.0000 746 481 0.6448
14676.0000 747 481 0.6439
14693.0000 747 482 0.6452
14696.0000 748 482 0.6444
14718.0000 749 482 0.6435
14725.3000 749 483 0.6449
14736.0000 750 483 0.6440
14746.0000 750 484 0.6453
14753.9000 750 485 0.6467
14756.0000 751 485 0.6458
14773.0000 752 485 0.6449
14790.0000 753 485 0.6441
14797.1000 753 486 0.6454
14809.0000 754 486 0.6446
14810.2000 754 487 0.6459
14831.0000 755 487 0.6450
14848.0000 756 487 0.6442
14860.2000 756 488 0.6455
14867.0000 757 488 0.6446
14888.0000 757 489 0.6460
14889.0000 758 489 0.6451
14889.0000 758 490 0.6464
14905.0000 759 490 0.6456
14915.3000 759 491 0.6469
14921.8000 759 492 0.6482
14926.9000 759 493 0.6495
14927.0000 760 493 0.6487
14942.0000 761 493 0.6478
14961.0000 762 493 0.6470
14980.6000 762 494 0.6483
14984.0000 763 494 0.6474
14999.0000 764 494 0.6466
15021.0000 765 494 0.6458
15031.8000 765 495 0.6471
15040.0000 765 496 0.6484
15041.0000 766 496 0.6475
15058.0000 767 496 0.6467
15069.0000 767 497 0.6480
15074.0000 768 497 0.6471
15093.0000 769 497 0.6463
15114.0000 770 497 0.6455
15132.0000 771 497 0.6446
15149.0000 772 497 0.6438
15157.7000 772 498 0.6451
15160.4000 772 499 0.6464
15169.0000 772 500 0.6477
15172.0000 773 500 0.6468
15190.0000 774 500 0.6460
15212.0000 775 500 0.6452
15235.0000 776 500 0.6443
15256.0000 777 500 0.6435
15280.0000 778 500 0.6427
15297.0000 779 500 0.6418
15298.1000 779 501 0.6431
15318.0000 780 501 0.6423
15336.0000 781 501 0.6415
15344.5000 781 502 0.6428
15360.0000 782 502 0.6419
15381.0000 783 502 0.6411
15399.0000 784 502 0.6403
15419.0000 785 502 0.6395
15439.2000 785 503 0.6408
15441.0000 786 503 0.6399
15442.1000 786 504 0.6412
15465.0000 787 504 0.6404
15474.2000 787 505 0.6417
15482.0000 788 505 0.6409
15494.7000 788 506 0.6421
15502.9000 788 507 0.6434
15504.0000 789 507 0.6426
15526.0000 790 507 0.6418
15537.9000 790 508 0.6430
15538.1000 790 509 0.6443
15538.7000 790 510 0.6456
15547.0000 791 510 0.6448
15569.0000 792 510 0.6439
15591.0000 793 510 0.6431
15615.0000 794 510 0.6423
15616.1000 794 511 0.6436
15632.0000 795 511 0.6428
15651.0000 796 511 0.6420
15666.0000 797 511 0.6412
15681.8000 797 512 0.6424
15684.0000 798 512 0.6416
15708.0000 799 512 0.6408
15724.0000 800 512 0.6400
15740.2000 800 513 0.6413
15743.3000 800 514 0.6425
15746.0000 801 514 0.6417
15764.0000 802 514 0.6409
15782.0000 803 514 0.6401
15793.3000 803 515 0.6413
15799.0000 804 515 0.6405
15815.0000 805 515 0.6398
15838.0000 806 515 0.6390
15854.0000 807 515 0.6382
15873.0000 808 515 0.6374
15880.0000 808 516 0.6386
15882.3000 808 517 0.6399
15894.0000 809 517 0.6391
15909.0000 810 517 0.6383
15919.9000 810 518 0.6395
15927.0000 811 518 0.6387
15948.0000 812 518 0.6379
15953.1000 812 519 0.6392
15967.0000 813 519 0.6384
15982.4000 813 520 0.6396
15990.0000 814 520 0.6388
15996.6000 814 521 0.6400
16005.3000 814 522 0.6413
16006.3000 814 523 0.6425
16010.0000 815 523 0.6417
16027.0000 816 523 0.6409
16042.0000 817 523 0.6401
16048.6000 817 524 0.6414
16061.0000 818 524 0.6406
16080.0000 819 524 0.6398
16104.0000 820 524 0.6390
16124.0000 821 524 0.6382
16139.0000 822 524 0.6375
16155.0000 823 524 0.6367
16175.0000 824 524 0.6359
16196.0000 825 524 0.6352
16212.0000 826 524 0.6344
16220.0000 826 525 0.6356
16230.0000 827 525 0.6348
16245.0000 828 525 0.6341
16251.0000 828 526 0.6353
16261.0000 829 526 0.6345
16276.9000 829 527 0.6357
16281.0000 830 527 0.6349
16295.8000 830 528 0.6361
16301.0000 831 528 0.6354
16305.1000 831 529 0.6366
16322.0000 832 529 0.6358
16332.5000 832 530 0.6370
16338.0000 833 530 0.6363
16344.3000 833 531 0.6375
16357.0000 834 531 0.6367
16380.0000 835 531 0.6359
16389.3000 835 532 0.6371
16390.4000 835 533 0.6383
16399.0000 836 533 0.6376
16412.9000 836 534 0.6388
16413.8000 836 535 0.6400
16416.0000 837 535 0.6392
16433.0000 838 535 0.6384
16455.0000 839 535 0.6377
16476.9000 839 536 0.6389
16479.0000 840 536 0.6381
16503.0000 841 536 0.6373
16520.1000 841 537 0.6385
16526.0000 842 537 0.6378
16543.7000 842 538 0.6390
16547.0000 843 538 0.6382
16568.0000 844 538 0.6374
16589.0000 845 538 0.6367
16601.0000 845 539 0.6379
16610.0000 846 539 0.6371
16628.0000 847 539 0.6364
16646.0000 848 539 0.6356
16651.6000 848 540 0.6368
16662.0000 849 540 0.6360
16666.9000 849 541 0.6372
16672.8000 849 542 0.6384
16682.0000 850 542 0.6376
16699.0000 851 542 0.6369
16721.7000 851 543 0.6381
16723.0000 852 543 0.6373
16731.4000 852 544 0.6385
16745.0000 853 544 0.6377
16760.0000 854 544 0.6370
16783.0000 855 544 0.6363
16784.2000 855 545 0.6374
16785.7000 855 546 0.6386
16800.0000 856 546 0.6379
16803.9000 856 547 0.6390
16809.9000 856 548 0.6402
16818.0000 857 548 0.6394
16835.0000 858 548 0.6387
16849.2000 858 549 0.6399
16852.1000 858 550 0.6410
16854.8000 858 551 0.6422
16858.0000 859 551 0.6414
16869.2000 859 552 0.6426
16881.0000 860 552 0.6419
16901.0000 861 552 0.6411
16917.0000 862 552 0.6404
16935.0000 863 552 0.6396
16959.0000 864 552 0.6389
16980.0000 865 552 0.6382
16986.0000 865 553 0.6393
16988.7000 865 554 0.6405
16997.0000 866 554 0.6397
17001.1000 866 555 0.6409
17021.0000 867 555 0.6401
17024.9000 867 556 0.6413
17036.7000 867 557 0.6424
17040.0000 868 557 0.6417
17048.9000 868 558 0.6429
17063.0000 869 558 0.6421
17077.3000 869 559 0.6433
17082.0000 870 559 0.6425
17086.0000 870 560 0.6437
17097.5000 870 561 0.6448
17105.0000 871 561 0.6441
17114.2000 871 562 0.6452
17118.8000 871 563 0.6464
17126.0000 872 563 0.6456
17135.9000 872 564 0.6468
17143.0000 873 564 0.6460
17162.0000 874 564 0.6453
17181.0000 875 564 0.6446
17202.0000 876 564 0.6438
17225.0000 877 564 0.6431
17238.1000 877 565 0.6442
17240.0000 878 565 0.6435
17259.0000 879 565 0.6428
17278.0000 880 565 0.6420
17291.7000 880 566 0.6432
17299.0000 881 566 0.6425
17318.0000 882 566 0.6417
17336.0000 883 566 0.6410
17338.6000 883 567 0.6421
17340.1000 883 568 0.6433
17353.0000 884 568 0.6425
17357.6000 884 569 0.6437
17365.7000 884 570 0.6448
17366.9000 884 571 0.6459
17370.0000 885 571 0.6452
17372.5000 885 572 0.6463
17374.7000 885 573 0.6475
17375.2000 885 574 0.6486
17393.6000 885 575 0.6497
17394.0000 886 575 0.6490
17404.8000 886 576 0.6501
17416.0000 887 576 0.6494
17439.0000 888 576 0.6486
17440.8000 888 577 0.6498
17454.0000 889 577 0.6490
17459.0000 889 578 0.6502
17469.2000 889 579 0.6513
17473.7000 889 580 0.6524
17477.0000 890 580 0.6517
17497.0000 891 580 0.6510
17515.0000 892 580 0.6502
17535.0000 893 580 0.6495
17558.0000 894 580 0.6488
17574.0000 895 580 0.6480
17580.1000 895 581 0.6492
17598.0000 896 581 0.6484
17619.0000 897 581 0.6477
17632.9000 897 582 0.6488
17639.0000 898 582 0.6481
17654.0000 899 582 0.6474
17655.2000 899 583 0.6485
17672.0000 900 583 0.6478
17690.0000 901 583 0.6471
17710.0000 902 583 0.6463
17734.0000 903 583 0.6456
17736.3000 903 584 0.6467
17751.0000 904 584 0.6460
17758.4000 904 585 0.6471
17770.3000 904 586 0.6482
17774.0000 905 586 0.6475
17785.2000 905 587 0.6486
17793.0000 906 587 0.6479
17808.0000 907 587 0.6472
17813.6000 907 588 0.6483
17814.0000 907 589 0.6494
17817.8000 907 590 0.6505
17826.0000 908 590 0.6498
17835.5000 908 591 0.6509
17846.0000 909 591 0.6502
17864.0000 910 591 0.6495
17884.0000 911 591 0.6487
17899.0000 912 591 0.6480
17917.0000 913 591 0.6473
17934.5000 913 592 0.6484
17936.0000 914 592 0.6477
17958.0000 915 592 0.6470
17976.0000 916 592 0.6463
17976.3000 916 593 0.6474
17977.6000 916 594 0.6485
18000.0000 917 594 0.6478
18021.0000 918 594 0.6471
18040.0000 919 594 0.6464
18059.0000 920 594 0.6457
18077.0000 921 594 0.6450
18077.2000 921 595 0.6460
18092.0000 922 595 0.6453
18104.0000 922 596 0.6464
18112.1000 922 597 0.6475
18113.0000 923 597 0.6468
18132.0000 924 597 0.6461
18140.9000 924 598 0.6472
18143.4000 924 599 0.6483
18147.7000 924 600 0.6494
18154.0000 924 601 0.6504
18155.0000 925 601 0.6497
18177.0000 926 601 0.6490
18181.7000 926 602 0.6501
18192.0000 927 602 0.6494
18214.0000 928 602 0.6487
18221.6000 928 603 0.6498
18225.9000 928 604 0.6509
18236.0000 929 604 0.6502
18259.0000 930 604 0.6495
18275.0000 931 604 0.6488
18298.0000 932 604 0.6481
18316.7000 932 605 0.6491
18321.0000 933 605 0.6484
18330.6000 933 606 0.6495
18340.0000 934 606 0.6488
18353.1000 934 607 0.6499
18364.0000 935 607 0.6492
18383.0000 936 607 0.6485
18402.0000 937 607 0.6478
18425.0000 938 607 0.6471
18439.2000 938 608 0.6482
18440.8000 938 609 0.6493
18449.0000 939 609 0.6486
18464.3000 939 610 0.6496
18470.1000 939 611 0.6507
18473.0000 940 611 0.6500
18488.0000 941 611 0.6493
18502.5000 941 612 0.6504
18512.0000 942 612 0.6497
18532.7000 942 613 0.6507
18534.0000 943 613 0.6501
18536.1000 943 614 0.6511
18549.0000 944 614 0.6504
18558.2000 944 615 0.6515
18561.6000 944 616 0.6525
18563.6000 944 617 0.6536
18570.0000 945 617 0.6529
18586.6000 945 618 0.6540
18588.6000 945 619 0.6550
18590.0000 946 619 0.6543
18596.0000 946 620 0.6554
18613.0000 947 620 0.6547
18632.0000 948 620 0.6540
18649.6000 948 621 0.6551
18650.1000 948 622 0.6561
18653.0000 949 622 0.6554
18677.0000 950 622 0.6547
18696.0000 951 622 0.6540
18715.0000 952 622 0.6534
18729.8000 952 623 0.6544
18738.0000 953 623 0.6537
18753.0000 954 623 0.6530
18768.0000 955 623 0.6524
18769.1000 955 624 0.6534
18784.0000 955 625 0.6545
18786.0000 956 625 0.6538
18799.2000 956 626 0.6548
18809.0000 957 626 0.6541
18828.0000 958 626 0.6534
18841.2000 958 627 0.6545
18845.0000 959 627 0.6538
18862.0000 960 627 0.6531
18884.0000 961 627 0.6524
18892.2000 961 628 0.6535
18894.3000 961 629 0.6545
18894.5000 961 630 0.6556
18894.6000 961 631 0.6566
18899.0000 962 631 0.6559
18922.0000 963 631 0.6552
18939.0000 964 631 0.6546
18940.4000 964 632 0.6556
18956.0000 965 632 0.6549
18964.9000 965 633 0.6560
18965.8000 965 634 0.6570
18977.0000 966 634 0.6563
18990.3000 966 635 0.6573
18993.0000 967 635 0.6567
19015.0000 968 635 0.6560
19037.0000 969 635 0.6553
19055.0000 970 635 0.6546
19072.0000 971 635 0.6540
19074.0000 971 636 0.6550
19082.8000 971 637 0.6560
19087.0000 972 637 0.6553
19108.0000 973 637 0.6547
19128.4000 973 638 0.6557
19129.0000 974 638 0.6550
19151.0000 975 638 0.6544
19154.3000 975 639 0.6554
19161.8000 975 640 0.6564
19173.0000 976 640 0.6557
19192.0000 977 640 0.6551
19200.7000 977 641 0.6561
19211.0000 978 641 0.6554
19220.1000 978 642 0.6564
19220.8000 978 643 0.6575
19231.0000 979 643 0.6568
19254.0000 980 643 0.6561
19277.0000 981 643 0.6555
19293.0000 981 644 0.6565
19301.0000 982 644 0.6558
19310.4000 982 645 0.6568
19313.4000 982 646 0.6578
19315.7000 982 647 0.6589
19316.0000 983 647 0.6582
19340.0000 984 647 0.6575
19355.0000 985 647 0.6569
19373.0000 986 647 0.6562
19391.0000 987 647 0.6555
19406.0000 988 647 0.6549
19418.6000 988 648 0.6559
19423.0000 989 648 0.6552
19439.0000 990 648 0.6545
19455.0000 991 648 0.6539
19456.0000 991 649 0.6549
19458.7000 991 650 0.6559
19479.0000 992 650 0.6552
19497.0000 993 650 0.6546
19521.0000 994 650 0.6539
19542.0000 995 650 0.6533
19547.1000 995 651 0.6543
19565.0000 996 651 0.6536
19583.5000 996 652 0.6546
19586.0000 997 652 0.6540
19601.0000 998 652 0.6533
19621.4000 998 653 0.6543
19622.0000 999 653 0.6537
19641.0000 1000 653 0.6530
19660.0000 1001 653 0.6523
19669.0000 1001 654 0.6533
19677.0000 1002 654 0.6527
19692.0000 1003 654 0.6520
19716.0000 1004 654 0.6514
19726.2000 1004 655 0.6524
19739.0000 1005 655 0.6517
19747.9000 1005 656 0.6527
19755.0000 1006 656 0.6521
19770.0000 1007 656 0.6514
19783.2000 1007 657 0.6524
19786.0000 1007 658 0.6534
19792.0000 1008 658 0.6528
19815.0000 1009 658 0.6521
19816.1000 1009 659 0.6531
19826.5000 1009 660 0.6541
19833.0000 1010 660 0.6535
19848.3000 1010 661 0.6545
19848.4000 1010 662 0.6554
19852.0000 1011 662 0.6548
19876.0000 1012 662 0.6542
19891.0000 1013 662 0.6535
19894.0000 1013 663 0.6545
19908.0000 1014 663 0.6538
19924.9000 1014 664 0.6548
19932.0000 1015 664 0.6542
19953.7000 1015 665 0.6552
19956.0000 1016 665 0.6545
19970.9000 1016 666 0.6555
19975.0000 1016 667 0.6565
19976.0000 1017 667 0.6559
19998.0000 1018 667 0.6552
20019.0000 1019 667 0.6546
20027.8000 1019 668 0.6555
20034.0000 1020 668 0.6549
20039.7000 1020 669 0.6559
20054.9000 1020 670 0.6569
20057.0000 1021 670 0.6562
20075.0000 1022 670 0.6556
20088.8000 1022 671 0.6566
20094.0000 1023 671 0.6559
20097.3000 1023 672 0.6569
20109.3000 1023 673 0.6579
20118.0000 1024 673 0.6572
20135.0000 1025 673 0.6566
20138.9000 1025 674 0.6576
20141.0000 1025 675 0.6585
20149.6000 1025 676 0.6595
20157.0000 1026 676 0.6589
20179.0000 1027 676 0.6582
20181.2000 1027 677 0.6592
20197.0000 1028 677 0.6586
20204.0000 1028 678 0.6595
20204.5000 1028 679 0.6605
20208.9000 1028 680 0.6615
20221.0000 1029 680 0.6608
20231.5000 1029 681 0.6618
20237.0000 1030 681 0.6612
20259.0000 1031 681 0.6605
20276.0000 1032 681 0.6599
20293.0000 1033 681 0.6592
20298.6000 1033 682 0.6602
20307.2000 1033 683 0.6612
20307.8000 1033 684 0.6621
20308.0000 1034 684 0.6615
20323.9000 1034 685 0.6625
20327.0000 1035 685 0.6618
20345.9000 1035 686 0.6628
20349.5000 1035 687 0.6638
20350.0000 1036 687 0.6631
20350.7000 1036 688 0.6641
20366.0000 1037 688 0.6635
20372.7000 1037 689 0.6644
20378.4000 1037 690 0.6654
20385.0000 1038 690 0.6647
20401.0000 1039 690 0.6641
20409.2000 1039 691 0.6651
20421.0000 1040 691 0.6644
20437.0000 1041 691 0.6638
20461.0000 1042 691 0.6631
20485.0000 1043 691 0.6625
20508.0000 1044 691 0.6619
20532.0000 1045 691 0.6612
20550.2000 1045 692 0.6622
20552.2000 1045 693 0.6632
20554.0000 1046 693 0.6625
20576.0000 1047 693 0.6619
20578.1000 1047 694 0.6628
20588.3000 1047 695 0.6638
20594.0000 1048 695 0.6632
20610.8000 1048 696 0.6641
20611.0000 1049 696 0.6635
20635.0000 1050 696 0.6629
20655.0000 1051 696 0.6622
20659.2000 1051 697 0.6632
20673.0000 1052 697 0.6625
20691.0000 1053 697 0.6619
20693.0000 1053 698 0.6629
20698.3000 1053 699 0.6638
20706.0000 1054 699 0.6632
20724.0000 1055 699 0.6626
20735.7000 1055 700 0.6635
20744.0000 1056 700 0.6629
20746.4000 1056 701 0.6638
20763.0000 1056 702 0.6648
20766.0000 1057 702 0.6641
20776.2000 1057 703 0.6651
20782.0000 1058 703 0.6645
20783.9000 1058 704 0.6654
20797.6000 1058 705 0.6664
20800.0000 1059 705 0.6657
20817.8000 1059 706 0.6667
20821.0000 1060 706 0.6660
20837.9000 1060 707 0.6670
20839.1000 1060 708 0.6679
20844.0000 1061 708 0.6673
20863.9000 1061 709 0.6682
20864.0000 1062 709 0.6676
20888.0000 1063 709 0.6670
20894.9000 1063 710 0.6679
20911.0000 1064 710 0.6673
20922.6000 1064 711 0.6682
20931.0000 1065 711 0.6676
20947.2000 1065 712 0.6685
20952.0000 1066 712 0.6679
20968.0000 1067 712 0.6673
20968.5000 1067 713 0.6682
20969.3000 1067 714 0.6692
20979.6000 1067 715 0.6701
20981.6000 1067 716 0.6710
20990.0000 1068 716 0.6704
20991.0000 1068 717 0.6713
21006.1000 1068 718 0.6723
21007.0000 1069 718 0.6717
21008.6000 1069 719 0.6726
21031.0000 1070 719 0.6720
21055.0000 1071 719 0.6713
21068.2000 1071 720 0.6723
21077.0000 1072 720 0.6716
21078.1000 1072 721 0.6726
21081.9000 1072 722 0.6735
21092.0000 1073 722 0.6729
21096.9000 1073 723 0.6738
21116.0000 1074 723 0.6732
21125.2000 1074 724 0.6741
21127.8000 1074 725 0.6750
21132.0000 1075 725 0.6744
21148.0000 1076 725 0.6738
21166.0000 1077 725 0.6732
21184.0000 1078 725 0.6725
21204.0000 1079 725 0.6719
21223.0000 1080 725 0.6713
21225.6000 1080 726 0.6722
21228.0000 1080 727 0.6731
21235.3000 1080 728 0.6741
21239.3000 1080 729 0.6750
21247.0000 1081 729 0.6744
21271.0000 1082 729 0.6738
21292.0000 1083 729 0.6731
21296.5000 1083 730 0.6741
21309.0000 1084 730 0.6734
21325.4000 1084 731 0.6744
21327.0000 1085 731 0.6737
21349.5000 1085 732 0.6747
21351.0000 1086 732 0.6740
21352.7000 1086 733 0.6750
21368.0000 1087 733 0.6743
21369.8000 1087 734 0.6753
21375.1000 1087 735 0.6762
21376.0000 1087 736 0.6771
21387.0000 1088 736 0.6765
21388.8000 1088 737 0.6774
21398.6000 1088 738 0.6783
21407.0000 1089 738 0.6777
21424.0000 1090 738 0.6771
21428.3000 1090 739 0.6780
21444.0000 1091 739 0.6774
21459.5000 1091 740 0.6783
21462.3000 1091 741 0.6792
21463.0000 1092 741 0.6786
21474.7000 1092 742 0.6795
21482.1000 1092 743 0.6804
21483.0000 1093 743 0.6798
21502.0000 1093 744 0.6807
21505.0000 1094 744 0.6801
21511.0000 1094 745 0.6810
21523.0000 1095 745 0.6804
21539.0000 1096 745 0.6797
21541.3000 1096 746 0.6807
21556.0000 1097 746 0.6800
21557.9000 1097 747 0.6809
21561.2000 1097 748 0.6819
21564.3000 1097 749 0.6828
21577.0000 1098 749 0.6821
21580.1000 1098 750 0.6831
21593.5000 1098 751 0.6840
21599.0000 1099 751 0.6833
21615.0000 1100 751 0.6827
21623.9000 1100 752 0.6836
21632.0000 1101 752 0.6830
21648.0000 1102 752 0.6824
21651.4000 1102 753 0.6833
21655.5000 1102 754 0.6842
21665.0000 1103 754 0.6836
21689.0000 1104 754 0.6830
21707.0000 1105 754 0.6824
21713.3000 1105 755 0.6833
21731.0000 1106 755 0.6826
21755.0000 1107 755 0.6820
21755.7000 1107 756 0.6829
21769.5000 1107 757 0.6838
21777.0000 1108 757 0.6832
21794.0000 1109 757 0.6826
21804.7000 1109 758 0.6835
21818.0000 1110 758 0.6829
21837.0000 1111 758 0.6823
21851.8000 1111 759 0.6832
21860.0000 1112 759 0.6826
21872.6000 1112 760 0.6835
21883.0000 1113 760 0.6828
21898.0000 1114 760 0.6822
21916.0000 1115 760 0.6816
21939.0000 1116 760 0.6810
21949.4000 1116 761 0.6819
21950.6000 1116 762 0.6828
21960.0000 1117 762 0.6822
21974.1000 1117 763 0.6831
21976.0000 1118 763 0.6825
21999.0000 1119 763 0.6819
22017.0000 1119 764 0.6828
22022.0000 1120 764 0.6821
22041.0000 1121 764 0.6815
22052.4000 1121 765 0.6824
22061.0000 1122 765 0.6818
22063.9000 1122 766 0.6827
22078.0000 1123 766 0.6821
22101.0000 1124 766 0.6815
22106.7000 1124 767 0.6824
22121.0000 1125 767 0.6818
22140.0000 1126 767 0.6812
22159.0000 1127 767 0.6806
22165.8000 1127 768 0.6815
22183.0000 1128 768 0.6809
22184.0000 1128 769 0.6817
22190.4000 1128 770 0.6826
22199.0000 1129 770 0.6820
22212.7000 1129 771 0.6829
22218.0000 1130 771 0.6823
22242.0000 1131 771 0.6817
22263.0000 1132 771 0.6811
22264.8000 1132 772 0.6820
22281.0000 1133 772 0.6814
22285.6000 1133 773 0.6823
22304.0000 1134 773 0.6817
22304.5000 1134 774 0.6825
22310.8000 1134 775 0.6834
22311.0000 1134 776 0.6843
22322.0000 1135 776 0.6837
22329.8000 1135 777 0.6846
22346.0000 1136 777 0.6840
22363.0000 1137 777 0.6834
22385.0000 1138 777 0.6828
22405.0000 1139 777 0.6822
22420.0000 1140 777 0.6816
22434.2000 1140 778 0.6825
22444.0000 1141 778 0.6819
22464.0000 1142 778 0.6813
22482.0000 1143 778 0.6807
22500.0000 1144 778 0.6801
22521.0000 1145 778 0.6795
22544.0000 1146 778 0.6789
22560.0000 1147 778 0.6783
22571.5000 1147 779 0.6792
22574.7000 1147 780 0.6800
22578.0000 1148 780 0.6794
22595.0000 1149 780 0.6789
22613.0000 1150 780 0.6783
22627.3000 1150 781 0.6791
22628.0000 1151 781 0.6785
22647.5000 1151 782 0.6794
22648.0000 1152 782 0.6788
22660.7000 1152 783 0.6797
22666.0000 1153 783 0.6791
22669.8000 1153 784 0.6800
22671.8000 1153 785 0.6808
22678.0000 1153 786 0.6817
22682.0000 1154 786 0.6811
22698.0000 1155 786 0.6805
22713.0000 1156 786 0.6799
22717.4000 1156 787 0.6808
22735.0000 1157 787 0.6802
22752.9000 1157 788 0.6811
22758.0000 1158 788 0.6805
22768.9000 1158 789 0.6813
22771.2000 1158 790 0.6822
22779.0000 1159 790 0.6816
22799.0000 1160 790 0.6810
22820.0000 1161 790 0.6804
22824.4000 1161 791 0.6813
22835.0000 1162 791 0.6807
22850.0000 1163 791 0.6801
22869.0000 1164 791 0.6796
22891.0000 1165 791 0.6790
22904.9000 1165 792 0.6798
22913.0000 1166 792 0.6792
22913.1000 1166 793 0.6801
22920.6000 1166 794 0.6810
22931.0000 1167 794 0.6804
22954.0000 1168 794 0.6798
22971.0000 1169 794 0.6792
22991.0000 1170 794 0.6786
23007.0000 1171 794 0.6781
23031.0000 1172 794 0.6775
23047.0000 1173 794 0.6769
23047.9000 1173 795 0.6777
23048.6000 1173 796 0.6786
23054.0000 1173 797 0.6795
23070.0000 1174 797 0.6789
23085.0000 1175 797 0.6783
23106.0000 1176 797 0.6777
23107.1000 1176 798 0.6786
23109.2000 1176 799 0.6794
23113.0000 1176 800 0.6803
23118.3000 1176 801 0.6811
23127.0000 1177 801 0.6805
23143.8000 1177 802 0.6814
23149.0000 1178 802 0.6808
23158.6000 1178 803 0.6817
23165.0000 1179 803 0.6811
23180.0000 1180 803 0.6805
23185.2000 1180 804 0.6814
23187.0000 1180 805 0.6822
23187.9000 1180 806 0.6831
23198.0000 1181 806 0.6825
23214.0000 1182 806 0.6819
23236.0000 1182 807 0.6827
23238.0000 1183 807 0.6822
23252.6000 1183 808 0.6830
23258.0000 1184 808 0.6824
23280.0000 1185 808 0.6819
23292.9000 1185 809 0.6827
23293.8000 1185 810 0.6835
23295.0000 1186 810 0.6830
23303.3000 1186 811 0.6838
23304.7000 1186 812 0.6847
23319.0000 1187 812 0.6841
23339.0000 1188 812 0.6835
23354.2000 1188 813 0.6843
23360.0000 1189 813 0.6838
23377.0000 1190 813 0.6832
23393.0000 1191 813 0.6826
23394.4000 1191 814 0.6835
23409.0000 1192 814 0.6829
23428.0000 1193 814 0.6823
23429.0000 1193 815 0.6832
23435.4000 1193 816 0.6840
23445.0000 1194 816 0.6834
23450.5000 1194 817 0.6843
23455.5000 1194 818 0.6851
23463.4000 1194 819 0.6859
23464.0000 1195 819 0.6854
23474.0000 1195 820 0.6862
23482.0000 1196 820 0.6856
23498.0000 1197 820 0.6850
23501.9000 1197 821 0.6859
23503.3000 1197 822 0.6867
23507.8000 1197 823 0.6876
23516.0000 1198 823 0.6870
23532.0000 1199 823 0.6864
23537.8000 1199 824 0.6872
23547.0000 1200 824 0.6867
23558.7000 1200 825 0.6875
23559.3000 1200 826 0.6883
23565.9000 1200 827 0.6892
23568.0000 1201 827 0.6886
23577.1000 1201 828 0.6894
23589.0000 1202 828 0.6889
23613.0000 1203 828 0.6883
23629.0000 1204 828 0.6877
23647.0000 1205 828 0.6871
23662.0000 1206 828 0.6866
23678.4000 1206 829 0.6874
23681.0000 1207 829 0.6868
23696.3000 1207 830 0.6877
23702.0000 1208 830 0.6871
23702.1000 1208 831 0.6879
23710.9000 1208 832 0.6887
23714.3000 1208 833 0.6896
23722.2000 1208 834 0.6904
23726.0000 1209 834 0.6898
23741.0000 1210 834 0.6893
23757.0000 1210 835 0.6901
23757.5000 1210 836 0.6909
23760.0000 1211 836 0.6903
23772.0000 1211 837 0.6912
23778.0000 1212 837 0.6906
23782.4000 1212 838 0.6914
23785.7000 1212 839 0.6922
23798.0000 1213 839 0.6917
23803.0000 1213 840 0.6925
23817.0000 1214 840 0.6919
23823.0000 1214 841 0.6928
23837.0000 1215 841 0.6922
23842.6000 1215 842 0.6930
23843.7000 1215 843 0.6938
23844.7000 1215 844 0.6947
23846.7000 1215 845 0.6955
23859.0000 1216 845 0.6949
23874.0000 1217 845 0.6943
23895.0000 1218 845 0.6938
23916.0000 1219 845 0.6932
23937.0000 1220 845 0.6926
23941.2000 1220 846 0.6934
23953.6000 1220 847 0.6943
23961.0000 1221 847 0.6937
23970.6000 1221 848 0.6945
23979.8000 1221 849 0.6953
23981.0000 1222 849 0.6948
23984.0000 1222 850 0.6956
24004.0000 1223 850 0.6950
24026.0000 1224 850 0.6944
24030.0000 1224 851 0.6953
24037.5000 1224 852 0.6961
24043.0000 1225 852 0.6955
24045.8000 1225 853 0.6963
24047.4000 1225 854 0.6971
24047.9000 1225 855 0.6980
24062.0000 1226 855 0.6974
24077.5000 1226 856 0.6982
24079.0000 1227 856 0.6976
24095.0000 1228 856 0.6971
24110.0000 1229 856 0.6965
24134.0000 1230 856 0.6959
24140.3000 1230 857 0.6967
24157.0000 1231 857 0.6962
24179.0000 1232 857 0.6956
24203.0000 1233 857 0.6951
24222.0000 1234 857 0.6945
24225.8000 1234 858 0.6953
24242.4000 1234 859 0.6961
24245.0000 1235 859 0.6955
24254.0000 1235 860 0.6964
24254.5000 1235 861 0.6972
24262.0000 1236 861 0.6966
24286.0000 1237 861 0.6960
24305.0000 1238 861 0.6955
24326.0000 1239 861 0.6949
24349.0000 1240 861 0.6944
24368.0000 1241 861 0.6938
24379.5000 1241 862 0.6946
24383.0000 1242 862 0.6940
24402.6000 1242 863 0.6948
24407.0000 1243 863 0.6943
24418.3000 1243 864 0.6951
24422.4000 1243 865 0.6959
24427.0000 1244 865 0.6953
24445.2000 1244 866 0.6961
24447.0000 1245 866 0.6956
24456.9000 1245 867 0.6964
24468.0000 1246 867 0.6958
24468.8000 1246 868 0.6966
24473.1000 1246 869 0.6974
24475.9000 1246 870 0.6982
24487.2000 1246 871 0.6990
24490.0000 1247 871 0.6985
24490.3000 1247 872 0.6993
24510.6000 1247 873 0.7001
24514.0000 1248 873 0.6995
24530.0000 1249 873 0.6990
24553.0000 1250 873 0.6984
24568.0000 1251 873 0.6978
24591.0000 1252 873 0.6973
24595.2000 1252 874 0.6981
24607.0000 1253 874 0.6975
24624.0000 1254 874 0.6970
24641.0000 1255 874 0.6964
24652.9000 1255 875 0.6972
24656.0000 1256 875 0.6967
24663.0000 1256 876 0.6975
24677.0000 1257 876 0.6969
24693.0000 1258 876 0.6963
24712.0000 1259 876 0.6958
24736.0000 1260 876 0.6952
24751.0000 1261 876 0.6947
24768.0000 1262 876 0.6941
24790.0000 1263 876 0.6936
24809.0000 1264 876 0.6930
24818.6000 1264 877 0.6938
24824.0000 1265 877 0.6933
24828.3000 1265 878 0.6941
24832.5000 1265 879 0.6949
24844.0000 1266 879 0.6943
24867.0000 1267 879 0.6938
24883.0000 1268 879 0.6932
24894.8000 1268 880 0.6940
24906.0000 1269 880 0.6935
24919.7000 1269 881 0.6942
24921.0000 1270 881 0.6937
24945.0000 1271 881 0.6932
24963.0000 1272 881 0.6926
24980.0000 1273 881 0.6921
24999.0000 1274 881 0.6915
25015.0000 1275 881 0.6910
25023.3000 1275 882 0.6918
25034.0000 1276 882 0.6912
25036.3000 1276 883 0.6920
25055.0000 1277 883 0.6915
25067.4000 1277 884 0.6922
25074.0000 1278 884 0.6917
25095.0000 1279 884 0.6912
25107.0000 1279 885 0.6919
25116.1000 1279 886 0.6927
25119.0000 1280 886 0.6922
25138.0000 1281 886 0.6916
25162.0000 1282 886 0.6911
25183.0000 1283 886 0.6906
