# time  created  delivered  delivered/created
22.0000 1 0 0.0000
38.0000 2 0 0.0000
54.0000 3 0 0.0000
72.0000 4 0 0.0000
94.0000 5 0 0.0000
110.0000 6 0 0.0000
133.0000 7 0 0.0000
153.0000 8 0 0.0000
175.0000 9 0 0.0000
191.0000 10 0 0.0000
210.0000 11 0 0.0000
225.0000 12 0 0.0000
249.0000 13 0 0.0000
265.0000 14 0 0.0000
281.0000 15 0 0.0000
304.0000 16 0 0.0000
328.0000 17 0 0.0000
343.0000 18 0 0.0000
367.0000 19 0 0.0000
382.0000 20 0 0.0000
399.0000 21 0 0.0000
420.0000 22 0 0.0000
439.0000 23 0 0.0000
458.0000 24 0 0.0000
480.0000 25 0 0.0000
497.0000 26 0 0.0000
515.0000 27 0 0.0000
538.0000 28 0 0.0000
562.0000 29 0 0.0000
581.0000 30 0 0.0000
581.2000 30 1 0.0333
603.0000 31 1 0.0323
625.0000 32 1 0.0313
642.8000 32 2 0.0625
646.0000 33 2 0.0606
661.6000 33 3 0.0909
667.0000 34 3 0.0882
685.0000 35 3 0.0857
691.0000 35 4 0.1143
700.0000 36 4 0.1111
714.9000 36 5 0.1389
722.0000 37 5 0.1351
741.0000 38 5 0.1316
764.0000 39 5 0.1282
773.6000 39 6 0.1538
784.0000 40 6 0.1500
806.0000 41 6 0.1463
829.0000 42 6 0.1429
851.0000 43 6 0.1395
873.0000 44 6 0.1364
895.0000 45 6 0.1333
918.0000 46 6 0.1304
935.7000 46 7 0.1522
941.0000 47 7 0.1489
957.0000 48 7 0.1458
975.0000 49 7 0.1429
998.0000 50 7 0.1400
1018.0000 51 7 0.1373
1040.0000 52 7 0.1346
1056.0000 53 7 0.1321
1077.0000 54 7 0.1296
1096.0000 55 7 0.1273
1117.0000 56 7 0.1250
1137.0000 57 7 0.1228
1159.0000 58 7 0.1207
1179.0000 59 7 0.1186
1193.3000 59 8 0.1356
1201.0000 60 8 0.1333
1216.0000 61 8 0.1311
1225.2000 61 9 0.1475
1226.1000 61 10 0.1639
1232.0000 62 10 0.1613
1251.0000 63 10 0.1587
1268.0000 64 10 0.1563
1287.0000 65 10 0.1538
1308.0000 66 10 0.1515
1327.0000 67 10 0.1493
1342.0000 68 10 0.1471
1364.0000 69 10 0.1449
1381.1000 69 11 0.1594
1388.0000 70 11 0.1571
1397.1000 70 12 0.1714
1407.0000 71 12 0.1690
1408.5000 71 13 0.1831
1422.0000 72 13 0.1806
1442.0000 73 13 0.1781
1464.0000 74 13 0.1757
1475.9000 74 14 0.1892
1478.4000 74 15 0.2027
1479.0000 75 15 0.2000
1483.1000 75 16 0.2133
1500.0000 76 16 0.2105
1518.0000 77 16 0.2078
1542.0000 78 16 0.2051
1562.0000 79 16 0.2025
1577.0000 80 16 0.2000
1594.5000 80 17 0.2125
1600.0000 81 17 0.2099
1620.0000 82 17 0.2073
1637.0000 83 17 0.2048
1652.0000 84 17 0.2024
1673.0000 85 17 0.2000
1695.0000 86 17 0.1977
1703.1000 86 18 0.2093
1706.4000 86 19 0.2209
1713.0000 87 19 0.2184
1736.2000 87 20 0.2299
1737.0000 87 21 0.2414
1737.0000 88 21 0.2386
1739.4000 88 22 0.2500
1739.8000 88 23 0.2614
1760.0000 89 23 0.2584
1781.0000 90 23 0.2556
1804.0000 91 23 0.2527
1826.0000 92 23 0.2500
1849.0000 93 23 0.2473
1870.0000 94 23 0.2447
1880.0000 94 24 0.2553
1882.8000 94 25 0.2660
1890.0000 95 25 0.2632
1911.0000 96 25 0.2604
1929.0000 97 25 0.2577
1948.0000 98 25 0.2551
1965.0000 99 25 0.2525
1980.0000 100 25 0.2500
1991.4000 100 26 0.2600
2002.0000 101 26 0.2574
2024.0000 102 26 0.2549
2035.6000 102 27 0.2647
2041.0000 103 27 0.2621
2064.0000 104 27 0.2596
2080.0000 105 27 0.2571
2095.0000 106 27 0.2547
2119.0000 107 27 0.2523
2139.0000 108 27 0.2500
2143.6000 108 28 0.2593
2161.0000 109 28 0.2569
2178.0000 110 28 0.2545
2199.0000 111 28 0.2523
2217.0000 111 29 0.2613
2222.0000 112 29 0.2589
2240.0000 113 29 0.2566
2259.0000 114 29 0.2544
2275.0000 115 29 0.2522
2295.0000 116 29 0.2500
2314.0000 117 29 0.2479
2326.3000 117 30 0.2564
2335.0000 118 30 0.2542
2354.0000 119 30 0.2521
2377.0000 120 30 0.2500
2396.0000 121 30 0.2479
2411.0000 122 30 0.2459
2412.0000 122 31 0.2541
2433.0000 123 31 0.2520
2452.0000 124 31 0.2500
2460.7000 124 32 0.2581
2464.9000 124 33 0.2661
2470.9000 124 34 0.2742
2474.0000 125 34 0.2720
2490.0000 125 35 0.2800
2496.0000 126 35 0.2778
2511.0000 127 35 0.2756
2526.0000 128 35 0.2734
2531.5000 128 36 0.2813
2546.0000 129 36 0.2791
2554.8000 129 37 0.2868
2557.4000 129 38 0.2946
2563.0000 130 38 0.2923
2586.0000 131 38 0.2901
2592.3000 131 39 0.2977
2601.0000 132 39 0.2955
2621.0000 133 39 0.2932
2641.0000 134 39 0.2910
2654.8000 134 40 0.2985
2662.0000 135 40 0.2963
2678.0000 136 40 0.2941
2689.6000 136 41 0.3015
2690.0000 136 42 0.3088
2693.0000 137 42 0.3066
2716.0000 138 42 0.3043
2729.2000 138 43 0.3116
2735.0000 139 43 0.3094
2741.3000 139 44 0.3165
2742.9000 139 45 0.3237
2754.0000 140 45 0.3214
2771.0000 141 45 0.3191
2788.0000 142 45 0.3169
2800.0000 142 46 0.3239
2807.0000 143 46 0.3217
2823.2000 143 47 0.3287
2831.0000 144 47 0.3264
2840.1000 144 48 0.3333
2853.0000 145 48 0.3310
2868.0000 146 48 0.3288
2891.0000 147 48 0.3265
2899.2000 147 49 0.3333
2911.0000 148 49 0.3311
2926.0000 149 49 0.3289
2942.0000 150 49 0.3267
2947.3000 150 50 0.3333
2954.4000 150 51 0.3400
2962.0000 151 51 0.3377
2979.0000 152 51 0.3355
3000.8000 152 52 0.3421
3003.0000 153 52 0.3399
3022.3000 153 53 0.3464
3024.0000 154 53 0.3442
3040.0000 155 53 0.3419
3059.0000 155 54 0.3484
3064.0000 156 54 0.3462
3065.8000 156 55 0.3526
3084.5000 156 56 0.3590
3086.0000 157 56 0.3567
3110.0000 158 56 0.3544
3118.8000 158 57 0.3608
3129.0000 159 57 0.3585
3131.0000 159 58 0.3648
3147.0000 160 58 0.3625
3166.0000 161 58 0.3602
3190.0000 162 58 0.3580
3210.0000 163 58 0.3558
3225.0000 164 58 0.3537
3243.0000 165 58 0.3515
3260.0000 166 58 0.3494
3261.2000 166 59 0.3554
3271.5000 166 60 0.3614
3272.8000 166 61 0.3675
3283.0000 167 61 0.3653
3305.0000 168 61 0.3631
3321.0000 169 61 0.3609
3344.0000 170 61 0.3588
3363.1000 170 62 0.3647
3365.0000 171 62 0.3626
3365.7000 171 63 0.3684
3378.6000 171 64 0.3743
3385.0000 172 64 0.3721
3396.5000 172 65 0.3779
3408.0000 173 65 0.3757
3414.1000 173 66 0.3815
3414.4000 173 67 0.3873
3423.8000 173 68 0.3931
3428.0000 174 68 0.3908
3429.2000 174 69 0.3966
3449.0000 175 69 0.3943
3454.7000 175 70 0.4000
3456.6000 175 71 0.4057
3472.0000 176 71 0.4034
3488.0000 177 71 0.4011
3511.0000 178 71 0.3989
3512.4000 178 72 0.4045
3526.2000 178 73 0.4101
3530.6000 178 74 0.4157
3535.0000 179 74 0.4134
3547.0000 179 75 0.4190
3550.1000 179 76 0.4246
3552.0000 180 76 0.4222
3569.8000 180 77 0.4278
3570.0000 181 77 0.4254
3570.4000 181 78 0.4309
3576.3000 181 79 0.4365
3589.0000 182 79 0.4341
3604.0000 183 79 0.4317
3619.0000 184 79 0.4293
3638.0000 185 79 0.4270
3653.0000 186 79 0.4247
3669.0000 187 79 0.4225
3682.2000 187 80 0.4278
3689.0000 188 80 0.4255
3712.0000 189 80 0.4233
3730.0000 190 80 0.4211
3754.0000 191 80 0.4188
3771.0000 192 80 0.4167
3787.0000 193 80 0.4145
3809.0000 194 80 0.4124
3822.2000 194 81 0.4175
3824.4000 194 82 0.4227
3832.0000 195 82 0.4205
3854.0000 196 82 0.4184
3873.0000 197 82 0.4162
3895.0000 198 82 0.4141
3919.0000 199 82 0.4121
3938.0000 200 82 0.4100
3946.3000 200 83 0.4150
3952.2000 200 84 0.4200
3953.0000 200 85 0.4250
3955.0000 201 85 0.4229
3975.0000 202 85 0.4208
3996.0000 203 85 0.4187
4012.0000 204 85 0.4167
4018.5000 204 86 0.4216
4031.0000 205 86 0.4195
4052.0000 206 86 0.4175
4054.9000 206 87 0.4223
4057.8000 206 88 0.4272
4058.7000 206 89 0.4320
4060.0000 206 90 0.4369
4061.0000 206 91 0.4417
4070.0000 207 91 0.4396
4094.0000 208 91 0.4375
4115.0000 209 91 0.4354
4134.0000 210 91 0.4333
4153.0000 211 91 0.4313
4171.0000 212 91 0.4292
4187.1000 212 92 0.4340
4194.0000 213 92 0.4319
4205.9000 213 93 0.4366
4214.0000 214 93 0.4346
4235.0000 215 93 0.4326
4245.6000 215 94 0.4372
4248.5000 215 95 0.4419
4251.0000 216 95 0.4398
4268.6000 216 96 0.4444
4272.0000 217 96 0.4424
4287.3000 217 97 0.4470
4290.0000 218 97 0.4450
4297.6000 218 98 0.4495
4308.6000 218 99 0.4541
4314.0000 219 99 0.4521
4338.0000 220 99 0.4500
4360.0000 221 99 0.4480
4381.0000 222 99 0.4459
4400.0000 223 99 0.4439
4419.0000 224 99 0.4420
4419.1000 224 100 0.4464
4434.0000 225 100 0.4444
4435.5000 225 101 0.4489
4452.4000 225 102 0.4533
4454.5000 225 103 0.4578
4458.0000 226 103 0.4558
4463.0000 226 104 0.4602
4476.0000 227 104 0.4581
4476.3000 227 105 0.4626
4497.0000 228 105 0.4605
4505.4000 228 106 0.4649
4515.0000 229 106 0.4629
4537.0000 230 106 0.4609
4556.0000 231 106 0.4589
4561.4000 231 107 0.4632
4580.0000 232 107 0.4612
4597.0000 233 107 0.4592
4614.0000 234 107 0.4573
4634.0000 235 107 0.4553
4655.0000 236 107 0.4534
4665.1000 236 108 0.4576
4670.2000 236 109 0.4619
4672.0000 237 109 0.4599
4689.0000 238 109 0.4580
4706.0000 239 109 0.4561
4729.0000 240 109 0.4542
4743.5000 240 110 0.4583
4747.0000 241 110 0.4564
4751.3000 241 111 0.4606
4762.0000 242 111 0.4587
4764.8000 242 112 0.4628
4783.0000 243 112 0.4609
4795.2000 243 113 0.4650
4807.0000 244 113 0.4631
4824.0000 245 113 0.4612
4848.0000 246 113 0.4593
4867.0000 247 113 0.4575
4886.0000 248 113 0.4556
4897.1000 248 114 0.4597
4909.0000 249 114 0.4578
4928.0000 250 114 0.4560
4951.0000 251 114 0.4542
4966.0000 252 114 0.4524
4986.0000 253 114 0.4506
4988.4000 253 115 0.4545
4991.0000 253 116 0.4585
4995.1000 253 117 0.4625
5010.0000 254 117 0.4606
5033.0000 255 117 0.4588
5048.0000 256 117 0.4570
5072.0000 257 117 0.4553
5086.0000 257 118 0.4591
5089.0000 258 118 0.4574
5095.0000 258 119 0.4612
5112.0000 259 119 0.4595
5131.0000 260 119 0.4577
5151.0000 261 119 0.4559
5175.0000 262 119 0.4542
5194.0000 263 119 0.4525
5209.7000 263 120 0.4563
5215.0000 264 120 0.4545
5237.0000 265 120 0.4528
5238.4000 265 121 0.4566
5254.0000 266 121 0.4549
5269.0000 267 121 0.4532
5291.0000 268 121 0.4515
5307.0000 269 121 0.4498
5324.0000 270 121 0.4481
5325.3000 270 122 0.4519
5339.0000 271 122 0.4502
5355.3000 271 123 0.4539
5356.0000 272 123 0.4522
5371.0000 273 123 0.4505
5387.0000 274 123 0.4489
5410.0000 275 123 0.4473
5410.3000 275 124 0.4509
5411.5000 275 125 0.4545
5426.0000 276 125 0.4529
5430.3000 276 126 0.4565
5447.0000 277 126 0.4549
5470.0000 278 126 0.4532
5490.0000 279 126 0.4516
5507.0000 280 126 0.4500
5516.5000 280 127 0.4536
5528.0000 281 127 0.4520
5542.9000 281 128 0.4555
5546.0000 282 128 0.4539
5564.0000 283 128 0.4523
5566.2000 283 129 0.4558
5568.1000 283 130 0.4594
5584.0000 284 130 0.4577
5607.0000 285 130 0.4561
5622.0000 285 131 0.4596
5625.0000 286 131 0.4580
5643.0000 287 131 0.4564
5665.0000 288 131 0.4549
5685.0000 289 131 0.4533
5697.9000 289 132 0.4567
5704.0000 290 132 0.4552
5724.0000 291 132 0.4536
5727.8000 291 133 0.4570
5740.5000 291 134 0.4605
5745.0000 292 134 0.4589
5745.2000 292 135 0.4623
5760.0000 293 135 0.4608
5770.4000 293 136 0.4642
5778.9000 293 137 0.4676
5784.0000 294 137 0.4660
5805.0000 295 137 0.4644
5807.1000 295 138 0.4678
5822.0000 296 138 0.4662
5826.6000 296 139 0.4696
5841.0000 297 139 0.4680
5859.0000 298 139 0.4664
5860.0000 298 140 0.4698
5862.4000 298 141 0.4732
5865.2000 298 142 0.4765
5874.0000 299 142 0.4749
5893.0000 300 142 0.4733
5895.4000 300 143 0.4767
5896.1000 300 144 0.4800
5914.0000 301 144 0.4784
5914.2000 301 145 0.4817
5932.0000 302 145 0.4801
5953.0000 303 145 0.4785
5968.5000 303 146 0.4818
5971.0000 304 146 0.4803
5986.0000 305 146 0.4787
5996.8000 305 147 0.4820
6003.8000 305 148 0.4852
6007.7000 305 149 0.4885
6008.0000 306 149 0.4869
6008.4000 306 150 0.4902
6012.2000 306 151 0.4935
6024.0000 307 151 0.4919
6029.0000 307 152 0.4951
6031.6000 307 153 0.4984
6037.2000 307 154 0.5016
6041.0000 308 154 0.5000
6063.0000 309 154 0.4984
6068.1000 309 155 0.5016
6069.0000 309 156 0.5049
6074.6000 309 157 0.5081
6087.0000 310 157 0.5065
6105.0000 311 157 0.5048
6114.3000 311 158 0.5080
6124.0000 312 158 0.5064
6128.7000 312 159 0.5096
6129.8000 312 160 0.5128
6145.0000 313 160 0.5112
6166.0000 314 160 0.5096
6177.5000 314 161 0.5127
6182.0000 315 161 0.5111
6201.0000 316 161 0.5095
6211.5000 316 162 0.5127
6216.0000 317 162 0.5110
6231.0000 318 162 0.5094
6248.0000 319 162 0.5078
6261.7000 319 163 0.5110
6267.0000 320 163 0.5094
6289.0000 321 163 0.5078
6289.3000 321 164 0.5109
6308.0000 322 164 0.5093
6320.5000 322 165 0.5124
6332.0000 323 165 0.5108
6355.0000 324 165 0.5093
6372.0000 325 165 0.5077
6374.6000 325 166 0.5108
6385.0000 325 167 0.5138
6391.9000 325 168 0.5169
6393.0000 326 168 0.5153
6412.5000 326 169 0.5184
6417.0000 327 169 0.5168
6425.4000 327 170 0.5199
6431.8000 327 171 0.5229
6441.0000 328 171 0.5213
6460.0000 328 172 0.5244
6465.0000 329 172 0.5228
6467.3000 329 173 0.5258
6486.0000 330 173 0.5242
6502.0000 331 173 0.5227
6518.0000 332 173 0.5211
6536.0000 333 173 0.5195
6548.1000 333 174 0.5225
6553.5000 333 175 0.5255
6554.1000 333 176 0.5285
6555.0000 334 176 0.5269
6564.6000 334 177 0.5299
6572.0000 335 177 0.5284
6591.0000 336 177 0.5268
6606.9000 336 178 0.5298
6608.0000 337 178 0.5282
6631.0000 338 178 0.5266
6646.0000 339 178 0.5251
6665.0000 340 178 0.5235
6669.7000 340 179 0.5265
6684.0000 341 179 0.5249
6687.9000 341 180 0.5279
6696.4000 341 181 0.5308
6708.0000 342 181 0.5292
6715.0000 342 182 0.5322
6725.0000 343 182 0.5306
6745.0000 344 182 0.5291
6760.0000 345 182 0.5275
6776.9000 345 183 0.5304
6781.0000 346 183 0.5289
6793.5000 346 184 0.5318
6800.0000 347 184 0.5303
6816.0000 348 184 0.5287
6827.4000 348 185 0.5316
6839.0000 349 185 0.5301
6854.0000 350 185 0.5286
6867.6000 350 186 0.5314
6874.0000 351 186 0.5299
6889.0000 352 186 0.5284
6893.6000 352 187 0.5313
6900.6000 352 188 0.5341
6909.0000 353 188 0.5326
6930.0000 354 188 0.5311
6950.0000 354 189 0.5339
6951.0000 355 189 0.5324
6952.1000 355 190 0.5352
6953.0000 355 191 0.5380
6971.0000 356 191 0.5365
6973.6000 356 192 0.5393
6978.5000 356 193 0.5421
6995.0000 357 193 0.5406
7010.0000 358 193 0.5391
7010.7000 358 194 0.5419
7012.1000 358 195 0.5447
7013.4000 358 196 0.5475
7019.8000 358 197 0.5503
7020.1000 358 198 0.5531
7021.7000 358 199 0.5559
7029.0000 359 199 0.5543
7043.2000 359 200 0.5571
7048.0000 360 200 0.5556
7061.9000 360 201 0.5583
7071.0000 361 201 0.5568
7073.0000 361 202 0.5596
7084.0000 361 203 0.5623
7093.0000 362 203 0.5608
7093.3000 362 204 0.5635
7104.9000 362 205 0.5663
7108.0000 363 205 0.5647
7111.5000 363 206 0.5675
7112.8000 363 207 0.5702
7130.0000 364 207 0.5687
7147.0000 365 207 0.5671
7163.0000 366 207 0.5656
7176.4000 366 208 0.5683
7180.0000 367 208 0.5668
7190.6000 367 209 0.5695
7197.0000 368 209 0.5679
7218.9000 368 210 0.5707
7221.0000 369 210 0.5691
7240.0000 370 210 0.5676
7243.4000 370 211 0.5703
7253.6000 370 212 0.5730
7255.0000 371 212 0.5714
7255.7000 371 213 0.5741
7272.0000 372 213 0.5726
7290.8000 372 214 0.5753
7296.0000 373 214 0.5737
7314.6000 373 215 0.5764
7315.8000 373 216 0.5791
7319.0000 374 216 0.5775
7333.2000 374 217 0.5802
7335.0000 375 217 0.5787
7351.8000 375 218 0.5813
7358.0000 376 218 0.5798
7372.4000 376 219 0.5824
7378.0000 377 219 0.5809
7394.0000 378 219 0.5794
7406.7000 378 220 0.5820
7411.0000 379 220 0.5805
7435.0000 380 220 0.5789
7436.5000 380 221 0.5816
7459.0000 381 221 0.5801
7480.0000 382 221 0.5785
7498.0000 383 221 0.5770
7514.0000 384 221 0.5755
7536.0000 385 221 0.5740
7545.7000 385 222 0.5766
7549.9000 385 223 0.5792
7559.0000 386 223 0.5777
7566.1000 386 224 0.5803
7574.0000 387 224 0.5788
7583.5000 387 225 0.5814
7589.4000 387 226 0.5840
7592.2000 387 227 0.5866
7595.0000 388 227 0.5851
7610.5000 388 228 0.5876
7613.0000 389 228 0.5861
7621.5000 389 229 0.5887
7632.0000 390 229 0.5872
7649.9000 390 230 0.5897
7651.0000 390 231 0.5923
7656.0000 391 231 0.5908
7666.6000 391 232 0.5934
7673.0000 392 232 0.5918
7685.6000 392 233 0.5944
7696.0000 393 233 0.5929
7697.1000 393 234 0.5954
7713.0000 394 234 0.5939
7730.0000 395 234 0.5924
7745.0000 396 234 0.5909
7762.0000 397 234 0.5894
7769.2000 397 235 0.5919
7772.1000 397 236 0.5945
7784.0000 398 236 0.5930
7804.0000 399 236 0.5915
7822.0000 400 236 0.5900
7822.3000 400 237 0.5925
7823.0000 400 238 0.5950
7840.0000 401 238 0.5935
7858.0000 402 238 0.5920
7874.0000 403 238 0.5906
7878.2000 403 239 0.5931
7883.6000 403 240 0.5955
7895.0000 404 240 0.5941
7914.0000 405 240 0.5926
7922.2000 405 241 0.5951
7931.0000 406 241 0.5936
7935.3000 406 242 0.5961
7948.0000 407 242 0.5946
7962.7000 407 243 0.5971
7972.0000 408 243 0.5956
7987.0000 409 243 0.5941
7992.4000 409 244 0.5966
8002.0000 410 244 0.5951
8024.0000 411 244 0.5937
8040.0000 412 244 0.5922
8041.7000 412 245 0.5947
8059.0000 413 245 0.5932
8082.0000 414 245 0.5918
8084.1000 414 246 0.5942
8099.0000 415 246 0.5928
8116.0000 416 246 0.5913
8137.0000 417 246 0.5899
8144.6000 417 247 0.5923
8148.1000 417 248 0.5947
8158.0000 418 248 0.5933
8173.0000 419 248 0.5919
8190.0000 420 248 0.5905
8196.2000 420 249 0.5929
8205.0000 421 249 0.5914
8205.7000 421 250 0.5938
8227.0000 422 250 0.5924
8235.0000 422 251 0.5948
8251.0000 423 251 0.5934
8270.0000 423 252 0.5957
8272.4000 423 253 0.5981
8272.4000 423 254 0.6005
8275.0000 424 254 0.5991
8284.1000 424 255 0.6014
8285.2000 424 256 0.6038
8286.5000 424 257 0.6061
8297.0000 425 257 0.6047
8317.0000 426 257 0.6033
8328.0000 426 258 0.6056
8336.0000 427 258 0.6042
8354.3000 427 259 0.6066
8359.0000 428 259 0.6051
8375.0000 429 259 0.6037
8396.0000 430 259 0.6023
8399.8000 430 260 0.6047
8405.3000 430 261 0.6070
8408.0000 430 262 0.6093
8414.0000 431 262 0.6079
8417.9000 431 263 0.6102
8427.0000 431 264 0.6125
8428.2000 431 265 0.6148
8429.8000 431 266 0.6172
8437.0000 432 266 0.6157
8445.8000 432 267 0.6181
8448.7000 432 268 0.6204
8453.0000 433 268 0.6189
8457.5000 433 269 0.6212
8468.0000 434 269 0.6198
8492.0000 435 269 0.6184
8510.0000 436 269 0.6170
8525.0000 437 269 0.6156
8544.0000 438 269 0.6142
8548.0000 438 270 0.6164
8556.0000 438 271 0.6187
8562.5000 438 272 0.6210
8566.0000 439 272 0.6196
8570.0000 439 273 0.6219
8578.2000 439 274 0.6241
8586.0000 440 274 0.6227
8609.0000 441 274 0.6213
8625.0000 442 274 0.6199
8630.5000 442 275 0.6222
8631.0000 442 276 0.6244
8642.9000 442 277 0.6267
8644.0000 443 277 0.6253
8663.0000 444 277 0.6239
8663.0000 444 278 0.6261
8681.0000 445 278 0.6247
8697.0000 446 278 0.6233
8699.3000 446 279 0.6256
8704.9000 446 280 0.6278
8705.9000 446 281 0.6300
8711.9000 446 282 0.6323
8719.0000 447 282 0.6309
8725.4000 447 283 0.6331
8738.1000 447 284 0.6353
8743.0000 448 284 0.6339
8748.8000 448 285 0.6362
8767.0000 449 285 0.6347
8778.0000 449 286 0.6370
8784.0000 450 286 0.6356
8793.6000 450 287 0.6378
8794.1000 450 288 0.6400
8800.0000 451 288 0.6386
8823.0000 452 288 0.6372
8824.9000 452 289 0.6394
8839.0000 453 289 0.6380
8854.0000 454 289 0.6366
8869.0000 455 289 0.6352
8888.6000 455 290 0.6374
8892.0000 456 290 0.6360
8897.5000 456 291 0.6382
8911.0000 457 291 0.6368
8929.0000 458 291 0.6354
8944.0000 459 291 0.6340
8955.3000 459 292 0.6362
8961.0000 460 292 0.6348
8968.9000 460 293 0.6370
8979.0000 461 293 0.6356
8996.6000 461 294 0.6377
8997.0000 462 294 0.6364
9011.3000 462 295 0.6385
9012.1000 462 296 0.6407
9013.0000 463 296 0.6393
9035.0000 464 296 0.6379
9058.0000 465 296 0.6366
9065.9000 465 297 0.6387
9070.2000 465 298 0.6409
9071.2000 465 299 0.6430
9073.0000 466 299 0.6416
9075.4000 466 300 0.6438
9093.5000 466 301 0.6459
9095.0000 467 301 0.6445
9119.0000 468 301 0.6432
9143.0000 469 301 0.6418
9162.0000 470 301 0.6404
9172.4000 470 302 0.6426
9174.0000 470 303 0.6447
9184.4000 470 304 0.6468
9186.0000 471 304 0.6454
9209.0000 472 304 0.6441
9209.2000 472 305 0.6462
9224.0000 473 305 0.6448
9245.0000 474 305 0.6435
9253.4000 474 306 0.6456
9264.0000 475 306 0.6442
9277.9000 475 307 0.6463
9288.0000 476 307 0.6450
9294.6000 476 308 0.6471
9300.8000 476 309 0.6492
9306.5000 476 310 0.6513
9307.9000 476 311 0.6534
9310.0000 477 311 0.6520
9313.6000 477 312 0.6541
9322.2000 477 313 0.6562
9326.0000 478 313 0.6548
9333.7000 478 314 0.6569
9341.0000 479 314 0.6555
9365.0000 480 314 0.6542
9387.0000 481 314 0.6528
9403.0000 482 314 0.6515
9426.0000 483 314 0.6501
9444.0000 484 314 0.6488
9455.8000 484 315 0.6508
9466.5000 484 316 0.6529
9468.0000 485 316 0.6515
9485.0000 486 316 0.6502
9503.0000 487 316 0.6489
9511.6000 487 317 0.6509
9527.0000 488 317 0.6496
9550.0000 489 317 0.6483
9550.4000 489 318 0.6503
9570.6000 489 319 0.6524
9573.0000 490 319 0.6510
9591.0000 491 319 0.6497
9614.0000 492 319 0.6484
9614.9000 492 320 0.6504
9615.4000 492 321 0.6524
9632.0000 493 321 0.6511
9653.0000 494 321 0.6498
9665.5000 494 322 0.6518
9669.8000 494 323 0.6538
9670.2000 494 324 0.6559
9676.0000 495 324 0.6545
9689.9000 495 325 0.6566
9693.0000 496 325 0.6552
9715.0000 497 325 0.6539
9736.0000 498 325 0.6526
9738.5000 498 326 0.6546
9748.3000 498 327 0.6566
9750.0000 498 328 0.6586
9752.0000 499 328 0.6573
9761.5000 499 329 0.6593
9776.0000 500 329 0.6580
9791.7000 500 330 0.6600
9796.7000 500 331 0.6620
9799.0000 501 331 0.6607
9803.5000 501 332 0.6627
9817.1000 501 333 0.6647
9821.0000 502 333 0.6633
9837.0000 503 333 0.6620
9843.7000 503 334 0.6640
9861.0000 504 334 0.6627
9879.0000 505 334 0.6614
9894.0000 506 334 0.6601
9905.9000 506 335 0.6621
9909.0000 507 335 0.6607
9927.0000 508 335 0.6594
9946.0000 509 335 0.6582
9946.7000 509 336 0.6601
9969.0000 510 336 0.6588
9988.0000 511 336 0.6575
9995.7000 511 337 0.6595
10004.1000 511 338 0.6614
10007.0000 512 338 0.6602
10007.4000 512 339 0.6621
10010.7000 512 340 0.6641
10024.0000 513 340 0.6628
10026.8000 513 341 0.6647
10027.2000 513 342 0.6667
10037.7000 513 343 0.6686
10039.7000 513 344 0.6706
10044.0000 514 344 0.6693
10045.3000 514 345 0.6712
10067.0000 515 345 0.6699
10079.6000 515 346 0.6718
10087.0000 516 346 0.6705
10108.0000 516 347 0.6725
10111.0000 517 347 0.6712
10123.9000 517 348 0.6731
10132.0000 518 348 0.6718
10154.0000 519 348 0.6705
10162.1000 519 349 0.6724
10175.8000 519 350 0.6744
10177.0000 520 350 0.6731
10194.0000 521 350 0.6718
10212.6000 521 351 0.6737
10216.0000 522 351 0.6724
10233.6000 522 352 0.6743
10235.0000 523 352 0.6730
10257.0000 524 352 0.6718
10265.1000 524 353 0.6737
10272.5000 524 354 0.6756
10281.0000 525 354 0.6743
10292.1000 525 355 0.6762
10300.0000 526 355 0.6749
10301.2000 526 356 0.6768
10320.0000 527 356 0.6755
10343.0000 528 356 0.6742
10343.4000 528 357 0.6761
10366.0000 529 357 0.6749
10379.4000 529 358 0.6767
10382.0000 530 358 0.6755
10402.0000 531 358 0.6742
10403.4000 531 359 0.6761
10410.2000 531 360 0.6780
10416.0000 531 361 0.6798
10422.8000 531 362 0.6817
10423.0000 532 362 0.6805
10424.8000 532 363 0.6823
10433.1000 532 364 0.6842
10441.0000 533 364 0.6829
10441.0000 533 365 0.6848
10443.4000 533 366 0.6867
10461.0000 534 366 0.6854
10466.5000 534 367 0.6873
10469.1000 534 368 0.6891
10474.0000 534 369 0.6910
10480.0000 535 369 0.6897
10496.9000 535 370 0.6916
10497.0000 536 370 0.6903
10518.0000 537 370 0.6890
10524.1000 537 371 0.6909
10530.5000 537 372 0.6927
10536.0000 537 373 0.6946
10537.0000 538 373 0.6933
10538.1000 538 374 0.6952
10555.0000 539 374 0.6939
10571.0000 540 374 0.6926
10591.0000 541 374 0.6913
10615.0000 542 374 0.6900
10615.9000 542 375 0.6919
10637.0000 543 375 0.6906
10645.7000 543 376 0.6924
10648.9000 543 377 0.6943
10649.8000 543 378 0.6961
10657.0000 544 378 0.6949
10665.2000 544 379 0.6967
10681.0000 545 379 0.6954
10703.0000 546 379 0.6941
10716.2000 546 380 0.6960
10726.0000 547 380 0.6947
10748.0000 548 380 0.6934
10768.0000 549 380 0.6922
10787.7000 549 381 0.6940
10788.0000 550 381 0.6927
10806.9000 550 382 0.6945
10808.0000 551 382 0.6933
10823.0000 552 382 0.6920
10842.0000 553 382 0.6908
10862.3000 553 383 0.6926
10866.0000 554 383 0.6913
10875.2000 554 384 0.6931
10877.9000 554 385 0.6949
10884.2000 554 386 0.6968
10885.0000 555 386 0.6955
10887.3000 555 387 0.6973
10889.1000 555 388 0.6991
10889.4000 555 389 0.7009
10907.0000 556 389 0.6996
10925.0000 557 389 0.6984
10942.0000 558 389 0.6971
10966.0000 559 389 0.6959
10983.0000 560 389 0.6946
11006.0000 561 389 0.6934
11019.7000 561 390 0.6952
11021.3000 561 391 0.6970
11023.0000 562 391 0.6957
11039.5000 562 392 0.6975
11046.0000 563 392 0.6963
11058.5000 563 393 0.6980
11058.8000 563 394 0.6998
11068.0000 564 394 0.6986
11084.0000 565 394 0.6973
11087.4000 565 395 0.6991
11098.4000 565 396 0.7009
11102.0000 566 396 0.6996
11110.6000 566 397 0.7014
11116.8000 566 398 0.7032
11120.0000 567 398 0.7019
11126.6000 567 399 0.7037
11127.8000 567 400 0.7055
11128.8000 567 401 0.7072
11137.9000 567 402 0.7090
11143.0000 568 402 0.7077
11144.0000 568 403 0.7095
11166.0000 569 403 0.7083
11171.9000 569 404 0.7100
11182.0000 570 404 0.7088
11191.1000 570 405 0.7105
11201.0000 571 405 0.7093
11207.5000 571 406 0.7110
11208.2000 571 407 0.7128
11210.6000 571 408 0.7145
11218.0000 572 408 0.7133
11238.0000 573 408 0.7120
11251.1000 573 409 0.7138
11251.7000 573 410 0.7155
11260.0000 574 410 0.7143
11265.5000 574 411 0.7160
11280.0000 575 411 0.7148
11291.4000 575 412 0.7165
11298.0000 576 412 0.7153
11308.0000 576 413 0.7170
11308.0000 576 414 0.7188
11319.0000 577 414 0.7175
11343.0000 578 414 0.7163
11363.0000 579 414 0.7150
11375.6000 579 415 0.7168
11381.0000 580 415 0.7155
11394.7000 580 416 0.7172
11404.0000 580 417 0.7190
11405.0000 581 417 0.7177
11424.0000 582 417 0.7165
11432.5000 582 418 0.7182
11443.0000 583 418 0.7170
11443.2000 583 419 0.7187
11459.6000 583 420 0.7204
11467.0000 584 420 0.7192
11491.0000 585 420 0.7179
11511.0000 586 420 0.7167
11513.2000 586 421 0.7184
11529.0000 587 421 0.7172
11547.0000 588 421 0.7160
11562.9000 588 422 0.7177
11566.0000 589 422 0.7165
11586.0000 590 422 0.7153
11610.0000 591 422 0.7140
11611.8000 591 423 0.7157
11626.0000 592 423 0.7145
11640.2000 592 424 0.7162
11650.0000 593 424 0.7150
11665.0000 594 424 0.7138
11680.0000 595 424 0.7126
11696.0000 596 424 0.7114
11711.0000 597 424 0.7102
11731.0000 598 424 0.7090
11755.0000 599 424 0.7078
11771.0000 600 424 0.7067
11774.2000 600 425 0.7083
11781.7000 600 426 0.7100
11790.0000 601 426 0.7088
11805.5000 601 427 0.7105
11809.0000 602 427 0.7093
11812.3000 602 428 0.7110
11826.6000 602 429 0.7126
11827.0000 603 429 0.7114
11842.0000 603 430 0.7131
11851.0000 604 430 0.7119
11867.0000 605 430 0.7107
11871.6000 605 431 0.7124
11872.0000 605 432 0.7140
11874.7000 605 433 0.7157
11885.0000 606 433 0.7145
11907.0000 607 433 0.7133
11929.0000 608 433 0.7122
11935.8000 608 434 0.7138
11940.3000 608 435 0.7155
11948.0000 609 435 0.7143
11948.3000 609 436 0.7159
11959.7000 609 437 0.7176
11971.0000 610 437 0.7164
11991.9000 610 438 0.7180
11995.0000 611 438 0.7169
12012.0000 612 438 0.7157
12018.3000 612 439 0.7173
12033.0000 613 439 0.7162
12048.0000 614 439 0.7150
12050.3000 614 440 0.7166
12051.8000 614 441 0.7182
12070.0000 615 441 0.7171
12073.0000 615 442 0.7187
12073.8000 615 443 0.7203
12088.0000 616 443 0.7192
12092.1000 616 444 0.7208
12104.0000 617 444 0.7196
12124.0000 618 444 0.7184
12135.5000 618 445 0.7201
12145.0000 619 445 0.7189
12146.4000 619 446 0.7205
12149.3000 619 447 0.7221
12153.5000 619 448 0.7237
12165.0000 620 448 0.7226
12184.3000 620 449 0.7242
12189.0000 621 449 0.7230
12209.0000 622 449 0.7219
12216.4000 622 450 0.7235
12217.1000 622 451 0.7251
12218.2000 622 452 0.7267
12220.5000 622 453 0.7283
12224.9000 622 454 0.7299
12226.0000 623 454 0.7287
12243.7000 623 455 0.7303
12249.0000 624 455 0.7292
12263.2000 624 456 0.7308
12263.7000 624 457 0.7324
12270.0000 625 457 0.7312
12281.4000 625 458 0.7328
12287.0000 626 458 0.7316
12289.4000 626 459 0.7332
12296.7000 626 460 0.7348
12304.8000 626 461 0.7364
12305.0000 627 461 0.7352
12315.3000 627 462 0.7368
12323.0000 628 462 0.7357
12329.5000 628 463 0.7373
12330.3000 628 464 0.7389
12332.7000 628 465 0.7404
12339.0000 629 465 0.7393
12341.9000 629 466 0.7409
12358.0000 630 466 0.7397
12375.1000 630 467 0.7413
12377.0000 631 467 0.7401
12379.9000 631 468 0.7417
12389.5000 631 469 0.7433
12399.0000 632 469 0.7421
12412.9000 632 470 0.7437
12416.4000 632 471 0.7453
12418.6000 632 472 0.7468
12421.0000 633 472 0.7457
12444.0000 634 472 0.7445
12444.7000 634 473 0.7461
12458.4000 634 474 0.7476
12463.0000 635 474 0.7465
12464.2000 635 475 0.7480
12474.8000 635 476 0.7496
12479.0000 636 476 0.7484
12483.1000 636 477 0.7500
12485.9000 636 478 0.7516
12487.4000 636 479 0.7531
12497.0000 637 479 0.7520
12518.0000 638 479 0.7508
12536.3000 638 480 0.7524
12538.0000 639 480 0.7512
12538.0000 639 481 0.7527
12556.0000 640 481 0.7516
12566.4000 640 482 0.7531
12568.3000 640 483 0.7547
12575.0000 641 483 0.7535
12584.4000 641 484 0.7551
12596.0000 642 484 0.7539
12611.0000 643 484 0.7527
12635.0000 644 484 0.7516
12642.9000 644 485 0.7531
12655.0000 645 485 0.7519
12672.0000 646 485 0.7508
12691.0000 647 485 0.7496
12707.7000 647 486 0.7512
12713.0000 648 486 0.7500
12726.0000 648 487 0.7515
12727.4000 648 488 0.7531
12730.7000 648 489 0.7546
12733.3000 648 490 0.7562
12737.0000 649 490 0.7550
12746.5000 649 491 0.7565
12761.0000 650 491 0.7554
12766.4000 650 492 0.7569
12781.0000 651 492 0.7558
12784.8000 651 493 0.7573
12798.0000 652 493 0.7561
12809.0000 652 494 0.7577
12818.0000 653 494 0.7565
12830.3000 653 495 0.7580
12836.3000 653 496 0.7596
12839.0000 654 496 0.7584
12855.5000 654 497 0.7599
12863.0000 655 497 0.7588
12868.3000 655 498 0.7603
12884.0000 656 498 0.7591
12895.5000 656 499 0.7607
12901.0000 657 499 0.7595
12919.0000 658 499 0.7584
12936.0000 659 499 0.7572
12954.0000 660 499 0.7561
12971.0000 661 499 0.7549
12986.0000 662 499 0.7538
12986.4000 662 500 0.7553
12990.0000 662 501 0.7568
12993.5000 662 502 0.7583
12996.7000 662 503 0.7598
12997.7000 662 504 0.7613
13009.0000 663 504 0.7602
13024.0000 663 505 0.7617
13029.0000 664 505 0.7605
13048.0000 665 505 0.7594
13069.0000 666 505 0.7583
13075.7000 666 506 0.7598
13079.8000 666 507 0.7613
13080.5000 666 508 0.7628
13081.1000 666 509 0.7643
13090.0000 667 509 0.7631
13092.7000 667 510 0.7646
13102.7000 667 511 0.7661
13112.0000 668 511 0.7650
13133.2000 668 512 0.7665
13133.9000 668 513 0.7680
13135.0000 669 513 0.7668
13137.1000 669 514 0.7683
13138.0000 669 515 0.7698
13146.6000 669 516 0.7713
13157.0000 670 516 0.7701
13172.9000 670 517 0.7716
13175.0000 671 517 0.7705
13181.1000 671 518 0.7720
13183.7000 671 519 0.7735
13198.0000 672 519 0.7723
13200.6000 672 520 0.7738
13200.8000 672 521 0.7753
13222.0000 673 521 0.7741
13235.4000 673 522 0.7756
13237.0000 674 522 0.7745
13242.9000 674 523 0.7760
13248.7000 674 524 0.7774
13261.0000 675 524 0.7763
13267.0000 675 525 0.7778
13279.0000 676 525 0.7766
13288.8000 676 526 0.7781
13290.7000 676 527 0.7796
13303.0000 677 527 0.7784
13327.0000 678 527 0.7773
13339.1000 678 528 0.7788
13344.0000 679 528 0.7776
13367.0000 680 528 0.7765
13370.8000 680 529 0.7779
13383.6000 680 530 0.7794
13385.0000 681 530 0.7783
13387.8000 681 531 0.7797
13400.0000 682 531 0.7786
13422.0000 683 531 0.7775
13422.6000 683 532 0.7789
13434.2000 683 533 0.7804
13434.6000 683 534 0.7818
13439.0000 684 534 0.7807
13439.2000 684 535 0.7822
13454.3000 684 536 0.7836
13463.0000 685 536 0.7825
13485.0000 686 536 0.7813
13500.8000 686 537 0.7828
13501.0000 687 537 0.7817
13522.0000 688 537 0.7805
13534.7000 688 538 0.7820
13543.0000 689 538 0.7808
13558.0000 690 538 0.7797
13578.0000 691 538 0.7786
13582.3000 691 539 0.7800
13597.0000 692 539 0.7789
13600.2000 692 540 0.7803
13601.2000 692 541 0.7818
13605.2000 692 542 0.7832
13605.9000 692 543 0.7847
13612.0000 693 543 0.7835
13622.2000 693 544 0.7850
13633.0000 694 544 0.7839
13654.0000 695 544 0.7827
13663.4000 695 545 0.7842
13674.0000 696 545 0.7830
13689.0000 697 545 0.7819
13692.9000 697 546 0.7834
13700.7000 697 547 0.7848
13701.7000 697 548 0.7862
13701.8000 697 549 0.7877
13713.0000 698 549 0.7865
13732.6000 698 550 0.7880
13733.0000 699 550 0.7868
13733.6000 699 551 0.7883
13750.0000 700 551 0.7871
13770.6000 700 552 0.7886
13771.0000 701 552 0.7874
13787.0000 702 552 0.7863
13808.0000 703 552 0.7852
13813.2000 703 553 0.7866
13831.0000 704 553 0.7855
13853.0000 705 553 0.7844
13874.0000 706 553 0.7833
13894.0000 707 553 0.7822
13915.0000 708 553 0.7811
13929.5000 708 554 0.7825
13930.0000 708 555 0.7839
13937.0000 709 555 0.7828
13952.0000 710 555 0.7817
13976.0000 711 555 0.7806
13986.7000 711 556 0.7820
13994.0000 712 556 0.7809
14006.6000 712 557 0.7823
14007.7000 712 558 0.7837
14011.0000 713 558 0.7826
14028.3000 713 559 0.7840
14032.0000 714 559 0.7829
14039.9000 714 560 0.7843
14056.0000 715 560 0.7832
14064.0000 715 561 0.7846
14071.0000 715 562 0.7860
14077.0000 716 562 0.7849
14092.0000 717 562 0.7838
14107.0000 718 562 0.7827
14123.0000 719 562 0.7816
14143.5000 719 563 0.7830
14147.0000 720 563 0.7819
14167.0000 721 563 0.7809
14186.0000 722 563 0.7798
14192.8000 722 564 0.7812
14204.0000 723 564 0.7801
14225.0000 724 564 0.7790
14240.6000 724 565 0.7804
14245.0000 725 565 0.7793
14250.0000 725 566 0.7807
14267.0000 726 566 0.7796
14283.7000 726 567 0.7810
14286.0000 727 567 0.7799
14304.0000 728 567 0.7788
14313.7000 728 568 0.7802
14315.8000 728 569 0.7816
14323.0000 729 569 0.7805
14343.0000 730 569 0.7795
14363.0000 731 569 0.7784
14367.5000 731 570 0.7798
14385.0000 732 570 0.7787
14404.0000 733 570 0.7776
14417.0000 733 571 0.7790
14420.0000 734 571 0.7779
14421.8000 734 572 0.7793
14433.2000 734 573 0.7807
14441.0000 735 573 0.7796
14456.0000 736 573 0.7785
14466.4000 736 574 0.7799
14475.0000 737 574 0.7788
14499.0000 738 574 0.7778
14508.1000 738 575 0.7791
14523.0000 739 575 0.7781
14529.9000 739 576 0.7794
14544.0000 740 576 0.7784
14568.0000 741 576 0.7773
14569.4000 741 577 0.7787
14574.5000 741 578 0.7800
14588.0000 742 578 0.7790
14603.0000 743 578 0.7779
14617.4000 743 579 0.7793
14618.0000 744 579 0.7782
14630.0000 744 580 0.7796
14630.7000 744 581 0.7809
14639.0000 745 581 0.7799
14655.0000 746 581 0.7788
14676.0000 747 581 0.7778
14696.0000 748 581 0.7767
14701.7000 748 582 0.7781
14705.8000 748 583 0.7794
14718.0000 749 583 0.7784
14720.4000 749 584 0.7797
14736.0000 750 584 0.7787
14746.0000 750 585 0.7800
14753.9000 750 586 0.7813
14756.0000 751 586 0.7803
14773.0000 752 586 0.7793
14790.0000 753 586 0.7782
14797.1000 753 587 0.7795
14809.0000 754 587 0.7785
14831.0000 755 587 0.7775
14847.9000 755 588 0.7788
14848.0000 756 588 0.7778
14867.0000 757 588 0.7768
14882.1000 757 589 0.7781
14889.0000 758 589 0.7770
14905.0000 759 589 0.7760
14911.4000 759 590 0.7773
14920.5000 759 591 0.7787
14927.0000 760 591 0.7776
14942.0000 761 591 0.7766
14958.9000 761 592 0.7779
14959.9000 761 593 0.7792
14961.0000 762 593 0.7782
14984.0000 763 593 0.7772
14999.0000 764 593 0.7762
15001.4000 764 594 0.7775
15002.1000 764 595 0.7788
15021.0000 765 595 0.7778
15032.7000 765 596 0.7791
15039.7000 765 597 0.7804
15041.0000 766 597 0.7794
15058.0000 767 597 0.7784
15073.7000 767 598 0.7797
15074.0000 768 598 0.7786
15093.0000 769 598 0.7776
15099.6000 769 599 0.7789
15114.0000 770 599 0.7779
15125.1000 770 600 0.7792
15132.0000 771 600 0.7782
15149.0000 772 600 0.7772
15159.2000 772 601 0.7785
15170.3000 772 602 0.7798
15172.0000 773 602 0.7788
15182.2000 773 603 0.7801
15183.1000 773 604 0.7814
15190.0000 774 604 0.7804
15212.0000 775 604 0.7794
15235.0000 776 604 0.7784
15256.0000 777 604 0.7773
15257.4000 777 605 0.7786
15266.0000 777 606 0.7799
15273.9000 777 607 0.7812
15280.0000 778 607 0.7802
15290.0000 778 608 0.7815
15297.0000 779 608 0.7805
15299.3000 779 609 0.7818
15318.0000 780 609 0.7808
15336.0000 781 609 0.7798
15360.0000 782 609 0.7788
15381.0000 783 609 0.7778
15395.7000 783 610 0.7791
15397.9000 783 611 0.7803
15399.0000 784 611 0.7793
15407.7000 784 612 0.7806
15419.0000 785 612 0.7796
15439.2000 785 613 0.7809
15441.0000 786 613 0.7799
15459.3000 786 614 0.7812
15465.0000 787 614 0.7802
15473.9000 787 615 0.7814
15482.0000 788 615 0.7805
15500.8000 788 616 0.7817
15504.0000 789 616 0.7807
15517.2000 789 617 0.7820
15526.0000 790 617 0.7810
15538.7000 790 618 0.7823
15539.5000 790 619 0.7835
15547.0000 791 619 0.7826
15569.0000 792 619 0.7816
15583.8000 792 620 0.7828
15591.0000 793 620 0.7818
15615.0000 794 620 0.7809
15632.0000 795 620 0.7799
15640.2000 795 621 0.7811
15651.0000 796 621 0.7802
15662.6000 796 622 0.7814
15666.0000 797 622 0.7804
15679.6000 797 623 0.7817
15684.0000 798 623 0.7807
15708.0000 799 623 0.7797
15724.0000 800 623 0.7788
15727.8000 800 624 0.7800
15740.1000 800 625 0.7813
15744.5000 800 626 0.7825
15746.0000 801 626 0.7815
15755.2000 801 627 0.7828
15764.0000 802 627 0.7818
15772.1000 802 628 0.7830
15780.2000 802 629 0.7843
15782.0000 803 629 0.7833
15793.3000 803 630 0.7846
15795.4000 803 631 0.7858
15799.0000 804 631 0.7848
15815.0000 805 631 0.7839
15838.0000 806 631 0.7829
15854.0000 807 631 0.7819
15873.0000 808 631 0.7809
15880.0000 808 632 0.7822
15891.0000 808 633 0.7834
15894.0000 809 633 0.7824
15909.0000 810 633 0.7815
15922.7000 810 634 0.7827
15927.0000 811 634 0.7818
15948.0000 812 634 0.7808
15953.1000 812 635 0.7820
15956.3000 812 636 0.7833
15967.0000 813 636 0.7823
15981.4000 813 637 0.7835
15990.0000 814 637 0.7826
15996.6000 814 638 0.7838
16004.6000 814 639 0.7850
16008.1000 814 640 0.7862
16009.4000 814 641 0.7875
16010.0000 815 641 0.7865
16027.0000 816 641 0.7855
16028.1000 816 642 0.7868
16042.0000 817 642 0.7858
16048.6000 817 643 0.7870
16060.9000 817 644 0.7882
16061.0000 818 644 0.7873
16062.0000 818 645 0.7885
16080.0000 819 645 0.7875
16104.0000 820 645 0.7866
16124.0000 821 645 0.7856
16127.8000 821 646 0.7868
16130.9000 821 647 0.7881
16139.0000 822 647 0.7871
16155.0000 823 647 0.7861
16175.0000 824 647 0.7852
16196.0000 825 647 0.7842
16212.0000 826 647 0.7833
16220.0000 826 648 0.7845
16230.0000 827 648 0.7836
16232.1000 827 649 0.7848
16245.0000 828 649 0.7838
16250.6000 828 650 0.7850
16251.0000 828 651 0.7862
16261.0000 829 651 0.7853
16281.0000 830 651 0.7843
16301.0000 831 651 0.7834
16322.0000 832 651 0.7825
16331.4000 832 652 0.7837
16333.8000 832 653 0.7849
16338.0000 833 653 0.7839
16347.3000 833 654 0.7851
16357.0000 834 654 0.7842
16380.0000 835 654 0.7832
16390.3000 835 655 0.7844
16399.0000 836 655 0.7835
16405.7000 836 656 0.7847
16410.7000 836 657 0.7859
16416.0000 837 657 0.7849
16433.0000 838 657 0.7840
16455.0000 839 657 0.7831
16479.0000 840 657 0.7821
16503.0000 841 657 0.7812
16520.1000 841 658 0.7824
16526.0000 842 658 0.7815
16547.0000 843 658 0.7805
16568.0000 844 658 0.7796
16589.0000 845 658 0.7787
16606.2000 845 659 0.7799
16610.0000 846 659 0.7790
16627.3000 846 660 0.7801
16628.0000 847 660 0.7792
16646.0000 848 660 0.7783
16662.0000 849 660 0.7774
16666.9000 849 661 0.7786
16682.0000 850 661 0.7776
16686.7000 850 662 0.7788
16699.0000 851 662 0.7779
16721.7000 851 663 0.7791
16723.0000 852 663 0.7782
16745.0000 853 663 0.7773
16760.0000 854 663 0.7763
16783.0000 855 663 0.7754
16800.0000 856 663 0.7745
16818.0000 857 663 0.7736
16835.0000 858 663 0.7727
16849.2000 858 664 0.7739
16852.1000 858 665 0.7751
16852.5000 858 666 0.7762
16858.0000 859 666 0.7753
16873.9000 859 667 0.7765
16881.0000 860 667 0.7756
16897.9000 860 668 0.7767
16901.0000 861 668 0.7758
16917.0000 862 668 0.7749
16923.8000 862 669 0.7761
16935.0000 863 669 0.7752
16937.1000 863 670 0.7764
16959.0000 864 670 0.7755
16963.9000 864 671 0.7766
16976.8000 864 672 0.7778
16980.0000 865 672 0.7769
16988.1000 865 673 0.7780
16997.0000 866 673 0.7771
17021.0000 867 673 0.7762
17031.9000 867 674 0.7774
17040.0000 868 674 0.7765
17063.0000 869 674 0.7756
17082.0000 870 674 0.7747
17105.0000 871 674 0.7738
17119.1000 871 675 0.7750
17126.0000 872 675 0.7741
17135.1000 872 676 0.7752
17137.7000 872 677 0.7764
17143.0000 873 677 0.7755
17152.2000 873 678 0.7766
17162.0000 874 678 0.7757
17181.0000 875 678 0.7749
17202.0000 876 678 0.7740
17225.0000 877 678 0.7731
17225.0000 877 679 0.7742
17238.1000 877 680 0.7754
17239.6000 877 681 0.7765
17240.0000 878 681 0.7756
17259.0000 879 681 0.7747
17265.0000 879 682 0.7759
17278.0000 880 682 0.7750
17279.7000 880 683 0.7761
17299.0000 881 683 0.7753
17312.5000 881 684 0.7764
17318.0000 882 684 0.7755
17336.0000 883 684 0.7746
17338.6000 883 685 0.7758
17353.0000 884 685 0.7749
17354.6000 884 686 0.7760
17357.6000 884 687 0.7771
17367.0000 884 688 0.7783
17370.0000 885 688 0.7774
17371.3000 885 689 0.7785
17393.6000 885 690 0.7797
17394.0000 886 690 0.7788
17404.8000 886 691 0.7799
17416.0000 887 691 0.7790
17427.9000 887 692 0.7802
17439.0000 888 692 0.7793
17454.0000 889 692 0.7784
17469.2000 889 693 0.7795
17472.7000 889 694 0.7807
17477.0000 890 694 0.7798
17497.0000 891 694 0.7789
17503.3000 891 695 0.7800
17515.0000 892 695 0.7791
17526.5000 892 696 0.7803
17535.0000 893 696 0.7794
17558.0000 894 696 0.7785
17574.0000 895 696 0.7777
17598.0000 896 696 0.7768
17619.0000 897 696 0.7759
17632.9000 897 697 0.7770
17639.0000 898 697 0.7762
17654.0000 899 697 0.7753
17672.0000 900 697 0.7744
17690.0000 901 697 0.7736
17710.0000 902 697 0.7727
17730.2000 902 698 0.7738
17734.0000 903 698 0.7730
17751.0000 904 698 0.7721
17758.4000 904 699 0.7732
17771.2000 904 700 0.7743
17773.8000 904 701 0.7754
17774.0000 905 701 0.7746
17785.2000 905 702 0.7757
17793.0000 906 702 0.7748
17808.0000 907 702 0.7740
17813.6000 907 703 0.7751
17816.7000 907 704 0.7762
17826.0000 908 704 0.7753
17835.5000 908 705 0.7764
17846.0000 909 705 0.7756
17849.5000 909 706 0.7767
17864.0000 910 706 0.7758
17884.0000 911 706 0.7750
17888.9000 911 707 0.7761
17899.0000 912 707 0.7752
17917.0000 913 707 0.7744
17934.5000 913 708 0.7755
17936.0000 914 708 0.7746
17942.6000 914 709 0.7757
17958.0000 915 709 0.7749
17960.0000 915 710 0.7760
17976.0000 916 710 0.7751
17976.3000 916 711 0.7762
17979.6000 916 712 0.7773
18000.0000 917 712 0.7764
18021.0000 918 712 0.7756
18031.5000 918 713 0.7767
18040.0000 919 713 0.7758
18057.4000 919 714 0.7769
18058.8000 919 715 0.7780
18059.0000 920 715 0.7772
18077.0000 921 715 0.7763
18090.0000 921 716 0.7774
18092.0000 922 716 0.7766
18107.7000 922 717 0.7777
18112.1000 922 718 0.7787
18113.0000 923 718 0.7779
18124.5000 923 719 0.7790
18132.0000 924 719 0.7781
18147.7000 924 720 0.7792
18151.7000 924 721 0.7803
18155.0000 925 721 0.7795
18170.8000 925 722 0.7805
18171.2000 925 723 0.7816
18177.0000 926 723 0.7808
18190.3000 926 724 0.7819
18192.0000 927 724 0.7810
18206.3000 927 725 0.7821
18214.0000 928 725 0.7813
18221.6000 928 726 0.7823
18225.3000 928 727 0.7834
18236.0000 929 727 0.7826
18259.0000 930 727 0.7817
18275.0000 931 727 0.7809
18298.0000 932 727 0.7800
18321.0000 933 727 0.7792
18340.0000 934 727 0.7784
18342.8000 934 728 0.7794
18353.1000 934 729 0.7805
18364.0000 935 729 0.7797
18383.0000 936 729 0.7788
18402.0000 937 729 0.7780
18425.0000 938 729 0.7772
18446.6000 938 730 0.7783
18449.0000 939 730 0.7774
18459.6000 939 731 0.7785
18471.3000 939 732 0.7796
18471.8000 939 733 0.7806
18473.0000 940 733 0.7798
18482.4000 940 734 0.7809
18488.0000 941 734 0.7800
18493.6000 941 735 0.7811
18510.4000 941 736 0.7821
18512.0000 942 736 0.7813
18517.2000 942 737 0.7824
18534.0000 943 737 0.7815
18534.7000 943 738 0.7826
18549.0000 944 738 0.7818
18561.5000 944 739 0.7828
18570.0000 945 739 0.7820
18576.0000 945 740 0.7831
18590.0000 946 740 0.7822
18613.0000 947 740 0.7814
18625.0000 947 741 0.7825
18632.0000 948 741 0.7816
18649.6000 948 742 0.7827
18653.0000 949 742 0.7819
18677.0000 950 742 0.7811
18696.0000 951 742 0.7802
18712.1000 951 743 0.7813
18714.7000 951 744 0.7823
18715.0000 952 744 0.7815
18720.1000 952 745 0.7826
18738.0000 953 745 0.7817
18747.1000 953 746 0.7828
18753.0000 954 746 0.7820
18768.0000 955 746 0.7812
18784.0000 955 747 0.7822
18786.0000 956 747 0.7814
18799.2000 956 748 0.7824
18809.0000 957 748 0.7816
18828.0000 958 748 0.7808
18841.6000 958 749 0.7818
18845.0000 959 749 0.7810
18851.0000 959 750 0.7821
18862.0000 960 750 0.7813
18884.0000 961 750 0.7804
18893.4000 961 751 0.7815
18894.4000 961 752 0.7825
18895.2000 961 753 0.7836
18899.0000 962 753 0.7827
18917.1000 962 754 0.7838
18922.0000 963 754 0.7830
18939.0000 964 754 0.7822
18956.0000 965 754 0.7813
18964.9000 965 755 0.7824
18973.8000 965 756 0.7834
18977.0000 966 756 0.7826
18990.3000 966 757 0.7836
18993.0000 967 757 0.7828
19015.0000 968 757 0.7820
19020.9000 968 758 0.7831
19024.2000 968 759 0.7841
19036.1000 968 760 0.7851
19037.0000 969 760 0.7843
19055.0000 970 760 0.7835
19072.0000 971 760 0.7827
19087.0000 972 760 0.7819
19095.5000 972 761 0.7829
19097.1000 972 762 0.7840
19108.0000 973 762 0.7831
19129.0000 974 762 0.7823
19151.0000 975 762 0.7815
19154.3000 975 763 0.7826
19161.8000 975 764 0.7836
19173.0000 976 764 0.7828
19192.0000 977 764 0.7820
19192.1000 977 765 0.7830
19211.0000 978 765 0.7822
19231.0000 979 765 0.7814
19236.7000 979 766 0.7824
19244.1000 979 767 0.7835
19253.8000 979 768 0.7845
19254.0000 980 768 0.7837
19258.7000 980 769 0.7847
19260.1000 980 770 0.7857
19277.0000 981 770 0.7849
19300.0000 981 771 0.7859
19301.0000 982 771 0.7851
19307.5000 982 772 0.7862
19313.4000 982 773 0.7872
19316.0000 983 773 0.7864
19322.7000 983 774 0.7874
19340.0000 984 774 0.7866
19355.0000 985 774 0.7858
19373.0000 986 774 0.7850
19391.0000 987 774 0.7842
19393.1000 987 775 0.7852
19403.7000 987 776 0.7862
19406.0000 988 776 0.7854
19418.6000 988 777 0.7864
19423.0000 989 777 0.7856
19430.4000 989 778 0.7867
19438.5000 989 779 0.7877
19439.0000 990 779 0.7869
19455.0000 991 779 0.7861
19479.0000 992 779 0.7853
19497.0000 993 779 0.7845
19502.9000 993 780 0.7855
19521.0000 994 780 0.7847
19542.0000 995 780 0.7839
19547.1000 995 781 0.7849
19559.2000 995 782 0.7859
19559.8000 995 783 0.7869
19563.1000 995 784 0.7879
19565.0000 996 784 0.7871
19586.0000 997 784 0.7864
19601.0000 998 784 0.7856
19621.8000 998 785 0.7866
19622.0000 999 785 0.7858
19623.5000 999 786 0.7868
19627.0000 999 787 0.7878
19641.0000 1000 787 0.7870
19660.0000 1001 787 0.7862
19669.0000 1001 788 0.7872
19677.0000 1002 788 0.7864
19692.0000 1003 788 0.7856
19702.7000 1003 789 0.7866
19716.0000 1004 789 0.7859
19739.0000 1005 789 0.7851
19755.0000 1006 789 0.7843
19767.6000 1006 790 0.7853
19770.0000 1007 790 0.7845
19781.8000 1007 791 0.7855
19782.4000 1007 792 0.7865
19783.2000 1007 793 0.7875
19792.0000 1008 793 0.7867
19815.0000 1009 793 0.7859
19815.7000 1009 794 0.7869
19816.7000 1009 795 0.7879
19826.4000 1009 796 0.7889
19826.5000 1009 797 0.7899
19828.3000 1009 798 0.7909
19830.6000 1009 799 0.7919
19833.0000 1010 799 0.7911
19848.3000 1010 800 0.7921
19848.4000 1010 801 0.7931
19852.0000 1011 801 0.7923
19876.0000 1012 801 0.7915
19891.0000 1013 801 0.7907
19894.8000 1013 802 0.7917
19908.0000 1014 802 0.7909
19924.9000 1014 803 0.7919
19932.0000 1015 803 0.7911
19945.5000 1015 804 0.7921
19956.0000 1016 804 0.7913
19968.8000 1016 805 0.7923
19970.9000 1016 806 0.7933
19975.0000 1016 807 0.7943
19976.0000 1017 807 0.7935
19987.9000 1017 808 0.7945
19996.6000 1017 809 0.7955
19998.0000 1018 809 0.7947
20019.0000 1019 809 0.7939
20027.8000 1019 810 0.7949
20034.0000 1020 810 0.7941
20039.7000 1020 811 0.7951
20053.8000 1020 812 0.7961
20057.0000 1021 812 0.7953
20075.0000 1022 812 0.7945
20089.1000 1022 813 0.7955
20094.0000 1023 813 0.7947
20095.8000 1023 814 0.7957
20118.0000 1024 814 0.7949
20135.0000 1025 814 0.7941
20139.9000 1025 815 0.7951
20141.9000 1025 816 0.7961
20157.0000 1026 816 0.7953
20179.0000 1027 816 0.7945
20179.3000 1027 817 0.7955
20196.4000 1027 818 0.7965
20197.0000 1028 818 0.7957
20201.3000 1028 819 0.7967
20221.0000 1029 819 0.7959
20237.0000 1030 819 0.7951
20259.0000 1031 819 0.7944
20276.0000 1032 819 0.7936
20293.0000 1033 819 0.7928
20298.3000 1033 820 0.7938
20307.2000 1033 821 0.7948
20308.0000 1034 821 0.7940
20309.0000 1034 822 0.7950
20327.0000 1035 822 0.7942
20340.1000 1035 823 0.7952
20345.9000 1035 824 0.7961
20349.5000 1035 825 0.7971
20350.0000 1036 825 0.7963
20366.0000 1037 825 0.7956
20372.7000 1037 826 0.7965
20373.6000 1037 827 0.7975
20385.0000 1038 827 0.7967
20401.0000 1039 827 0.7960
20421.0000 1040 827 0.7952
20426.2000 1040 828 0.7962
20437.0000 1041 828 0.7954
20457.2000 1041 829 0.7963
20461.0000 1042 829 0.7956
20477.3000 1042 830 0.7965
20485.0000 1043 830 0.7958
20498.7000 1043 831 0.7967
20502.9000 1043 832 0.7977
20508.0000 1043 833 0.7987
20508.0000 1044 833 0.7979
20523.1000 1044 834 0.7989
20532.0000 1045 834 0.7981
20533.4000 1045 835 0.7990
20554.0000 1046 835 0.7983
20576.0000 1047 835 0.7975
20588.3000 1047 836 0.7985
20594.0000 1048 836 0.7977
20611.0000 1049 836 0.7969
20612.0000 1049 837 0.7979
20635.0000 1050 837 0.7971
20638.2000 1050 838 0.7981
20653.5000 1050 839 0.7990
20655.0000 1051 839 0.7983
20656.4000 1051 840 0.7992
20673.0000 1052 840 0.7985
20691.0000 1053 840 0.7977
20706.0000 1054 840 0.7970
20720.1000 1054 841 0.7979
20724.0000 1055 841 0.7972
20734.8000 1055 842 0.7981
20744.0000 1056 842 0.7973
20745.0000 1056 843 0.7983
20746.4000 1056 844 0.7992
20753.9000 1056 845 0.8002
20755.2000 1056 846 0.8011
20756.8000 1056 847 0.8021
20765.6000 1056 848 0.8030
20766.0000 1057 848 0.8023
20776.2000 1057 849 0.8032
20782.0000 1058 849 0.8025
20797.6000 1058 850 0.8034
20800.0000 1059 850 0.8026
20801.3000 1059 851 0.8036
20808.7000 1059 852 0.8045
20821.0000 1060 852 0.8038
20824.6000 1060 853 0.8047
20840.9000 1060 854 0.8057
20842.1000 1060 855 0.8066
20844.0000 1061 855 0.8058
20855.4000 1061 856 0.8068
20855.6000 1061 857 0.8077
20857.6000 1061 858 0.8087
20864.0000 1062 858 0.8079
20888.0000 1063 858 0.8071
20889.0000 1063 859 0.8081
20899.4000 1063 860 0.8090
20900.6000 1063 861 0.8100
20911.0000 1064 861 0.8092
20931.0000 1065 861 0.8085
20952.0000 1066 861 0.8077
20955.8000 1066 862 0.8086
20965.5000 1066 863 0.8096
20968.0000 1067 863 0.8088
20968.5000 1067 864 0.8097
20987.6000 1067 865 0.8107
20990.0000 1068 865 0.8099
21007.0000 1069 865 0.8092
21008.6000 1069 866 0.8101
21031.0000 1070 866 0.8093
21034.6000 1070 867 0.8103
21055.0000 1071 867 0.8095
21066.1000 1071 868 0.8105
21068.2000 1071 869 0.8114
21077.0000 1072 869 0.8106
21092.0000 1073 869 0.8099
21096.9000 1073 870 0.8108
21098.1000 1073 871 0.8117
21116.0000 1074 871 0.8110
21128.7000 1074 872 0.8119
21132.0000 1075 872 0.8112
21138.6000 1075 873 0.8121
21148.0000 1076 873 0.8113
21166.0000 1077 873 0.8106
21169.4000 1077 874 0.8115
21184.0000 1078 874 0.8108
21184.8000 1078 875 0.8117
21189.4000 1078 876 0.8126
21189.9000 1078 877 0.8135
21190.0000 1078 878 0.8145
21204.0000 1079 878 0.8137
21215.4000 1079 879 0.8146
21223.0000 1080 879 0.8139
21225.8000 1080 880 0.8148
21234.9000 1080 881 0.8157
21247.0000 1081 881 0.8150
21250.6000 1081 882 0.8159
21271.0000 1082 882 0.8152
21273.2000 1082 883 0.8161
21292.0000 1083 883 0.8153
21293.6000 1083 884 0.8163
21294.2000 1083 885 0.8172
21309.0000 1084 885 0.8164
21321.3000 1084 886 0.8173
21327.0000 1085 886 0.8166
21351.0000 1085 887 0.8175
21351.0000 1086 887 0.8168
21357.2000 1086 888 0.8177
21358.1000 1086 889 0.8186
21367.7000 1086 890 0.8195
21368.0000 1087 890 0.8188
21369.9000 1087 891 0.8197
21372.8000 1087 892 0.8206
21373.4000 1087 893 0.8215
21387.0000 1088 893 0.8208
21389.5000 1088 894 0.8217
21407.0000 1089 894 0.8209
21420.5000 1089 895 0.8219
21424.0000 1090 895 0.8211
21431.1000 1090 896 0.8220
21443.3000 1090 897 0.8229
21444.0000 1091 897 0.8222
21459.5000 1091 898 0.8231
21460.9000 1091 899 0.8240
21463.0000 1092 899 0.8233
21475.2000 1092 900 0.8242
21483.0000 1093 900 0.8234
21505.0000 1094 900 0.8227
21516.1000 1094 901 0.8236
21523.0000 1095 901 0.8228
21533.2000 1095 902 0.8237
21539.0000 1096 902 0.8230
21556.0000 1097 902 0.8222
21577.0000 1098 902 0.8215
21595.6000 1098 903 0.8224
21599.0000 1099 903 0.8217
21615.0000 1100 903 0.8209
21632.0000 1101 903 0.8202
21648.0000 1102 903 0.8194
21651.4000 1102 904 0.8203
21665.0000 1103 904 0.8196
21689.0000 1104 904 0.8188
21694.3000 1104 905 0.8197
21707.0000 1105 905 0.8190
21713.3000 1105 906 0.8199
21721.2000 1105 907 0.8208
21731.0000 1106 907 0.8201
21740.1000 1106 908 0.8210
21740.8000 1106 909 0.8219
21741.0000 1106 910 0.8228
21755.0000 1107 910 0.8220
21757.3000 1107 911 0.8229
21758.7000 1107 912 0.8238
21769.5000 1107 913 0.8248
21777.0000 1108 913 0.8240
21794.0000 1109 913 0.8233
21799.1000 1109 914 0.8242
21804.7000 1109 915 0.8251
21818.0000 1110 915 0.8243
21837.0000 1111 915 0.8236
21859.6000 1111 916 0.8245
21860.0000 1112 916 0.8237
21883.0000 1113 916 0.8230
21898.0000 1114 916 0.8223
21901.2000 1114 917 0.8232
21916.0000 1115 917 0.8224
21926.5000 1115 918 0.8233
21939.0000 1116 918 0.8226
21949.4000 1116 919 0.8235
21953.0000 1116 920 0.8244
21960.0000 1117 920 0.8236
21971.6000 1117 921 0.8245
21976.0000 1118 921 0.8238
21985.3000 1118 922 0.8247
21993.9000 1118 923 0.8256
21999.0000 1119 923 0.8248
22022.0000 1120 923 0.8241
22024.8000 1120 924 0.8250
22041.0000 1121 924 0.8243
22061.0000 1122 924 0.8235
22078.0000 1123 924 0.8228
22101.0000 1124 924 0.8221
22106.6000 1124 925 0.8230
22121.0000 1125 925 0.8222
22124.3000 1125 926 0.8231
22140.0000 1126 926 0.8224
22143.1000 1126 927 0.8233
22159.0000 1127 927 0.8225
22165.8000 1127 928 0.8234
22183.0000 1128 928 0.8227
22199.0000 1129 928 0.8220
22210.4000 1129 929 0.8229
22213.1000 1129 930 0.8237
22218.0000 1130 930 0.8230
22228.1000 1130 931 0.8239
22234.9000 1130 932 0.8248
22242.0000 1131 932 0.8240
22259.1000 1131 933 0.8249
22263.0000 1132 933 0.8242
22264.8000 1132 934 0.8251
22281.0000 1133 934 0.8244
22291.8000 1133 935 0.8252
22304.0000 1134 935 0.8245
22321.2000 1134 936 0.8254
22322.0000 1135 936 0.8247
22335.9000 1135 937 0.8256
22344.1000 1135 938 0.8264
22346.0000 1136 938 0.8257
22356.6000 1136 939 0.8266
22363.0000 1137 939 0.8259
22385.0000 1138 939 0.8251
22405.0000 1139 939 0.8244
22420.0000 1140 939 0.8237
22431.4000 1140 940 0.8246
22444.0000 1141 940 0.8238
22445.7000 1141 941 0.8247
22464.0000 1142 941 0.8240
22471.9000 1142 942 0.8249
22482.0000 1143 942 0.8241
22500.0000 1144 942 0.8234
22521.0000 1145 942 0.8227
22543.7000 1145 943 0.8236
22544.0000 1146 943 0.8229
22544.4000 1146 944 0.8237
22546.3000 1146 945 0.8246
22546.3000 1146 946 0.8255
22560.0000 1147 946 0.8248
22571.5000 1147 947 0.8256
22574.7000 1147 948 0.8265
22578.0000 1148 948 0.8258
22595.0000 1149 948 0.8251
22613.0000 1150 948 0.8243
22627.3000 1150 949 0.8252
22628.0000 1151 949 0.8245
22648.0000 1152 949 0.8238
22660.7000 1152 950 0.8247
22666.0000 1153 950 0.8239
22677.3000 1153 951 0.8248
22682.0000 1154 951 0.8241
22682.4000 1154 952 0.8250
22691.8000 1154 953 0.8258
22698.0000 1155 953 0.8251
22713.0000 1156 953 0.8244
22717.4000 1156 954 0.8253
22719.1000 1156 955 0.8261
22726.9000 1156 956 0.8270
22735.0000 1157 956 0.8263
22751.7000 1157 957 0.8271
22754.9000 1157 958 0.8280
22758.0000 1158 958 0.8273
22779.0000 1159 958 0.8266
22781.5000 1159 959 0.8274
22781.6000 1159 960 0.8283
22799.0000 1160 960 0.8276
22802.8000 1160 961 0.8284
22808.4000 1160 962 0.8293
22820.0000 1161 962 0.8286
22824.9000 1161 963 0.8295
22835.0000 1162 963 0.8287
22850.0000 1163 963 0.8280
22853.1000 1163 964 0.8289
22869.0000 1164 964 0.8282
22891.0000 1165 964 0.8275
22902.7000 1165 965 0.8283
22907.9000 1165 966 0.8292
22912.1000 1165 967 0.8300
22913.0000 1166 967 0.8293
22913.5000 1166 968 0.8302
22916.0000 1166 969 0.8310
22916.7000 1166 970 0.8319
22921.6000 1166 971 0.8328
22931.0000 1167 971 0.8320
22954.0000 1168 971 0.8313
22971.0000 1169 971 0.8306
22973.5000 1169 972 0.8315
22978.7000 1169 973 0.8323
22991.0000 1170 973 0.8316
23007.0000 1171 973 0.8309
23031.0000 1172 973 0.8302
23039.4000 1172 974 0.8311
23047.0000 1173 974 0.8303
23047.9000 1173 975 0.8312
23049.3000 1173 976 0.8321
23070.0000 1174 976 0.8313
23082.4000 1174 977 0.8322
23085.0000 1175 977 0.8315
23106.0000 1176 977 0.8308
23114.0000 1176 978 0.8316
23115.5000 1176 979 0.8325
23118.3000 1176 980 0.8333
23122.5000 1176 981 0.8342
23127.0000 1177 981 0.8335
23142.0000 1177 982 0.8343
23149.0000 1178 982 0.8336
23165.0000 1179 982 0.8329
23179.9000 1179 983 0.8338
23180.0000 1180 983 0.8331
23183.0000 1180 984 0.8339
23183.5000 1180 985 0.8347
23186.2000 1180 986 0.8356
23198.0000 1181 986 0.8349
23201.6000 1181 987 0.8357
23214.0000 1182 987 0.8350
23238.0000 1183 987 0.8343
23252.6000 1183 988 0.8352
23258.0000 1184 988 0.8345
23260.4000 1184 989 0.8353
23280.0000 1185 989 0.8346
23295.0000 1186 989 0.8339
23303.3000 1186 990 0.8347
23304.1000 1186 991 0.8356
23319.0000 1187 991 0.8349
23339.0000 1188 991 0.8342
23354.2000 1188 992 0.8350
23360.0000 1189 992 0.8343
23370.5000 1189 993 0.8352
23377.0000 1190 993 0.8345
23393.0000 1191 993 0.8338
23394.4000 1191 994 0.8346
23409.0000 1192 994 0.8339
23428.0000 1193 994 0.8332
23433.0000 1193 995 0.8340
23435.6000 1193 996 0.8349
23445.0000 1194 996 0.8342
23463.8000 1194 997 0.8350
23464.0000 1195 997 0.8343
23466.7000 1195 998 0.8351
23472.6000 1195 999 0.8360
23482.0000 1196 999 0.8353
23498.0000 1197 999 0.8346
23499.9000 1197 1000 0.8354
23516.0000 1198 1000 0.8347
23532.0000 1199 1000 0.8340
23547.0000 1200 1000 0.8333
23558.7000 1200 1001 0.8342
23565.9000 1200 1002 0.8350
23567.0000 1200 1003 0.8358
23568.0000 1201 1003 0.8351
23589.0000 1202 1003 0.8344
23592.2000 1202 1004 0.8353
23603.9000 1202 1005 0.8361
23613.0000 1203 1005 0.8354
23629.0000 1204 1005 0.8347
23647.0000 1205 1005 0.8340
23653.6000 1205 1006 0.8349
23662.0000 1206 1006 0.8342
23678.4000 1206 1007 0.8350
23681.0000 1207 1007 0.8343
23691.8000 1207 1008 0.8351
23702.0000 1208 1008 0.8344
23702.1000 1208 1009 0.8353
23710.9000 1208 1010 0.8361
23713.1000 1208 1011 0.8369
23722.6000 1208 1012 0.8377
23726.0000 1209 1012 0.8371
23726.3000 1209 1013 0.8379
23741.0000 1210 1013 0.8372
23746.9000 1210 1014 0.8380
23759.3000 1210 1015 0.8388
23759.5000 1210 1016 0.8397
23760.0000 1211 1016 0.8390
23771.5000 1211 1017 0.8398
23778.0000 1212 1017 0.8391
23782.4000 1212 1018 0.8399
23785.5000 1212 1019 0.8408
23798.0000 1213 1019 0.8401
23817.0000 1214 1019 0.8394
23823.0000 1214 1020 0.8402
23837.0000 1215 1020 0.8395
23842.9000 1215 1021 0.8403
23843.7000 1215 1022 0.8412
23846.7000 1215 1023 0.8420
23859.0000 1216 1023 0.8413
23866.7000 1216 1024 0.8421
23874.0000 1217 1024 0.8414
23895.0000 1218 1024 0.8407
23909.0000 1218 1025 0.8415
23916.0000 1219 1025 0.8409
23926.9000 1219 1026 0.8417
23937.0000 1220 1026 0.8410
23961.0000 1221 1026 0.8403
23962.4000 1221 1027 0.8411
23981.0000 1222 1027 0.8404
23985.1000 1222 1028 0.8412
23990.6000 1222 1029 0.8421
24004.0000 1223 1029 0.8414
24017.7000 1223 1030 0.8422
24026.0000 1224 1030 0.8415
24029.2000 1224 1031 0.8423
24037.4000 1224 1032 0.8431
24043.0000 1225 1032 0.8424
24044.4000 1225 1033 0.8433
24046.5000 1225 1034 0.8441
24062.0000 1226 1034 0.8434
24064.3000 1226 1035 0.8442
24077.5000 1226 1036 0.8450
24079.0000 1227 1036 0.8443
24095.0000 1228 1036 0.8436
24110.0000 1229 1036 0.8430
24134.0000 1230 1036 0.8423
24150.4000 1230 1037 0.8431
24157.0000 1231 1037 0.8424
24179.0000 1232 1037 0.8417
24189.0000 1232 1038 0.8425
24192.1000 1232 1039 0.8433
24203.0000 1233 1039 0.8427
24222.0000 1234 1039 0.8420
24225.8000 1234 1040 0.8428
24242.4000 1234 1041 0.8436
24245.0000 1235 1041 0.8429
24251.5000 1235 1042 0.8437
24262.0000 1236 1042 0.8430
24272.4000 1236 1043 0.8439
24286.0000 1237 1043 0.8432
24293.0000 1237 1044 0.8440
24305.0000 1238 1044 0.8433
24326.0000 1239 1044 0.8426
24349.0000 1240 1044 0.8419
24368.0000 1241 1044 0.8413
24379.5000 1241 1045 0.8421
24380.6000 1241 1046 0.8429
24383.0000 1242 1046 0.8422
24407.0000 1243 1046 0.8415
24422.4000 1243 1047 0.8423
24427.0000 1244 1047 0.8416
24445.2000 1244 1048 0.8424
24447.0000 1245 1048 0.8418
24468.0000 1246 1048 0.8411
24468.8000 1246 1049 0.8419
24473.7000 1246 1050 0.8427
24479.0000 1246 1051 0.8435
24483.1000 1246 1052 0.8443
24490.0000 1247 1052 0.8436
24493.5000 1247 1053 0.8444
24495.4000 1247 1054 0.8452
24510.4000 1247 1055 0.8460
24514.0000 1248 1055 0.8454
24530.0000 1249 1055 0.8447
24549.0000 1249 1056 0.8455
24553.0000 1250 1056 0.8448
24568.0000 1251 1056 0.8441
24591.0000 1252 1056 0.8435
24600.9000 1252 1057 0.8442
24605.9000 1252 1058 0.8450
24607.0000 1253 1058 0.8444
24624.0000 1254 1058 0.8437
24632.7000 1254 1059 0.8445
24641.0000 1255 1059 0.8438
24652.9000 1255 1060 0.8446
24656.0000 1256 1060 0.8439
24661.6000 1256 1061 0.8447
24677.0000 1257 1061 0.8441
24682.3000 1257 1062 0.8449
24693.0000 1258 1062 0.8442
24702.5000 1258 1063 0.8450
24712.0000 1259 1063 0.8443
24736.0000 1260 1063 0.8437
24751.0000 1261 1063 0.8430
24752.6000 1261 1064 0.8438
24768.0000 1262 1064 0.8431
24773.9000 1262 1065 0.8439
24777.3000 1262 1066 0.8447
24780.2000 1262 1067 0.8455
24790.0000 1263 1067 0.8448
24794.0000 1263 1068 0.8456
24809.0000 1264 1068 0.8449
24824.0000 1265 1068 0.8443
24828.3000 1265 1069 0.8451
24844.0000 1266 1069 0.8444
24867.0000 1267 1069 0.8437
24870.4000 1267 1070 0.8445
24877.9000 1267 1071 0.8453
24883.0000 1268 1071 0.8446
24894.8000 1268 1072 0.8454
24903.8000 1268 1073 0.8462
24906.0000 1269 1073 0.8455
24921.0000 1270 1073 0.8449
24922.9000 1270 1074 0.8457
24945.0000 1271 1074 0.8450
24963.0000 1272 1074 0.8443
24980.0000 1273 1074 0.8437
24999.0000 1274 1074 0.8430
25015.0000 1275 1074 0.8424
25023.3000 1275 1075 0.8431
25026.7000 1275 1076 0.8439
25034.0000 1276 1076 0.8433
25055.0000 1277 1076 0.8426
25068.4000 1277 1077 0.8434
25068.7000 1277 1078 0.8442
25072.0000 1277 1079 0.8449
25074.0000 1278 1079 0.8443
25078.3000 1278 1080 0.8451
25087.5000 1278 1081 0.8459
25095.0000 1279 1081 0.8452
25106.8000 1279 1082 0.8460
25107.0000 1279 1083 0.8468
25116.1000 1279 1084 0.8475
25119.0000 1280 1084 0.8469
25130.0000 1280 1085 0.8477
25130.1000 1280 1086 0.8484
25138.0000 1281 1086 0.8478
25146.7000 1281 1087 0.8486
25162.0000 1282 1087 0.8479
25170.2000 1282 1088 0.8487
25183.0000 1283 1088 0.8480
