# time  created  delivered  delivered/created
22.0000 1 0 0.0000
38.0000 2 0 0.0000
54.0000 3 0 0.0000
72.0000 4 0 0.0000
94.0000 5 0 0.0000
110.0000 6 0 0.0000
133.0000 7 0 0.0000
153.0000 8 0 0.0000
175.0000 9 0 0.0000
191.0000 10 0 0.0000
210.0000 11 0 0.0000
225.0000 12 0 0.0000
249.0000 13 0 0.0000
265.0000 14 0 0.0000
281.0000 15 0 0.0000
304.0000 16 0 0.0000
328.0000 17 0 0.0000
343.0000 18 0 0.0000
367.0000 19 0 0.0000
382.0000 20 0 0.0000
399.0000 21 0 0.0000
420.0000 22 0 0.0000
439.0000 23 0 0.0000
458.0000 24 0 0.0000
480.0000 25 0 0.0000
497.0000 26 0 0.0000
515.0000 27 0 0.0000
538.0000 28 0 0.0000
562.0000 29 0 0.0000
581.0000 30 0 0.0000
583.9000 30 1 0.0333
603.0000 31 1 0.0323
625.0000 32 1 0.0313
640.9000 32 2 0.0625
646.0000 33 2 0.0606
661.6000 33 3 0.0909
667.0000 34 3 0.0882
684.0000 34 4 0.1176
685.0000 35 4 0.1143
691.0000 35 5 0.1429
700.0000 36 5 0.1389
722.0000 37 5 0.1351
741.0000 38 5 0.1316
764.0000 39 5 0.1282
775.8000 39 6 0.1538
784.0000 40 6 0.1500
806.0000 41 6 0.1463
829.0000 42 6 0.1429
851.0000 43 6 0.1395
873.0000 44 6 0.1364
895.0000 45 6 0.1333
918.0000 46 6 0.1304
941.0000 47 6 0.1277
957.0000 48 6 0.1250
975.0000 49 6 0.1224
998.0000 50 6 0.1200
1018.0000 51 6 0.1176
1040.0000 52 6 0.1154
1056.0000 53 6 0.1132
1077.0000 54 6 0.1111
1096.0000 55 6 0.1091
1117.0000 56 6 0.1071
1137.0000 57 6 0.1053
1159.0000 58 6 0.1034
1179.0000 59 6 0.1017
1193.3000 59 7 0.1186
1201.0000 60 7 0.1167
1216.0000 61 7 0.1148
1225.1000 61 8 0.1311
1226.1000 61 9 0.1475
1232.0000 62 9 0.1452
1251.0000 63 9 0.1429
1268.0000 64 9 0.1406
1287.0000 65 9 0.1385
1308.0000 66 9 0.1364
1327.0000 67 9 0.1343
1342.0000 68 9 0.1324
1364.0000 69 9 0.1304
1382.0000 69 10 0.1449
1388.0000 70 10 0.1429
1397.1000 70 11 0.1571
1407.0000 71 11 0.1549
1408.4000 71 12 0.1690
1422.0000 72 12 0.1667
1442.0000 73 12 0.1644
1464.0000 74 12 0.1622
1476.9000 74 13 0.1757
1479.0000 75 13 0.1733
1483.1000 75 14 0.1867
1500.0000 76 14 0.1842
1518.0000 77 14 0.1818
1542.0000 78 14 0.1795
1562.0000 79 14 0.1772
1577.0000 80 14 0.1750
1600.0000 81 14 0.1728
1620.0000 82 14 0.1707
1637.0000 83 14 0.1687
1652.0000 84 14 0.1667
1673.0000 85 14 0.1647
1695.0000 86 14 0.1628
1707.0000 86 15 0.1744
1709.8000 86 16 0.1860
1713.0000 87 16 0.1839
1736.2000 87 17 0.1954
1737.0000 88 17 0.1932
1739.8000 88 18 0.2045
1754.9000 88 19 0.2159
1760.0000 89 19 0.2135
1781.0000 90 19 0.2111
1804.0000 91 19 0.2088
1826.0000 92 19 0.2065
1849.0000 93 19 0.2043
1870.0000 94 19 0.2021
1881.2000 94 20 0.2128
1882.8000 94 21 0.2234
1890.0000 95 21 0.2211
1911.0000 96 21 0.2188
1929.0000 97 21 0.2165
1948.0000 98 21 0.2143
1965.0000 99 21 0.2121
1980.0000 100 21 0.2100
2002.0000 101 21 0.2079
2019.9000 101 22 0.2178
2024.0000 102 22 0.2157
2027.0000 102 23 0.2255
2035.6000 102 24 0.2353
2041.0000 103 24 0.2330
2064.0000 104 24 0.2308
2080.0000 105 24 0.2286
2095.0000 106 24 0.2264
2119.0000 107 24 0.2243
2139.0000 108 24 0.2222
2142.8000 108 25 0.2315
2161.0000 109 25 0.2294
2178.0000 110 25 0.2273
2196.2000 110 26 0.2364
2199.0000 111 26 0.2342
2217.0000 111 27 0.2432
2222.0000 112 27 0.2411
2240.0000 113 27 0.2389
2259.0000 114 27 0.2368
2275.0000 115 27 0.2348
2295.0000 116 27 0.2328
2314.0000 117 27 0.2308
2325.8000 117 28 0.2393
2335.0000 118 28 0.2373
2354.0000 119 28 0.2353
2377.0000 120 28 0.2333
2396.0000 121 28 0.2314
2405.9000 121 29 0.2397
2411.0000 122 29 0.2377
2412.0000 122 30 0.2459
2433.0000 123 30 0.2439
2452.0000 124 30 0.2419
2460.7000 124 31 0.2500
2464.9000 124 32 0.2581
2470.3000 124 33 0.2661
2474.0000 125 33 0.2640
2496.0000 126 33 0.2619
2500.6000 126 34 0.2698
2511.0000 127 34 0.2677
2526.0000 128 34 0.2656
2546.0000 129 34 0.2636
2553.4000 129 35 0.2713
2556.3000 129 36 0.2791
2563.0000 130 36 0.2769
2586.0000 131 36 0.2748
2601.0000 132 36 0.2727
2621.0000 133 36 0.2707
2641.0000 134 36 0.2687
2654.8000 134 37 0.2761
2662.0000 135 37 0.2741
2678.0000 136 37 0.2721
2681.8000 136 38 0.2794
2689.6000 136 39 0.2868
2693.0000 137 39 0.2847
2716.0000 138 39 0.2826
2735.0000 139 39 0.2806
2740.4000 139 40 0.2878
2754.0000 140 40 0.2857
2771.0000 141 40 0.2837
2788.0000 142 40 0.2817
2800.0000 142 41 0.2887
2807.0000 143 41 0.2867
2823.1000 143 42 0.2937
2831.0000 144 42 0.2917
2837.6000 144 43 0.2986
2853.0000 145 43 0.2966
2868.0000 146 43 0.2945
2891.0000 147 43 0.2925
2911.0000 148 43 0.2905
2926.0000 149 43 0.2886
2942.0000 150 43 0.2867
2947.3000 150 44 0.2933
2948.7000 150 45 0.3000
2954.4000 150 46 0.3067
2962.0000 151 46 0.3046
2979.0000 152 46 0.3026
3003.0000 153 46 0.3007
3020.9000 153 47 0.3072
3024.0000 154 47 0.3052
3040.0000 155 47 0.3032
3059.0000 155 48 0.3097
3064.0000 156 48 0.3077
3065.8000 156 49 0.3141
3084.5000 156 50 0.3205
3086.0000 157 50 0.3185
3110.0000 158 50 0.3165
3120.1000 158 51 0.3228
3129.0000 159 51 0.3208
3147.0000 160 51 0.3188
3166.0000 161 51 0.3168
3190.0000 162 51 0.3148
3210.0000 163 51 0.3129
3225.0000 164 51 0.3110
3243.0000 165 51 0.3091
3260.0000 166 51 0.3072
3261.2000 166 52 0.3133
3273.7000 166 53 0.3193
3275.5000 166 54 0.3253
3283.0000 167 54 0.3234
3305.0000 168 54 0.3214
3321.0000 169 54 0.3195
3329.9000 169 55 0.3254
3344.0000 170 55 0.3235
3362.6000 170 56 0.3294
3365.0000 171 56 0.3275
3385.0000 172 56 0.3256
3408.0000 173 56 0.3237
3428.0000 174 56 0.3218
3429.2000 174 57 0.3276
3432.0000 174 58 0.3333
3447.8000 174 59 0.3391
3449.0000 175 59 0.3371
3459.8000 175 60 0.3429
3472.0000 176 60 0.3409
3488.0000 177 60 0.3390
3511.0000 178 60 0.3371
3528.5000 178 61 0.3427
3535.0000 179 61 0.3408
3548.5000 179 62 0.3464
3551.5000 179 63 0.3520
3552.0000 180 63 0.3500
3563.1000 180 64 0.3556
3570.0000 181 64 0.3536
3575.8000 181 65 0.3591
3589.0000 182 65 0.3571
3604.0000 183 65 0.3552
3619.0000 184 65 0.3533
3636.9000 184 66 0.3587
3638.0000 185 66 0.3568
3653.0000 186 66 0.3548
3668.6000 186 67 0.3602
3669.0000 187 67 0.3583
3689.0000 188 67 0.3564
3712.0000 189 67 0.3545
3730.0000 190 67 0.3526
3754.0000 191 67 0.3508
3771.0000 192 67 0.3490
3787.0000 193 67 0.3472
3809.0000 194 67 0.3454
3824.5000 194 68 0.3505
3831.8000 194 69 0.3557
3832.0000 195 69 0.3538
3848.6000 195 70 0.3590
3854.0000 196 70 0.3571
3868.4000 196 71 0.3622
3873.0000 197 71 0.3604
3882.2000 197 72 0.3655
3895.0000 198 72 0.3636
3919.0000 199 72 0.3618
3938.0000 200 72 0.3600
3946.3000 200 73 0.3650
3953.0000 200 74 0.3700
3955.0000 201 74 0.3682
3975.0000 202 74 0.3663
3996.0000 203 74 0.3645
4012.0000 204 74 0.3627
4031.0000 205 74 0.3610
4052.0000 206 74 0.3592
4054.9000 206 75 0.3641
4059.1000 206 76 0.3689
4060.1000 206 77 0.3738
4070.0000 207 77 0.3720
4094.0000 208 77 0.3702
4115.0000 209 77 0.3684
4122.9000 209 78 0.3732
4134.0000 210 78 0.3714
4153.0000 211 78 0.3697
4171.0000 212 78 0.3679
4194.0000 213 78 0.3662
4214.0000 214 78 0.3645
4214.6000 214 79 0.3692
4235.0000 215 79 0.3674
4245.1000 215 80 0.3721
4251.0000 216 80 0.3704
4268.6000 216 81 0.3750
4272.0000 217 81 0.3733
4290.0000 218 81 0.3716
4314.0000 219 81 0.3699
4316.0000 219 82 0.3744
4338.0000 220 82 0.3727
4352.2000 220 83 0.3773
4357.9000 220 84 0.3818
4360.0000 221 84 0.3801
4363.6000 221 85 0.3846
4381.0000 222 85 0.3829
4400.0000 223 85 0.3812
4406.0000 223 86 0.3857
4419.0000 224 86 0.3839
4419.1000 224 87 0.3884
4434.0000 225 87 0.3867
4435.5000 225 88 0.3911
4452.4000 225 89 0.3956
4458.0000 226 89 0.3938
4463.0000 226 90 0.3982
4476.0000 227 90 0.3965
4497.0000 228 90 0.3947
4506.4000 228 91 0.3991
4515.0000 229 91 0.3974
4534.7000 229 92 0.4017
4537.0000 230 92 0.4000
4556.0000 231 92 0.3983
4565.2000 231 93 0.4026
4580.0000 232 93 0.4009
4597.0000 233 93 0.3991
4614.0000 234 93 0.3974
4634.0000 235 93 0.3957
4655.0000 236 93 0.3941
4665.1000 236 94 0.3983
4672.0000 237 94 0.3966
4689.0000 238 94 0.3950
4706.0000 239 94 0.3933
4729.0000 240 94 0.3917
4741.7000 240 95 0.3958
4744.2000 240 96 0.4000
4747.0000 241 96 0.3983
4762.0000 242 96 0.3967
4766.5000 242 97 0.4008
4783.0000 243 97 0.3992
4795.2000 243 98 0.4033
4807.0000 244 98 0.4016
4824.0000 245 98 0.4000
4848.0000 246 98 0.3984
4867.0000 247 98 0.3968
4886.0000 248 98 0.3952
4909.0000 249 98 0.3936
4928.0000 250 98 0.3920
4951.0000 251 98 0.3904
4966.0000 252 98 0.3889
4982.4000 252 99 0.3929
4986.0000 253 99 0.3913
4992.3000 253 100 0.3953
5010.0000 254 100 0.3937
5033.0000 255 100 0.3922
5048.0000 256 100 0.3906
5072.0000 257 100 0.3891
5076.2000 257 101 0.3930
5089.0000 258 101 0.3915
5112.0000 259 101 0.3900
5131.0000 260 101 0.3885
5151.0000 261 101 0.3870
5171.5000 261 102 0.3908
5175.0000 262 102 0.3893
5194.0000 263 102 0.3878
5208.4000 263 103 0.3916
5212.5000 263 104 0.3954
5215.0000 264 104 0.3939
5237.0000 265 104 0.3925
5238.4000 265 105 0.3962
5240.6000 265 106 0.4000
5254.0000 266 106 0.3985
5269.0000 267 106 0.3970
5291.0000 268 106 0.3955
5307.0000 269 106 0.3941
5321.9000 269 107 0.3978
5324.0000 270 107 0.3963
5339.0000 271 107 0.3948
5354.4000 271 108 0.3985
5355.8000 271 109 0.4022
5356.0000 272 109 0.4007
5371.0000 273 109 0.3993
5387.0000 274 109 0.3978
5395.6000 274 110 0.4015
5410.0000 275 110 0.4000
5426.0000 276 110 0.3986
5430.3000 276 111 0.4022
5447.0000 277 111 0.4007
5470.0000 278 111 0.3993
5490.0000 279 111 0.3978
5504.6000 279 112 0.4014
5507.0000 280 112 0.4000
5516.9000 280 113 0.4036
5528.0000 281 113 0.4021
5546.0000 282 113 0.4007
5564.0000 283 113 0.3993
5566.2000 283 114 0.4028
5567.4000 283 115 0.4064
5584.0000 284 115 0.4049
5607.0000 285 115 0.4035
5625.0000 286 115 0.4021
5643.0000 287 115 0.4007
5665.0000 288 115 0.3993
5673.7000 288 116 0.4028
5685.0000 289 116 0.4014
5686.6000 289 117 0.4048
5687.9000 289 118 0.4083
5691.2000 289 119 0.4118
5704.0000 290 119 0.4103
5724.0000 291 119 0.4089
5745.0000 292 119 0.4075
5745.2000 292 120 0.4110
5747.9000 292 121 0.4144
5755.6000 292 122 0.4178
5760.0000 293 122 0.4164
5784.0000 294 122 0.4150
5805.0000 295 122 0.4136
5807.1000 295 123 0.4169
5820.0000 295 124 0.4203
5822.0000 296 124 0.4189
5841.0000 297 124 0.4175
5859.0000 298 124 0.4161
5860.0000 298 125 0.4195
5863.7000 298 126 0.4228
5873.7000 298 127 0.4262
5874.0000 299 127 0.4247
5893.0000 300 127 0.4233
5895.4000 300 128 0.4267
5901.3000 300 129 0.4300
5905.2000 300 130 0.4333
5907.7000 300 131 0.4367
5914.0000 301 131 0.4352
5914.2000 301 132 0.4385
5932.0000 302 132 0.4371
5947.3000 302 133 0.4404
5953.0000 303 133 0.4389
5971.0000 304 133 0.4375
5986.0000 305 133 0.4361
5996.8000 305 134 0.4393
6003.8000 305 135 0.4426
6008.0000 306 135 0.4412
6010.3000 306 136 0.4444
6012.9000 306 137 0.4477
6024.0000 307 137 0.4463
6041.0000 308 137 0.4448
6063.0000 309 137 0.4434
6066.6000 309 138 0.4466
6067.9000 309 139 0.4498
6068.1000 309 140 0.4531
6076.3000 309 141 0.4563
6087.0000 310 141 0.4548
6105.0000 311 141 0.4534
6124.0000 312 141 0.4519
6130.3000 312 142 0.4551
6145.0000 313 142 0.4537
6166.0000 314 142 0.4522
6182.0000 315 142 0.4508
6201.0000 316 142 0.4494
6211.5000 316 143 0.4525
6216.0000 317 143 0.4511
6231.0000 318 143 0.4497
6248.0000 319 143 0.4483
6261.7000 319 144 0.4514
6267.0000 320 144 0.4500
6289.0000 321 144 0.4486
6308.0000 322 144 0.4472
6332.0000 323 144 0.4458
6338.7000 323 145 0.4489
6355.0000 324 145 0.4475
6372.0000 325 145 0.4462
6374.6000 325 146 0.4492
6393.0000 326 146 0.4479
6417.0000 327 146 0.4465
6431.8000 327 147 0.4495
6441.0000 328 147 0.4482
6465.0000 329 147 0.4468
6467.3000 329 148 0.4498
6474.5000 329 149 0.4529
6486.0000 330 149 0.4515
6502.0000 331 149 0.4502
6518.0000 332 149 0.4488
6536.0000 333 149 0.4474
6548.1000 333 150 0.4505
6551.1000 333 151 0.4535
6555.0000 334 151 0.4521
6572.0000 335 151 0.4507
6591.0000 336 151 0.4494
6608.0000 337 151 0.4481
6631.0000 338 151 0.4467
6646.0000 339 151 0.4454
6665.0000 340 151 0.4441
6669.7000 340 152 0.4471
6684.0000 341 152 0.4457
6687.9000 341 153 0.4487
6696.4000 341 154 0.4516
6708.0000 342 154 0.4503
6725.0000 343 154 0.4490
6745.0000 344 154 0.4477
6760.0000 345 154 0.4464
6770.7000 345 155 0.4493
6781.0000 346 155 0.4480
6793.2000 346 156 0.4509
6800.0000 347 156 0.4496
6816.0000 348 156 0.4483
6827.4000 348 157 0.4511
6839.0000 349 157 0.4499
6854.0000 350 157 0.4486
6874.0000 351 157 0.4473
6889.0000 352 157 0.4460
6893.6000 352 158 0.4489
6897.1000 352 159 0.4517
6900.6000 352 160 0.4545
6909.0000 353 160 0.4533
6917.1000 353 161 0.4561
6920.8000 353 162 0.4589
6923.8000 353 163 0.4618
6930.0000 354 163 0.4605
6951.0000 355 163 0.4592
6971.0000 356 163 0.4579
6978.5000 356 164 0.4607
6995.0000 357 164 0.4594
7010.0000 358 164 0.4581
7011.0000 358 165 0.4609
7018.8000 358 166 0.4637
7020.4000 358 167 0.4665
7029.0000 359 167 0.4652
7048.0000 360 167 0.4639
7052.0000 360 168 0.4667
7071.0000 361 168 0.4654
7091.1000 361 169 0.4681
7093.0000 362 169 0.4669
7104.9000 362 170 0.4696
7108.0000 363 170 0.4683
7130.0000 364 170 0.4670
7141.7000 364 171 0.4698
7147.0000 365 171 0.4685
7163.0000 366 171 0.4672
7175.0000 366 172 0.4699
7177.4000 366 173 0.4727
7180.0000 367 173 0.4714
7189.3000 367 174 0.4741
7197.0000 368 174 0.4728
7221.0000 369 174 0.4715
7240.0000 370 174 0.4703
7255.0000 371 174 0.4690
7272.0000 372 174 0.4677
7296.0000 373 174 0.4665
7319.0000 374 174 0.4652
7333.2000 374 175 0.4679
7335.0000 375 175 0.4667
7358.0000 376 175 0.4654
7378.0000 377 175 0.4642
7394.0000 378 175 0.4630
7395.4000 378 176 0.4656
7406.7000 378 177 0.4683
7411.0000 379 177 0.4670
7435.0000 380 177 0.4658
7436.5000 380 178 0.4684
7451.2000 380 179 0.4711
7459.0000 381 179 0.4698
7472.9000 381 180 0.4724
7480.0000 382 180 0.4712
7493.2000 382 181 0.4738
7498.0000 383 181 0.4726
7514.0000 384 181 0.4714
7536.0000 385 181 0.4701
7545.7000 385 182 0.4727
7559.0000 386 182 0.4715
7574.0000 387 182 0.4703
7583.5000 387 183 0.4729
7590.2000 387 184 0.4755
7595.0000 388 184 0.4742
7613.0000 389 184 0.4730
7632.0000 390 184 0.4718
7649.9000 390 185 0.4744
7651.5000 390 186 0.4769
7656.0000 391 186 0.4757
7673.0000 392 186 0.4745
7696.0000 393 186 0.4733
7703.3000 393 187 0.4758
7713.0000 394 187 0.4746
7728.2000 394 188 0.4772
7730.0000 395 188 0.4759
7745.0000 396 188 0.4747
7762.0000 397 188 0.4736
7777.8000 397 189 0.4761
7781.1000 397 190 0.4786
7784.0000 398 190 0.4774
7804.0000 399 190 0.4762
7822.0000 400 190 0.4750
7840.0000 401 190 0.4738
7858.0000 402 190 0.4726
7874.0000 403 190 0.4715
7883.6000 403 191 0.4739
7885.5000 403 192 0.4764
7891.0000 403 193 0.4789
7895.0000 404 193 0.4777
7907.7000 404 194 0.4802
7914.0000 405 194 0.4790
7931.0000 406 194 0.4778
7948.0000 407 194 0.4767
7960.8000 407 195 0.4791
7972.0000 408 195 0.4779
7982.8000 408 196 0.4804
7987.0000 409 196 0.4792
7992.4000 409 197 0.4817
8002.0000 410 197 0.4805
8024.0000 411 197 0.4793
8040.0000 412 197 0.4782
8041.7000 412 198 0.4806
8059.0000 413 198 0.4794
8082.0000 414 198 0.4783
8099.0000 415 198 0.4771
8116.0000 416 198 0.4760
8137.0000 417 198 0.4748
8158.0000 418 198 0.4737
8173.0000 419 198 0.4726
8190.0000 420 198 0.4714
8204.4000 420 199 0.4738
8205.0000 421 199 0.4727
8205.7000 421 200 0.4751
8227.0000 422 200 0.4739
8237.1000 422 201 0.4763
8251.0000 423 201 0.4752
8268.9000 423 202 0.4775
8271.7000 423 203 0.4799
8275.0000 424 203 0.4788
8297.0000 425 203 0.4776
8317.0000 426 203 0.4765
8336.0000 427 203 0.4754
8356.0000 427 204 0.4778
8359.0000 428 204 0.4766
8363.8000 428 205 0.4790
8375.0000 429 205 0.4779
8396.0000 430 205 0.4767
8414.0000 431 205 0.4756
8428.2000 431 206 0.4780
8434.3000 431 207 0.4803
8437.0000 432 207 0.4792
8442.3000 432 208 0.4815
8453.0000 433 208 0.4804
8462.2000 433 209 0.4827
8468.0000 434 209 0.4816
8492.0000 435 209 0.4805
8510.0000 436 209 0.4794
8525.0000 437 209 0.4783
8530.8000 437 210 0.4805
8544.0000 438 210 0.4795
8548.0000 438 211 0.4817
8556.0000 438 212 0.4840
8566.0000 439 212 0.4829
8569.2000 439 213 0.4852
8572.8000 439 214 0.4875
8578.2000 439 215 0.4897
8586.0000 440 215 0.4886
8609.0000 441 215 0.4875
8625.0000 442 215 0.4864
8630.3000 442 216 0.4887
8641.3000 442 217 0.4910
8644.0000 443 217 0.4898
8663.0000 444 217 0.4887
8681.0000 445 217 0.4876
8697.0000 446 217 0.4865
8704.9000 446 218 0.4888
8711.9000 446 219 0.4910
8719.0000 447 219 0.4899
8743.0000 448 219 0.4888
8748.8000 448 220 0.4911
8749.8000 448 221 0.4933
8767.0000 449 221 0.4922
8778.0000 449 222 0.4944
8784.0000 450 222 0.4933
8794.1000 450 223 0.4956
8800.0000 451 223 0.4945
8807.2000 451 224 0.4967
8823.0000 452 224 0.4956
8839.0000 453 224 0.4945
8854.0000 454 224 0.4934
8863.2000 454 225 0.4956
8869.0000 455 225 0.4945
8875.4000 455 226 0.4967
8888.6000 455 227 0.4989
8892.0000 456 227 0.4978
8893.5000 456 228 0.5000
8911.0000 457 228 0.4989
8929.0000 458 228 0.4978
8941.6000 458 229 0.5000
8944.0000 459 229 0.4989
8955.3000 459 230 0.5011
8961.0000 460 230 0.5000
8979.0000 461 230 0.4989
8997.0000 462 230 0.4978
9011.3000 462 231 0.5000
9011.5000 462 232 0.5022
9013.0000 463 232 0.5011
9025.2000 463 233 0.5032
9027.2000 463 234 0.5054
9035.0000 464 234 0.5043
9035.9000 464 235 0.5065
9055.6000 464 236 0.5086
9058.0000 465 236 0.5075
9066.7000 465 237 0.5097
9073.0000 466 237 0.5086
9093.5000 466 238 0.5107
9095.0000 467 238 0.5096
9119.0000 468 238 0.5085
9143.0000 469 238 0.5075
9151.6000 469 239 0.5096
9162.0000 470 239 0.5085
9177.7000 470 240 0.5106
9185.2000 470 241 0.5128
9186.0000 471 241 0.5117
9196.5000 471 242 0.5138
9209.0000 472 242 0.5127
9219.5000 472 243 0.5148
9224.0000 473 243 0.5137
9245.0000 474 243 0.5127
9247.8000 474 244 0.5148
9253.4000 474 245 0.5169
9264.0000 475 245 0.5158
9279.8000 475 246 0.5179
9288.0000 476 246 0.5168
9310.0000 477 246 0.5157
9314.3000 477 247 0.5178
9322.6000 477 248 0.5199
9326.0000 478 248 0.5188
9341.0000 479 248 0.5177
9365.0000 480 248 0.5167
9387.0000 481 248 0.5156
9403.0000 482 248 0.5145
9426.0000 483 248 0.5135
9444.0000 484 248 0.5124
9452.1000 484 249 0.5145
9454.2000 484 250 0.5165
9468.0000 485 250 0.5155
9474.2000 485 251 0.5175
9485.0000 486 251 0.5165
9503.0000 487 251 0.5154
9518.6000 487 252 0.5175
9520.7000 487 253 0.5195
9527.0000 488 253 0.5184
9528.8000 488 254 0.5205
9538.8000 488 255 0.5225
9541.2000 488 256 0.5246
9550.0000 489 256 0.5235
9550.4000 489 257 0.5256
9573.0000 490 257 0.5245
9591.0000 491 257 0.5234
9613.6000 491 258 0.5255
9614.0000 492 258 0.5244
9632.0000 493 258 0.5233
9653.0000 494 258 0.5223
9671.3000 494 259 0.5243
9676.0000 495 259 0.5232
9693.0000 496 259 0.5222
9715.0000 497 259 0.5211
9731.2000 497 260 0.5231
9736.0000 498 260 0.5221
9748.3000 498 261 0.5241
9750.0000 498 262 0.5261
9752.0000 499 262 0.5251
9776.0000 500 262 0.5240
9793.4000 500 263 0.5260
9799.0000 501 263 0.5250
9812.7000 501 264 0.5269
9817.1000 501 265 0.5289
9821.0000 502 265 0.5279
9837.0000 503 265 0.5268
9843.4000 503 266 0.5288
9861.0000 504 266 0.5278
9879.0000 505 266 0.5267
9894.0000 506 266 0.5257
9898.6000 506 267 0.5277
9909.0000 507 267 0.5266
9920.2000 507 268 0.5286
9927.0000 508 268 0.5276
9946.0000 509 268 0.5265
9969.0000 510 268 0.5255
9988.0000 511 268 0.5245
10007.0000 512 268 0.5234
10024.0000 513 268 0.5224
10027.2000 513 269 0.5244
10044.0000 514 269 0.5233
10067.0000 515 269 0.5223
10087.0000 516 269 0.5213
10108.0000 516 270 0.5233
10111.0000 517 270 0.5222
10113.3000 517 271 0.5242
10113.8000 517 272 0.5261
10132.0000 518 272 0.5251
10154.0000 519 272 0.5241
10175.9000 519 273 0.5260
10176.5000 519 274 0.5279
10177.0000 520 274 0.5269
10185.4000 520 275 0.5288
10194.0000 521 275 0.5278
10216.0000 522 275 0.5268
10233.6000 522 276 0.5287
10235.0000 523 276 0.5277
10252.0000 523 277 0.5296
10256.0000 523 278 0.5315
10257.0000 524 278 0.5305
10281.0000 525 278 0.5295
10300.0000 526 278 0.5285
10320.0000 527 278 0.5275
10329.6000 527 279 0.5294
10343.0000 528 279 0.5284
10365.2000 528 280 0.5303
10366.0000 529 280 0.5293
10382.0000 530 280 0.5283
10402.0000 531 280 0.5273
10423.0000 532 280 0.5263
10424.8000 532 281 0.5282
10433.1000 532 282 0.5301
10441.0000 533 282 0.5291
10443.0000 533 283 0.5310
10461.0000 534 283 0.5300
10480.0000 535 283 0.5290
10496.9000 535 284 0.5308
10497.0000 536 284 0.5299
10498.0000 536 285 0.5317
10518.0000 537 285 0.5307
10537.0000 538 285 0.5297
10555.0000 539 285 0.5288
10571.0000 540 285 0.5278
10591.0000 541 285 0.5268
10615.0000 542 285 0.5258
10637.0000 543 285 0.5249
10645.7000 543 286 0.5267
10652.8000 543 287 0.5285
10657.0000 544 287 0.5276
10680.5000 544 288 0.5294
10681.0000 545 288 0.5284
10703.0000 546 288 0.5275
10726.0000 547 288 0.5265
10748.0000 548 288 0.5255
10767.8000 548 289 0.5274
10768.0000 549 289 0.5264
10781.7000 549 290 0.5282
10788.0000 550 290 0.5273
10808.0000 551 290 0.5263
10823.0000 552 290 0.5254
10842.0000 553 290 0.5244
10866.0000 554 290 0.5235
10875.7000 554 291 0.5253
10880.2000 554 292 0.5271
10885.0000 555 292 0.5261
10887.3000 555 293 0.5279
10907.0000 556 293 0.5270
10925.0000 557 293 0.5260
10942.0000 558 293 0.5251
10966.0000 559 293 0.5242
10983.0000 560 293 0.5232
11006.0000 561 293 0.5223
11019.7000 561 294 0.5241
11021.3000 561 295 0.5258
11023.0000 562 295 0.5249
11046.0000 563 295 0.5240
11058.8000 563 296 0.5258
11068.0000 564 296 0.5248
11079.9000 564 297 0.5266
11084.0000 565 297 0.5257
11102.0000 566 297 0.5247
11120.0000 567 297 0.5238
11143.0000 568 297 0.5229
11166.0000 569 297 0.5220
11176.6000 569 298 0.5237
11182.0000 570 298 0.5228
11197.6000 570 299 0.5246
11201.0000 571 299 0.5236
11209.2000 571 300 0.5254
11218.0000 572 300 0.5245
11238.0000 573 300 0.5236
11250.8000 573 301 0.5253
11252.6000 573 302 0.5271
11253.2000 573 303 0.5288
11254.6000 573 304 0.5305
11260.0000 574 304 0.5296
11269.2000 574 305 0.5314
11280.0000 575 305 0.5304
11286.0000 575 306 0.5322
11290.4000 575 307 0.5339
11298.0000 576 307 0.5330
11308.0000 576 308 0.5347
11319.0000 577 308 0.5338
11343.0000 578 308 0.5329
11363.0000 579 308 0.5320
11366.8000 579 309 0.5337
11381.0000 580 309 0.5328
11405.0000 581 309 0.5318
11408.3000 581 310 0.5336
11424.0000 582 310 0.5326
11432.3000 582 311 0.5344
11443.0000 583 311 0.5334
11450.2000 583 312 0.5352
11467.0000 584 312 0.5342
11470.7000 584 313 0.5360
11491.0000 585 313 0.5350
11511.0000 586 313 0.5341
11529.0000 587 313 0.5332
11534.9000 587 314 0.5349
11547.0000 588 314 0.5340
11560.8000 588 315 0.5357
11566.0000 589 315 0.5348
11575.9000 589 316 0.5365
11576.7000 589 317 0.5382
11579.5000 589 318 0.5399
11586.0000 590 318 0.5390
11610.0000 591 318 0.5381
11611.3000 591 319 0.5398
11626.0000 592 319 0.5389
11640.2000 592 320 0.5405
11647.7000 592 321 0.5422
11650.0000 593 321 0.5413
11665.0000 594 321 0.5404
11668.9000 594 322 0.5421
11670.7000 594 323 0.5438
11677.5000 594 324 0.5455
11680.0000 595 324 0.5445
11686.0000 595 325 0.5462
11688.0000 595 326 0.5479
11696.0000 596 326 0.5470
11711.0000 597 326 0.5461
11717.6000 597 327 0.5477
11731.0000 598 327 0.5468
11755.0000 599 327 0.5459
11771.0000 600 327 0.5450
11788.2000 600 328 0.5467
11790.0000 601 328 0.5458
11790.5000 601 329 0.5474
11805.5000 601 330 0.5491
11809.0000 602 330 0.5482
11810.6000 602 331 0.5498
11813.0000 602 332 0.5515
11827.0000 603 332 0.5506
11851.0000 604 332 0.5497
11867.0000 605 332 0.5488
11871.7000 605 333 0.5504
11885.0000 606 333 0.5495
11907.0000 607 333 0.5486
11929.0000 608 333 0.5477
11940.3000 608 334 0.5493
11945.6000 608 335 0.5510
11948.0000 609 335 0.5501
11953.7000 609 336 0.5517
11971.0000 610 336 0.5508
11989.6000 610 337 0.5525
11995.0000 611 337 0.5516
12005.8000 611 338 0.5532
12012.0000 612 338 0.5523
12033.0000 613 338 0.5514
12042.8000 613 339 0.5530
12048.0000 614 339 0.5521
12066.6000 614 340 0.5537
12070.0000 615 340 0.5528
12070.9000 615 341 0.5545
12073.0000 615 342 0.5561
12075.7000 615 343 0.5577
12088.0000 616 343 0.5568
12104.0000 617 343 0.5559
12124.0000 618 343 0.5550
12135.5000 618 344 0.5566
12144.5000 618 345 0.5583
12144.6000 618 346 0.5599
12145.0000 619 346 0.5590
12153.5000 619 347 0.5606
12155.7000 619 348 0.5622
12165.0000 620 348 0.5613
12165.5000 620 349 0.5629
12184.3000 620 350 0.5645
12189.0000 621 350 0.5636
12209.0000 622 350 0.5627
12218.2000 622 351 0.5643
12220.5000 622 352 0.5659
12226.0000 623 352 0.5650
12249.0000 624 352 0.5641
12270.0000 625 352 0.5632
12280.1000 625 353 0.5648
12286.7000 625 354 0.5664
12287.0000 626 354 0.5655
12305.0000 627 354 0.5646
12323.0000 628 354 0.5637
12329.4000 628 355 0.5653
12336.9000 628 356 0.5669
12339.0000 629 356 0.5660
12341.9000 629 357 0.5676
12358.0000 630 357 0.5667
12377.0000 631 357 0.5658
12380.0000 631 358 0.5674
12399.0000 632 358 0.5665
12421.0000 633 358 0.5656
12437.3000 633 359 0.5671
12442.6000 633 360 0.5687
12444.0000 634 360 0.5678
12444.7000 634 361 0.5694
12463.0000 635 361 0.5685
12479.0000 636 361 0.5676
12483.6000 636 362 0.5692
12494.8000 636 363 0.5708
12497.0000 637 363 0.5699
12518.0000 638 363 0.5690
12536.2000 638 364 0.5705
12538.0000 639 364 0.5696
12556.0000 640 364 0.5688
12568.8000 640 365 0.5703
12575.0000 641 365 0.5694
12596.0000 642 365 0.5685
12611.0000 643 365 0.5677
12615.7000 643 366 0.5692
12635.0000 644 366 0.5683
12655.0000 645 366 0.5674
12669.4000 645 367 0.5690
12672.0000 646 367 0.5681
12689.5000 646 368 0.5697
12691.0000 647 368 0.5688
12713.0000 648 368 0.5679
12726.0000 648 369 0.5694
12727.4000 648 370 0.5710
12730.2000 648 371 0.5725
12737.0000 649 371 0.5716
12761.0000 650 371 0.5708
12781.0000 651 371 0.5699
12798.0000 652 371 0.5690
12818.0000 653 371 0.5681
12832.0000 653 372 0.5697
12834.2000 653 373 0.5712
12836.6000 653 374 0.5727
12837.0000 653 375 0.5743
12839.0000 654 375 0.5734
12855.5000 654 376 0.5749
12863.0000 655 376 0.5740
12884.0000 656 376 0.5732
12901.0000 657 376 0.5723
12919.0000 658 376 0.5714
12935.6000 658 377 0.5729
12936.0000 659 377 0.5721
12936.7000 659 378 0.5736
12954.0000 660 378 0.5727
12971.0000 661 378 0.5719
12976.7000 661 379 0.5734
12986.0000 662 379 0.5725
12989.3000 662 380 0.5740
12993.5000 662 381 0.5755
13009.0000 663 381 0.5747
13029.0000 664 381 0.5738
13048.0000 665 381 0.5729
13069.0000 666 381 0.5721
13071.7000 666 382 0.5736
13080.5000 666 383 0.5751
13090.0000 667 383 0.5742
13112.0000 668 383 0.5734
13133.2000 668 384 0.5749
13134.8000 668 385 0.5763
13135.0000 669 385 0.5755
13135.5000 669 386 0.5770
13135.8000 669 387 0.5785
13146.6000 669 388 0.5800
13157.0000 670 388 0.5791
13175.0000 671 388 0.5782
13198.0000 672 388 0.5774
13222.0000 673 388 0.5765
13237.0000 674 388 0.5757
13239.4000 674 389 0.5772
13261.0000 675 389 0.5763
13266.4000 675 390 0.5778
13279.0000 676 390 0.5769
13290.8000 676 391 0.5784
13303.0000 677 391 0.5775
13327.0000 678 391 0.5767
13344.0000 679 391 0.5758
13355.0000 679 392 0.5773
13367.0000 680 392 0.5765
13384.3000 680 393 0.5779
13385.0000 681 393 0.5771
13400.0000 682 393 0.5762
13422.0000 683 393 0.5754
13431.6000 683 394 0.5769
13432.1000 683 395 0.5783
13436.4000 683 396 0.5798
13439.0000 684 396 0.5789
13456.9000 684 397 0.5804
13463.0000 685 397 0.5796
13464.6000 685 398 0.5810
13485.0000 686 398 0.5802
13501.0000 687 398 0.5793
13522.0000 688 398 0.5785
13522.3000 688 399 0.5799
13543.0000 689 399 0.5791
13553.6000 689 400 0.5806
13558.0000 690 400 0.5797
13578.0000 691 400 0.5789
13586.6000 691 401 0.5803
13597.0000 692 401 0.5795
13601.2000 692 402 0.5809
13604.2000 692 403 0.5824
13605.2000 692 404 0.5838
13605.9000 692 405 0.5853
13612.0000 693 405 0.5844
13622.2000 693 406 0.5859
13622.9000 693 407 0.5873
13624.9000 693 408 0.5887
13633.0000 694 408 0.5879
13642.3000 694 409 0.5893
13654.0000 695 409 0.5885
13655.0000 695 410 0.5899
13674.0000 696 410 0.5891
13689.0000 697 410 0.5882
13701.4000 697 411 0.5897
13713.0000 698 411 0.5888
13732.6000 698 412 0.5903
13733.0000 699 412 0.5894
13736.6000 699 413 0.5908
13750.0000 700 413 0.5900
13757.5000 700 414 0.5914
13770.7000 700 415 0.5929
13771.0000 701 415 0.5920
13787.0000 702 415 0.5912
13794.3000 702 416 0.5926
13808.0000 703 416 0.5917
13831.0000 704 416 0.5909
13853.0000 705 416 0.5901
13874.0000 706 416 0.5892
13876.3000 706 417 0.5907
13894.0000 707 417 0.5898
13915.0000 708 417 0.5890
13937.0000 709 417 0.5882
13952.0000 710 417 0.5873
13955.3000 710 418 0.5887
13976.0000 711 418 0.5879
13994.0000 712 418 0.5871
14007.4000 712 419 0.5885
14011.0000 713 419 0.5877
14032.0000 714 419 0.5868
14056.0000 715 419 0.5860
14077.0000 716 419 0.5852
14086.0000 716 420 0.5866
14092.0000 717 420 0.5858
14107.0000 718 420 0.5850
14108.3000 718 421 0.5864
14123.0000 719 421 0.5855
14147.0000 720 421 0.5847
14157.2000 720 422 0.5861
14167.0000 721 422 0.5853
14186.0000 722 422 0.5845
14193.4000 722 423 0.5859
14204.0000 723 423 0.5851
14207.9000 723 424 0.5864
14225.0000 724 424 0.5856
14233.1000 724 425 0.5870
14245.0000 725 425 0.5862
14267.0000 726 425 0.5854
14279.3000 726 426 0.5868
14286.0000 727 426 0.5860
14304.0000 728 426 0.5852
14323.0000 729 426 0.5844
14326.7000 729 427 0.5857
14343.0000 730 427 0.5849
14363.0000 731 427 0.5841
14369.2000 731 428 0.5855
14385.0000 732 428 0.5847
14404.0000 733 428 0.5839
14420.0000 734 428 0.5831
14441.0000 735 428 0.5823
14456.0000 736 428 0.5815
14466.4000 736 429 0.5829
14475.0000 737 429 0.5821
14499.0000 738 429 0.5813
14507.7000 738 430 0.5827
14523.0000 739 430 0.5819
14529.2000 739 431 0.5832
14544.0000 740 431 0.5824
14568.0000 741 431 0.5816
14572.8000 741 432 0.5830
14588.0000 742 432 0.5822
14592.8000 742 433 0.5836
14603.0000 743 433 0.5828
14618.0000 744 433 0.5820
14629.4000 744 434 0.5833
14637.5000 744 435 0.5847
14639.0000 745 435 0.5839
14655.0000 746 435 0.5831
14676.0000 747 435 0.5823
14689.2000 747 436 0.5837
14696.0000 748 436 0.5829
14699.8000 748 437 0.5842
14701.7000 748 438 0.5856
14718.0000 749 438 0.5848
14725.8000 749 439 0.5861
14733.2000 749 440 0.5874
14736.0000 750 440 0.5867
14746.0000 750 441 0.5880
14753.9000 750 442 0.5893
14756.0000 751 442 0.5885
14763.2000 751 443 0.5899
14773.0000 752 443 0.5891
14790.0000 753 443 0.5883
14809.0000 754 443 0.5875
14831.0000 755 443 0.5868
14848.0000 756 443 0.5860
14867.0000 757 443 0.5852
14889.0000 758 443 0.5844
14905.0000 759 443 0.5837
14927.0000 760 443 0.5829
14942.0000 761 443 0.5821
14961.0000 762 443 0.5814
14975.8000 762 444 0.5827
14984.0000 763 444 0.5819
14999.0000 764 444 0.5812
15001.4000 764 445 0.5825
15021.0000 765 445 0.5817
15041.0000 766 445 0.5809
15058.0000 767 445 0.5802
15074.0000 768 445 0.5794
15093.0000 769 445 0.5787
15101.5000 769 446 0.5800
15114.0000 770 446 0.5792
15127.7000 770 447 0.5805
15129.5000 770 448 0.5818
15132.0000 771 448 0.5811
15149.0000 772 448 0.5803
15172.0000 773 448 0.5796
15184.7000 773 449 0.5809
15190.0000 774 449 0.5801
15212.0000 775 449 0.5794
15235.0000 776 449 0.5786
15256.0000 777 449 0.5779
15266.0000 777 450 0.5792
15275.7000 777 451 0.5804
15280.0000 778 451 0.5797
15297.0000 779 451 0.5789
15318.0000 780 451 0.5782
15336.0000 781 451 0.5775
15360.0000 782 451 0.5767
15381.0000 783 451 0.5760
15399.0000 784 451 0.5753
15419.0000 785 451 0.5745
15439.2000 785 452 0.5758
15441.0000 786 452 0.5751
15442.1000 786 453 0.5763
15465.0000 787 453 0.5756
15482.0000 788 453 0.5749
15504.0000 789 453 0.5741
15517.2000 789 454 0.5754
15526.0000 790 454 0.5747
15532.5000 790 455 0.5759
15538.7000 790 456 0.5772
15547.0000 791 456 0.5765
15569.0000 792 456 0.5758
15583.0000 792 457 0.5770
15591.0000 793 457 0.5763
15615.0000 794 457 0.5756
15632.0000 795 457 0.5748
15651.0000 796 457 0.5741
15666.0000 797 457 0.5734
15682.3000 797 458 0.5747
15684.0000 798 458 0.5739
15708.0000 799 458 0.5732
15724.0000 800 458 0.5725
15746.0000 801 458 0.5718
15755.2000 801 459 0.5730
15761.1000 801 460 0.5743
15764.0000 802 460 0.5736
15769.0000 802 461 0.5748
15780.2000 802 462 0.5761
15782.0000 803 462 0.5753
15793.3000 803 463 0.5766
15799.0000 804 463 0.5759
15815.0000 805 463 0.5752
15838.0000 806 463 0.5744
15854.0000 807 463 0.5737
15857.4000 807 464 0.5750
15873.0000 808 464 0.5743
15891.0000 808 465 0.5755
15894.0000 809 465 0.5748
15909.0000 810 465 0.5741
15927.0000 811 465 0.5734
15948.0000 812 465 0.5727
15953.1000 812 466 0.5739
15967.0000 813 466 0.5732
15981.4000 813 467 0.5744
15990.0000 814 467 0.5737
16004.6000 814 468 0.5749
16006.3000 814 469 0.5762
16010.0000 815 469 0.5755
16027.0000 816 469 0.5748
16028.1000 816 470 0.5760
16028.6000 816 471 0.5772
16042.0000 817 471 0.5765
16050.7000 817 472 0.5777
16060.9000 817 473 0.5789
16061.0000 818 473 0.5782
16062.0000 818 474 0.5795
16080.0000 819 474 0.5788
16101.1000 819 475 0.5800
16104.0000 820 475 0.5793
16124.0000 821 475 0.5786
16139.0000 822 475 0.5779
16155.0000 823 475 0.5772
16175.0000 824 475 0.5765
16196.0000 825 475 0.5758
16199.9000 825 476 0.5770
16212.0000 826 476 0.5763
16220.0000 826 477 0.5775
16230.0000 827 477 0.5768
16231.9000 827 478 0.5780
16245.0000 828 478 0.5773
16250.6000 828 479 0.5785
16251.0000 828 480 0.5797
16257.6000 828 481 0.5809
16258.9000 828 482 0.5821
16261.0000 829 482 0.5814
16275.6000 829 483 0.5826
16281.0000 830 483 0.5819
16301.0000 831 483 0.5812
16322.0000 832 483 0.5805
16330.1000 832 484 0.5817
16336.2000 832 485 0.5829
16338.0000 833 485 0.5822
16357.0000 834 485 0.5815
16368.0000 834 486 0.5827
16380.0000 835 486 0.5820
16389.0000 835 487 0.5832
16399.0000 836 487 0.5825
16416.0000 837 487 0.5818
16433.0000 838 487 0.5811
16455.0000 839 487 0.5805
16479.0000 840 487 0.5798
16503.0000 841 487 0.5791
16518.1000 841 488 0.5803
16520.8000 841 489 0.5815
16526.0000 842 489 0.5808
16547.0000 843 489 0.5801
16568.0000 844 489 0.5794
16581.6000 844 490 0.5806
16586.6000 844 491 0.5818
16588.9000 844 492 0.5829
16589.0000 845 492 0.5822
16606.5000 845 493 0.5834
16610.0000 846 493 0.5827
16626.9000 846 494 0.5839
16627.3000 846 495 0.5851
16628.0000 847 495 0.5844
16629.7000 847 496 0.5856
16630.6000 847 497 0.5868
16634.0000 847 498 0.5880
16641.0000 847 499 0.5891
16646.0000 848 499 0.5884
16662.0000 849 499 0.5878
16682.0000 850 499 0.5871
16694.9000 850 500 0.5882
16699.0000 851 500 0.5875
16721.7000 851 501 0.5887
16723.0000 852 501 0.5880
16745.0000 853 501 0.5873
16760.0000 854 501 0.5867
16783.0000 855 501 0.5860
16799.2000 855 502 0.5871
16800.0000 856 502 0.5864
16802.3000 856 503 0.5876
16818.0000 857 503 0.5869
16835.0000 858 503 0.5862
16852.1000 858 504 0.5874
16858.0000 859 504 0.5867
16863.2000 859 505 0.5879
16871.6000 859 506 0.5891
16881.0000 860 506 0.5884
16901.0000 861 506 0.5877
16917.0000 862 506 0.5870
16935.0000 863 506 0.5863
16959.0000 864 506 0.5856
16975.0000 864 507 0.5868
16980.0000 865 507 0.5861
16997.0000 866 507 0.5855
17021.0000 867 507 0.5848
17037.7000 867 508 0.5859
17040.0000 868 508 0.5853
17063.0000 869 508 0.5846
17075.7000 869 509 0.5857
17082.0000 870 509 0.5851
17096.3000 870 510 0.5862
17105.0000 871 510 0.5855
17126.0000 872 510 0.5849
17143.0000 873 510 0.5842
17162.0000 874 510 0.5835
17181.0000 875 510 0.5829
17202.0000 876 510 0.5822
17225.0000 877 510 0.5815
17236.8000 877 511 0.5827
17240.0000 878 511 0.5820
17259.0000 879 511 0.5813
17278.0000 880 511 0.5807
17299.0000 881 511 0.5800
17318.0000 882 511 0.5794
17336.0000 883 511 0.5787
17342.5000 883 512 0.5798
17345.2000 883 513 0.5810
17353.0000 884 513 0.5803
17354.6000 884 514 0.5814
17357.6000 884 515 0.5826
17370.0000 885 515 0.5819
17371.3000 885 516 0.5831
17375.0000 885 517 0.5842
17393.6000 885 518 0.5853
17394.0000 886 518 0.5847
17416.0000 887 518 0.5840
17439.0000 888 518 0.5833
17454.0000 889 518 0.5827
17459.0000 889 519 0.5838
17467.5000 889 520 0.5849
17470.6000 889 521 0.5861
17477.0000 890 521 0.5854
17497.0000 891 521 0.5847
17503.3000 891 522 0.5859
17515.0000 892 522 0.5852
17516.6000 892 523 0.5863
17535.0000 893 523 0.5857
17553.3000 893 524 0.5868
17558.0000 894 524 0.5861
17558.5000 894 525 0.5872
17574.0000 895 525 0.5866
17598.0000 896 525 0.5859
17619.0000 897 525 0.5853
17635.2000 897 526 0.5864
17639.0000 898 526 0.5857
17654.0000 899 526 0.5851
17672.0000 900 526 0.5844
17675.0000 900 527 0.5856
17682.8000 900 528 0.5867
17690.0000 901 528 0.5860
17710.0000 902 528 0.5854
17734.0000 903 528 0.5847
17751.0000 904 528 0.5841
17774.0000 905 528 0.5834
17793.0000 906 528 0.5828
17808.0000 907 528 0.5821
17813.6000 907 529 0.5832
17816.7000 907 530 0.5843
17826.0000 908 530 0.5837
17826.7000 908 531 0.5848
17846.0000 909 531 0.5842
17864.0000 910 531 0.5835
17884.0000 911 531 0.5829
17899.0000 912 531 0.5822
17917.0000 913 531 0.5816
17934.5000 913 532 0.5827
17936.0000 914 532 0.5821
17943.3000 914 533 0.5832
17951.1000 914 534 0.5842
17958.0000 915 534 0.5836
17976.0000 916 534 0.5830
17990.3000 916 535 0.5841
18000.0000 917 535 0.5834
