# time  created  delivered  delivered/created
22.0000 1 0 0.0000
38.0000 2 0 0.0000
54.0000 3 0 0.0000
72.0000 4 0 0.0000
94.0000 5 0 0.0000
110.0000 6 0 0.0000
133.0000 7 0 0.0000
153.0000 8 0 0.0000
175.0000 9 0 0.0000
191.0000 10 0 0.0000
210.0000 11 0 0.0000
225.0000 12 0 0.0000
249.0000 13 0 0.0000
265.0000 14 0 0.0000
281.0000 15 0 0.0000
304.0000 16 0 0.0000
328.0000 17 0 0.0000
343.0000 18 0 0.0000
367.0000 19 0 0.0000
382.0000 20 0 0.0000
399.0000 21 0 0.0000
420.0000 22 0 0.0000
439.0000 23 0 0.0000
458.0000 24 0 0.0000
480.0000 25 0 0.0000
497.0000 26 0 0.0000
515.0000 27 0 0.0000
538.0000 28 0 0.0000
562.0000 29 0 0.0000
581.0000 30 0 0.0000
581.2000 30 1 0.0333
603.0000 31 1 0.0323
625.0000 32 1 0.0313
640.9000 32 2 0.0625
646.0000 33 2 0.0606
661.6000 33 3 0.0909
667.0000 34 3 0.0882
685.0000 35 3 0.0857
691.0000 35 4 0.1143
700.0000 36 4 0.1111
715.2000 36 5 0.1389
722.0000 37 5 0.1351
741.0000 38 5 0.1316
764.0000 39 5 0.1282
784.0000 40 5 0.1250
786.4000 40 6 0.1500
806.0000 41 6 0.1463
829.0000 42 6 0.1429
851.0000 43 6 0.1395
873.0000 44 6 0.1364
895.0000 45 6 0.1333
918.0000 46 6 0.1304
935.7000 46 7 0.1522
941.0000 47 7 0.1489
957.0000 48 7 0.1458
975.0000 49 7 0.1429
998.0000 50 7 0.1400
1018.0000 51 7 0.1373
1040.0000 52 7 0.1346
1056.0000 53 7 0.1321
1077.0000 54 7 0.1296
1096.0000 55 7 0.1273
1117.0000 56 7 0.1250
1137.0000 57 7 0.1228
1159.0000 58 7 0.1207
1179.0000 59 7 0.1186
1193.3000 59 8 0.1356
1201.0000 60 8 0.1333
1216.0000 61 8 0.1311
1225.2000 61 9 0.1475
1232.0000 62 9 0.1452
1251.0000 63 9 0.1429
1268.0000 64 9 0.1406
1287.0000 65 9 0.1385
1302.6000 65 10 0.1538
1308.0000 66 10 0.1515
1327.0000 67 10 0.1493
1342.0000 68 10 0.1471
1364.0000 69 10 0.1449
1381.1000 69 11 0.1594
1388.0000 70 11 0.1571
1397.1000 70 12 0.1714
1407.0000 71 12 0.1690
1422.0000 72 12 0.1667
1442.0000 73 12 0.1644
1464.0000 74 12 0.1622
1476.5000 74 13 0.1757
1479.0000 75 13 0.1733
1479.8000 75 14 0.1867
1483.1000 75 15 0.2000
1500.0000 76 15 0.1974
1518.0000 77 15 0.1948
1542.0000 78 15 0.1923
1560.8000 78 16 0.2051
1562.0000 79 16 0.2025
1577.0000 80 16 0.2000
1594.5000 80 17 0.2125
1600.0000 81 17 0.2099
1620.0000 82 17 0.2073
1637.0000 83 17 0.2048
1652.0000 84 17 0.2024
1673.0000 85 17 0.2000
1695.0000 86 17 0.1977
1707.0000 86 18 0.2093
1709.8000 86 19 0.2209
1713.0000 87 19 0.2184
1736.2000 87 20 0.2299
1737.0000 88 20 0.2273
1739.4000 88 21 0.2386
1739.8000 88 22 0.2500
1760.0000 89 22 0.2472
1781.0000 90 22 0.2444
1804.0000 91 22 0.2418
1826.0000 92 22 0.2391
1849.0000 93 22 0.2366
1870.0000 94 22 0.2340
1880.0000 94 23 0.2447
1882.8000 94 24 0.2553
1890.0000 95 24 0.2526
1911.0000 96 24 0.2500
1929.0000 97 24 0.2474
1948.0000 98 24 0.2449
1965.0000 99 24 0.2424
1980.0000 100 24 0.2400
2002.0000 101 24 0.2376
2024.0000 102 24 0.2353
2026.9000 102 25 0.2451
2035.6000 102 26 0.2549
2041.0000 103 26 0.2524
2064.0000 104 26 0.2500
2080.0000 105 26 0.2476
2095.0000 106 26 0.2453
2119.0000 107 26 0.2430
2139.0000 108 26 0.2407
2144.5000 108 27 0.2500
2161.0000 109 27 0.2477
2178.0000 110 27 0.2455
2199.0000 111 27 0.2432
2217.0000 111 28 0.2523
2222.0000 112 28 0.2500
2240.0000 113 28 0.2478
2259.0000 114 28 0.2456
2275.0000 115 28 0.2435
2295.0000 116 28 0.2414
2314.0000 117 28 0.2393
2326.3000 117 29 0.2479
2331.2000 117 30 0.2564
2335.0000 118 30 0.2542
2354.0000 119 30 0.2521
2377.0000 120 30 0.2500
2396.0000 121 30 0.2479
2411.0000 122 30 0.2459
2412.0000 122 31 0.2541
2433.0000 123 31 0.2520
2452.0000 124 31 0.2500
2460.7000 124 32 0.2581
2464.9000 124 33 0.2661
2470.3000 124 34 0.2742
2474.0000 125 34 0.2720
2490.0000 125 35 0.2800
2496.0000 126 35 0.2778
2506.7000 126 36 0.2857
2511.0000 127 36 0.2835
2526.0000 128 36 0.2813
2546.0000 129 36 0.2791
2553.3000 129 37 0.2868
2556.0000 129 38 0.2946
2563.0000 130 38 0.2923
2586.0000 131 38 0.2901
2601.0000 132 38 0.2879
2621.0000 133 38 0.2857
2641.0000 134 38 0.2836
2662.0000 135 38 0.2815
2678.0000 136 38 0.2794
2681.5000 136 39 0.2868
2689.6000 136 40 0.2941
2690.0000 136 41 0.3015
2693.0000 137 41 0.2993
2716.0000 138 41 0.2971
2735.0000 139 41 0.2950
2741.3000 139 42 0.3022
2754.0000 140 42 0.3000
2771.0000 141 42 0.2979
2773.0000 141 43 0.3050
2788.0000 142 43 0.3028
2800.0000 142 44 0.3099
2807.0000 143 44 0.3077
2823.7000 143 45 0.3147
2831.0000 144 45 0.3125
2838.8000 144 46 0.3194
2853.0000 145 46 0.3172
2868.0000 146 46 0.3151
2891.0000 147 46 0.3129
2911.0000 148 46 0.3108
2926.0000 149 46 0.3087
2942.0000 150 46 0.3067
2946.7000 150 47 0.3133
2954.4000 150 48 0.3200
2962.0000 151 48 0.3179
2979.0000 152 48 0.3158
3003.0000 153 48 0.3137
3022.3000 153 49 0.3203
3024.0000 154 49 0.3182
3040.0000 155 49 0.3161
3064.0000 156 49 0.3141
3065.8000 156 50 0.3205
3084.5000 156 51 0.3269
3086.0000 157 51 0.3248
3110.0000 158 51 0.3228
3118.8000 158 52 0.3291
3129.0000 159 52 0.3270
3147.0000 160 52 0.3250
3166.0000 161 52 0.3230
3190.0000 162 52 0.3210
3210.0000 163 52 0.3190
3225.0000 164 52 0.3171
3243.0000 165 52 0.3152
3260.0000 166 52 0.3133
3261.2000 166 53 0.3193
3271.5000 166 54 0.3253
3271.8000 166 55 0.3313
3273.6000 166 56 0.3373
3283.0000 167 56 0.3353
3305.0000 168 56 0.3333
3319.3000 168 57 0.3393
3321.0000 169 57 0.3373
3344.0000 170 57 0.3353
3365.0000 170 58 0.3412
3365.0000 171 58 0.3392
3385.0000 172 58 0.3372
3408.0000 173 58 0.3353
3414.4000 173 59 0.3410
3425.8000 173 60 0.3468
3428.0000 174 60 0.3448
3429.2000 174 61 0.3506
3449.0000 175 61 0.3486
3472.0000 176 61 0.3466
3488.0000 177 61 0.3446
3511.0000 177 62 0.3503
3511.0000 178 62 0.3483
3527.9000 178 63 0.3539
3530.6000 178 64 0.3596
3535.0000 179 64 0.3575
3547.0000 179 65 0.3631
3549.9000 179 66 0.3687
3552.0000 180 66 0.3667
3552.9000 180 67 0.3722
3570.0000 181 67 0.3702
3575.8000 181 68 0.3757
3576.9000 181 69 0.3812
3589.0000 182 69 0.3791
3604.0000 183 69 0.3770
3619.0000 184 69 0.3750
3638.0000 185 69 0.3730
3643.3000 185 70 0.3784
3653.0000 186 70 0.3763
3669.0000 187 70 0.3743
3689.0000 188 70 0.3723
3712.0000 189 70 0.3704
3730.0000 190 70 0.3684
3754.0000 191 70 0.3665
3771.0000 192 70 0.3646
3787.0000 193 70 0.3627
3809.0000 194 70 0.3608
3824.7000 194 71 0.3660
3832.0000 195 71 0.3641
3846.4000 195 72 0.3692
3848.6000 195 73 0.3744
3854.0000 196 73 0.3724
3873.0000 197 73 0.3706
3895.0000 198 73 0.3687
3919.0000 199 73 0.3668
3927.7000 199 74 0.3719
3938.0000 200 74 0.3700
3946.1000 200 75 0.3750
3946.7000 200 76 0.3800
3953.0000 200 77 0.3850
3955.0000 201 77 0.3831
3975.0000 202 77 0.3812
3996.0000 203 77 0.3793
4012.0000 204 77 0.3775
4031.0000 205 77 0.3756
4052.0000 206 77 0.3738
4054.9000 206 78 0.3786
4059.1000 206 79 0.3835
4070.0000 207 79 0.3816
4094.0000 208 79 0.3798
4115.0000 209 79 0.3780
4134.0000 210 79 0.3762
4153.0000 211 79 0.3744
4171.0000 212 79 0.3726
4194.0000 213 79 0.3709
4208.3000 213 80 0.3756
4209.2000 213 81 0.3803
4214.0000 214 81 0.3785
4235.0000 215 81 0.3767
4245.4000 215 82 0.3814
4251.0000 216 82 0.3796
4268.6000 216 83 0.3843
4272.0000 217 83 0.3825
4287.3000 217 84 0.3871
4288.3000 217 85 0.3917
4290.0000 218 85 0.3899
4308.6000 218 86 0.3945
4314.0000 219 86 0.3927
4338.0000 220 86 0.3909
4360.0000 221 86 0.3891
4365.3000 221 87 0.3937
4381.0000 222 87 0.3919
4400.0000 223 87 0.3901
4419.0000 224 87 0.3884
4419.1000 224 88 0.3929
4434.0000 225 88 0.3911
4451.0000 225 89 0.3956
4452.4000 225 90 0.4000
4453.5000 225 91 0.4044
4458.0000 226 91 0.4027
4463.0000 226 92 0.4071
4476.0000 227 92 0.4053
4497.0000 228 92 0.4035
4515.0000 229 92 0.4017
4537.0000 230 92 0.4000
4556.0000 231 92 0.3983
4562.1000 231 93 0.4026
4565.2000 231 94 0.4069
4580.0000 232 94 0.4052
4597.0000 233 94 0.4034
4614.0000 234 94 0.4017
4617.8000 234 95 0.4060
4634.0000 235 95 0.4043
4655.0000 236 95 0.4025
4665.1000 236 96 0.4068
4672.0000 237 96 0.4051
4689.0000 238 96 0.4034
4699.4000 238 97 0.4076
4706.0000 239 97 0.4059
4729.0000 240 97 0.4042
4740.2000 240 98 0.4083
4742.9000 240 99 0.4125
4747.0000 241 99 0.4108
4762.0000 242 99 0.4091
4783.0000 243 99 0.4074
4807.0000 244 99 0.4057
4824.0000 245 99 0.4041
4848.0000 246 99 0.4024
4867.0000 247 99 0.4008
4886.0000 248 99 0.3992
4909.0000 249 99 0.3976
4914.1000 249 100 0.4016
4928.0000 250 100 0.4000
4951.0000 251 100 0.3984
4966.0000 252 100 0.3968
4975.5000 252 101 0.4008
4986.0000 253 101 0.3992
4991.0000 253 102 0.4032
4995.1000 253 103 0.4071
5010.0000 254 103 0.4055
5033.0000 255 103 0.4039
5048.0000 256 103 0.4023
5072.0000 257 103 0.4008
5076.3000 257 104 0.4047
5089.0000 258 104 0.4031
5092.8000 258 105 0.4070
5112.0000 259 105 0.4054
5122.1000 259 106 0.4093
5131.0000 260 106 0.4077
5151.0000 261 106 0.4061
5175.0000 262 106 0.4046
5194.0000 263 106 0.4030
5212.8000 263 107 0.4068
5214.1000 263 108 0.4106
5215.0000 264 108 0.4091
5237.0000 265 108 0.4075
5254.0000 266 108 0.4060
5269.0000 267 108 0.4045
5291.0000 268 108 0.4030
5307.0000 269 108 0.4015
5324.0000 270 108 0.4000
5339.0000 271 108 0.3985
5356.0000 272 108 0.3971
5371.0000 273 108 0.3956
5387.0000 274 108 0.3942
5410.0000 275 108 0.3927
5410.3000 275 109 0.3964
5426.0000 276 109 0.3949
5447.0000 277 109 0.3935
5467.5000 277 110 0.3971
5470.0000 278 110 0.3957
5490.0000 279 110 0.3943
5507.0000 280 110 0.3929
5518.6000 280 111 0.3964
5528.0000 281 111 0.3950
5542.9000 281 112 0.3986
5546.0000 282 112 0.3972
5564.0000 283 112 0.3958
5584.0000 284 112 0.3944
5590.2000 284 113 0.3979
5607.0000 285 113 0.3965
5625.0000 286 113 0.3951
5643.0000 287 113 0.3937
5665.0000 288 113 0.3924
5685.0000 289 113 0.3910
5693.8000 289 114 0.3945
5698.6000 289 115 0.3979
5704.0000 290 115 0.3966
5724.0000 291 115 0.3952
5740.5000 291 116 0.3986
5745.0000 292 116 0.3973
5745.2000 292 117 0.4007
5760.0000 293 117 0.3993
5770.4000 293 118 0.4027
5784.0000 294 118 0.4014
5805.0000 295 118 0.4000
5807.1000 295 119 0.4034
5822.0000 296 119 0.4020
5841.0000 297 119 0.4007
5859.0000 298 119 0.3993
5860.0000 298 120 0.4027
5860.3000 298 121 0.4060
5874.0000 299 121 0.4047
5893.0000 300 121 0.4033
5895.4000 300 122 0.4067
5896.1000 300 123 0.4100
5905.8000 300 124 0.4133
5914.0000 301 124 0.4120
5914.2000 301 125 0.4153
5932.0000 302 125 0.4139
5953.0000 303 125 0.4125
5959.1000 303 126 0.4158
5971.0000 304 126 0.4145
5986.0000 305 126 0.4131
5996.8000 305 127 0.4164
6003.8000 305 128 0.4197
6007.7000 305 129 0.4230
6008.0000 306 129 0.4216
6010.3000 306 130 0.4248
6024.0000 307 130 0.4235
6029.0000 307 131 0.4267
6041.0000 308 131 0.4253
6063.0000 309 131 0.4239
6067.6000 309 132 0.4272
6068.1000 309 133 0.4304
6074.6000 309 134 0.4337
6087.0000 310 134 0.4323
6105.0000 311 134 0.4309
6114.3000 311 135 0.4341
6124.0000 312 135 0.4327
6129.8000 312 136 0.4359
6145.0000 313 136 0.4345
6166.0000 314 136 0.4331
6182.0000 315 136 0.4317
6201.0000 316 136 0.4304
6216.0000 317 136 0.4290
6216.8000 317 137 0.4322
6231.0000 318 137 0.4308
6248.0000 319 137 0.4295
6260.3000 319 138 0.4326
6261.7000 319 139 0.4357
6267.0000 320 139 0.4344
6285.7000 320 140 0.4375
6289.0000 321 140 0.4361
6308.0000 322 140 0.4348
6320.5000 322 141 0.4379
6332.0000 323 141 0.4365
6340.0000 323 142 0.4396
6355.0000 324 142 0.4383
6372.0000 325 142 0.4369
6374.6000 325 143 0.4400
6393.0000 326 143 0.4387
6417.0000 327 143 0.4373
6425.4000 327 144 0.4404
6431.8000 327 145 0.4434
6441.0000 328 145 0.4421
6465.0000 329 145 0.4407
6467.3000 329 146 0.4438
6474.5000 329 147 0.4468
6486.0000 330 147 0.4455
6502.0000 331 147 0.4441
6518.0000 332 147 0.4428
6536.0000 333 147 0.4414
6548.1000 333 148 0.4444
6555.0000 334 148 0.4431
6566.0000 334 149 0.4461
6572.0000 335 149 0.4448
6591.0000 336 149 0.4435
6608.0000 337 149 0.4421
6631.0000 338 149 0.4408
6646.0000 339 149 0.4395
6665.0000 340 149 0.4382
6684.0000 341 149 0.4370
6696.4000 341 150 0.4399
6708.0000 342 150 0.4386
6725.0000 343 150 0.4373
6745.0000 344 150 0.4360
6752.4000 344 151 0.4390
6760.0000 345 151 0.4377
6770.7000 345 152 0.4406
6781.0000 346 152 0.4393
6795.4000 346 153 0.4422
6800.0000 347 153 0.4409
6802.2000 347 154 0.4438
6816.0000 348 154 0.4425
6827.4000 348 155 0.4454
6839.0000 349 155 0.4441
6854.0000 350 155 0.4429
6867.8000 350 156 0.4457
6874.0000 351 156 0.4444
6889.0000 352 156 0.4432
6893.6000 352 157 0.4460
6909.0000 353 157 0.4448
6920.8000 353 158 0.4476
6930.0000 354 158 0.4463
6951.0000 355 158 0.4451
6971.0000 356 158 0.4438
6978.5000 356 159 0.4466
6981.8000 356 160 0.4494
6995.0000 357 160 0.4482
7010.0000 358 160 0.4469
7019.3000 358 161 0.4497
7022.6000 358 162 0.4525
7029.0000 359 162 0.4513
7043.2000 359 163 0.4540
7048.0000 360 163 0.4528
7061.5000 360 164 0.4556
7071.0000 361 164 0.4543
7093.0000 362 164 0.4530
7108.0000 363 164 0.4518
7130.0000 364 164 0.4505
7147.0000 365 164 0.4493
7163.0000 366 164 0.4481
7173.4000 366 165 0.4508
7176.4000 366 166 0.4536
7180.0000 367 166 0.4523
7197.0000 368 166 0.4511
7206.4000 368 167 0.4538
7221.0000 369 167 0.4526
7240.0000 370 167 0.4514
7254.2000 370 168 0.4541
7255.0000 371 168 0.4528
7272.0000 372 168 0.4516
7290.8000 372 169 0.4543
7296.0000 373 169 0.4531
7313.7000 373 170 0.4558
7319.0000 374 170 0.4545
7333.2000 374 171 0.4572
7335.0000 375 171 0.4560
7358.0000 376 171 0.4548
7367.4000 376 172 0.4574
7378.0000 377 172 0.4562
7394.0000 378 172 0.4550
7395.4000 378 173 0.4577
7411.0000 379 173 0.4565
7432.5000 379 174 0.4591
7435.0000 380 174 0.4579
7436.5000 380 175 0.4605
7459.0000 381 175 0.4593
7480.0000 382 175 0.4581
7498.0000 383 175 0.4569
7500.1000 383 176 0.4595
7514.0000 384 176 0.4583
7534.2000 384 177 0.4609
7535.6000 384 178 0.4635
7536.0000 385 178 0.4623
7559.0000 386 178 0.4611
7574.0000 387 178 0.4599
7589.1000 387 179 0.4625
7593.0000 387 180 0.4651
7595.0000 388 180 0.4639
7613.0000 389 180 0.4627
7617.6000 389 181 0.4653
7621.0000 389 182 0.4679
7623.4000 389 183 0.4704
7632.0000 390 183 0.4692
7656.0000 391 183 0.4680
7673.0000 392 183 0.4668
7683.0000 392 184 0.4694
7696.0000 393 184 0.4682
7713.0000 394 184 0.4670
7730.0000 395 184 0.4658
7745.0000 396 184 0.4646
7762.0000 397 184 0.4635
7781.5000 397 185 0.4660
7784.0000 398 185 0.4648
7804.0000 399 185 0.4637
7822.0000 400 185 0.4625
7822.3000 400 186 0.4650
7840.0000 401 186 0.4638
7858.0000 402 186 0.4627
7874.0000 403 186 0.4615
7889.8000 403 187 0.4640
7895.0000 404 187 0.4629
7914.0000 405 187 0.4617
7931.0000 406 187 0.4606
7934.8000 406 188 0.4631
7948.0000 407 188 0.4619
7961.1000 407 189 0.4644
7972.0000 408 189 0.4632
7987.0000 409 189 0.4621
7992.4000 409 190 0.4645
8002.0000 410 190 0.4634
8024.0000 411 190 0.4623
8040.0000 412 190 0.4612
8041.7000 412 191 0.4636
8059.0000 413 191 0.4625
8082.0000 414 191 0.4614
8099.0000 415 191 0.4602
8116.0000 416 191 0.4591
8137.0000 417 191 0.4580
8141.9000 417 192 0.4604
8158.0000 418 192 0.4593
8158.8000 418 193 0.4617
8173.0000 419 193 0.4606
8190.0000 420 193 0.4595
8205.0000 421 193 0.4584
8205.7000 421 194 0.4608
8227.0000 422 194 0.4597
8251.0000 423 194 0.4586
8270.0000 423 195 0.4610
8275.0000 424 195 0.4599
8297.0000 425 195 0.4588
8317.0000 426 195 0.4577
8318.0000 426 196 0.4601
8319.6000 426 197 0.4624
8336.0000 427 197 0.4614
8359.0000 428 197 0.4603
8375.0000 429 197 0.4592
8396.0000 430 197 0.4581
8414.0000 431 197 0.4571
8437.0000 432 197 0.4560
8448.0000 432 198 0.4583
8453.0000 433 198 0.4573
8468.0000 434 198 0.4562
8492.0000 435 198 0.4552
8508.9000 435 199 0.4575
8510.0000 436 199 0.4564
8525.0000 437 199 0.4554
8544.0000 438 199 0.4543
8566.0000 439 199 0.4533
8578.2000 439 200 0.4556
8586.0000 440 200 0.4545
8609.0000 441 200 0.4535
8625.0000 442 200 0.4525
8631.9000 442 201 0.4548
8632.4000 442 202 0.4570
8633.5000 442 203 0.4593
8642.8000 442 204 0.4615
8644.0000 443 204 0.4605
8663.0000 444 204 0.4595
8681.0000 445 204 0.4584
8697.0000 446 204 0.4574
8712.4000 446 205 0.4596
8719.0000 447 205 0.4586
8743.0000 448 205 0.4576
8767.0000 449 205 0.4566
8784.0000 450 205 0.4556
8790.7000 450 206 0.4578
8800.0000 451 206 0.4568
8806.3000 451 207 0.4590
8823.0000 452 207 0.4580
8824.9000 452 208 0.4602
8839.0000 453 208 0.4592
8849.0000 453 209 0.4614
8854.0000 454 209 0.4604
8869.0000 455 209 0.4593
8888.6000 455 210 0.4615
8892.0000 456 210 0.4605
8911.0000 457 210 0.4595
8929.0000 458 210 0.4585
8944.0000 459 210 0.4575
8955.3000 459 211 0.4597
8961.0000 460 211 0.4587
8963.8000 460 212 0.4609
8968.9000 460 213 0.4630
8979.0000 461 213 0.4620
8997.0000 462 213 0.4610
9011.3000 462 214 0.4632
9013.0000 463 214 0.4622
9035.0000 464 214 0.4612
9054.6000 464 215 0.4634
9058.0000 465 215 0.4624
9073.0000 466 215 0.4614
9095.0000 467 215 0.4604
9119.0000 468 215 0.4594
9143.0000 469 215 0.4584
9162.0000 470 215 0.4574
9162.2000 470 216 0.4596
9173.8000 470 217 0.4617
9175.9000 470 218 0.4638
9184.4000 470 219 0.4660
9186.0000 471 219 0.4650
9209.0000 472 219 0.4640
9224.0000 473 219 0.4630
9231.4000 473 220 0.4651
9245.0000 474 220 0.4641
9247.8000 474 221 0.4662
9264.0000 475 221 0.4653
9288.0000 476 221 0.4643
9294.6000 476 222 0.4664
9306.5000 476 223 0.4685
9310.0000 477 223 0.4675
9315.3000 477 224 0.4696
9319.7000 477 225 0.4717
9326.0000 478 225 0.4707
9338.1000 478 226 0.4728
9341.0000 479 226 0.4718
9365.0000 480 226 0.4708
9387.0000 481 226 0.4699
9403.0000 482 226 0.4689
9426.0000 483 226 0.4679
9444.0000 484 226 0.4669
9452.1000 484 227 0.4690
9468.0000 485 227 0.4680
9474.2000 485 228 0.4701
9485.0000 486 228 0.4691
9503.0000 487 228 0.4682
9526.4000 487 229 0.4702
9527.0000 488 229 0.4693
9528.3000 488 230 0.4713
9537.7000 488 231 0.4734
9550.0000 489 231 0.4724
9570.6000 489 232 0.4744
9573.0000 490 232 0.4735
9591.0000 491 232 0.4725
9614.0000 492 232 0.4715
9614.9000 492 233 0.4736
9632.0000 493 233 0.4726
9653.0000 494 233 0.4717
9653.2000 494 234 0.4737
9676.0000 495 234 0.4727
9693.0000 496 234 0.4718
9715.0000 497 234 0.4708
9730.5000 497 235 0.4728
9736.0000 498 235 0.4719
9748.5000 498 236 0.4739
9750.0000 498 237 0.4759
9752.0000 499 237 0.4749
9764.9000 499 238 0.4770
9776.0000 500 238 0.4760
9791.4000 500 239 0.4780
9799.0000 501 239 0.4770
9821.0000 502 239 0.4761
9833.5000 502 240 0.4781
9837.0000 503 240 0.4771
9861.0000 504 240 0.4762
9879.0000 505 240 0.4752
9894.0000 506 240 0.4743
9909.0000 507 240 0.4734
9920.2000 507 241 0.4753
9927.0000 508 241 0.4744
9946.0000 509 241 0.4735
9952.0000 509 242 0.4754
9969.0000 510 242 0.4745
9977.2000 510 243 0.4765
9988.0000 511 243 0.4755
10007.0000 512 243 0.4746
10024.0000 513 243 0.4737
10044.0000 514 243 0.4728
10050.2000 514 244 0.4747
10067.0000 515 244 0.4738
10087.0000 516 244 0.4729
10111.0000 517 244 0.4720
10118.5000 517 245 0.4739
10122.1000 517 246 0.4758
10132.0000 518 246 0.4749
10153.9000 518 247 0.4768
10154.0000 519 247 0.4759
10175.8000 519 248 0.4778
10177.0000 520 248 0.4769
10186.3000 520 249 0.4788
10194.0000 521 249 0.4779
10216.0000 522 249 0.4770
10233.6000 522 250 0.4789
10235.0000 523 250 0.4780
10257.0000 524 250 0.4771
10281.0000 525 250 0.4762
10300.0000 526 250 0.4753
10301.2000 526 251 0.4772
10320.0000 527 251 0.4763
10343.0000 528 251 0.4754
10358.2000 528 252 0.4773
10366.0000 529 252 0.4764
10382.0000 530 252 0.4755
10402.0000 531 252 0.4746
10423.0000 532 252 0.4737
10423.4000 532 253 0.4756
10424.8000 532 254 0.4774
10440.2000 532 255 0.4793
10441.0000 533 255 0.4784
10461.0000 534 255 0.4775
10480.0000 535 255 0.4766
10496.9000 535 256 0.4785
10497.0000 536 256 0.4776
10518.0000 537 256 0.4767
10524.1000 537 257 0.4786
10530.9000 537 258 0.4804
10536.0000 537 259 0.4823
10537.0000 538 259 0.4814
10555.0000 539 259 0.4805
10571.0000 540 259 0.4796
10591.0000 541 259 0.4787
10597.0000 541 260 0.4806
10608.7000 541 261 0.4824
10615.0000 542 261 0.4815
10615.9000 542 262 0.4834
10637.0000 543 262 0.4825
10645.7000 543 263 0.4843
10651.6000 543 264 0.4862
10657.0000 544 264 0.4853
10681.0000 545 264 0.4844
10703.0000 546 264 0.4835
10726.0000 547 264 0.4826
10748.0000 548 264 0.4818
10768.0000 549 264 0.4809
10781.7000 549 265 0.4827
10788.0000 550 265 0.4818
10808.0000 551 265 0.4809
10823.0000 552 265 0.4801
10842.0000 553 265 0.4792
10864.6000 553 266 0.4810
10866.0000 554 266 0.4801
10876.3000 554 267 0.4819
10882.7000 554 268 0.4838
10883.5000 554 269 0.4856
10885.0000 555 269 0.4847
10887.3000 555 270 0.4865
10907.0000 556 270 0.4856
10925.0000 557 270 0.4847
10942.0000 558 270 0.4839
10966.0000 559 270 0.4830
10983.0000 560 270 0.4821
11006.0000 561 270 0.4813
11019.5000 561 271 0.4831
11019.7000 561 272 0.4848
11021.3000 561 273 0.4866
11023.0000 562 273 0.4858
11046.0000 563 273 0.4849
11068.0000 564 273 0.4840
11084.0000 565 273 0.4832
11087.9000 565 274 0.4850
11089.1000 565 275 0.4867
11098.0000 565 276 0.4885
11102.0000 566 276 0.4876
11120.0000 567 276 0.4868
11120.6000 567 277 0.4885
11126.6000 567 278 0.4903
11143.0000 568 278 0.4894
11148.4000 568 279 0.4912
11166.0000 569 279 0.4903
11182.0000 570 279 0.4895
11197.6000 570 280 0.4912
11201.0000 571 280 0.4904
11218.0000 572 280 0.4895
11219.5000 572 281 0.4913
11238.0000 573 281 0.4904
11250.8000 573 282 0.4921
11252.6000 573 283 0.4939
11254.2000 573 284 0.4956
11260.0000 574 284 0.4948
11265.1000 574 285 0.4965
11280.0000 575 285 0.4957
11290.4000 575 286 0.4974
11298.0000 576 286 0.4965
11308.0000 576 287 0.4983
11308.0000 576 288 0.5000
11319.0000 577 288 0.4991
11320.7000 577 289 0.5009
11322.3000 577 290 0.5026
11343.0000 578 290 0.5017
11354.9000 578 291 0.5035
11362.0000 578 292 0.5052
11363.0000 579 292 0.5043
11381.0000 580 292 0.5034
11405.0000 581 292 0.5026
11409.8000 581 293 0.5043
11424.0000 582 293 0.5034
11433.9000 582 294 0.5052
11442.5000 582 295 0.5069
11443.0000 583 295 0.5060
11467.0000 584 295 0.5051
11483.9000 584 296 0.5068
11491.0000 585 296 0.5060
11511.0000 586 296 0.5051
11529.0000 587 296 0.5043
11547.0000 588 296 0.5034
11566.0000 589 296 0.5025
11576.7000 589 297 0.5042
11579.5000 589 298 0.5059
11584.4000 589 299 0.5076
11586.0000 590 299 0.5068
11610.0000 591 299 0.5059
11611.3000 591 300 0.5076
11617.6000 591 301 0.5093
11626.0000 592 301 0.5084
11640.2000 592 302 0.5101
11650.0000 593 302 0.5093
11665.0000 594 302 0.5084
11680.0000 595 302 0.5076
11685.8000 595 303 0.5092
11687.9000 595 304 0.5109
11687.9000 595 305 0.5126
11696.0000 596 305 0.5117
11711.0000 597 305 0.5109
11731.0000 598 305 0.5100
11755.0000 599 305 0.5092
11771.0000 600 305 0.5083
11790.0000 601 305 0.5075
11790.6000 601 306 0.5092
11805.5000 601 307 0.5108
11809.0000 602 307 0.5100
11809.6000 602 308 0.5116
11810.9000 602 309 0.5133
11827.0000 603 309 0.5124
11831.1000 603 310 0.5141
11851.0000 604 310 0.5132
11858.7000 604 311 0.5149
11867.0000 605 311 0.5140
11885.0000 606 311 0.5132
11907.0000 607 311 0.5124
11929.0000 608 311 0.5115
11929.1000 608 312 0.5132
11935.6000 608 313 0.5148
11940.3000 608 314 0.5164
11947.6000 608 315 0.5181
11948.0000 609 315 0.5172
11959.7000 609 316 0.5189
11961.6000 609 317 0.5205
11971.0000 610 317 0.5197
11995.0000 611 317 0.5188
12005.8000 611 318 0.5205
12012.0000 612 318 0.5196
12033.0000 613 318 0.5188
12048.0000 614 318 0.5179
12070.0000 615 318 0.5171
12070.9000 615 319 0.5187
12073.0000 615 320 0.5203
12076.3000 615 321 0.5220
12088.0000 616 321 0.5211
12104.0000 617 321 0.5203
12124.0000 618 321 0.5194
12140.7000 618 322 0.5210
12145.0000 619 322 0.5202
12153.5000 619 323 0.5218
12155.1000 619 324 0.5234
12165.0000 620 324 0.5226
12189.0000 621 324 0.5217
12204.1000 621 325 0.5233
12209.0000 622 325 0.5225
12210.0000 622 326 0.5241
12218.2000 622 327 0.5257
12220.5000 622 328 0.5273
12226.0000 623 328 0.5265
12249.0000 624 328 0.5256
12270.0000 625 328 0.5248
12287.0000 626 328 0.5240
12289.4000 626 329 0.5256
12304.8000 626 330 0.5272
12305.0000 627 330 0.5263
12312.6000 627 331 0.5279
12323.0000 628 331 0.5271
12324.5000 628 332 0.5287
12330.6000 628 333 0.5303
12339.0000 629 333 0.5294
12358.0000 630 333 0.5286
12359.1000 630 334 0.5302
12377.0000 631 334 0.5293
12399.0000 632 334 0.5285
12421.0000 633 334 0.5276
12444.0000 634 334 0.5268
12463.0000 635 334 0.5260
12479.0000 636 334 0.5252
12497.0000 637 334 0.5243
12506.6000 637 335 0.5259
12518.0000 638 335 0.5251
12538.0000 639 335 0.5243
12556.0000 640 335 0.5234
12568.6000 640 336 0.5250
12575.0000 641 336 0.5242
12596.0000 642 336 0.5234
12606.6000 642 337 0.5249
12611.0000 643 337 0.5241
12635.0000 644 337 0.5233
12652.0000 644 338 0.5248
12655.0000 645 338 0.5240
12655.3000 645 339 0.5256
12672.0000 646 339 0.5248
12682.3000 646 340 0.5263
12689.5000 646 341 0.5279
12691.0000 647 341 0.5270
12713.0000 648 341 0.5262
12725.8000 648 342 0.5278
12727.4000 648 343 0.5293
12737.0000 649 343 0.5285
12745.9000 649 344 0.5300
12761.0000 650 344 0.5292
12781.0000 651 344 0.5284
12798.0000 652 344 0.5276
12818.0000 653 344 0.5268
12830.3000 653 345 0.5283
12839.0000 654 345 0.5275
12863.0000 655 345 0.5267
12884.0000 656 345 0.5259
12901.0000 657 345 0.5251
12919.0000 658 345 0.5243
12936.0000 659 345 0.5235
12954.0000 660 345 0.5227
12971.0000 661 345 0.5219
12986.0000 662 345 0.5211
13009.0000 663 345 0.5204
13029.0000 664 345 0.5196
13047.5000 664 346 0.5211
13048.0000 665 346 0.5203
13052.7000 665 347 0.5218
13069.0000 666 347 0.5210
13080.5000 666 348 0.5225
13081.1000 666 349 0.5240
13090.0000 667 349 0.5232
13096.9000 667 350 0.5247
13103.9000 667 351 0.5262
13112.0000 668 351 0.5254
13135.0000 669 351 0.5247
13137.3000 669 352 0.5262
13146.6000 669 353 0.5277
13149.3000 669 354 0.5291
13151.3000 669 355 0.5306
13157.0000 670 355 0.5299
13175.0000 671 355 0.5291
13198.0000 672 355 0.5283
13200.2000 672 356 0.5298
13222.0000 673 356 0.5290
13237.0000 674 356 0.5282
13261.0000 675 356 0.5274
13268.4000 675 357 0.5289
13279.0000 676 357 0.5281
13290.8000 676 358 0.5296
13303.0000 677 358 0.5288
13308.8000 677 359 0.5303
13327.0000 678 359 0.5295
13344.0000 679 359 0.5287
13345.1000 679 360 0.5302
13361.9000 679 361 0.5317
13362.4000 679 362 0.5331
13367.0000 680 362 0.5324
13380.6000 680 363 0.5338
13382.6000 680 364 0.5353
13385.0000 681 364 0.5345
13400.0000 682 364 0.5337
13404.6000 682 365 0.5352
13422.0000 683 365 0.5344
13439.0000 684 365 0.5336
13463.0000 685 365 0.5328
13485.0000 686 365 0.5321
13501.0000 687 365 0.5313
13522.0000 688 365 0.5305
13537.8000 688 366 0.5320
13543.0000 689 366 0.5312
13558.0000 690 366 0.5304
13578.0000 691 366 0.5297
13597.0000 692 366 0.5289
13601.2000 692 367 0.5303
13605.2000 692 368 0.5318
13612.0000 693 368 0.5310
13622.2000 693 369 0.5325
13624.6000 693 370 0.5339
13633.0000 694 370 0.5331
13641.9000 694 371 0.5346
13649.5000 694 372 0.5360
13654.0000 695 372 0.5353
13674.0000 696 372 0.5345
13689.0000 697 372 0.5337
13713.0000 698 372 0.5330
13733.0000 699 372 0.5322
13750.0000 700 372 0.5314
13752.9000 700 373 0.5329
13770.6000 700 374 0.5343
13771.0000 701 374 0.5335
13787.0000 702 374 0.5328
13806.5000 702 375 0.5342
13808.0000 703 375 0.5334
13809.7000 703 376 0.5349
13831.0000 704 376 0.5341
13836.3000 704 377 0.5355
13853.0000 705 377 0.5348
13874.0000 706 377 0.5340
13894.0000 707 377 0.5332
13915.0000 708 377 0.5325
13937.0000 709 377 0.5317
13946.0000 709 378 0.5331
13952.0000 710 378 0.5324
13955.8000 710 379 0.5338
13959.3000 710 380 0.5352
13976.0000 711 380 0.5345
13994.0000 712 380 0.5337
14011.0000 713 380 0.5330
14032.0000 714 380 0.5322
14056.0000 715 380 0.5315
14071.0000 715 381 0.5329
14073.9000 715 382 0.5343
14077.0000 716 382 0.5335
14092.0000 717 382 0.5328
14107.0000 718 382 0.5320
14108.3000 718 383 0.5334
14123.0000 719 383 0.5327
14147.0000 720 383 0.5319
14167.0000 721 383 0.5312
14186.0000 722 383 0.5305
14204.0000 723 383 0.5297
14220.8000 723 384 0.5311
14225.0000 724 384 0.5304
14245.0000 725 384 0.5297
14267.0000 726 384 0.5289
14270.1000 726 385 0.5303
14282.6000 726 386 0.5317
14286.0000 727 386 0.5309
14304.0000 728 386 0.5302
14323.0000 729 386 0.5295
14328.9000 729 387 0.5309
14342.0000 729 388 0.5322
14343.0000 730 388 0.5315
14358.0000 730 389 0.5329
14363.0000 731 389 0.5321
14385.0000 732 389 0.5314
14404.0000 733 389 0.5307
14420.0000 734 389 0.5300
14433.9000 734 390 0.5313
14441.0000 735 390 0.5306
14456.0000 736 390 0.5299
14466.4000 736 391 0.5313
14475.0000 737 391 0.5305
14482.5000 737 392 0.5319
14499.0000 738 392 0.5312
14523.0000 739 392 0.5304
14534.4000 739 393 0.5318
14544.0000 740 393 0.5311
14568.0000 741 393 0.5304
14569.4000 741 394 0.5317
14588.0000 742 394 0.5310
14600.8000 742 395 0.5323
14602.1000 742 396 0.5337
14603.0000 743 396 0.5330
14617.7000 743 397 0.5343
14618.0000 744 397 0.5336
14630.4000 744 398 0.5349
14631.5000 744 399 0.5363
14638.0000 744 400 0.5376
14639.0000 745 400 0.5369
14649.4000 745 401 0.5383
14655.0000 746 401 0.5375
14676.0000 747 401 0.5368
14696.0000 748 401 0.5361
14718.0000 749 401 0.5354
14731.8000 749 402 0.5367
14733.9000 749 403 0.5381
14736.0000 750 403 0.5373
14746.0000 750 404 0.5387
14747.2000 750 405 0.5400
14756.0000 751 405 0.5393
14773.0000 752 405 0.5386
14790.0000 753 405 0.5378
14809.0000 754 405 0.5371
14826.7000 754 406 0.5385
14831.0000 755 406 0.5377
14848.0000 756 406 0.5370
14867.0000 757 406 0.5363
14889.0000 758 406 0.5356
14905.0000 759 406 0.5349
14912.5000 759 407 0.5362
14923.3000 759 408 0.5375
14927.0000 760 408 0.5368
14942.0000 761 408 0.5361
14961.0000 762 408 0.5354
14977.0000 762 409 0.5367
14978.2000 762 410 0.5381
14984.0000 763 410 0.5374
14999.0000 764 410 0.5366
15001.4000 764 411 0.5380
15021.0000 765 411 0.5373
15041.0000 766 411 0.5366
15058.0000 767 411 0.5359
15063.6000 767 412 0.5372
15074.0000 768 412 0.5365
15091.2000 768 413 0.5378
15093.0000 769 413 0.5371
15114.0000 770 413 0.5364
15132.0000 771 413 0.5357
15149.0000 772 413 0.5350
15172.0000 773 413 0.5343
15190.0000 774 413 0.5336
15212.0000 775 413 0.5329
15235.0000 776 413 0.5322
15256.0000 777 413 0.5315
15266.0000 777 414 0.5328
15280.0000 778 414 0.5321
15297.0000 779 414 0.5315
15299.3000 779 415 0.5327
15318.0000 780 415 0.5321
15336.0000 781 415 0.5314
15360.0000 782 415 0.5307
15368.9000 782 416 0.5320
15381.0000 783 416 0.5313
15389.7000 783 417 0.5326
15399.0000 784 417 0.5319
15407.7000 784 418 0.5332
15419.0000 785 418 0.5325
15439.2000 785 419 0.5338
15441.0000 786 419 0.5331
15459.5000 786 420 0.5344
15465.0000 787 420 0.5337
15482.0000 788 420 0.5330
15504.0000 789 420 0.5323
15517.2000 789 421 0.5336
15526.0000 790 421 0.5329
15547.0000 791 421 0.5322
15569.0000 792 421 0.5316
15591.0000 793 421 0.5309
15615.0000 794 421 0.5302
15632.0000 795 421 0.5296
15651.0000 796 421 0.5289
15666.0000 797 421 0.5282
15684.0000 798 421 0.5276
15708.0000 799 421 0.5269
15724.0000 800 421 0.5263
15743.7000 800 422 0.5275
15746.0000 801 422 0.5268
15764.0000 802 422 0.5262
15780.2000 802 423 0.5274
15782.0000 803 423 0.5268
15793.3000 803 424 0.5280
15799.0000 804 424 0.5274
15815.0000 805 424 0.5267
15838.0000 806 424 0.5261
15854.0000 807 424 0.5254
15873.0000 808 424 0.5248
15891.0000 808 425 0.5260
15894.0000 809 425 0.5253
15909.0000 810 425 0.5247
15927.0000 811 425 0.5240
15948.0000 812 425 0.5234
15953.1000 812 426 0.5246
15956.3000 812 427 0.5259
15967.0000 813 427 0.5252
15990.0000 814 427 0.5246
16004.6000 814 428 0.5258
16010.0000 815 428 0.5252
16027.0000 816 428 0.5245
16042.0000 817 428 0.5239
16061.0000 818 428 0.5232
16061.0000 818 429 0.5244
16080.0000 819 429 0.5238
16104.0000 820 429 0.5232
16124.0000 821 429 0.5225
16139.0000 822 429 0.5219
16155.0000 823 429 0.5213
16164.0000 823 430 0.5225
16175.0000 824 430 0.5218
16196.0000 825 430 0.5212
16199.9000 825 431 0.5224
16211.8000 825 432 0.5236
16212.0000 826 432 0.5230
16220.0000 826 433 0.5242
16230.0000 827 433 0.5236
16232.5000 827 434 0.5248
16245.0000 828 434 0.5242
16261.0000 829 434 0.5235
16281.0000 830 434 0.5229
16298.4000 830 435 0.5241
16301.0000 831 435 0.5235
16322.0000 832 435 0.5228
16338.0000 833 435 0.5222
16357.0000 834 435 0.5216
16380.0000 835 435 0.5210
16388.8000 835 436 0.5222
16399.0000 836 436 0.5215
16416.0000 837 436 0.5209
16433.0000 838 436 0.5203
16455.0000 839 436 0.5197
16479.0000 840 436 0.5190
16503.0000 841 436 0.5184
16520.1000 841 437 0.5196
16526.0000 842 437 0.5190
16547.0000 843 437 0.5184
16568.0000 844 437 0.5178
16589.0000 845 437 0.5172
16610.0000 846 437 0.5165
16626.5000 846 438 0.5177
16627.8000 846 439 0.5189
16628.0000 847 439 0.5183
16629.7000 847 440 0.5195
16646.0000 848 440 0.5189
16662.0000 849 440 0.5183
16682.0000 850 440 0.5176
16694.9000 850 441 0.5188
16699.0000 851 441 0.5182
16722.3000 851 442 0.5194
16723.0000 852 442 0.5188
16745.0000 853 442 0.5182
16760.0000 854 442 0.5176
16783.0000 855 442 0.5170
16788.4000 855 443 0.5181
16800.0000 856 443 0.5175
16818.0000 857 443 0.5169
16835.0000 858 443 0.5163
16849.4000 858 444 0.5175
16852.1000 858 445 0.5186
16852.5000 858 446 0.5198
16858.0000 859 446 0.5192
16870.1000 859 447 0.5204
16881.0000 860 447 0.5198
16901.0000 861 447 0.5192
16904.4000 861 448 0.5203
16917.0000 862 448 0.5197
16931.9000 862 449 0.5209
16935.0000 863 449 0.5203
16959.0000 864 449 0.5197
16979.0000 864 450 0.5208
16980.0000 865 450 0.5202
16986.0000 865 451 0.5214
16997.0000 866 451 0.5208
17021.0000 867 451 0.5202
17032.5000 867 452 0.5213
17036.6000 867 453 0.5225
17040.0000 868 453 0.5219
17063.0000 869 453 0.5213
17075.7000 869 454 0.5224
17079.0000 869 455 0.5236
17082.0000 870 455 0.5230
17089.6000 870 456 0.5241
17105.0000 871 456 0.5235
17126.0000 872 456 0.5229
17143.0000 873 456 0.5223
17162.0000 874 456 0.5217
17181.0000 875 456 0.5211
17182.1000 875 457 0.5223
17202.0000 876 457 0.5217
17225.0000 877 457 0.5211
17240.0000 878 457 0.5205
17259.0000 879 457 0.5199
17278.0000 880 457 0.5193
17299.0000 881 457 0.5187
17318.0000 882 457 0.5181
17336.0000 883 457 0.5176
17353.0000 884 457 0.5170
17357.6000 884 458 0.5181
17370.0000 885 458 0.5175
17371.3000 885 459 0.5186
17376.0000 885 460 0.5198
17393.8000 885 461 0.5209
17394.0000 886 461 0.5203
17416.0000 887 461 0.5197
17439.0000 888 461 0.5191
17454.0000 889 461 0.5186
17469.2000 889 462 0.5197
17477.0000 890 462 0.5191
17497.0000 891 462 0.5185
17515.0000 892 462 0.5179
17535.0000 893 462 0.5174
17558.0000 894 462 0.5168
17574.0000 895 462 0.5162
17598.0000 896 462 0.5156
17600.0000 896 463 0.5167
17619.0000 897 463 0.5162
17639.0000 898 463 0.5156
17654.0000 899 463 0.5150
17672.0000 900 463 0.5144
17690.0000 901 463 0.5139
17710.0000 902 463 0.5133
17734.0000 903 463 0.5127
17735.4000 903 464 0.5138
17751.0000 904 464 0.5133
17773.8000 904 465 0.5144
17774.0000 905 465 0.5138
17793.0000 906 465 0.5132
17808.0000 907 465 0.5127
17816.2000 907 466 0.5138
17826.0000 908 466 0.5132
17846.0000 909 466 0.5127
17864.0000 910 466 0.5121
17884.0000 911 466 0.5115
17899.0000 912 466 0.5110
17916.1000 912 467 0.5121
17917.0000 913 467 0.5115
17934.5000 913 468 0.5126
17934.7000 913 469 0.5137
17936.0000 914 469 0.5131
17951.1000 914 470 0.5142
17958.0000 915 470 0.5137
17972.6000 915 471 0.5148
17976.0000 916 471 0.5142
17993.6000 916 472 0.5153
18000.0000 917 472 0.5147
18021.0000 918 472 0.5142
18040.0000 919 472 0.5136
18059.0000 920 472 0.5130
18076.3000 920 473 0.5141
18077.0000 921 473 0.5136
18092.0000 922 473 0.5130
18098.1000 922 474 0.5141
18109.2000 922 475 0.5152
18112.1000 922 476 0.5163
18113.0000 923 476 0.5157
18126.4000 923 477 0.5168
18132.0000 924 477 0.5162
18135.9000 924 478 0.5173
18140.6000 924 479 0.5184
18155.0000 925 479 0.5178
18170.8000 925 480 0.5189
18171.2000 925 481 0.5200
18177.0000 926 481 0.5194
18192.0000 927 481 0.5189
18214.0000 928 481 0.5183
18221.6000 928 482 0.5194
18236.0000 929 482 0.5188
18259.0000 930 482 0.5183
18275.0000 931 482 0.5177
18298.0000 932 482 0.5172
18310.3000 932 483 0.5182
18321.0000 933 483 0.5177
18340.0000 934 483 0.5171
18353.1000 934 484 0.5182
18364.0000 935 484 0.5176
18383.0000 936 484 0.5171
18402.0000 937 484 0.5165
18425.0000 938 484 0.5160
18446.3000 938 485 0.5171
18449.0000 939 485 0.5165
18462.0000 939 486 0.5176
18473.0000 940 486 0.5170
18488.0000 941 486 0.5165
18508.0000 941 487 0.5175
18512.0000 942 487 0.5170
18534.0000 943 487 0.5164
18549.0000 944 487 0.5159
18570.0000 945 487 0.5153
18574.1000 945 488 0.5164
18590.0000 946 488 0.5159
18613.0000 947 488 0.5153
18628.1000 947 489 0.5164
18632.0000 948 489 0.5158
18653.0000 949 489 0.5153
18677.0000 950 489 0.5147
18696.0000 951 489 0.5142
18715.0000 952 489 0.5137
18735.6000 952 490 0.5147
18738.0000 953 490 0.5142
18753.0000 954 490 0.5136
18758.0000 954 491 0.5147
18768.0000 955 491 0.5141
18784.0000 955 492 0.5152
18786.0000 956 492 0.5146
18809.0000 957 492 0.5141
18828.0000 958 492 0.5136
18838.4000 958 493 0.5146
18841.2000 958 494 0.5157
18845.0000 959 494 0.5151
18862.0000 960 494 0.5146
18884.0000 961 494 0.5140
18887.8000 961 495 0.5151
18891.5000 961 496 0.5161
18894.5000 961 497 0.5172
18899.0000 962 497 0.5166
18922.0000 963 497 0.5161
18939.0000 964 497 0.5156
18949.2000 964 498 0.5166
18956.0000 965 498 0.5161
18977.0000 966 498 0.5155
18993.0000 967 498 0.5150
19015.0000 968 498 0.5145
19021.0000 968 499 0.5155
19035.5000 968 500 0.5165
19037.0000 969 500 0.5160
19055.0000 970 500 0.5155
19072.0000 971 500 0.5149
19087.0000 972 500 0.5144
19089.8000 972 501 0.5154
19095.8000 972 502 0.5165
19108.0000 973 502 0.5159
19129.0000 974 502 0.5154
19151.0000 975 502 0.5149
19161.8000 975 503 0.5159
19173.0000 976 503 0.5154
19192.0000 977 503 0.5148
19211.0000 978 503 0.5143
19231.0000 979 503 0.5138
19236.7000 979 504 0.5148
19254.0000 980 504 0.5143
19277.0000 981 504 0.5138
19297.5000 981 505 0.5148
19300.0000 981 506 0.5158
19301.0000 982 506 0.5153
19313.4000 982 507 0.5163
19316.0000 983 507 0.5158
19340.0000 984 507 0.5152
19355.0000 985 507 0.5147
19373.0000 986 507 0.5142
19391.0000 987 507 0.5137
19406.0000 988 507 0.5132
19418.6000 988 508 0.5142
19423.0000 989 508 0.5137
19439.0000 990 508 0.5131
19455.0000 991 508 0.5126
19475.2000 991 509 0.5136
19479.0000 992 509 0.5131
19497.0000 993 509 0.5126
19521.0000 994 509 0.5121
19530.8000 994 510 0.5131
19542.0000 995 510 0.5126
19565.0000 996 510 0.5120
19586.0000 997 510 0.5115
19595.7000 997 511 0.5125
19601.0000 998 511 0.5120
19622.0000 999 511 0.5115
19622.4000 999 512 0.5125
19641.0000 1000 512 0.5120
19660.0000 1001 512 0.5115
19677.0000 1002 512 0.5110
19692.0000 1003 512 0.5105
19715.0000 1003 513 0.5115
19716.0000 1004 513 0.5110
19716.6000 1004 514 0.5120
19739.0000 1005 514 0.5114
19755.0000 1006 514 0.5109
19770.0000 1007 514 0.5104
19775.2000 1007 515 0.5114
19783.2000 1007 516 0.5124
19792.0000 1008 516 0.5119
19792.4000 1008 517 0.5129
19815.0000 1009 517 0.5124
19816.1000 1009 518 0.5134
19825.3000 1009 519 0.5144
19833.0000 1010 519 0.5139
19848.3000 1010 520 0.5149
19852.0000 1011 520 0.5143
19871.9000 1011 521 0.5153
19876.0000 1012 521 0.5148
19877.3000 1012 522 0.5158
19891.0000 1013 522 0.5153
19908.0000 1014 522 0.5148
19924.9000 1014 523 0.5158
19932.0000 1015 523 0.5153
19956.0000 1016 523 0.5148
19968.8000 1016 524 0.5157
19970.9000 1016 525 0.5167
19976.0000 1017 525 0.5162
19994.8000 1017 526 0.5172
19997.9000 1017 527 0.5182
19998.0000 1018 527 0.5177
20019.0000 1019 527 0.5172
20034.0000 1020 527 0.5167
20039.7000 1020 528 0.5176
20054.8000 1020 529 0.5186
20054.8000 1020 530 0.5196
20057.0000 1021 530 0.5191
20071.2000 1021 531 0.5201
20075.0000 1022 531 0.5196
20094.0000 1023 531 0.5191
20095.3000 1023 532 0.5200
20118.0000 1024 532 0.5195
20127.7000 1024 533 0.5205
20135.0000 1025 533 0.5200
20157.0000 1026 533 0.5195
20174.1000 1026 534 0.5205
20179.0000 1027 534 0.5200
20186.0000 1027 535 0.5209
20196.4000 1027 536 0.5219
20197.0000 1028 536 0.5214
20201.3000 1028 537 0.5224
20221.0000 1029 537 0.5219
20231.0000 1029 538 0.5228
20237.0000 1030 538 0.5223
20259.0000 1031 538 0.5218
20276.0000 1032 538 0.5213
20293.0000 1033 538 0.5208
20307.3000 1033 539 0.5218
20308.0000 1034 539 0.5213
20327.0000 1035 539 0.5208
20345.9000 1035 540 0.5217
20350.0000 1036 540 0.5212
20366.0000 1037 540 0.5207
20373.1000 1037 541 0.5217
20373.6000 1037 542 0.5227
20375.1000 1037 543 0.5236
20385.0000 1038 543 0.5231
20401.0000 1039 543 0.5226
20421.0000 1040 543 0.5221
20426.4000 1040 544 0.5231
20437.0000 1041 544 0.5226
20457.0000 1041 545 0.5235
20461.0000 1042 545 0.5230
20474.8000 1042 546 0.5240
20485.0000 1043 546 0.5235
20508.0000 1044 546 0.5230
20523.1000 1044 547 0.5239
20532.0000 1045 547 0.5234
20533.4000 1045 548 0.5244
20554.0000 1046 548 0.5239
20576.0000 1047 548 0.5234
20588.3000 1047 549 0.5244
20591.5000 1047 550 0.5253
20594.0000 1048 550 0.5248
20611.0000 1049 550 0.5243
20635.0000 1050 550 0.5238
20653.8000 1050 551 0.5248
20655.0000 1051 551 0.5243
20673.0000 1052 551 0.5238
20690.9000 1052 552 0.5247
20691.0000 1053 552 0.5242
20706.0000 1054 552 0.5237
20713.2000 1054 553 0.5247
20724.0000 1055 553 0.5242
20744.0000 1056 553 0.5237
20753.5000 1056 554 0.5246
20755.1000 1056 555 0.5256
20761.3000 1056 556 0.5265
20766.0000 1057 556 0.5260
20782.0000 1058 556 0.5255
20782.4000 1058 557 0.5265
20800.0000 1059 557 0.5260
20801.3000 1059 558 0.5269
20804.0000 1059 559 0.5279
20819.2000 1059 560 0.5288
20821.0000 1060 560 0.5283
20835.4000 1060 561 0.5292
20839.1000 1060 562 0.5302
20844.0000 1061 562 0.5297
20855.1000 1061 563 0.5306
20855.4000 1061 564 0.5316
20857.6000 1061 565 0.5325
20864.0000 1062 565 0.5320
20878.2000 1062 566 0.5330
20888.0000 1063 566 0.5325
20911.0000 1064 566 0.5320
20931.0000 1065 566 0.5315
20947.2000 1065 567 0.5324
20952.0000 1066 567 0.5319
20956.6000 1066 568 0.5328
20968.0000 1067 568 0.5323
20968.3000 1067 569 0.5333
20971.0000 1067 570 0.5342
20978.8000 1067 571 0.5351
20987.6000 1067 572 0.5361
20990.0000 1068 572 0.5356
21007.0000 1069 572 0.5351
21008.6000 1069 573 0.5360
21014.0000 1069 574 0.5370
21021.5000 1069 575 0.5379
21031.0000 1070 575 0.5374
21034.6000 1070 576 0.5383
21042.0000 1070 577 0.5393
21055.0000 1071 577 0.5387
21077.0000 1072 577 0.5382
21087.5000 1072 578 0.5392
21092.0000 1073 578 0.5387
21097.1000 1073 579 0.5396
21098.1000 1073 580 0.5405
21112.5000 1073 581 0.5415
21116.0000 1074 581 0.5410
21122.7000 1074 582 0.5419
21125.3000 1074 583 0.5428
21132.0000 1075 583 0.5423
21145.5000 1075 584 0.5433
21148.0000 1076 584 0.5428
21166.0000 1077 584 0.5422
21184.0000 1078 584 0.5417
21189.4000 1078 585 0.5427
21204.0000 1079 585 0.5422
21223.0000 1080 585 0.5417
21226.3000 1080 586 0.5426
21235.3000 1080 587 0.5435
21247.0000 1081 587 0.5430
21252.3000 1081 588 0.5439
21262.3000 1081 589 0.5449
21271.0000 1082 589 0.5444
21275.3000 1082 590 0.5453
21286.9000 1082 591 0.5462
21292.0000 1083 591 0.5457
21309.0000 1084 591 0.5452
21327.0000 1085 591 0.5447
21346.3000 1085 592 0.5456
21351.0000 1086 592 0.5451
21351.9000 1086 593 0.5460
21367.7000 1086 594 0.5470
21368.0000 1087 594 0.5465
21370.0000 1087 595 0.5474
21370.7000 1087 596 0.5483
21387.0000 1088 596 0.5478
21395.0000 1088 597 0.5487
21407.0000 1089 597 0.5482
21424.0000 1090 597 0.5477
21442.3000 1090 598 0.5486
21444.0000 1091 598 0.5481
21460.7000 1091 599 0.5490
21460.9000 1091 600 0.5500
21463.0000 1092 600 0.5495
21483.0000 1093 600 0.5489
21505.0000 1094 600 0.5484
21523.0000 1095 600 0.5479
21539.0000 1096 600 0.5474
21556.0000 1097 600 0.5469
21559.7000 1097 601 0.5479
21577.0000 1098 601 0.5474
21599.0000 1099 601 0.5469
21611.3000 1099 602 0.5478
21615.0000 1100 602 0.5473
21632.0000 1101 602 0.5468
21648.0000 1102 602 0.5463
21665.0000 1103 602 0.5458
21689.0000 1104 602 0.5453
21707.0000 1105 602 0.5448
21713.3000 1105 603 0.5457
21714.3000 1105 604 0.5466
21721.0000 1105 605 0.5475
21731.0000 1106 605 0.5470
21754.2000 1106 606 0.5479
21755.0000 1107 606 0.5474
21755.7000 1107 607 0.5483
21777.0000 1108 607 0.5478
21794.0000 1109 607 0.5473
21798.2000 1109 608 0.5482
21807.1000 1109 609 0.5491
21818.0000 1110 609 0.5486
21837.0000 1111 609 0.5482
21860.0000 1112 609 0.5477
21883.0000 1113 609 0.5472
21883.5000 1113 610 0.5481
21898.0000 1114 610 0.5476
21916.0000 1115 610 0.5471
21939.0000 1116 610 0.5466
21941.3000 1116 611 0.5475
21949.4000 1116 612 0.5484
21953.0000 1116 613 0.5493
21960.0000 1117 613 0.5488
21971.6000 1117 614 0.5497
21973.8000 1117 615 0.5506
21975.2000 1117 616 0.5515
21976.0000 1118 616 0.5510
21999.0000 1119 616 0.5505
22022.0000 1120 616 0.5500
22041.0000 1121 616 0.5495
22050.4000 1121 617 0.5504
22061.0000 1122 617 0.5499
22078.0000 1123 617 0.5494
22101.0000 1124 617 0.5489
22121.0000 1125 617 0.5484
22140.0000 1126 617 0.5480
22142.0000 1126 618 0.5488
22143.1000 1126 619 0.5497
22159.0000 1127 619 0.5492
22164.5000 1127 620 0.5501
22166.3000 1127 621 0.5510
22167.5000 1127 622 0.5519
22171.3000 1127 623 0.5528
22172.5000 1127 624 0.5537
22181.8000 1127 625 0.5546
22183.0000 1128 625 0.5541
22199.0000 1129 625 0.5536
22218.0000 1130 625 0.5531
22233.3000 1130 626 0.5540
22242.0000 1131 626 0.5535
22251.3000 1131 627 0.5544
22261.2000 1131 628 0.5553
22263.0000 1132 628 0.5548
22264.8000 1132 629 0.5557
22281.0000 1133 629 0.5552
22304.0000 1134 629 0.5547
22307.6000 1134 630 0.5556
22310.8000 1134 631 0.5564
22322.0000 1135 631 0.5559
22329.9000 1135 632 0.5568
22346.0000 1136 632 0.5563
22363.0000 1137 632 0.5558
22366.4000 1137 633 0.5567
22385.0000 1138 633 0.5562
22405.0000 1139 633 0.5558
22420.0000 1140 633 0.5553
22444.0000 1141 633 0.5548
22445.7000 1141 634 0.5557
22456.8000 1141 635 0.5565
22464.0000 1142 635 0.5560
22482.0000 1143 635 0.5556
22500.0000 1144 635 0.5551
22521.0000 1145 635 0.5546
22521.9000 1145 636 0.5555
22543.6000 1145 637 0.5563
22544.0000 1146 637 0.5558
22560.0000 1147 637 0.5554
22578.0000 1148 637 0.5549
22594.1000 1148 638 0.5557
22595.0000 1149 638 0.5553
22613.0000 1150 638 0.5548
22628.0000 1151 638 0.5543
22647.1000 1151 639 0.5552
22648.0000 1152 639 0.5547
22650.7000 1152 640 0.5556
22651.6000 1152 641 0.5564
22666.0000 1153 641 0.5559
22682.0000 1154 641 0.5555
22698.0000 1155 641 0.5550
22706.9000 1155 642 0.5558
22713.0000 1156 642 0.5554
22717.6000 1156 643 0.5562
22718.2000 1156 644 0.5571
22724.3000 1156 645 0.5580
22728.1000 1156 646 0.5588
22729.3000 1156 647 0.5597
22732.8000 1156 648 0.5606
22735.0000 1157 648 0.5601
22744.0000 1157 649 0.5609
22751.7000 1157 650 0.5618
22752.3000 1157 651 0.5627
22758.0000 1158 651 0.5622
22771.2000 1158 652 0.5630
22778.0000 1158 653 0.5639
22779.0000 1159 653 0.5634
22799.0000 1160 653 0.5629
22802.8000 1160 654 0.5638
22805.7000 1160 655 0.5647
22808.8000 1160 656 0.5655
22820.0000 1161 656 0.5650
22822.7000 1161 657 0.5659
22828.7000 1161 658 0.5668
22835.0000 1162 658 0.5663
22850.0000 1163 658 0.5658
22851.7000 1163 659 0.5666
22869.0000 1164 659 0.5662
22891.0000 1165 659 0.5657
22912.0000 1165 660 0.5665
22913.0000 1166 660 0.5660
22928.1000 1166 661 0.5669
22930.4000 1166 662 0.5678
22931.0000 1167 662 0.5673
22954.0000 1168 662 0.5668
22971.0000 1169 662 0.5663
22978.7000 1169 663 0.5672
22990.6000 1169 664 0.5680
22991.0000 1170 664 0.5675
22997.0000 1170 665 0.5684
23007.0000 1171 665 0.5679
23031.0000 1172 665 0.5674
23047.0000 1173 665 0.5669
23047.9000 1173 666 0.5678
23065.1000 1173 667 0.5686
23070.0000 1174 667 0.5681
23078.3000 1174 668 0.5690
23080.3000 1174 669 0.5698
23085.0000 1175 669 0.5694
23106.0000 1176 669 0.5689
23122.5000 1176 670 0.5697
23127.0000 1177 670 0.5692
23149.0000 1178 670 0.5688
23154.4000 1178 671 0.5696
23165.0000 1179 671 0.5691
23179.9000 1179 672 0.5700
23180.0000 1180 672 0.5695
23183.0000 1180 673 0.5703
23198.0000 1181 673 0.5699
23214.0000 1182 673 0.5694
23220.3000 1182 674 0.5702
23220.5000 1182 675 0.5711
23234.9000 1182 676 0.5719
23238.0000 1183 676 0.5714
23245.5000 1183 677 0.5723
23252.6000 1183 678 0.5731
23256.3000 1183 679 0.5740
23258.0000 1184 679 0.5735
23262.9000 1184 680 0.5743
23268.5000 1184 681 0.5752
23272.4000 1184 682 0.5760
23280.0000 1185 682 0.5755
23287.5000 1185 683 0.5764
23295.0000 1186 683 0.5759
23304.8000 1186 684 0.5767
23319.0000 1187 684 0.5762
23338.7000 1187 685 0.5771
23339.0000 1188 685 0.5766
23360.0000 1189 685 0.5761
23371.3000 1189 686 0.5770
23377.0000 1190 686 0.5765
23393.0000 1191 686 0.5760
23409.0000 1192 686 0.5755
23428.0000 1193 686 0.5750
23433.7000 1193 687 0.5759
23438.4000 1193 688 0.5767
23445.0000 1194 688 0.5762
23463.8000 1194 689 0.5771
23464.0000 1195 689 0.5766
23466.7000 1195 690 0.5774
23479.7000 1195 691 0.5782
23482.0000 1196 691 0.5778
23498.0000 1197 691 0.5773
23507.8000 1197 692 0.5781
23516.0000 1198 692 0.5776
23528.6000 1198 693 0.5785
23532.0000 1199 693 0.5780
23547.0000 1200 693 0.5775
23558.7000 1200 694 0.5783
23565.9000 1200 695 0.5792
23567.0000 1200 696 0.5800
23568.0000 1201 696 0.5795
23589.0000 1202 696 0.5790
23613.0000 1203 696 0.5786
23629.0000 1204 696 0.5781
23641.9000 1204 697 0.5789
23647.0000 1205 697 0.5784
23658.3000 1205 698 0.5793
23662.0000 1206 698 0.5788
23663.9000 1206 699 0.5796
23681.0000 1207 699 0.5791
23695.3000 1207 700 0.5800
23702.0000 1208 700 0.5795
23710.9000 1208 701 0.5803
23712.4000 1208 702 0.5811
23712.4000 1208 703 0.5820
23712.8000 1208 704 0.5828
23726.0000 1209 704 0.5823
23741.0000 1210 704 0.5818
23754.8000 1210 705 0.5826
23759.2000 1210 706 0.5835
23760.0000 1211 706 0.5830
23765.0000 1211 707 0.5838
23769.3000 1211 708 0.5846
23771.5000 1211 709 0.5855
23778.0000 1212 709 0.5850
23798.0000 1213 709 0.5845
23810.6000 1213 710 0.5853
23817.0000 1214 710 0.5848
23837.0000 1215 710 0.5844
23843.7000 1215 711 0.5852
23846.4000 1215 712 0.5860
23859.0000 1216 712 0.5855
23860.3000 1216 713 0.5863
23874.0000 1217 713 0.5859
23876.0000 1217 714 0.5867
23895.0000 1218 714 0.5862
23909.0000 1218 715 0.5870
23916.0000 1219 715 0.5865
23923.8000 1219 716 0.5874
23926.1000 1219 717 0.5882
23927.6000 1219 718 0.5890
23937.0000 1220 718 0.5885
23940.5000 1220 719 0.5893
23961.0000 1221 719 0.5889
23978.4000 1221 720 0.5897
23981.0000 1222 720 0.5892
23985.1000 1222 721 0.5900
24004.0000 1223 721 0.5895
24011.0000 1223 722 0.5904
24014.0000 1223 723 0.5912
24017.7000 1223 724 0.5920
24026.0000 1224 724 0.5915
24037.9000 1224 725 0.5923
24038.3000 1224 726 0.5931
24043.0000 1225 726 0.5927
24062.0000 1226 726 0.5922
24077.5000 1226 727 0.5930
24079.0000 1227 727 0.5925
24086.5000 1227 728 0.5933
24095.0000 1228 728 0.5928
24110.0000 1229 728 0.5924
24134.0000 1230 728 0.5919
24140.5000 1230 729 0.5927
24157.0000 1231 729 0.5922
24179.0000 1232 729 0.5917
24203.0000 1233 729 0.5912
24222.0000 1234 729 0.5908
24242.4000 1234 730 0.5916
24245.0000 1235 730 0.5911
24262.0000 1236 730 0.5906
24269.9000 1236 731 0.5914
24274.8000 1236 732 0.5922
24286.0000 1237 732 0.5918
24305.0000 1238 732 0.5913
24326.0000 1239 732 0.5908
24338.9000 1239 733 0.5916
24347.7000 1239 734 0.5924
24349.0000 1240 734 0.5919
24368.0000 1241 734 0.5915
24369.3000 1241 735 0.5923
24376.4000 1241 736 0.5931
24379.5000 1241 737 0.5939
24383.0000 1242 737 0.5934
24407.0000 1243 737 0.5929
24412.1000 1243 738 0.5937
24422.7000 1243 739 0.5945
24427.0000 1244 739 0.5941
24445.2000 1244 740 0.5949
24447.0000 1245 740 0.5944
24468.0000 1246 740 0.5939
24476.0000 1246 741 0.5947
24490.0000 1247 741 0.5942
24505.6000 1247 742 0.5950
24514.0000 1248 742 0.5946
24526.9000 1248 743 0.5954
24530.0000 1249 743 0.5949
24550.1000 1249 744 0.5957
24553.0000 1250 744 0.5952
24568.0000 1251 744 0.5947
24591.0000 1252 744 0.5942
24594.3000 1252 745 0.5950
24607.0000 1253 745 0.5946
24624.0000 1254 745 0.5941
24641.0000 1255 745 0.5936
24649.2000 1255 746 0.5944
24656.0000 1256 746 0.5939
24667.7000 1256 747 0.5947
24677.0000 1257 747 0.5943
24693.0000 1258 747 0.5938
24712.0000 1259 747 0.5933
24736.0000 1260 747 0.5929
24751.0000 1261 747 0.5924
24760.2000 1261 748 0.5932
24768.0000 1262 748 0.5927
24780.2000 1262 749 0.5935
24790.0000 1263 749 0.5930
24794.0000 1263 750 0.5938
24809.0000 1264 750 0.5934
24824.0000 1265 750 0.5929
24844.0000 1266 750 0.5924
24867.0000 1267 750 0.5919
24870.4000 1267 751 0.5927
24878.5000 1267 752 0.5935
24883.0000 1268 752 0.5931
24894.8000 1268 753 0.5938
24903.7000 1268 754 0.5946
24906.0000 1269 754 0.5942
24921.0000 1270 754 0.5937
24926.3000 1270 755 0.5945
24945.0000 1271 755 0.5940
24950.6000 1271 756 0.5948
24963.0000 1272 756 0.5943
24980.0000 1273 756 0.5939
24999.0000 1274 756 0.5934
25015.0000 1275 756 0.5929
25029.2000 1275 757 0.5937
25034.0000 1276 757 0.5933
25055.0000 1277 757 0.5928
25067.8000 1277 758 0.5936
25074.0000 1278 758 0.5931
25095.0000 1279 758 0.5927
25107.0000 1279 759 0.5934
25116.1000 1279 760 0.5942
25116.1000 1279 761 0.5950
25119.0000 1280 761 0.5945
25138.0000 1281 761 0.5941
25146.7000 1281 762 0.5948
25162.0000 1282 762 0.5944
25183.0000 1283 762 0.5939
