# time  created  delivered  delivered/created
22.0000 1 0 0.0000
38.0000 2 0 0.0000
54.0000 3 0 0.0000
72.0000 4 0 0.0000
94.0000 5 0 0.0000
110.0000 6 0 0.0000
133.0000 7 0 0.0000
153.0000 8 0 0.0000
175.0000 9 0 0.0000
191.0000 10 0 0.0000
210.0000 11 0 0.0000
225.0000 12 0 0.0000
249.0000 13 0 0.0000
265.0000 14 0 0.0000
281.0000 15 0 0.0000
304.0000 16 0 0.0000
328.0000 17 0 0.0000
343.0000 18 0 0.0000
367.0000 19 0 0.0000
382.0000 20 0 0.0000
399.0000 21 0 0.0000
420.0000 22 0 0.0000
439.0000 23 0 0.0000
458.0000 24 0 0.0000
480.0000 25 0 0.0000
497.0000 26 0 0.0000
515.0000 27 0 0.0000
538.0000 28 0 0.0000
562.0000 29 0 0.0000
581.0000 30 0 0.0000
581.2000 30 1 0.0333
603.0000 31 1 0.0323
625.0000 32 1 0.0313
640.9000 32 2 0.0625
646.0000 33 2 0.0606
661.6000 33 3 0.0909
667.0000 34 3 0.0882
685.0000 35 3 0.0857
691.0000 35 4 0.1143
700.0000 36 4 0.1111
713.8000 36 5 0.1389
722.0000 37 5 0.1351
741.0000 38 5 0.1316
764.0000 39 5 0.1282
773.6000 39 6 0.1538
784.0000 40 6 0.1500
806.0000 41 6 0.1463
829.0000 42 6 0.1429
851.0000 43 6 0.1395
873.0000 44 6 0.1364
895.0000 45 6 0.1333
903.5000 45 7 0.1556
918.0000 46 7 0.1522
941.0000 47 7 0.1489
957.0000 48 7 0.1458
975.0000 49 7 0.1429
998.0000 50 7 0.1400
1018.0000 51 7 0.1373
1040.0000 52 7 0.1346
1056.0000 53 7 0.1321
1077.0000 54 7 0.1296
1096.0000 55 7 0.1273
1117.0000 56 7 0.1250
1137.0000 57 7 0.1228
1159.0000 58 7 0.1207
1179.0000 59 7 0.1186
1193.3000 59 8 0.1356
1201.0000 60 8 0.1333
1216.0000 61 8 0.1311
1225.1000 61 9 0.1475
1226.1000 61 10 0.1639
1232.0000 62 10 0.1613
1251.0000 63 10 0.1587
1268.0000 64 10 0.1563
1287.0000 65 10 0.1538
1308.0000 66 10 0.1515
1327.0000 67 10 0.1493
1342.0000 68 10 0.1471
1364.0000 69 10 0.1449
1382.1000 69 11 0.1594
1388.0000 70 11 0.1571
1397.1000 70 12 0.1714
1407.0000 71 12 0.1690
1422.0000 72 12 0.1667
1442.0000 73 12 0.1644
1464.0000 74 12 0.1622
1476.9000 74 13 0.1757
1479.0000 75 13 0.1733
1483.1000 75 14 0.1867
1500.0000 76 14 0.1842
1518.0000 77 14 0.1818
1542.0000 78 14 0.1795
1562.0000 79 14 0.1772
1577.0000 80 14 0.1750
1585.3000 80 15 0.1875
1594.5000 80 16 0.2000
1600.0000 81 16 0.1975
1620.0000 82 16 0.1951
1637.0000 83 16 0.1928
1652.0000 84 16 0.1905
1673.0000 85 16 0.1882
1695.0000 86 16 0.1860
1706.4000 86 17 0.1977
1713.0000 87 17 0.1954
1736.2000 87 18 0.2069
1737.0000 87 19 0.2184
1737.0000 88 19 0.2159
1739.4000 88 20 0.2273
1739.8000 88 21 0.2386
1760.0000 89 21 0.2360
1781.0000 90 21 0.2333
1804.0000 91 21 0.2308
1826.0000 92 21 0.2283
1849.0000 93 21 0.2258
1870.0000 94 21 0.2234
1880.0000 94 22 0.2340
1882.8000 94 23 0.2447
1883.1000 94 24 0.2553
1890.0000 95 24 0.2526
1911.0000 96 24 0.2500
1929.0000 97 24 0.2474
1948.0000 98 24 0.2449
1965.0000 99 24 0.2424
1980.0000 100 24 0.2400
1989.9000 100 25 0.2500
2002.0000 101 25 0.2475
2024.0000 102 25 0.2451
2035.6000 102 26 0.2549
2041.0000 103 26 0.2524
2064.0000 104 26 0.2500
2080.0000 105 26 0.2476
2095.0000 106 26 0.2453
2119.0000 107 26 0.2430
2139.0000 108 26 0.2407
2142.8000 108 27 0.2500
2161.0000 109 27 0.2477
2178.0000 110 27 0.2455
2199.0000 111 27 0.2432
2217.0000 111 28 0.2523
2222.0000 112 28 0.2500
2240.0000 113 28 0.2478
2259.0000 114 28 0.2456
2275.0000 115 28 0.2435
2295.0000 116 28 0.2414
2314.0000 117 28 0.2393
2324.6000 117 29 0.2479
2335.0000 118 29 0.2458
2354.0000 119 29 0.2437
2377.0000 120 29 0.2417
2396.0000 121 29 0.2397
2411.0000 122 29 0.2377
2412.0000 122 30 0.2459
2433.0000 123 30 0.2439
2452.0000 124 30 0.2419
2460.7000 124 31 0.2500
2464.9000 124 32 0.2581
2470.3000 124 33 0.2661
2474.0000 125 33 0.2640
2490.0000 125 34 0.2720
2494.6000 125 35 0.2800
2496.0000 126 35 0.2778
2511.0000 127 35 0.2756
2526.0000 128 35 0.2734
2546.0000 129 35 0.2713
2554.8000 129 36 0.2791
2563.0000 130 36 0.2769
2586.0000 131 36 0.2748
2601.0000 132 36 0.2727
2621.0000 133 36 0.2707
2641.0000 134 36 0.2687
2654.8000 134 37 0.2761
2662.0000 135 37 0.2741
2678.0000 136 37 0.2721
2681.8000 136 38 0.2794
2689.6000 136 39 0.2868
2690.0000 136 40 0.2941
2693.0000 137 40 0.2920
2716.0000 138 40 0.2899
2735.0000 139 40 0.2878
2741.3000 139 41 0.2950
2742.9000 139 42 0.3022
2754.0000 140 42 0.3000
2771.0000 141 42 0.2979
2788.0000 142 42 0.2958
2800.0000 142 43 0.3028
2807.0000 143 43 0.3007
2823.1000 143 44 0.3077
2831.0000 144 44 0.3056
2838.4000 144 45 0.3125
2838.8000 144 46 0.3194
2853.0000 145 46 0.3172
2868.0000 146 46 0.3151
2872.2000 146 47 0.3219
2891.0000 147 47 0.3197
2899.2000 147 48 0.3265
2911.0000 148 48 0.3243
2926.0000 149 48 0.3221
2942.0000 150 48 0.3200
2962.0000 151 48 0.3179
2979.0000 152 48 0.3158
3003.0000 153 48 0.3137
3024.0000 154 48 0.3117
3040.0000 155 48 0.3097
3064.0000 156 48 0.3077
3065.8000 156 49 0.3141
3084.5000 156 50 0.3205
3086.0000 157 50 0.3185
3110.0000 158 50 0.3165
3119.6000 158 51 0.3228
3129.0000 159 51 0.3208
3131.0000 159 52 0.3270
3147.0000 160 52 0.3250
3166.0000 161 52 0.3230
3190.0000 162 52 0.3210
3204.1000 162 53 0.3272
3210.0000 163 53 0.3252
3225.0000 164 53 0.3232
3230.0000 164 54 0.3293
3243.0000 165 54 0.3273
3260.0000 166 54 0.3253
3261.2000 166 55 0.3313
3271.5000 166 56 0.3373
3275.4000 166 57 0.3434
3283.0000 167 57 0.3413
3288.4000 167 58 0.3473
3305.0000 168 58 0.3452
3319.3000 168 59 0.3512
3321.0000 169 59 0.3491
3344.0000 170 59 0.3471
3362.8000 170 60 0.3529
3365.0000 171 60 0.3509
3378.6000 171 61 0.3567
3385.0000 172 61 0.3547
3396.5000 172 62 0.3605
3408.0000 173 62 0.3584
3414.1000 173 63 0.3642
3414.4000 173 64 0.3699
3423.8000 173 65 0.3757
3428.0000 174 65 0.3736
3429.2000 174 66 0.3793
3449.0000 175 66 0.3771
3458.0000 175 67 0.3829
3472.0000 176 67 0.3807
3488.0000 177 67 0.3785
3511.0000 178 67 0.3764
3512.4000 178 68 0.3820
3526.3000 178 69 0.3876
3532.4000 178 70 0.3933
3533.2000 178 71 0.3989
3535.0000 179 71 0.3966
3547.0000 179 72 0.4022
3551.2000 179 73 0.4078
3552.0000 180 73 0.4056
3563.1000 180 74 0.4111
3570.0000 181 74 0.4088
3575.8000 181 75 0.4144
3589.0000 182 75 0.4121
3604.0000 183 75 0.4098
3619.0000 184 75 0.4076
3638.0000 185 75 0.4054
3653.0000 186 75 0.4032
3669.0000 187 75 0.4011
3689.0000 188 75 0.3989
3712.0000 189 75 0.3968
3730.0000 190 75 0.3947
3754.0000 191 75 0.3927
3771.0000 192 75 0.3906
3787.0000 193 75 0.3886
3809.0000 194 75 0.3866
3825.5000 194 76 0.3918
3832.0000 195 76 0.3897
3846.4000 195 77 0.3949
3854.0000 196 77 0.3929
3873.0000 197 77 0.3909
3895.0000 198 77 0.3889
3919.0000 199 77 0.3869
3938.0000 200 77 0.3850
3946.1000 200 78 0.3900
3948.6000 200 79 0.3950
3949.2000 200 80 0.4000
3953.0000 200 81 0.4050
3955.0000 201 81 0.4030
3975.0000 202 81 0.4010
3996.0000 203 81 0.3990
4012.0000 204 81 0.3971
4031.0000 205 81 0.3951
4052.0000 206 81 0.3932
4054.9000 206 82 0.3981
4057.7000 206 83 0.4029
4059.1000 206 84 0.4078
4070.0000 207 84 0.4058
4094.0000 208 84 0.4038
4115.0000 209 84 0.4019
4134.0000 210 84 0.4000
4152.1000 210 85 0.4048
4153.0000 211 85 0.4028
4171.0000 212 85 0.4009
4194.0000 213 85 0.3991
4208.3000 213 86 0.4038
4209.2000 213 87 0.4085
4214.0000 214 87 0.4065
4222.4000 214 88 0.4112
4235.0000 215 88 0.4093
4244.9000 215 89 0.4140
4248.0000 215 90 0.4186
4251.0000 216 90 0.4167
4268.6000 216 91 0.4213
4272.0000 217 91 0.4194
4287.3000 217 92 0.4240
4288.6000 217 93 0.4286
4290.0000 218 93 0.4266
4297.6000 218 94 0.4312
4309.7000 218 95 0.4358
4314.0000 219 95 0.4338
4316.4000 219 96 0.4384
4338.0000 220 96 0.4364
4360.0000 221 96 0.4344
4381.0000 222 96 0.4324
4400.0000 223 96 0.4305
4406.0000 223 97 0.4350
4419.0000 224 97 0.4330
4419.1000 224 98 0.4375
4434.0000 225 98 0.4356
4435.5000 225 99 0.4400
4452.4000 225 100 0.4444
4454.5000 225 101 0.4489
4458.0000 226 101 0.4469
4463.0000 226 102 0.4513
4476.0000 227 102 0.4493
4497.0000 228 102 0.4474
4505.4000 228 103 0.4518
4515.0000 229 103 0.4498
4537.0000 230 103 0.4478
4556.0000 231 103 0.4459
4580.0000 232 103 0.4440
4597.0000 233 103 0.4421
4614.0000 234 103 0.4402
4634.0000 235 103 0.4383
4655.0000 236 103 0.4364
4665.1000 236 104 0.4407
4670.2000 236 105 0.4449
4672.0000 237 105 0.4430
4689.0000 238 105 0.4412
4692.0000 238 106 0.4454
4701.3000 238 107 0.4496
4701.8000 238 108 0.4538
4706.0000 239 108 0.4519
4729.0000 240 108 0.4500
4741.7000 240 109 0.4542
4747.0000 241 109 0.4523
4751.3000 241 110 0.4564
4762.0000 242 110 0.4545
4766.5000 242 111 0.4587
4783.0000 243 111 0.4568
4795.2000 243 112 0.4609
4807.0000 244 112 0.4590
4810.3000 244 113 0.4631
4824.0000 245 113 0.4612
4848.0000 246 113 0.4593
4867.0000 247 113 0.4575
4886.0000 248 113 0.4556
4897.1000 248 114 0.4597
4909.0000 249 114 0.4578
4928.0000 250 114 0.4560
4951.0000 251 114 0.4542
4966.0000 252 114 0.4524
4972.7000 252 115 0.4563
4986.0000 253 115 0.4545
4988.1000 253 116 0.4585
4996.5000 253 117 0.4625
5010.0000 254 117 0.4606
5033.0000 255 117 0.4588
5048.0000 256 117 0.4570
5062.2000 256 118 0.4609
5072.0000 257 118 0.4591
5086.0000 257 119 0.4630
5089.0000 258 119 0.4612
5092.8000 258 120 0.4651
5112.0000 259 120 0.4633
5131.0000 260 120 0.4615
5143.9000 260 121 0.4654
5151.0000 261 121 0.4636
5175.0000 262 121 0.4618
5194.0000 263 121 0.4601
5209.7000 263 122 0.4639
5215.0000 264 122 0.4621
5237.0000 265 122 0.4604
5238.5000 265 123 0.4642
5254.0000 266 123 0.4624
5269.0000 267 123 0.4607
5291.0000 268 123 0.4590
5307.0000 269 123 0.4572
5322.4000 269 124 0.4610
5324.0000 270 124 0.4593
5339.0000 271 124 0.4576
5355.3000 271 125 0.4613
5356.0000 272 125 0.4596
5356.7000 272 126 0.4632
5371.0000 273 126 0.4615
5387.0000 274 126 0.4599
5407.1000 274 127 0.4635
5410.0000 275 127 0.4618
5410.3000 275 128 0.4655
5426.0000 276 128 0.4638
5430.3000 276 129 0.4674
5447.0000 277 129 0.4657
5470.0000 278 129 0.4640
5490.0000 279 129 0.4624
5507.0000 280 129 0.4607
5516.6000 280 130 0.4643
5528.0000 281 130 0.4626
5542.9000 281 131 0.4662
5546.0000 282 131 0.4645
5564.0000 283 131 0.4629
5566.2000 283 132 0.4664
5568.1000 283 133 0.4700
5584.0000 284 133 0.4683
5607.0000 285 133 0.4667
5622.0000 285 134 0.4702
5625.0000 286 134 0.4685
5643.0000 287 134 0.4669
5665.0000 288 134 0.4653
5685.0000 289 134 0.4637
5704.0000 290 134 0.4621
5724.0000 291 134 0.4605
5729.1000 291 135 0.4639
5745.0000 292 135 0.4623
5745.2000 292 136 0.4658
5760.0000 293 136 0.4642
5770.4000 293 137 0.4676
5778.9000 293 138 0.4710
5784.0000 294 138 0.4694
5805.0000 295 138 0.4678
5807.1000 295 139 0.4712
5822.0000 296 139 0.4696
5841.0000 297 139 0.4680
5855.7000 297 140 0.4714
5859.0000 298 140 0.4698
5860.0000 298 141 0.4732
5863.7000 298 142 0.4765
5873.7000 298 143 0.4799
5874.0000 299 143 0.4783
5893.0000 300 143 0.4767
5895.4000 300 144 0.4800
5898.0000 300 145 0.4833
5914.0000 301 145 0.4817
5914.2000 301 146 0.4850
5932.0000 302 146 0.4834
5947.3000 302 147 0.4868
5948.5000 302 148 0.4901
5953.0000 303 148 0.4884
5969.5000 303 149 0.4917
5971.0000 304 149 0.4901
5980.5000 304 150 0.4934
5986.0000 305 150 0.4918
5996.8000 305 151 0.4951
6003.8000 305 152 0.4984
6007.7000 305 153 0.5016
6008.0000 306 153 0.5000
6024.0000 307 153 0.4984
6029.0000 307 154 0.5016
6041.0000 308 154 0.5000
6042.3000 308 155 0.5032
6063.0000 309 155 0.5016
6067.1000 309 156 0.5049
6068.1000 309 157 0.5081
6087.0000 310 157 0.5065
6105.0000 311 157 0.5048
6114.3000 311 158 0.5080
6124.0000 312 158 0.5064
6129.9000 312 159 0.5096
6145.0000 313 159 0.5080
6166.0000 314 159 0.5064
6182.0000 315 159 0.5048
6201.0000 316 159 0.5032
6211.5000 316 160 0.5063
6216.0000 317 160 0.5047
6231.0000 318 160 0.5031
6245.2000 318 161 0.5063
6248.0000 319 161 0.5047
6261.7000 319 162 0.5078
6267.0000 320 162 0.5063
6289.0000 321 162 0.5047
6289.3000 321 163 0.5078
6308.0000 322 163 0.5062
6332.0000 323 163 0.5046
6338.7000 323 164 0.5077
6355.0000 324 164 0.5062
6372.0000 325 164 0.5046
6374.6000 325 165 0.5077
6376.1000 325 166 0.5108
6384.7000 325 167 0.5138
6391.9000 325 168 0.5169
6393.0000 326 168 0.5153
6412.5000 326 169 0.5184
6417.0000 327 169 0.5168
6425.4000 327 170 0.5199
6431.8000 327 171 0.5229
6441.0000 328 171 0.5213
6465.0000 329 171 0.5198
6467.3000 329 172 0.5228
6486.0000 330 172 0.5212
6502.0000 331 172 0.5196
6518.0000 332 172 0.5181
6536.0000 333 172 0.5165
6548.1000 333 173 0.5195
6551.1000 333 174 0.5225
6553.0000 333 175 0.5255
6555.0000 334 175 0.5240
6572.0000 335 175 0.5224
6591.0000 336 175 0.5208
6606.9000 336 176 0.5238
6608.0000 337 176 0.5223
6631.0000 338 176 0.5207
6646.0000 339 176 0.5192
6665.0000 340 176 0.5176
6669.7000 340 177 0.5206
6684.0000 341 177 0.5191
6696.4000 341 178 0.5220
6699.7000 341 179 0.5249
6708.0000 342 179 0.5234
6725.0000 343 179 0.5219
6745.0000 344 179 0.5203
6760.0000 345 179 0.5188
6770.7000 345 180 0.5217
6781.0000 346 180 0.5202
6793.2000 346 181 0.5231
6800.0000 347 181 0.5216
6816.0000 348 181 0.5201
6827.4000 348 182 0.5230
6839.0000 349 182 0.5215
6854.0000 350 182 0.5200
6874.0000 351 182 0.5185
6889.0000 352 182 0.5170
6893.6000 352 183 0.5199
6900.6000 352 184 0.5227
6909.0000 353 184 0.5212
6918.8000 353 185 0.5241
6921.2000 353 186 0.5269
6930.0000 354 186 0.5254
6941.5000 354 187 0.5282
6951.0000 355 187 0.5268
6971.0000 356 187 0.5253
6973.3000 356 188 0.5281
6978.5000 356 189 0.5309
6995.0000 357 189 0.5294
7010.0000 358 189 0.5279
7019.8000 358 190 0.5307
7021.7000 358 191 0.5335
7029.0000 359 191 0.5320
7045.6000 359 192 0.5348
7048.0000 360 192 0.5333
7061.9000 360 193 0.5361
7071.0000 361 193 0.5346
7073.0000 361 194 0.5374
7093.0000 362 194 0.5359
7093.3000 362 195 0.5387
7108.0000 363 195 0.5372
7109.9000 363 196 0.5399
7111.2000 363 197 0.5427
7130.0000 364 197 0.5412
7147.0000 365 197 0.5397
7163.0000 366 197 0.5383
7177.2000 366 198 0.5410
7179.6000 366 199 0.5437
7180.0000 367 199 0.5422
7183.2000 367 200 0.5450
7197.0000 368 200 0.5435
7221.0000 369 200 0.5420
7240.0000 370 200 0.5405
7243.4000 370 201 0.5432
7253.6000 370 202 0.5459
7255.0000 371 202 0.5445
7272.0000 372 202 0.5430
7290.8000 372 203 0.5457
7296.0000 373 203 0.5442
7319.0000 374 203 0.5428
7333.2000 374 204 0.5455
7335.0000 375 204 0.5440
7351.5000 375 205 0.5467
7358.0000 376 205 0.5452
7378.0000 377 205 0.5438
7394.0000 378 205 0.5423
7406.7000 378 206 0.5450
7411.0000 379 206 0.5435
7429.4000 379 207 0.5462
7435.0000 380 207 0.5447
7436.5000 380 208 0.5474
7459.0000 381 208 0.5459
7468.4000 381 209 0.5486
7480.0000 382 209 0.5471
7498.0000 383 209 0.5457
7498.8000 383 210 0.5483
7507.3000 383 211 0.5509
7514.0000 384 211 0.5495
7533.2000 384 212 0.5521
7534.6000 384 213 0.5547
7536.0000 385 213 0.5532
7546.4000 385 214 0.5558
7559.0000 386 214 0.5544
7566.1000 386 215 0.5570
7574.0000 387 215 0.5556
7583.5000 387 216 0.5581
7585.3000 387 217 0.5607
7589.9000 387 218 0.5633
7589.9000 387 219 0.5659
7595.0000 388 219 0.5644
7610.5000 388 220 0.5670
7613.0000 389 220 0.5656
7621.5000 389 221 0.5681
7632.0000 390 221 0.5667
7656.0000 391 221 0.5652
7673.0000 392 221 0.5638
7685.6000 392 222 0.5663
7696.0000 393 222 0.5649
7696.9000 393 223 0.5674
7713.0000 394 223 0.5660
7723.1000 394 224 0.5685
7730.0000 395 224 0.5671
7745.0000 396 224 0.5657
7762.0000 397 224 0.5642
7784.0000 398 224 0.5628
7804.0000 399 224 0.5614
7815.8000 399 225 0.5639
7822.0000 400 225 0.5625
7822.3000 400 226 0.5650
7840.0000 401 226 0.5636
7858.0000 402 226 0.5622
7874.0000 403 226 0.5608
7874.5000 403 227 0.5633
7878.2000 403 228 0.5658
7883.6000 403 229 0.5682
7891.0000 403 230 0.5707
7895.0000 404 230 0.5693
7905.2000 404 231 0.5718
7914.0000 405 231 0.5704
7922.2000 405 232 0.5728
7931.0000 406 232 0.5714
7934.8000 406 233 0.5739
7948.0000 407 233 0.5725
7960.8000 407 234 0.5749
7972.0000 408 234 0.5735
7982.8000 408 235 0.5760
7987.0000 409 235 0.5746
7992.4000 409 236 0.5770
8002.0000 410 236 0.5756
8005.1000 410 237 0.5780
8024.0000 411 237 0.5766
8040.0000 412 237 0.5752
8041.7000 412 238 0.5777
8059.0000 413 238 0.5763
8082.0000 414 238 0.5749
8084.2000 414 239 0.5773
8099.0000 415 239 0.5759
8106.7000 415 240 0.5783
8116.0000 416 240 0.5769
8137.0000 417 240 0.5755
8144.6000 417 241 0.5779
8158.0000 418 241 0.5766
8168.9000 418 242 0.5789
8173.0000 419 242 0.5776
8190.0000 420 242 0.5762
8205.0000 421 242 0.5748
8205.7000 421 243 0.5772
8227.0000 422 243 0.5758
8235.0000 422 244 0.5782
8251.0000 423 244 0.5768
8270.0000 423 245 0.5792
8272.4000 423 246 0.5816
8272.4000 423 247 0.5839
8275.0000 424 247 0.5825
8284.1000 424 248 0.5849
8284.5000 424 249 0.5873
8285.8000 424 250 0.5896
8297.0000 425 250 0.5882
8310.4000 425 251 0.5906
8317.0000 426 251 0.5892
8336.0000 427 251 0.5878
8355.0000 427 252 0.5902
8357.1000 427 253 0.5925
8359.0000 428 253 0.5911
8375.0000 429 253 0.5897
8396.0000 430 253 0.5884
8404.7000 430 254 0.5907
8406.1000 430 255 0.5930
8407.3000 430 256 0.5953
8414.0000 431 256 0.5940
8427.0000 431 257 0.5963
8428.2000 431 258 0.5986
8437.0000 432 258 0.5972
8453.0000 433 258 0.5958
8458.5000 433 259 0.5982
8468.0000 434 259 0.5968
8492.0000 435 259 0.5954
8510.0000 436 259 0.5940
8525.0000 437 259 0.5927
8526.5000 437 260 0.5950
8530.8000 437 261 0.5973
8544.0000 438 261 0.5959
8548.0000 438 262 0.5982
8556.0000 438 263 0.6005
8559.4000 438 264 0.6027
8566.0000 439 264 0.6014
8572.8000 439 265 0.6036
8578.2000 439 266 0.6059
8586.0000 440 266 0.6045
8609.0000 441 266 0.6032
8625.0000 442 266 0.6018
8630.3000 442 267 0.6041
8630.8000 442 268 0.6063
8641.3000 442 269 0.6086
8644.0000 443 269 0.6072
8663.0000 444 269 0.6059
8663.0000 444 270 0.6081
8681.0000 445 270 0.6067
8697.0000 446 270 0.6054
8699.3000 446 271 0.6076
8705.9000 446 272 0.6099
8711.9000 446 273 0.6121
8719.0000 447 273 0.6107
8725.4000 447 274 0.6130
8730.3000 447 275 0.6152
8743.0000 448 275 0.6138
8748.3000 448 276 0.6161
8767.0000 449 276 0.6147
8778.0000 449 277 0.6169
8784.0000 450 277 0.6156
8793.6000 450 278 0.6178
8794.1000 450 279 0.6200
8800.0000 451 279 0.6186
8823.0000 452 279 0.6173
8824.9000 452 280 0.6195
8839.0000 453 280 0.6181
8854.0000 454 280 0.6167
8869.0000 455 280 0.6154
8888.6000 455 281 0.6176
8892.0000 456 281 0.6162
8897.5000 456 282 0.6184
8911.0000 457 282 0.6171
8929.0000 458 282 0.6157
8944.0000 459 282 0.6144
8955.3000 459 283 0.6166
8955.8000 459 284 0.6187
8961.0000 460 284 0.6174
8968.9000 460 285 0.6196
8979.0000 461 285 0.6182
8989.8000 461 286 0.6204
8996.6000 461 287 0.6226
8997.0000 462 287 0.6212
9011.3000 462 288 0.6234
9012.1000 462 289 0.6255
9013.0000 463 289 0.6242
9026.7000 463 290 0.6263
9035.0000 464 290 0.6250
9035.9000 464 291 0.6272
9058.0000 465 291 0.6258
9065.9000 465 292 0.6280
9073.0000 466 292 0.6266
9080.7000 466 293 0.6288
9093.5000 466 294 0.6309
9095.0000 467 294 0.6296
9119.0000 468 294 0.6282
9143.0000 469 294 0.6269
9162.0000 470 294 0.6255
9186.0000 471 294 0.6242
9196.5000 471 295 0.6263
9209.0000 472 295 0.6250
9215.1000 472 296 0.6271
9224.0000 473 296 0.6258
9245.0000 474 296 0.6245
9249.2000 474 297 0.6266
9264.0000 475 297 0.6253
9280.9000 475 298 0.6274
9288.0000 476 298 0.6261
9294.6000 476 299 0.6282
9300.8000 476 300 0.6303
9303.2000 476 301 0.6324
9306.5000 476 302 0.6345
9308.1000 476 303 0.6366
9310.0000 477 303 0.6352
9315.8000 477 304 0.6373
9323.1000 477 305 0.6394
9324.2000 477 306 0.6415
9326.0000 478 306 0.6402
9338.9000 478 307 0.6423
9341.0000 479 307 0.6409
9365.0000 480 307 0.6396
9387.0000 481 307 0.6383
9392.3000 481 308 0.6403
9403.0000 482 308 0.6390
9404.8000 482 309 0.6411
9426.0000 483 309 0.6398
9444.0000 484 309 0.6384
9452.1000 484 310 0.6405
9461.1000 484 311 0.6426
9468.0000 485 311 0.6412
9485.0000 486 311 0.6399
9496.5000 486 312 0.6420
9503.0000 487 312 0.6407
9518.5000 487 313 0.6427
9527.0000 488 313 0.6414
9527.3000 488 314 0.6434
9534.7000 488 315 0.6455
9538.8000 488 316 0.6475
9547.9000 488 317 0.6496
9550.0000 489 317 0.6483
9573.0000 490 317 0.6469
9591.0000 491 317 0.6456
9609.9000 491 318 0.6477
9613.4000 491 319 0.6497
9614.0000 492 319 0.6484
9632.0000 493 319 0.6471
9653.0000 494 319 0.6457
9665.9000 494 320 0.6478
9676.0000 495 320 0.6465
9693.0000 496 320 0.6452
9695.2000 496 321 0.6472
9715.0000 497 321 0.6459
9736.0000 498 321 0.6446
9738.5000 498 322 0.6466
9748.3000 498 323 0.6486
9750.0000 498 324 0.6506
9752.0000 499 324 0.6493
9761.5000 499 325 0.6513
9768.7000 499 326 0.6533
9769.8000 499 327 0.6553
9776.0000 500 327 0.6540
9791.7000 500 328 0.6560
9799.0000 501 328 0.6547
9804.9000 501 329 0.6567
9821.0000 502 329 0.6554
9837.0000 503 329 0.6541
9843.4000 503 330 0.6561
9846.7000 503 331 0.6581
9861.0000 504 331 0.6567
9879.0000 505 331 0.6554
9883.0000 505 332 0.6574
9894.0000 506 332 0.6561
9905.9000 506 333 0.6581
9909.0000 507 333 0.6568
9927.0000 508 333 0.6555
9946.0000 509 333 0.6542
9946.7000 509 334 0.6562
9969.0000 510 334 0.6549
9988.0000 511 334 0.6536
9995.7000 511 335 0.6556
10007.0000 512 335 0.6543
10007.4000 512 336 0.6563
10009.2000 512 337 0.6582
10024.0000 513 337 0.6569
10028.6000 513 338 0.6589
10037.7000 513 339 0.6608
10039.7000 513 340 0.6628
10042.5000 513 341 0.6647
10044.0000 514 341 0.6634
10067.0000 515 341 0.6621
10087.0000 516 341 0.6609
10111.0000 517 341 0.6596
10119.0000 517 342 0.6615
10123.9000 517 343 0.6634
10130.2000 517 344 0.6654
10132.0000 518 344 0.6641
10138.5000 518 345 0.6660
10154.0000 519 345 0.6647
10160.2000 519 346 0.6667
10175.8000 519 347 0.6686
10177.0000 520 347 0.6673
10194.0000 521 347 0.6660
10214.0000 521 348 0.6679
10216.0000 522 348 0.6667
10233.6000 522 349 0.6686
10235.0000 523 349 0.6673
10235.1000 523 350 0.6692
10252.0000 523 351 0.6711
10257.0000 524 351 0.6698
10265.1000 524 352 0.6718
10265.9000 524 353 0.6737
10272.5000 524 354 0.6756
10277.0000 524 355 0.6775
10281.0000 525 355 0.6762
10292.1000 525 356 0.6781
10300.0000 526 356 0.6768
10320.0000 527 356 0.6755
10323.7000 527 357 0.6774
10343.0000 528 357 0.6761
10343.6000 528 358 0.6780
10366.0000 529 358 0.6767
10374.1000 529 359 0.6786
10379.4000 529 360 0.6805
10382.0000 530 360 0.6792
10402.0000 531 360 0.6780
10404.2000 531 361 0.6798
10423.0000 532 361 0.6786
10424.8000 532 362 0.6805
10441.0000 533 362 0.6792
10441.0000 533 363 0.6811
10461.0000 534 363 0.6798
10480.0000 535 363 0.6785
10496.9000 535 364 0.6804
10497.0000 536 364 0.6791
10518.0000 537 364 0.6778
10524.1000 537 365 0.6797
10537.0000 538 365 0.6784
10552.3000 538 366 0.6803
10555.0000 539 366 0.6790
10571.0000 540 366 0.6778
10589.4000 540 367 0.6796
10591.0000 541 367 0.6784
10600.1000 541 368 0.6802
10615.0000 542 368 0.6790
10615.9000 542 369 0.6808
10637.0000 543 369 0.6796
10645.7000 543 370 0.6814
10648.9000 543 371 0.6832
10657.0000 544 371 0.6820
10665.2000 544 372 0.6838
10667.4000 544 373 0.6857
10681.0000 545 373 0.6844
10703.0000 546 373 0.6832
10726.0000 547 373 0.6819
10748.0000 548 373 0.6807
10768.0000 549 373 0.6794
10788.0000 550 373 0.6782
10807.1000 550 374 0.6800
10807.8000 550 375 0.6818
10808.0000 551 375 0.6806
10809.9000 551 376 0.6824
10823.0000 552 376 0.6812
10842.0000 553 376 0.6799
10862.3000 553 377 0.6817
10866.0000 554 377 0.6805
10875.8000 554 378 0.6823
10877.9000 554 379 0.6841
10884.2000 554 380 0.6859
10885.0000 555 380 0.6847
10887.3000 555 381 0.6865
10907.0000 556 381 0.6853
10925.0000 557 381 0.6840
10942.0000 558 381 0.6828
10946.6000 558 382 0.6846
10956.2000 558 383 0.6864
10966.0000 559 383 0.6852
10983.0000 560 383 0.6839
10990.4000 560 384 0.6857
11006.0000 561 384 0.6845
11019.7000 561 385 0.6863
11021.3000 561 386 0.6881
11023.0000 562 386 0.6868
11039.7000 562 387 0.6886
11046.0000 563 387 0.6874
11055.9000 563 388 0.6892
11058.5000 563 389 0.6909
11058.8000 563 390 0.6927
11059.1000 563 391 0.6945
11068.0000 564 391 0.6933
11084.0000 565 391 0.6920
11087.3000 565 392 0.6938
11098.0000 565 393 0.6956
11102.0000 566 393 0.6943
11116.8000 566 394 0.6961
11120.0000 567 394 0.6949
11126.6000 567 395 0.6966
11137.9000 567 396 0.6984
11143.0000 568 396 0.6972
11166.0000 569 396 0.6960
11171.9000 569 397 0.6977
11182.0000 570 397 0.6965
11191.1000 570 398 0.6982
11201.0000 571 398 0.6970
11207.5000 571 399 0.6988
11210.9000 571 400 0.7005
11218.0000 572 400 0.6993
11219.1000 572 401 0.7010
11231.0000 572 402 0.7028
11238.0000 573 402 0.7016
11260.0000 574 402 0.7003
11280.0000 575 402 0.6991
11291.4000 575 403 0.7009
11298.0000 576 403 0.6997
11308.0000 576 404 0.7014
11308.0000 576 405 0.7031
11315.7000 576 406 0.7049
11319.0000 577 406 0.7036
11320.7000 577 407 0.7054
11322.3000 577 408 0.7071
11331.7000 577 409 0.7088
11343.0000 578 409 0.7076
11363.0000 579 409 0.7064
11381.0000 580 409 0.7052
11392.0000 580 410 0.7069
11405.0000 581 410 0.7057
11408.3000 581 411 0.7074
11424.0000 582 411 0.7062
11432.3000 582 412 0.7079
11433.2000 582 413 0.7096
11441.3000 582 414 0.7113
11443.0000 583 414 0.7101
11444.4000 583 415 0.7118
11445.4000 583 416 0.7136
11459.6000 583 417 0.7153
11461.6000 583 418 0.7170
11467.0000 584 418 0.7158
11491.0000 585 418 0.7145
11508.6000 585 419 0.7162
11511.0000 586 419 0.7150
11513.2000 586 420 0.7167
11529.0000 587 420 0.7155
11547.0000 588 420 0.7143
11560.8000 588 421 0.7160
11566.0000 589 421 0.7148
11586.0000 590 421 0.7136
11610.0000 591 421 0.7124
11626.0000 592 421 0.7111
11640.2000 592 422 0.7128
11646.4000 592 423 0.7145
11650.0000 593 423 0.7133
11665.0000 594 423 0.7121
11680.0000 595 423 0.7109
11685.7000 595 424 0.7126
11687.9000 595 425 0.7143
11689.7000 595 426 0.7160
11696.0000 596 426 0.7148
11711.0000 597 426 0.7136
11731.0000 598 426 0.7124
11755.0000 599 426 0.7112
11771.0000 600 426 0.7100
11781.7000 600 427 0.7117
11789.4000 600 428 0.7133
11789.8000 600 429 0.7150
11790.0000 601 429 0.7138
11796.5000 601 430 0.7155
11805.5000 601 431 0.7171
11809.0000 602 431 0.7159
11809.6000 602 432 0.7176
11827.0000 603 432 0.7164
11833.2000 603 433 0.7181
11840.6000 603 434 0.7197
11851.0000 604 434 0.7185
11867.0000 605 434 0.7174
11869.6000 605 435 0.7190
11872.9000 605 436 0.7207
11885.0000 606 436 0.7195
11907.0000 607 436 0.7183
11929.0000 608 436 0.7171
11933.3000 608 437 0.7188
11935.8000 608 438 0.7204
11940.3000 608 439 0.7220
11948.0000 609 439 0.7209
11949.1000 609 440 0.7225
11959.7000 609 441 0.7241
11971.0000 610 441 0.7230
11980.9000 610 442 0.7246
11989.6000 610 443 0.7262
11995.0000 611 443 0.7250
12012.0000 612 443 0.7239
12033.0000 613 443 0.7227
12040.5000 613 444 0.7243
12048.0000 614 444 0.7231
12050.3000 614 445 0.7248
12051.8000 614 446 0.7264
12070.0000 615 446 0.7252
12072.9000 615 447 0.7268
12073.0000 615 448 0.7285
12088.0000 616 448 0.7273
12092.1000 616 449 0.7289
12104.0000 617 449 0.7277
12124.0000 618 449 0.7265
12125.9000 618 450 0.7282
12145.0000 619 450 0.7270
12153.5000 619 451 0.7286
12165.0000 620 451 0.7274
12189.0000 621 451 0.7262
12209.0000 622 451 0.7251
12211.8000 622 452 0.7267
12216.4000 622 453 0.7283
12217.1000 622 454 0.7299
12218.2000 622 455 0.7315
12220.5000 622 456 0.7331
12226.0000 623 456 0.7319
12249.0000 624 456 0.7308
12262.7000 624 457 0.7324
12263.2000 624 458 0.7340
12270.0000 625 458 0.7328
12280.1000 625 459 0.7344
12286.7000 625 460 0.7360
12287.0000 626 460 0.7348
12289.8000 626 461 0.7364
12305.0000 627 461 0.7352
12309.2000 627 462 0.7368
12314.5000 627 463 0.7384
12323.0000 628 463 0.7373
12329.4000 628 464 0.7389
12329.5000 628 465 0.7404
12332.7000 628 466 0.7420
12339.0000 629 466 0.7409
12358.0000 630 466 0.7397
12375.1000 630 467 0.7413
12377.0000 631 467 0.7401
12379.9000 631 468 0.7417
12399.0000 632 468 0.7405
12416.9000 632 469 0.7421
12421.0000 633 469 0.7409
12444.0000 634 469 0.7397
12444.7000 634 470 0.7413
12463.0000 635 470 0.7402
12479.0000 636 470 0.7390
12483.1000 636 471 0.7406
12485.0000 636 472 0.7421
12495.5000 636 473 0.7437
12496.4000 636 474 0.7453
12497.0000 637 474 0.7441
12518.0000 638 474 0.7429
12537.8000 638 475 0.7445
12538.0000 639 475 0.7433
12543.5000 639 476 0.7449
12556.0000 640 476 0.7438
12566.4000 640 477 0.7453
12568.6000 640 478 0.7469
12575.0000 641 478 0.7457
12587.1000 641 479 0.7473
12596.0000 642 479 0.7461
12598.0000 642 480 0.7477
12611.0000 643 480 0.7465
12627.6000 643 481 0.7481
12635.0000 644 481 0.7469
12642.9000 644 482 0.7484
12655.0000 645 482 0.7473
12672.0000 646 482 0.7461
12691.0000 647 482 0.7450
12704.9000 647 483 0.7465
12706.4000 647 484 0.7481
12713.0000 648 484 0.7469
12726.0000 648 485 0.7485
12727.4000 648 486 0.7500
12737.0000 649 486 0.7488
12747.1000 649 487 0.7504
12761.0000 650 487 0.7492
12766.4000 650 488 0.7508
12772.9000 650 489 0.7523
12781.0000 651 489 0.7512
12784.8000 651 490 0.7527
12798.0000 652 490 0.7515
12818.0000 653 490 0.7504
12832.1000 653 491 0.7519
12839.0000 654 491 0.7508
12857.7000 654 492 0.7523
12863.0000 655 492 0.7511
12867.5000 655 493 0.7527
12884.0000 656 493 0.7515
12895.5000 656 494 0.7530
12901.0000 657 494 0.7519
12919.0000 658 494 0.7508
12934.8000 658 495 0.7523
12935.6000 658 496 0.7538
12936.0000 659 496 0.7527
12954.0000 660 496 0.7515
12971.0000 661 496 0.7504
12976.7000 661 497 0.7519
12986.0000 662 497 0.7508
12986.4000 662 498 0.7523
12993.5000 662 499 0.7538
13009.0000 663 499 0.7526
13009.3000 663 500 0.7541
13029.0000 664 500 0.7530
13048.0000 665 500 0.7519
13049.7000 665 501 0.7534
13069.0000 666 501 0.7523
13080.5000 666 502 0.7538
13081.1000 666 503 0.7553
13082.6000 666 504 0.7568
13090.0000 667 504 0.7556
13112.0000 668 504 0.7545
13132.3000 668 505 0.7560
13135.0000 669 505 0.7549
13136.3000 669 506 0.7564
13138.5000 669 507 0.7578
13146.6000 669 508 0.7593
13150.3000 669 509 0.7608
13157.0000 670 509 0.7597
13172.9000 670 510 0.7612
13175.0000 671 510 0.7601
13198.0000 672 510 0.7589
13222.0000 673 510 0.7578
13235.4000 673 511 0.7593
13237.0000 674 511 0.7582
13238.8000 674 512 0.7596
13261.0000 675 512 0.7585
13279.0000 676 512 0.7574
13288.8000 676 513 0.7589
13290.7000 676 514 0.7604
13303.0000 677 514 0.7592
13309.8000 677 515 0.7607
13311.1000 677 516 0.7622
13327.0000 678 516 0.7611
13344.0000 679 516 0.7599
13367.0000 680 516 0.7588
13370.8000 680 517 0.7603
13383.0000 680 518 0.7618
13383.6000 680 519 0.7632
13385.0000 681 519 0.7621
13387.8000 681 520 0.7636
13400.0000 682 520 0.7625
13421.8000 682 521 0.7639
13422.0000 683 521 0.7628
13439.0000 684 521 0.7617
13454.1000 684 522 0.7632
13463.0000 685 522 0.7620
13485.0000 686 522 0.7609
13501.0000 687 522 0.7598
13512.9000 687 523 0.7613
13514.1000 687 524 0.7627
13522.0000 688 524 0.7616
13534.7000 688 525 0.7631
13535.9000 688 526 0.7645
13543.0000 689 526 0.7634
13558.0000 690 526 0.7623
13578.0000 691 526 0.7612
13582.3000 691 527 0.7627
13597.0000 692 527 0.7616
13600.2000 692 528 0.7630
13601.2000 692 529 0.7645
13604.2000 692 530 0.7659
13605.2000 692 531 0.7673
13605.9000 692 532 0.7688
13612.0000 693 532 0.7677
13622.2000 693 533 0.7691
13633.0000 694 533 0.7680
13654.0000 695 533 0.7669
13654.6000 695 534 0.7683
13662.9000 695 535 0.7698
13669.7000 695 536 0.7712
13674.0000 696 536 0.7701
13680.7000 696 537 0.7716
13689.0000 697 537 0.7704
13694.2000 697 538 0.7719
13695.3000 697 539 0.7733
13701.0000 697 540 0.7747
13701.7000 697 541 0.7762
13713.0000 698 541 0.7751
13732.6000 698 542 0.7765
13733.0000 699 542 0.7754
13750.0000 700 542 0.7743
13751.3000 700 543 0.7757
13771.0000 701 543 0.7746
13772.1000 701 544 0.7760
13787.0000 702 544 0.7749
13793.3000 702 545 0.7764
13808.0000 703 545 0.7752
13808.1000 703 546 0.7767
13831.0000 704 546 0.7756
13853.0000 705 546 0.7745
13874.0000 706 546 0.7734
13894.0000 707 546 0.7723
13910.8000 707 547 0.7737
13915.0000 708 547 0.7726
13937.0000 709 547 0.7715
13939.5000 709 548 0.7729
13952.0000 710 548 0.7718
13976.0000 711 548 0.7707
13979.8000 711 549 0.7722
13994.0000 712 549 0.7711
14006.6000 712 550 0.7725
14008.7000 712 551 0.7739
14009.6000 712 552 0.7753
14011.0000 713 552 0.7742
14028.3000 713 553 0.7756
14032.0000 714 553 0.7745
14039.9000 714 554 0.7759
14056.0000 715 554 0.7748
14061.1000 715 555 0.7762
14071.0000 715 556 0.7776
14077.0000 716 556 0.7765
14092.0000 717 556 0.7755
14107.0000 718 556 0.7744
14123.0000 719 556 0.7733
14147.0000 720 556 0.7722
14167.0000 721 556 0.7712
14186.0000 722 556 0.7701
14204.0000 723 556 0.7690
14225.0000 724 556 0.7680
14240.1000 724 557 0.7693
14242.7000 724 558 0.7707
14245.0000 725 558 0.7697
14267.0000 726 558 0.7686
14269.6000 726 559 0.7700
14271.9000 726 560 0.7713
14286.0000 727 560 0.7703
14304.0000 728 560 0.7692
14315.6000 728 561 0.7706
14316.5000 728 562 0.7720
14318.6000 728 563 0.7734
14323.0000 729 563 0.7723
14343.0000 730 563 0.7712
14363.0000 731 563 0.7702
14385.0000 732 563 0.7691
14404.0000 733 563 0.7681
14420.0000 734 563 0.7670
14421.8000 734 564 0.7684
14441.0000 735 564 0.7673
14456.0000 736 564 0.7663
14466.4000 736 565 0.7677
14475.0000 737 565 0.7666
14499.0000 738 565 0.7656
14504.4000 738 566 0.7669
14523.0000 739 566 0.7659
14544.0000 740 566 0.7649
14568.0000 741 566 0.7638
14569.4000 741 567 0.7652
14588.0000 742 567 0.7642
14603.0000 743 567 0.7631
14617.4000 743 568 0.7645
14618.0000 744 568 0.7634
14629.4000 744 569 0.7648
14631.1000 744 570 0.7661
14639.0000 745 570 0.7651
14655.0000 746 570 0.7641
14657.4000 746 571 0.7654
14676.0000 747 571 0.7644
14696.0000 748 571 0.7634
14701.7000 748 572 0.7647
14705.8000 748 573 0.7660
14718.0000 749 573 0.7650
14736.0000 750 573 0.7640
14746.0000 750 574 0.7653
14753.9000 750 575 0.7667
14756.0000 751 575 0.7656
14773.0000 752 575 0.7646
14790.0000 753 575 0.7636
14809.0000 754 575 0.7626
14827.8000 754 576 0.7639
14831.0000 755 576 0.7629
14847.9000 755 577 0.7642
14848.0000 756 577 0.7632
14867.0000 757 577 0.7622
14887.9000 757 578 0.7635
14889.0000 758 578 0.7625
14889.0000 758 579 0.7639
14905.0000 759 579 0.7628
14913.7000 759 580 0.7642
14921.8000 759 581 0.7655
14926.9000 759 582 0.7668
14927.0000 760 582 0.7658
14942.0000 761 582 0.7648
14960.0000 761 583 0.7661
14961.0000 762 583 0.7651
14974.3000 762 584 0.7664
14984.0000 763 584 0.7654
14999.0000 764 584 0.7644
15001.4000 764 585 0.7657
15002.1000 764 586 0.7670
15004.0000 764 587 0.7683
15021.0000 765 587 0.7673
15022.6000 765 588 0.7686
15031.8000 765 589 0.7699
15034.7000 765 590 0.7712
15036.9000 765 591 0.7725
15039.7000 765 592 0.7739
15041.0000 766 592 0.7728
15058.0000 767 592 0.7718
15074.0000 768 592 0.7708
15089.2000 768 593 0.7721
15093.0000 769 593 0.7711
15114.0000 770 593 0.7701
15125.1000 770 594 0.7714
15127.7000 770 595 0.7727
15132.0000 771 595 0.7717
15149.0000 772 595 0.7707
15170.3000 772 596 0.7720
15172.0000 773 596 0.7710
15173.0000 773 597 0.7723
15190.0000 774 597 0.7713
15212.0000 775 597 0.7703
15225.9000 775 598 0.7716
15235.0000 776 598 0.7706
15256.0000 777 598 0.7696
15266.0000 777 599 0.7709
15273.9000 777 600 0.7722
15274.9000 777 601 0.7735
15280.0000 778 601 0.7725
15290.0000 778 602 0.7738
15297.0000 779 602 0.7728
15318.0000 780 602 0.7718
15336.0000 781 602 0.7708
15360.0000 782 602 0.7698
15381.0000 783 602 0.7688
15399.0000 784 602 0.7679
15407.7000 784 603 0.7691
15419.0000 785 603 0.7682
15439.2000 785 604 0.7694
15441.0000 786 604 0.7684
15442.1000 786 605 0.7697
15465.0000 787 605 0.7687
15482.0000 788 605 0.7678
15494.7000 788 606 0.7690
15504.0000 789 606 0.7681
15526.0000 790 606 0.7671
15536.2000 790 607 0.7684
15538.7000 790 608 0.7696
15547.0000 791 608 0.7686
15569.0000 792 608 0.7677
15591.0000 793 608 0.7667
15615.0000 794 608 0.7657
15632.0000 795 608 0.7648
15647.0000 795 609 0.7660
15651.0000 796 609 0.7651
15662.6000 796 610 0.7663
15666.0000 797 610 0.7654
15684.0000 798 610 0.7644
15708.0000 799 610 0.7635
15724.0000 800 610 0.7625
15742.4000 800 611 0.7638
15743.0000 800 612 0.7650
15745.7000 800 613 0.7663
15746.0000 801 613 0.7653
15755.2000 801 614 0.7665
15761.5000 801 615 0.7678
15764.0000 802 615 0.7668
15772.1000 802 616 0.7681
15780.2000 802 617 0.7693
15782.0000 803 617 0.7684
15793.3000 803 618 0.7696
15799.0000 804 618 0.7687
15815.0000 805 618 0.7677
15838.0000 806 618 0.7667
15854.0000 807 618 0.7658
15871.6000 807 619 0.7670
15873.0000 808 619 0.7661
15880.0000 808 620 0.7673
15891.0000 808 621 0.7686
15894.0000 809 621 0.7676
15909.0000 810 621 0.7667
15919.9000 810 622 0.7679
15927.0000 811 622 0.7670
15948.0000 812 622 0.7660
15953.1000 812 623 0.7672
15967.0000 813 623 0.7663
15971.3000 813 624 0.7675
15981.4000 813 625 0.7688
15990.0000 814 625 0.7678
16004.6000 814 626 0.7690
16008.1000 814 627 0.7703
16010.0000 815 627 0.7693
16019.4000 815 628 0.7706
16027.0000 816 628 0.7696
16039.8000 816 629 0.7708
16042.0000 817 629 0.7699
16060.9000 817 630 0.7711
16061.0000 818 630 0.7702
16064.0000 818 631 0.7714
16065.1000 818 632 0.7726
16080.0000 819 632 0.7717
16083.7000 819 633 0.7729
16104.0000 820 633 0.7720
16124.0000 821 633 0.7710
16127.7000 821 634 0.7722
16139.0000 822 634 0.7713
16155.0000 823 634 0.7704
16155.2000 823 635 0.7716
16175.0000 824 635 0.7706
16196.0000 825 635 0.7697
16212.0000 826 635 0.7688
16220.0000 826 636 0.7700
16230.0000 827 636 0.7690
16232.1000 827 637 0.7703
16245.0000 828 637 0.7693
16250.6000 828 638 0.7705
16251.0000 828 639 0.7717
16258.9000 828 640 0.7729
16261.0000 829 640 0.7720
16276.9000 829 641 0.7732
16281.0000 830 641 0.7723
16295.8000 830 642 0.7735
16301.0000 831 642 0.7726
16309.6000 831 643 0.7738
16322.0000 832 643 0.7728
16331.0000 832 644 0.7740
16333.8000 832 645 0.7752
16336.7000 832 646 0.7764
16338.0000 833 646 0.7755
16346.4000 833 647 0.7767
16357.0000 834 647 0.7758
16365.8000 834 648 0.7770
16380.0000 835 648 0.7760
16389.2000 835 649 0.7772
16399.0000 836 649 0.7763
16410.7000 836 650 0.7775
16416.0000 837 650 0.7766
16433.0000 838 650 0.7757
16437.6000 838 651 0.7768
16455.0000 839 651 0.7759
16479.0000 840 651 0.7750
16491.8000 840 652 0.7762
16503.0000 841 652 0.7753
16520.1000 841 653 0.7765
16526.0000 842 653 0.7755
16543.7000 842 654 0.7767
16547.0000 843 654 0.7758
16568.0000 844 654 0.7749
16589.0000 845 654 0.7740
16604.9000 845 655 0.7751
16610.0000 846 655 0.7742
16627.3000 846 656 0.7754
16628.0000 847 656 0.7745
16646.0000 848 656 0.7736
16662.0000 849 656 0.7727
16666.9000 849 657 0.7739
16682.0000 850 657 0.7729
16699.0000 851 657 0.7720
16721.7000 851 658 0.7732
16723.0000 852 658 0.7723
16745.0000 853 658 0.7714
16760.0000 854 658 0.7705
16783.0000 855 658 0.7696
16784.2000 855 659 0.7708
16800.0000 856 659 0.7699
16805.1000 856 660 0.7710
16818.0000 857 660 0.7701
16835.0000 858 660 0.7692
16849.4000 858 661 0.7704
16852.1000 858 662 0.7716
16858.0000 859 662 0.7707
16881.0000 860 662 0.7698
16901.0000 861 662 0.7689
16913.8000 861 663 0.7700
16917.0000 862 663 0.7691
16932.7000 862 664 0.7703
16935.0000 863 664 0.7694
16959.0000 864 664 0.7685
16963.0000 864 665 0.7697
16980.0000 865 665 0.7688
16988.1000 865 666 0.7699
16997.0000 866 666 0.7691
17021.0000 867 666 0.7682
17031.9000 867 667 0.7693
17040.0000 868 667 0.7684
17063.0000 869 667 0.7675
17076.8000 869 668 0.7687
17082.0000 870 668 0.7678
17092.2000 870 669 0.7690
17096.3000 870 670 0.7701
17105.0000 871 670 0.7692
17119.1000 871 671 0.7704
17119.8000 871 672 0.7715
17126.0000 872 672 0.7706
17143.0000 873 672 0.7698
17152.2000 873 673 0.7709
17152.7000 873 674 0.7721
17162.0000 874 674 0.7712
17181.0000 875 674 0.7703
17202.0000 876 674 0.7694
17225.0000 877 674 0.7685
17225.2000 877 675 0.7697
17235.7000 877 676 0.7708
17238.1000 877 677 0.7719
17239.6000 877 678 0.7731
17240.0000 878 678 0.7722
17259.0000 879 678 0.7713
17278.0000 880 678 0.7705
17299.0000 881 678 0.7696
17318.0000 882 678 0.7687
17336.0000 883 678 0.7678
17338.6000 883 679 0.7690
17344.4000 883 680 0.7701
17353.0000 884 680 0.7692
17354.6000 884 681 0.7704
17357.6000 884 682 0.7715
17366.9000 884 683 0.7726
17370.0000 885 683 0.7718
17371.3000 885 684 0.7729
17393.6000 885 685 0.7740
17394.0000 886 685 0.7731
17416.0000 887 685 0.7723
17439.0000 888 685 0.7714
17454.0000 889 685 0.7705
17469.2000 889 686 0.7717
17472.7000 889 687 0.7728
17477.0000 890 687 0.7719
17497.0000 891 687 0.7710
17515.0000 892 687 0.7702
17515.9000 892 688 0.7713
17535.0000 893 688 0.7704
17558.0000 894 688 0.7696
17574.0000 895 688 0.7687
17582.3000 895 689 0.7698
17598.0000 896 689 0.7690
17599.3000 896 690 0.7701
17619.0000 897 690 0.7692
17632.9000 897 691 0.7703
17639.0000 898 691 0.7695
17654.0000 899 691 0.7686
17672.0000 900 691 0.7678
17682.8000 900 692 0.7689
17690.0000 901 692 0.7680
17710.0000 902 692 0.7672
17730.2000 902 693 0.7683
17734.0000 903 693 0.7674
17751.0000 904 693 0.7666
17758.4000 904 694 0.7677
17773.8000 904 695 0.7688
17774.0000 905 695 0.7680
17785.2000 905 696 0.7691
17793.0000 906 696 0.7682
17808.0000 907 696 0.7674
17813.6000 907 697 0.7685
17816.7000 907 698 0.7696
17826.0000 908 698 0.7687
17846.0000 909 698 0.7679
17864.0000 910 698 0.7670
17884.0000 911 698 0.7662
17888.3000 911 699 0.7673
17899.0000 912 699 0.7664
17916.1000 912 700 0.7675
17917.0000 913 700 0.7667
17930.6000 913 701 0.7678
17933.3000 913 702 0.7689
17934.5000 913 703 0.7700
17934.7000 913 704 0.7711
17936.0000 914 704 0.7702
17958.0000 915 704 0.7694
17974.3000 915 705 0.7705
17976.0000 916 705 0.7697
17976.3000 916 706 0.7707
18000.0000 917 706 0.7699
