# time  created  delivered  delivered/created
22.0000 1 0 0.0000
38.0000 2 0 0.0000
54.0000 3 0 0.0000
72.0000 4 0 0.0000
94.0000 5 0 0.0000
110.0000 6 0 0.0000
133.0000 7 0 0.0000
153.0000 8 0 0.0000
175.0000 9 0 0.0000
191.0000 10 0 0.0000
210.0000 11 0 0.0000
225.0000 12 0 0.0000
249.0000 13 0 0.0000
265.0000 14 0 0.0000
281.0000 15 0 0.0000
304.0000 16 0 0.0000
328.0000 17 0 0.0000
343.0000 18 0 0.0000
367.0000 19 0 0.0000
382.0000 20 0 0.0000
399.0000 21 0 0.0000
420.0000 22 0 0.0000
439.0000 23 0 0.0000
458.0000 24 0 0.0000
480.0000 25 0 0.0000
497.0000 26 0 0.0000
515.0000 27 0 0.0000
538.0000 28 0 0.0000
562.0000 29 0 0.0000
581.0000 30 0 0.0000
581.2000 30 1 0.0333
603.0000 31 1 0.0323
625.0000 32 1 0.0313
640.9000 32 2 0.0625
646.0000 33 2 0.0606
661.6000 33 3 0.0909
667.0000 34 3 0.0882
685.0000 35 3 0.0857
691.0000 35 4 0.1143
700.0000 36 4 0.1111
714.0000 36 5 0.1389
722.0000 37 5 0.1351
741.0000 38 5 0.1316
764.0000 39 5 0.1282
775.8000 39 6 0.1538
784.0000 40 6 0.1500
806.0000 41 6 0.1463
829.0000 42 6 0.1429
851.0000 43 6 0.1395
873.0000 44 6 0.1364
895.0000 45 6 0.1333
918.0000 46 6 0.1304
935.7000 46 7 0.1522
941.0000 47 7 0.1489
957.0000 48 7 0.1458
975.0000 49 7 0.1429
998.0000 50 7 0.1400
1018.0000 51 7 0.1373
1040.0000 52 7 0.1346
1056.0000 53 7 0.1321
1077.0000 54 7 0.1296
1096.0000 55 7 0.1273
1117.0000 56 7 0.1250
1137.0000 57 7 0.1228
1159.0000 58 7 0.1207
1179.0000 59 7 0.1186
1195.2000 59 8 0.1356
1201.0000 60 8 0.1333
1216.0000 61 8 0.1311
1225.2000 61 9 0.1475
1232.0000 62 9 0.1452
1251.0000 63 9 0.1429
1268.0000 64 9 0.1406
1287.0000 65 9 0.1385
1308.0000 66 9 0.1364
1327.0000 67 9 0.1343
1342.0000 68 9 0.1324
1364.0000 69 9 0.1304
1381.1000 69 10 0.1449
1388.0000 70 10 0.1429
1397.1000 70 11 0.1571
1407.0000 71 11 0.1549
1422.0000 72 11 0.1528
1442.0000 73 11 0.1507
1464.0000 74 11 0.1486
1475.9000 74 12 0.1622
1478.4000 74 13 0.1757
1479.0000 75 13 0.1733
1483.1000 75 14 0.1867
1500.0000 76 14 0.1842
1502.1000 76 15 0.1974
1518.0000 77 15 0.1948
1542.0000 78 15 0.1923
1555.9000 78 16 0.2051
1562.0000 79 16 0.2025
1577.0000 80 16 0.2000
1594.5000 80 17 0.2125
1600.0000 81 17 0.2099
1620.0000 82 17 0.2073
1637.0000 83 17 0.2048
1652.0000 84 17 0.2024
1673.0000 85 17 0.2000
1695.0000 86 17 0.1977
1707.0000 86 18 0.2093
1709.8000 86 19 0.2209
1713.0000 87 19 0.2184
1736.2000 87 20 0.2299
1737.0000 88 20 0.2273
1739.8000 88 21 0.2386
1760.0000 89 21 0.2360
1781.0000 90 21 0.2333
1804.0000 91 21 0.2308
1826.0000 92 21 0.2283
1849.0000 93 21 0.2258
1870.0000 94 21 0.2234
1880.0000 94 22 0.2340
1882.8000 94 23 0.2447
1890.0000 95 23 0.2421
1911.0000 96 23 0.2396
1929.0000 97 23 0.2371
1948.0000 98 23 0.2347
1965.0000 99 23 0.2323
1980.0000 100 23 0.2300
2002.0000 101 23 0.2277
2024.0000 102 23 0.2255
2026.9000 102 24 0.2353
2035.6000 102 25 0.2451
2041.0000 103 25 0.2427
2064.0000 104 25 0.2404
2080.0000 105 25 0.2381
2095.0000 106 25 0.2358
2119.0000 107 25 0.2336
2139.0000 108 25 0.2315
2143.5000 108 26 0.2407
2161.0000 109 26 0.2385
2178.0000 110 26 0.2364
2199.0000 111 26 0.2342
2217.0000 111 27 0.2432
2222.0000 112 27 0.2411
2240.0000 113 27 0.2389
2259.0000 114 27 0.2368
2275.0000 115 27 0.2348
2295.0000 116 27 0.2328
2314.0000 117 27 0.2308
2325.1000 117 28 0.2393
2335.0000 118 28 0.2373
2354.0000 119 28 0.2353
2377.0000 120 28 0.2333
2396.0000 121 28 0.2314
2411.0000 122 28 0.2295
2412.0000 122 29 0.2377
2433.0000 123 29 0.2358
2452.0000 124 29 0.2339
2460.7000 124 30 0.2419
2470.3000 124 31 0.2500
2474.0000 125 31 0.2480
2490.0000 125 32 0.2560
2496.0000 126 32 0.2540
2506.7000 126 33 0.2619
2511.0000 127 33 0.2598
2526.0000 128 33 0.2578
2546.0000 129 33 0.2558
2552.7000 129 34 0.2636
2555.6000 129 35 0.2713
2563.0000 130 35 0.2692
2586.0000 131 35 0.2672
2601.0000 132 35 0.2652
2621.0000 133 35 0.2632
2641.0000 134 35 0.2612
2662.0000 135 35 0.2593
2678.0000 136 35 0.2574
2689.6000 136 36 0.2647
2693.0000 137 36 0.2628
2699.2000 137 37 0.2701
2716.0000 138 37 0.2681
2735.0000 139 37 0.2662
2741.3000 139 38 0.2734
2754.0000 140 38 0.2714
2771.0000 141 38 0.2695
2773.0000 141 39 0.2766
2788.0000 142 39 0.2746
2800.0000 142 40 0.2817
2807.0000 143 40 0.2797
2823.1000 143 41 0.2867
2831.0000 144 41 0.2847
2853.0000 145 41 0.2828
2868.0000 146 41 0.2808
2872.7000 146 42 0.2877
2891.0000 147 42 0.2857
2911.0000 148 42 0.2838
2926.0000 149 42 0.2819
2942.0000 150 42 0.2800
2947.3000 150 43 0.2867
2954.4000 150 44 0.2933
2962.0000 151 44 0.2914
2979.0000 152 44 0.2895
3003.0000 153 44 0.2876
3024.0000 154 44 0.2857
3040.0000 155 44 0.2839
3064.0000 156 44 0.2821
3065.8000 156 45 0.2885
3086.0000 157 45 0.2866
3110.0000 158 45 0.2848
3129.0000 159 45 0.2830
3147.0000 160 45 0.2813
3166.0000 161 45 0.2795
3190.0000 162 45 0.2778
3210.0000 163 45 0.2761
3225.0000 164 45 0.2744
3234.2000 164 46 0.2805
3243.0000 165 46 0.2788
3260.0000 166 46 0.2771
3271.8000 166 47 0.2831
3283.0000 167 47 0.2814
3305.0000 168 47 0.2798
3321.0000 169 47 0.2781
3344.0000 170 47 0.2765
3365.0000 171 47 0.2749
3365.3000 171 48 0.2807
3385.0000 172 48 0.2791
3408.0000 173 48 0.2775
3425.8000 173 49 0.2832
3428.0000 174 49 0.2816
3432.5000 174 50 0.2874
3449.0000 175 50 0.2857
3454.7000 175 51 0.2914
3472.0000 176 51 0.2898
3488.0000 177 51 0.2881
3511.0000 178 51 0.2865
3527.8000 178 52 0.2921
3535.0000 179 52 0.2905
3547.0000 179 53 0.2961
3552.0000 180 53 0.2944
3570.0000 181 53 0.2928
3571.1000 181 54 0.2983
3575.8000 181 55 0.3039
3589.0000 182 55 0.3022
3604.0000 183 55 0.3005
3619.0000 184 55 0.2989
3638.0000 185 55 0.2973
3653.0000 186 55 0.2957
3669.0000 187 55 0.2941
3682.2000 187 56 0.2995
3689.0000 188 56 0.2979
3712.0000 189 56 0.2963
3730.0000 190 56 0.2947
3754.0000 191 56 0.2932
3771.0000 192 56 0.2917
3787.0000 193 56 0.2902
3809.0000 194 56 0.2887
3832.0000 195 56 0.2872
3854.0000 196 56 0.2857
3873.0000 197 56 0.2843
3876.0000 197 57 0.2893
3895.0000 198 57 0.2879
3919.0000 199 57 0.2864
3938.0000 200 57 0.2850
3946.1000 200 58 0.2900
3955.0000 201 58 0.2886
3975.0000 202 58 0.2871
3996.0000 203 58 0.2857
4012.0000 204 58 0.2843
4031.0000 205 58 0.2829
4052.0000 206 58 0.2816
4070.0000 207 58 0.2802
4094.0000 208 58 0.2788
4112.6000 208 59 0.2837
4115.0000 209 59 0.2823
4130.0000 209 60 0.2871
4134.0000 210 60 0.2857
4153.0000 211 60 0.2844
4171.0000 212 60 0.2830
4194.0000 213 60 0.2817
4214.0000 214 60 0.2804
4214.5000 214 61 0.2850
4235.0000 215 61 0.2837
4251.0000 216 61 0.2824
4268.6000 216 62 0.2870
4272.0000 217 62 0.2857
4284.9000 217 63 0.2903
4290.0000 218 63 0.2890
4314.0000 219 63 0.2877
4338.0000 220 63 0.2864
4360.0000 221 63 0.2851
4381.0000 222 63 0.2838
4400.0000 223 63 0.2825
4419.0000 224 63 0.2813
4419.1000 224 64 0.2857
4434.0000 225 64 0.2844
4435.5000 225 65 0.2889
4452.4000 225 66 0.2933
4458.0000 226 66 0.2920
4476.0000 227 66 0.2907
4497.0000 228 66 0.2895
4515.0000 229 66 0.2882
4527.1000 229 67 0.2926
4537.0000 230 67 0.2913
4556.0000 231 67 0.2900
4561.4000 231 68 0.2944
4569.1000 231 69 0.2987
4580.0000 232 69 0.2974
4597.0000 233 69 0.2961
4610.6000 233 70 0.3004
4614.0000 234 70 0.2991
4634.0000 235 70 0.2979
4655.0000 236 70 0.2966
4665.1000 236 71 0.3008
4668.7000 236 72 0.3051
4672.0000 237 72 0.3038
4689.0000 238 72 0.3025
4706.0000 239 72 0.3013
4729.0000 240 72 0.3000
4747.0000 241 72 0.2988
4762.0000 242 72 0.2975
4783.0000 243 72 0.2963
4795.2000 243 73 0.3004
4798.5000 243 74 0.3045
4807.0000 244 74 0.3033
4824.0000 245 74 0.3020
4827.6000 245 75 0.3061
4848.0000 246 75 0.3049
4867.0000 247 75 0.3036
4886.0000 248 75 0.3024
4909.0000 249 75 0.3012
4928.0000 250 75 0.3000
4951.0000 251 75 0.2988
4966.0000 252 75 0.2976
4986.0000 253 75 0.2964
5010.0000 254 75 0.2953
5014.1000 254 76 0.2992
5033.0000 255 76 0.2980
5048.0000 256 76 0.2969
5072.0000 257 76 0.2957
5089.0000 258 76 0.2946
5112.0000 259 76 0.2934
5131.0000 260 76 0.2923
5151.0000 261 76 0.2912
5175.0000 262 76 0.2901
5183.1000 262 77 0.2939
5194.0000 263 77 0.2928
5215.0000 264 77 0.2917
5237.0000 265 77 0.2906
5238.4000 265 78 0.2943
5254.0000 266 78 0.2932
5269.0000 267 78 0.2921
5291.0000 268 78 0.2910
5307.0000 269 78 0.2900
5324.0000 270 78 0.2889
5339.0000 271 78 0.2878
5356.0000 272 78 0.2868
5371.0000 273 78 0.2857
5387.0000 274 78 0.2847
5410.0000 275 78 0.2836
5426.0000 276 78 0.2826
5447.0000 277 78 0.2816
5470.0000 278 78 0.2806
5490.0000 279 78 0.2796
5507.0000 280 78 0.2786
5528.0000 281 78 0.2776
5546.0000 282 78 0.2766
5564.0000 283 78 0.2756
5584.0000 284 78 0.2746
5607.0000 285 78 0.2737
5625.0000 286 78 0.2727
5643.0000 287 78 0.2718
5665.0000 288 78 0.2708
5685.0000 289 78 0.2699
5693.8000 289 79 0.2734
5704.0000 290 79 0.2724
5724.0000 291 79 0.2715
5745.0000 292 79 0.2705
5745.2000 292 80 0.2740
5759.9000 292 81 0.2774
5760.0000 293 81 0.2765
5784.0000 294 81 0.2755
5805.0000 295 81 0.2746
5807.1000 295 82 0.2780
5820.2000 295 83 0.2814
5822.0000 296 83 0.2804
5841.0000 297 83 0.2795
5859.0000 298 83 0.2785
5874.0000 299 83 0.2776
5885.0000 299 84 0.2809
5893.0000 300 84 0.2800
5914.0000 301 84 0.2791
5932.0000 302 84 0.2781
5953.0000 303 84 0.2772
5959.1000 303 85 0.2805
5971.0000 304 85 0.2796
5980.4000 304 86 0.2829
5986.0000 305 86 0.2820
5996.6000 305 87 0.2852
6008.0000 306 87 0.2843
6024.0000 307 87 0.2834
6041.0000 308 87 0.2825
6063.0000 309 87 0.2816
6068.1000 309 88 0.2848
6068.9000 309 89 0.2880
6087.0000 310 89 0.2871
6105.0000 311 89 0.2862
6124.0000 312 89 0.2853
6145.0000 313 89 0.2843
6166.0000 314 89 0.2834
6182.0000 315 89 0.2825
6201.0000 316 89 0.2816
6211.5000 316 90 0.2848
6216.0000 317 90 0.2839
6231.0000 318 90 0.2830
6241.5000 318 91 0.2862
6248.0000 319 91 0.2853
6261.7000 319 92 0.2884
6267.0000 320 92 0.2875
6277.4000 320 93 0.2906
6289.0000 321 93 0.2897
6289.1000 321 94 0.2928
6308.0000 322 94 0.2919
6332.0000 323 94 0.2910
6355.0000 324 94 0.2901
6372.0000 325 94 0.2892
6391.9000 325 95 0.2923
6393.0000 326 95 0.2914
6393.9000 326 96 0.2945
6417.0000 327 96 0.2936
6441.0000 328 96 0.2927
6457.3000 328 97 0.2957
6458.7000 328 98 0.2988
6463.0000 328 99 0.3018
6465.0000 329 99 0.3009
6467.3000 329 100 0.3040
6486.0000 330 100 0.3030
6502.0000 331 100 0.3021
6518.0000 332 100 0.3012
6536.0000 333 100 0.3003
6548.3000 333 101 0.3033
6555.0000 334 101 0.3024
6565.9000 334 102 0.3054
6572.0000 335 102 0.3045
6591.0000 336 102 0.3036
6608.0000 337 102 0.3027
6631.0000 338 102 0.3018
6646.0000 339 102 0.3009
6649.3000 339 103 0.3038
6665.0000 340 103 0.3029
6684.0000 341 103 0.3021
6696.4000 341 104 0.3050
6708.0000 342 104 0.3041
6725.0000 343 104 0.3032
6745.0000 344 104 0.3023
6760.0000 345 104 0.3014
6781.0000 346 104 0.3006
6793.2000 346 105 0.3035
6800.0000 347 105 0.3026
6816.0000 348 105 0.3017
6839.0000 349 105 0.3009
6854.0000 350 105 0.3000
6874.0000 351 105 0.2991
6889.0000 352 105 0.2983
6893.6000 352 106 0.3011
6897.1000 352 107 0.3040
6909.0000 353 107 0.3031
6930.0000 354 107 0.3023
6942.0000 354 108 0.3051
6951.0000 355 108 0.3042
6971.0000 356 108 0.3034
6974.1000 356 109 0.3062
6995.0000 357 109 0.3053
7010.0000 358 109 0.3045
7029.0000 359 109 0.3036
7043.4000 359 110 0.3064
7048.0000 360 110 0.3056
7071.0000 361 110 0.3047
7091.5000 361 111 0.3075
7093.0000 362 111 0.3066
7104.9000 362 112 0.3094
7108.0000 363 112 0.3085
7130.0000 364 112 0.3077
7147.0000 365 112 0.3068
7163.0000 366 112 0.3060
7176.4000 366 113 0.3087
7180.0000 367 113 0.3079
7196.1000 367 114 0.3106
7197.0000 368 114 0.3098
7203.7000 368 115 0.3125
7221.0000 369 115 0.3117
7224.2000 369 116 0.3144
7240.0000 370 116 0.3135
7255.0000 371 116 0.3127
7272.0000 372 116 0.3118
7274.9000 372 117 0.3145
7296.0000 373 117 0.3137
7301.8000 373 118 0.3164
7314.6000 373 119 0.3190
7319.0000 374 119 0.3182
7333.2000 374 120 0.3209
7335.0000 375 120 0.3200
7341.8000 375 121 0.3227
7358.0000 376 121 0.3218
7378.0000 377 121 0.3210
7381.1000 377 122 0.3236
7394.0000 378 122 0.3228
7411.0000 379 122 0.3219
7435.0000 380 122 0.3211
7445.9000 380 123 0.3237
7459.0000 381 123 0.3228
7480.0000 382 123 0.3220
7498.0000 383 123 0.3211
7514.0000 384 123 0.3203
7536.0000 385 123 0.3195
7559.0000 386 123 0.3187
7574.0000 387 123 0.3178
7589.9000 387 124 0.3204
7595.0000 388 124 0.3196
7613.0000 389 124 0.3188
7632.0000 390 124 0.3179
7650.2000 390 125 0.3205
7652.1000 390 126 0.3231
7656.0000 391 126 0.3223
7673.0000 392 126 0.3214
7696.0000 393 126 0.3206
7713.0000 394 126 0.3198
7730.0000 395 126 0.3190
7745.0000 396 126 0.3182
7762.0000 397 126 0.3174
7766.3000 397 127 0.3199
7784.0000 398 127 0.3191
7804.0000 399 127 0.3183
7818.2000 399 128 0.3208
7822.0000 400 128 0.3200
7840.0000 401 128 0.3192
7858.0000 402 128 0.3184
7874.0000 403 128 0.3176
7895.0000 404 128 0.3168
7914.0000 405 128 0.3160
7922.2000 405 129 0.3185
7931.0000 406 129 0.3177
7948.0000 407 129 0.3170
7972.0000 408 129 0.3162
7987.0000 409 129 0.3154
7987.7000 409 130 0.3178
8002.0000 410 130 0.3171
8024.0000 411 130 0.3163
8040.0000 412 130 0.3155
8041.7000 412 131 0.3180
8059.0000 413 131 0.3172
8082.0000 414 131 0.3164
8085.9000 414 132 0.3188
8099.0000 415 132 0.3181
8102.5000 415 133 0.3205
8106.2000 415 134 0.3229
8116.0000 416 134 0.3221
8137.0000 417 134 0.3213
8158.0000 418 134 0.3206
8173.0000 419 134 0.3198
8190.0000 420 134 0.3190
8205.0000 421 134 0.3183
8205.7000 421 135 0.3207
8227.0000 422 135 0.3199
8235.0000 422 136 0.3223
8237.9000 422 137 0.3246
8251.0000 423 137 0.3239
8257.4000 423 138 0.3262
8270.3000 423 139 0.3286
8273.2000 423 140 0.3310
8275.0000 424 140 0.3302
8297.0000 425 140 0.3294
8317.0000 426 140 0.3286
8318.8000 426 141 0.3310
8336.0000 427 141 0.3302
8337.3000 427 142 0.3326
8359.0000 428 142 0.3318
8375.0000 429 142 0.3310
8396.0000 430 142 0.3302
8414.0000 431 142 0.3295
8426.8000 431 143 0.3318
8437.0000 432 143 0.3310
8453.0000 433 143 0.3303
8468.0000 434 143 0.3295
8492.0000 435 143 0.3287
8510.0000 436 143 0.3280
8525.0000 437 143 0.3272
8526.5000 437 144 0.3295
8544.0000 438 144 0.3288
8556.0000 438 145 0.3311
8566.0000 439 145 0.3303
8578.2000 439 146 0.3326
8586.0000 440 146 0.3318
8609.0000 441 146 0.3311
8625.0000 442 146 0.3303
8635.4000 442 147 0.3326
8641.0000 442 148 0.3348
8644.0000 443 148 0.3341
8663.0000 444 148 0.3333
8681.0000 445 148 0.3326
8697.0000 446 148 0.3318
8719.0000 447 148 0.3311
8743.0000 448 148 0.3304
8748.8000 448 149 0.3326
8767.0000 449 149 0.3318
8778.0000 449 150 0.3341
8784.0000 450 150 0.3333
8800.0000 451 150 0.3326
8823.0000 452 150 0.3319
8839.0000 453 150 0.3311
8854.0000 454 150 0.3304
8869.0000 455 150 0.3297
8892.0000 456 150 0.3289
8897.6000 456 151 0.3311
8911.0000 457 151 0.3304
8929.0000 458 151 0.3297
8944.0000 459 151 0.3290
8945.5000 459 152 0.3312
8954.6000 459 153 0.3333
8955.8000 459 154 0.3355
8961.0000 460 154 0.3348
8979.0000 461 154 0.3341
8997.0000 462 154 0.3333
9011.3000 462 155 0.3355
9013.0000 463 155 0.3348
9027.8000 463 156 0.3369
9035.0000 464 156 0.3362
9058.0000 465 156 0.3355
9067.9000 465 157 0.3376
9073.0000 466 157 0.3369
9095.0000 467 157 0.3362
9119.0000 468 157 0.3355
9139.8000 468 158 0.3376
9143.0000 469 158 0.3369
9145.0000 469 159 0.3390
9162.0000 470 159 0.3383
9186.0000 471 159 0.3376
9196.5000 471 160 0.3397
9208.4000 471 161 0.3418
9209.0000 472 161 0.3411
9224.0000 473 161 0.3404
9245.0000 474 161 0.3397
9252.8000 474 162 0.3418
9264.0000 475 162 0.3411
9288.0000 476 162 0.3403
9306.5000 476 163 0.3424
9310.0000 477 163 0.3417
9320.6000 477 164 0.3438
9326.0000 478 164 0.3431
9341.0000 479 164 0.3424
9365.0000 480 164 0.3417
9387.0000 481 164 0.3410
9403.0000 482 164 0.3402
9426.0000 483 164 0.3395
9444.0000 484 164 0.3388
9464.2000 484 165 0.3409
9468.0000 485 165 0.3402
9485.0000 486 165 0.3395
9495.7000 486 166 0.3416
9503.0000 487 166 0.3409
9527.0000 488 166 0.3402
9547.0000 488 167 0.3422
9550.0000 489 167 0.3415
9573.0000 490 167 0.3408
9591.0000 491 167 0.3401
9614.0000 492 167 0.3394
9632.0000 493 167 0.3387
9645.4000 493 168 0.3408
9653.0000 494 168 0.3401
9676.0000 495 168 0.3394
9693.0000 496 168 0.3387
9715.0000 497 168 0.3380
9736.0000 498 168 0.3373
9750.0000 498 169 0.3394
9752.0000 499 169 0.3387
9776.0000 500 169 0.3380
9799.0000 501 169 0.3373
9821.0000 502 169 0.3367
9837.0000 503 169 0.3360
9847.4000 503 170 0.3380
9861.0000 504 170 0.3373
9879.0000 505 170 0.3366
9894.0000 506 170 0.3360
9909.0000 507 170 0.3353
9927.0000 508 170 0.3346
9946.0000 509 170 0.3340
9969.0000 510 170 0.3333
9988.0000 511 170 0.3327
9993.5000 511 171 0.3346
9996.9000 511 172 0.3366
10007.0000 512 172 0.3359
10024.0000 513 172 0.3353
10039.7000 513 173 0.3372
10044.0000 514 173 0.3366
10050.2000 514 174 0.3385
10067.0000 515 174 0.3379
10087.0000 516 174 0.3372
10111.0000 517 174 0.3366
10123.9000 517 175 0.3385
10132.0000 518 175 0.3378
10154.0000 519 175 0.3372
10177.0000 520 175 0.3365
10184.3000 520 176 0.3385
10187.3000 520 177 0.3404
10194.0000 521 177 0.3397
10216.0000 522 177 0.3391
10235.0000 523 177 0.3384
10257.0000 524 177 0.3378
10272.8000 524 178 0.3397
10281.0000 525 178 0.3390
10300.0000 526 178 0.3384
10320.0000 527 178 0.3378
10343.0000 528 178 0.3371
10366.0000 529 178 0.3365
10374.9000 529 179 0.3384
10382.0000 530 179 0.3377
10387.5000 530 180 0.3396
10393.9000 530 181 0.3415
10401.6000 530 182 0.3434
10402.0000 531 182 0.3427
10415.0000 531 183 0.3446
10418.3000 531 184 0.3465
10423.0000 532 184 0.3459
10441.0000 533 184 0.3452
10443.4000 533 185 0.3471
10461.0000 534 185 0.3464
10467.4000 534 186 0.3483
10480.0000 535 186 0.3477
10497.0000 536 186 0.3470
10498.3000 536 187 0.3489
10518.0000 537 187 0.3482
10522.1000 537 188 0.3501
10537.0000 538 188 0.3494
10537.2000 538 189 0.3513
10555.0000 539 189 0.3506
10571.0000 540 189 0.3500
10591.0000 541 189 0.3494
10615.0000 542 189 0.3487
10625.3000 542 190 0.3506
10637.0000 543 190 0.3499
10645.5000 543 191 0.3517
10645.7000 543 192 0.3536
10657.0000 544 192 0.3529
10681.0000 545 192 0.3523
10703.0000 546 192 0.3516
10726.0000 547 192 0.3510
10748.0000 548 192 0.3504
10768.0000 549 192 0.3497
10781.7000 549 193 0.3515
10788.0000 550 193 0.3509
10808.0000 551 193 0.3503
10808.5000 551 194 0.3521
10823.0000 552 194 0.3514
10842.0000 553 194 0.3508
10866.0000 554 194 0.3502
10875.0000 554 195 0.3520
10882.7000 554 196 0.3538
10884.2000 554 197 0.3556
10885.0000 555 197 0.3550
10907.0000 556 197 0.3543
10925.0000 557 197 0.3537
10942.0000 558 197 0.3530
10966.0000 559 197 0.3524
10983.0000 560 197 0.3518
11006.0000 561 197 0.3512
11023.0000 562 197 0.3505
11046.0000 563 197 0.3499
11068.0000 564 197 0.3493
11084.0000 565 197 0.3487
11102.0000 566 197 0.3481
11120.0000 567 197 0.3474
11137.9000 567 198 0.3492
11143.0000 568 198 0.3486
11153.8000 568 199 0.3504
11166.0000 569 199 0.3497
11182.0000 570 199 0.3491
11201.0000 571 199 0.3485
11218.0000 572 199 0.3479
11238.0000 573 199 0.3473
11250.8000 573 200 0.3490
11260.0000 574 200 0.3484
11265.5000 574 201 0.3502
11280.0000 575 201 0.3496
11298.0000 576 201 0.3490
11319.0000 577 201 0.3484
11343.0000 578 201 0.3478
11351.4000 578 202 0.3495
11363.0000 579 202 0.3489
11381.0000 580 202 0.3483
11394.0000 580 203 0.3500
11401.4000 580 204 0.3517
11403.8000 580 205 0.3534
11405.0000 581 205 0.3528
11424.0000 582 205 0.3522
11435.4000 582 206 0.3540
11443.0000 583 206 0.3533
11467.0000 584 206 0.3527
11479.8000 584 207 0.3545
11491.0000 585 207 0.3538
11511.0000 586 207 0.3532
11514.4000 586 208 0.3549
11527.1000 586 209 0.3567
11529.0000 587 209 0.3560
11547.0000 588 209 0.3554
11566.0000 589 209 0.3548
11576.8000 589 210 0.3565
11586.0000 590 210 0.3559
11610.0000 591 210 0.3553
11626.0000 592 210 0.3547
11636.7000 592 211 0.3564
11640.2000 592 212 0.3581
11650.0000 593 212 0.3575
11665.0000 594 212 0.3569
11669.6000 594 213 0.3586
11680.0000 595 213 0.3580
11696.0000 596 213 0.3574
11711.0000 597 213 0.3568
11731.0000 598 213 0.3562
11755.0000 599 213 0.3556
11771.0000 600 213 0.3550
11790.0000 601 213 0.3544
11794.9000 601 214 0.3561
11809.0000 602 214 0.3555
11827.0000 603 214 0.3549
11851.0000 604 214 0.3543
11867.0000 605 214 0.3537
11869.8000 605 215 0.3554
11885.0000 606 215 0.3548
11907.0000 607 215 0.3542
11927.9000 607 216 0.3558
11929.0000 608 216 0.3553
11937.7000 608 217 0.3569
11948.0000 609 217 0.3563
11959.8000 609 218 0.3580
11960.5000 609 219 0.3596
11971.0000 610 219 0.3590
11995.0000 611 219 0.3584
12012.0000 612 219 0.3578
12033.0000 613 219 0.3573
12042.0000 613 220 0.3589
12048.0000 614 220 0.3583
12070.0000 615 220 0.3577
12073.0000 615 221 0.3593
12088.0000 616 221 0.3588
12091.1000 616 222 0.3604
12104.0000 617 222 0.3598
12124.0000 618 222 0.3592
12145.0000 619 222 0.3586
12153.5000 619 223 0.3603
12165.0000 620 223 0.3597
12189.0000 621 223 0.3591
12209.0000 622 223 0.3585
12218.5000 622 224 0.3601
12220.5000 622 225 0.3617
12226.0000 623 225 0.3612
12249.0000 624 225 0.3606
12270.0000 625 225 0.3600
12287.0000 626 225 0.3594
12304.8000 626 226 0.3610
12305.0000 627 226 0.3604
12323.0000 628 226 0.3599
12330.6000 628 227 0.3615
12332.7000 628 228 0.3631
12339.0000 629 228 0.3625
12358.0000 630 228 0.3619
12377.0000 631 228 0.3613
12399.0000 632 228 0.3608
12421.0000 633 228 0.3602
12444.0000 634 228 0.3596
12444.7000 634 229 0.3612
12463.0000 635 229 0.3606
12479.0000 636 229 0.3601
12483.1000 636 230 0.3616
12496.3000 636 231 0.3632
12497.0000 637 231 0.3626
12518.0000 638 231 0.3621
12538.0000 639 231 0.3615
12556.0000 640 231 0.3609
12573.6000 640 232 0.3625
12575.0000 641 232 0.3619
12582.6000 641 233 0.3635
12596.0000 642 233 0.3629
12607.0000 642 234 0.3645
12609.2000 642 235 0.3660
12611.0000 643 235 0.3655
12635.0000 644 235 0.3649
12642.9000 644 236 0.3665
12655.0000 645 236 0.3659
12672.0000 646 236 0.3653
12691.0000 647 236 0.3648
12713.0000 648 236 0.3642
12725.8000 648 237 0.3657
12727.4000 648 238 0.3673
12737.0000 649 238 0.3667
12761.0000 650 238 0.3662
12781.0000 651 238 0.3656
12789.0000 651 239 0.3671
12798.0000 652 239 0.3666
12818.0000 653 239 0.3660
12830.3000 653 240 0.3675
12836.6000 653 241 0.3691
12839.0000 654 241 0.3685
12857.1000 654 242 0.3700
12863.0000 655 242 0.3695
12884.0000 656 242 0.3689
12901.0000 657 242 0.3683
12919.0000 658 242 0.3678
12936.0000 659 242 0.3672
12954.0000 660 242 0.3667
12971.0000 661 242 0.3661
12986.0000 662 242 0.3656
12989.2000 662 243 0.3671
13009.0000 663 243 0.3665
13029.0000 664 243 0.3660
13034.8000 664 244 0.3675
13048.0000 665 244 0.3669
13069.0000 666 244 0.3664
13080.5000 666 245 0.3679
13090.0000 667 245 0.3673
13092.5000 667 246 0.3688
13112.0000 668 246 0.3683
13125.7000 668 247 0.3698
13135.0000 669 247 0.3692
13146.6000 669 248 0.3707
13157.0000 670 248 0.3701
13175.0000 671 248 0.3696
13198.0000 672 248 0.3690
13222.0000 673 248 0.3685
13237.0000 674 248 0.3680
13261.0000 675 248 0.3674
13279.0000 676 248 0.3669
13291.4000 676 249 0.3683
13303.0000 677 249 0.3678
13327.0000 678 249 0.3673
13344.0000 679 249 0.3667
13362.0000 679 250 0.3682
13367.0000 680 250 0.3676
13385.0000 681 250 0.3671
13400.0000 682 250 0.3666
13422.0000 683 250 0.3660
13436.8000 683 251 0.3675
13439.0000 684 251 0.3670
13463.0000 685 251 0.3664
13485.0000 686 251 0.3659
13500.8000 686 252 0.3673
13501.0000 687 252 0.3668
13522.0000 688 252 0.3663
13543.0000 689 252 0.3657
13558.0000 690 252 0.3652
13578.0000 691 252 0.3647
13597.0000 692 252 0.3642
13601.2000 692 253 0.3656
13605.2000 692 254 0.3671
13612.0000 693 254 0.3665
13633.0000 694 254 0.3660
13636.8000 694 255 0.3674
13654.0000 695 255 0.3669
13674.0000 696 255 0.3664
13689.0000 697 255 0.3659
13713.0000 698 255 0.3653
13733.0000 699 255 0.3648
13750.0000 700 255 0.3643
13770.6000 700 256 0.3657
13771.0000 701 256 0.3652
13787.0000 702 256 0.3647
13808.0000 703 256 0.3642
13831.0000 704 256 0.3636
13853.0000 705 256 0.3631
13874.0000 706 256 0.3626
13894.0000 707 256 0.3621
13915.0000 708 256 0.3616
13937.0000 709 256 0.3611
13952.0000 710 256 0.3606
13955.8000 710 257 0.3620
13976.0000 711 257 0.3615
13989.3000 711 258 0.3629
13994.0000 712 258 0.3624
14007.7000 712 259 0.3638
14011.0000 713 259 0.3633
14016.7000 713 260 0.3647
14032.0000 714 260 0.3641
14056.0000 715 260 0.3636
14071.0000 715 261 0.3650
14077.0000 716 261 0.3645
14090.2000 716 262 0.3659
14092.0000 717 262 0.3654
14107.0000 718 262 0.3649
14123.0000 719 262 0.3644
14147.0000 720 262 0.3639
14153.7000 720 263 0.3653
14157.6000 720 264 0.3667
14167.0000 721 264 0.3662
14174.4000 721 265 0.3675
14186.0000 722 265 0.3670
14204.0000 723 265 0.3665
14225.0000 724 265 0.3660
14245.0000 725 265 0.3655
14256.0000 725 266 0.3669
14267.0000 726 266 0.3664
14286.0000 727 266 0.3659
14304.0000 728 266 0.3654
14323.0000 729 266 0.3649
14343.0000 730 266 0.3644
14363.0000 731 266 0.3639
14385.0000 732 266 0.3634
14385.0000 732 267 0.3648
14390.9000 732 268 0.3661
14404.0000 733 268 0.3656
14420.0000 734 268 0.3651
14441.0000 735 268 0.3646
14456.0000 736 268 0.3641
14466.4000 736 269 0.3655
14475.0000 737 269 0.3650
14499.0000 738 269 0.3645
14523.0000 739 269 0.3640
14544.0000 740 269 0.3635
14551.4000 740 270 0.3649
14568.0000 741 270 0.3644
14568.5000 741 271 0.3657
14588.0000 742 271 0.3652
14603.0000 743 271 0.3647
14618.0000 744 271 0.3642
14630.2000 744 272 0.3656
14639.0000 745 272 0.3651
14655.0000 746 272 0.3646
14676.0000 747 272 0.3641
14696.0000 748 272 0.3636
14718.0000 749 272 0.3632
14732.0000 749 273 0.3645
14736.0000 750 273 0.3640
14746.0000 750 274 0.3653
14753.3000 750 275 0.3667
14756.0000 751 275 0.3662
14773.0000 752 275 0.3657
14790.0000 753 275 0.3652
14809.0000 754 275 0.3647
14831.0000 755 275 0.3642
14844.8000 755 276 0.3656
14848.0000 756 276 0.3651
14867.0000 757 276 0.3646
14887.0000 757 277 0.3659
14889.0000 758 277 0.3654
14905.0000 759 277 0.3650
14927.0000 760 277 0.3645
14942.0000 761 277 0.3640
14961.0000 762 277 0.3635
14984.0000 763 277 0.3630
14999.0000 764 277 0.3626
15021.0000 765 277 0.3621
15041.0000 766 277 0.3616
15058.0000 767 277 0.3611
15074.0000 768 277 0.3607
15093.0000 769 277 0.3602
15114.0000 770 277 0.3597
15132.0000 771 277 0.3593
15149.0000 772 277 0.3588
15159.2000 772 278 0.3601
15172.0000 773 278 0.3596
15190.0000 774 278 0.3592
15212.0000 775 278 0.3587
15235.0000 776 278 0.3582
15256.0000 777 278 0.3578
15280.0000 778 278 0.3573
15288.6000 778 279 0.3586
15297.0000 779 279 0.3582
15318.0000 780 279 0.3577
15336.0000 781 279 0.3572
15360.0000 782 279 0.3568
15381.0000 783 279 0.3563
15399.0000 784 279 0.3559
15419.0000 785 279 0.3554
15437.1000 785 280 0.3567
15439.9000 785 281 0.3580
15441.0000 786 281 0.3575
15442.8000 786 282 0.3588
15465.0000 787 282 0.3583
15472.2000 787 283 0.3596
15473.5000 787 284 0.3609
15482.0000 788 284 0.3604
15504.0000 789 284 0.3599
15526.0000 790 284 0.3595
15547.0000 791 284 0.3590
15550.3000 791 285 0.3603
15569.0000 792 285 0.3598
15583.2000 792 286 0.3611
15591.0000 793 286 0.3607
15615.0000 794 286 0.3602
15632.0000 795 286 0.3597
15640.1000 795 287 0.3610
15651.0000 796 287 0.3606
15666.0000 797 287 0.3601
15684.0000 798 287 0.3596
15708.0000 799 287 0.3592
15724.0000 800 287 0.3588
15746.0000 801 287 0.3583
15764.0000 802 287 0.3579
15764.1000 802 288 0.3591
15772.1000 802 289 0.3603
15782.0000 803 289 0.3599
15793.3000 803 290 0.3611
15799.0000 804 290 0.3607
15815.0000 805 290 0.3602
15838.0000 806 290 0.3598
15854.0000 807 290 0.3594
15873.0000 808 290 0.3589
15894.0000 809 290 0.3585
15909.0000 810 290 0.3580
15927.0000 811 290 0.3576
15948.0000 812 290 0.3571
15953.1000 812 291 0.3584
15967.0000 813 291 0.3579
15990.0000 814 291 0.3575
16006.1000 814 292 0.3587
16010.0000 815 292 0.3583
16027.0000 816 292 0.3578
16042.0000 817 292 0.3574
16052.8000 817 293 0.3586
16061.0000 818 293 0.3582
16080.0000 819 293 0.3578
16104.0000 820 293 0.3573
16124.0000 821 293 0.3569
16139.0000 822 293 0.3564
16155.0000 823 293 0.3560
16175.0000 824 293 0.3556
16179.4000 824 294 0.3568
16196.0000 825 294 0.3564
16212.0000 826 294 0.3559
16220.0000 826 295 0.3571
16230.0000 827 295 0.3567
16245.0000 828 295 0.3563
16261.0000 829 295 0.3559
16281.0000 830 295 0.3554
16301.0000 831 295 0.3550
16305.1000 831 296 0.3562
16322.0000 832 296 0.3558
16338.0000 833 296 0.3553
16357.0000 834 296 0.3549
16380.0000 835 296 0.3545
16389.6000 835 297 0.3557
16399.0000 836 297 0.3553
16404.9000 836 298 0.3565
16412.8000 836 299 0.3577
16416.0000 837 299 0.3572
16433.0000 838 299 0.3568
16433.6000 838 300 0.3580
16455.0000 839 300 0.3576
16479.0000 840 300 0.3571
16503.0000 841 300 0.3567
16520.1000 841 301 0.3579
16526.0000 842 301 0.3575
16547.0000 843 301 0.3571
16568.0000 844 301 0.3566
16589.0000 845 301 0.3562
16610.0000 846 301 0.3558
16611.7000 846 302 0.3570
16628.0000 847 302 0.3566
16646.0000 848 302 0.3561
16662.0000 849 302 0.3557
16662.2000 849 303 0.3569
16682.0000 850 303 0.3565
16699.0000 851 303 0.3561
16721.7000 851 304 0.3572
16723.0000 852 304 0.3568
16745.0000 853 304 0.3564
16760.0000 854 304 0.3560
16783.0000 855 304 0.3556
16800.0000 856 304 0.3551
16818.0000 857 304 0.3547
16834.2000 857 305 0.3559
16835.0000 858 305 0.3555
16852.1000 858 306 0.3566
16858.0000 859 306 0.3562
16881.0000 860 306 0.3558
16901.0000 861 306 0.3554
16917.0000 862 306 0.3550
16935.0000 863 306 0.3546
16959.0000 864 306 0.3542
16980.0000 865 306 0.3538
16997.0000 866 306 0.3533
17021.0000 867 306 0.3529
17040.0000 868 306 0.3525
17063.0000 869 306 0.3521
17082.0000 870 306 0.3517
17089.9000 870 307 0.3529
17096.4000 870 308 0.3540
17105.0000 871 308 0.3536
17126.0000 872 308 0.3532
17143.0000 873 308 0.3528
17162.0000 874 308 0.3524
17181.0000 875 308 0.3520
17202.0000 876 308 0.3516
17225.0000 877 308 0.3512
17238.1000 877 309 0.3523
17240.0000 878 309 0.3519
17259.0000 879 309 0.3515
17278.0000 880 309 0.3511
17299.0000 881 309 0.3507
17318.0000 882 309 0.3503
17336.0000 883 309 0.3499
17337.7000 883 310 0.3511
17353.0000 884 310 0.3507
17357.6000 884 311 0.3518
17365.5000 884 312 0.3529
17370.0000 885 312 0.3525
17393.6000 885 313 0.3537
17394.0000 886 313 0.3533
17416.0000 887 313 0.3529
17439.0000 888 313 0.3525
17444.3000 888 314 0.3536
17454.0000 889 314 0.3532
17469.2000 889 315 0.3543
17477.0000 890 315 0.3539
17497.0000 891 315 0.3535
17515.0000 892 315 0.3531
17535.0000 893 315 0.3527
17558.0000 894 315 0.3523
17574.0000 895 315 0.3520
17598.0000 896 315 0.3516
17619.0000 897 315 0.3512
17639.0000 898 315 0.3508
17654.0000 899 315 0.3504
17672.0000 900 315 0.3500
17690.0000 901 315 0.3496
17710.0000 902 315 0.3492
17734.0000 903 315 0.3488
17742.9000 903 316 0.3499
17751.0000 904 316 0.3496
17771.6000 904 317 0.3507
17774.0000 905 317 0.3503
17785.2000 905 318 0.3514
17793.0000 906 318 0.3510
17808.0000 907 318 0.3506
17826.0000 908 318 0.3502
17845.6000 908 319 0.3513
17846.0000 909 319 0.3509
17864.0000 910 319 0.3505
17884.0000 911 319 0.3502
17893.6000 911 320 0.3513
17899.0000 912 320 0.3509
17917.0000 913 320 0.3505
17936.0000 914 320 0.3501
17958.0000 915 320 0.3497
17976.0000 916 320 0.3493
18000.0000 917 320 0.3490
18010.1000 917 321 0.3501
18018.8000 917 322 0.3511
18021.0000 918 322 0.3508
18040.0000 919 322 0.3504
18044.4000 919 323 0.3515
18059.0000 920 323 0.3511
18077.0000 921 323 0.3507
18092.0000 922 323 0.3503
18112.1000 922 324 0.3514
18113.0000 923 324 0.3510
18132.0000 924 324 0.3506
18143.4000 924 325 0.3517
18147.7000 924 326 0.3528
18155.0000 925 326 0.3524
18177.0000 926 326 0.3521
18192.0000 927 326 0.3517
18214.0000 928 326 0.3513
18221.6000 928 327 0.3524
18223.0000 928 328 0.3534
18236.0000 929 328 0.3531
18259.0000 930 328 0.3527
18275.0000 931 328 0.3523
18298.0000 932 328 0.3519
18303.7000 932 329 0.3530
18321.0000 933 329 0.3526
18340.0000 934 329 0.3522
18353.1000 934 330 0.3533
18364.0000 935 330 0.3529
18383.0000 936 330 0.3526
18402.0000 937 330 0.3522
18425.0000 938 330 0.3518
18449.0000 939 330 0.3514
18470.1000 939 331 0.3525
18473.0000 940 331 0.3521
18488.0000 941 331 0.3518
18502.5000 941 332 0.3528
18508.5000 941 333 0.3539
18512.0000 942 333 0.3535
18534.0000 943 333 0.3531
18534.3000 943 334 0.3542
18549.0000 944 334 0.3538
18570.0000 945 334 0.3534
18590.0000 946 334 0.3531
18613.0000 947 334 0.3527
18632.0000 948 334 0.3523
18653.0000 949 334 0.3519
18677.0000 950 334 0.3516
18696.0000 951 334 0.3512
18714.6000 951 335 0.3523
18714.7000 951 336 0.3533
18715.0000 952 336 0.3529
18723.1000 952 337 0.3540
18738.0000 953 337 0.3536
18753.0000 954 337 0.3532
18768.0000 955 337 0.3529
18784.0000 955 338 0.3539
18786.0000 956 338 0.3536
18809.0000 957 338 0.3532
18828.0000 958 338 0.3528
18845.0000 959 338 0.3525
18851.3000 959 339 0.3535
18862.0000 960 339 0.3531
18884.0000 961 339 0.3528
18894.5000 961 340 0.3538
18899.0000 962 340 0.3534
18922.0000 963 340 0.3531
18939.0000 964 340 0.3527
18940.4000 964 341 0.3537
18951.3000 964 342 0.3548
18956.0000 965 342 0.3544
18964.9000 965 343 0.3554
18977.0000 966 343 0.3551
18993.0000 967 343 0.3547
19015.0000 968 343 0.3543
19020.3000 968 344 0.3554
19030.6000 968 345 0.3564
19035.5000 968 346 0.3574
19037.0000 969 346 0.3571
19055.0000 970 346 0.3567
19072.0000 971 346 0.3563
19079.3000 971 347 0.3574
19079.7000 971 348 0.3584
19087.0000 972 348 0.3580
19108.0000 973 348 0.3577
19128.4000 973 349 0.3587
19129.0000 974 349 0.3583
19151.0000 975 349 0.3579
19173.0000 976 349 0.3576
19192.0000 977 349 0.3572
19211.0000 978 349 0.3569
19231.0000 979 349 0.3565
19254.0000 980 349 0.3561
19277.0000 981 349 0.3558
19301.0000 982 349 0.3554
19316.0000 983 349 0.3550
19340.0000 984 349 0.3547
19355.0000 985 349 0.3543
19373.0000 986 349 0.3540
19391.0000 987 349 0.3536
19406.0000 988 349 0.3532
19418.8000 988 350 0.3543
19423.0000 989 350 0.3539
19438.9000 989 351 0.3549
19439.0000 990 351 0.3545
19455.0000 991 351 0.3542
19479.0000 992 351 0.3538
19497.0000 993 351 0.3535
19521.0000 994 351 0.3531
19539.3000 994 352 0.3541
19542.0000 995 352 0.3538
19565.0000 996 352 0.3534
19570.7000 996 353 0.3544
19586.0000 997 353 0.3541
19601.0000 998 353 0.3537
19622.0000 999 353 0.3534
19623.4000 999 354 0.3544
19627.3000 999 355 0.3554
19641.0000 1000 355 0.3550
19660.0000 1001 355 0.3546
19677.0000 1002 355 0.3543
19692.0000 1003 355 0.3539
19716.0000 1004 355 0.3536
19739.0000 1005 355 0.3532
19745.9000 1005 356 0.3542
19755.0000 1006 356 0.3539
19756.2000 1006 357 0.3549
19770.0000 1007 357 0.3545
19783.2000 1007 358 0.3555
19792.0000 1008 358 0.3552
19815.0000 1009 358 0.3548
19816.1000 1009 359 0.3558
19826.5000 1009 360 0.3568
19833.0000 1010 360 0.3564
19848.3000 1010 361 0.3574
19852.0000 1011 361 0.3571
19873.0000 1011 362 0.3581
19876.0000 1012 362 0.3577
19891.0000 1013 362 0.3574
19896.6000 1013 363 0.3583
19908.0000 1014 363 0.3580
19910.5000 1014 364 0.3590
19924.9000 1014 365 0.3600
19932.0000 1015 365 0.3596
19945.0000 1015 366 0.3606
19949.1000 1015 367 0.3616
19956.0000 1016 367 0.3612
19970.9000 1016 368 0.3622
19976.0000 1017 368 0.3618
19998.0000 1018 368 0.3615
20005.9000 1018 369 0.3625
20019.0000 1019 369 0.3621
20034.0000 1020 369 0.3618
20039.7000 1020 370 0.3627
20057.0000 1021 370 0.3624
20075.0000 1022 370 0.3620
20087.1000 1022 371 0.3630
20094.0000 1023 371 0.3627
20096.5000 1023 372 0.3636
20118.0000 1024 372 0.3633
20135.0000 1025 372 0.3629
20155.9000 1025 373 0.3639
20157.0000 1026 373 0.3635
20179.0000 1027 373 0.3632
20187.7000 1027 374 0.3642
20197.0000 1028 374 0.3638
20201.3000 1028 375 0.3648
20208.9000 1028 376 0.3658
20221.0000 1029 376 0.3654
20237.0000 1030 376 0.3650
20243.5000 1030 377 0.3660
20259.0000 1031 377 0.3657
20276.0000 1032 377 0.3653
20287.1000 1032 378 0.3663
20293.0000 1033 378 0.3659
20298.6000 1033 379 0.3669
20308.0000 1034 379 0.3665
20327.0000 1035 379 0.3662
20350.0000 1036 379 0.3658
20366.0000 1037 379 0.3655
20381.9000 1037 380 0.3664
20385.0000 1038 380 0.3661
20401.0000 1039 380 0.3657
20421.0000 1040 380 0.3654
20437.0000 1041 380 0.3650
20461.0000 1042 380 0.3647
20472.8000 1042 381 0.3656
20485.0000 1043 381 0.3653
20508.0000 1044 381 0.3649
20532.0000 1045 381 0.3646
20554.0000 1046 381 0.3642
20576.0000 1047 381 0.3639
20594.0000 1048 381 0.3635
20611.0000 1049 381 0.3632
20635.0000 1050 381 0.3629
20635.8000 1050 382 0.3638
20655.0000 1051 382 0.3635
20673.0000 1052 382 0.3631
20691.0000 1053 382 0.3628
20706.0000 1054 382 0.3624
20724.0000 1055 382 0.3621
20734.8000 1055 383 0.3630
20744.0000 1056 383 0.3627
20761.4000 1056 384 0.3636
20766.0000 1057 384 0.3633
20776.2000 1057 385 0.3642
20782.0000 1058 385 0.3639
20800.0000 1059 385 0.3636
20801.3000 1059 386 0.3645
20813.6000 1059 387 0.3654
20821.0000 1060 387 0.3651
20837.9000 1060 388 0.3660
20844.0000 1061 388 0.3657
20864.0000 1062 388 0.3653
20888.0000 1063 388 0.3650
20893.9000 1063 389 0.3659
20911.0000 1064 389 0.3656
20931.0000 1065 389 0.3653
20948.8000 1065 390 0.3662
20952.0000 1066 390 0.3659
20968.0000 1067 390 0.3655
20990.0000 1068 390 0.3652
21007.0000 1069 390 0.3648
21031.0000 1070 390 0.3645
21055.0000 1071 390 0.3641
21065.1000 1071 391 0.3651
21077.0000 1072 391 0.3647
21092.0000 1073 391 0.3644
21116.0000 1074 391 0.3641
21132.0000 1075 391 0.3637
21148.0000 1076 391 0.3634
21165.7000 1076 392 0.3643
21166.0000 1077 392 0.3640
21184.0000 1078 392 0.3636
21204.0000 1079 392 0.3633
21223.0000 1080 392 0.3630
21239.3000 1080 393 0.3639
21247.0000 1081 393 0.3636
21271.0000 1082 393 0.3632
21292.0000 1083 393 0.3629
21309.0000 1084 393 0.3625
21327.0000 1085 393 0.3622
21327.6000 1085 394 0.3631
21351.0000 1086 394 0.3628
21367.5000 1086 395 0.3637
21368.0000 1087 395 0.3634
21387.0000 1088 395 0.3631
21407.0000 1089 395 0.3627
21424.0000 1090 395 0.3624
21444.0000 1091 395 0.3621
21463.0000 1092 395 0.3617
21481.5000 1092 396 0.3626
21483.0000 1093 396 0.3623
21505.0000 1094 396 0.3620
21523.0000 1095 396 0.3616
21539.0000 1096 396 0.3613
21556.0000 1097 396 0.3610
21577.0000 1098 396 0.3607
21599.0000 1099 396 0.3603
21615.0000 1100 396 0.3600
21632.0000 1101 396 0.3597
21648.0000 1102 396 0.3593
21665.0000 1103 396 0.3590
21689.0000 1104 396 0.3587
21707.0000 1105 396 0.3584
21713.3000 1105 397 0.3593
21731.0000 1106 397 0.3590
21755.0000 1107 397 0.3586
21777.0000 1108 397 0.3583
21794.0000 1109 397 0.3580
21797.0000 1109 398 0.3589
21818.0000 1110 398 0.3586
21837.0000 1111 398 0.3582
21860.0000 1112 398 0.3579
21883.0000 1113 398 0.3576
21898.0000 1114 398 0.3573
21905.7000 1114 399 0.3582
21916.0000 1115 399 0.3578
21937.4000 1115 400 0.3587
21939.0000 1116 400 0.3584
21950.5000 1116 401 0.3593
21952.3000 1116 402 0.3602
21960.0000 1117 402 0.3599
21976.0000 1118 402 0.3596
21999.0000 1119 402 0.3592
22022.0000 1120 402 0.3589
22041.0000 1121 402 0.3586
22061.0000 1122 402 0.3583
22075.7000 1122 403 0.3592
22078.0000 1123 403 0.3589
22085.7000 1123 404 0.3598
22101.0000 1124 404 0.3594
22121.0000 1125 404 0.3591
22140.0000 1126 404 0.3588
22148.3000 1126 405 0.3597
22159.0000 1127 405 0.3594
22165.8000 1127 406 0.3602
22183.0000 1128 406 0.3599
22199.0000 1129 406 0.3596
22218.0000 1130 406 0.3593
22242.0000 1131 406 0.3590
22263.0000 1132 406 0.3587
22281.0000 1133 406 0.3583
22304.0000 1134 406 0.3580
22310.8000 1134 407 0.3589
22322.0000 1135 407 0.3586
22339.1000 1135 408 0.3595
22346.0000 1136 408 0.3592
22358.1000 1136 409 0.3600
22363.0000 1137 409 0.3597
22385.0000 1138 409 0.3594
22405.0000 1139 409 0.3591
22420.0000 1140 409 0.3588
22444.0000 1141 409 0.3585
22464.0000 1142 409 0.3581
22470.4000 1142 410 0.3590
22482.0000 1143 410 0.3587
22500.0000 1144 410 0.3584
22521.0000 1145 410 0.3581
22544.0000 1146 410 0.3578
22556.4000 1146 411 0.3586
22560.0000 1147 411 0.3583
22578.0000 1148 411 0.3580
22595.0000 1149 411 0.3577
22613.0000 1150 411 0.3574
22628.0000 1151 411 0.3571
22647.5000 1151 412 0.3579
22648.0000 1152 412 0.3576
22660.7000 1152 413 0.3585
22666.0000 1153 413 0.3582
22669.8000 1153 414 0.3591
22682.0000 1154 414 0.3588
22698.0000 1155 414 0.3584
22713.0000 1156 414 0.3581
22726.8000 1156 415 0.3590
22735.0000 1157 415 0.3587
22758.0000 1158 415 0.3584
22779.0000 1159 415 0.3581
22799.0000 1160 415 0.3578
22804.7000 1160 416 0.3586
22820.0000 1161 416 0.3583
22822.9000 1161 417 0.3592
22835.0000 1162 417 0.3589
22850.0000 1163 417 0.3586
22862.0000 1163 418 0.3594
22869.0000 1164 418 0.3591
22891.0000 1165 418 0.3588
22913.0000 1166 418 0.3585
22921.6000 1166 419 0.3593
22931.0000 1167 419 0.3590
22954.0000 1168 419 0.3587
22971.0000 1169 419 0.3584
22973.0000 1169 420 0.3593
22991.0000 1170 420 0.3590
23007.0000 1171 420 0.3587
23031.0000 1172 420 0.3584
23047.0000 1173 420 0.3581
23047.9000 1173 421 0.3589
23070.0000 1174 421 0.3586
23085.0000 1175 421 0.3583
23106.0000 1176 421 0.3580
23127.0000 1177 421 0.3577
23143.8000 1177 422 0.3585
23149.0000 1178 422 0.3582
23165.0000 1179 422 0.3579
23180.0000 1180 422 0.3576
23198.0000 1181 422 0.3573
23214.0000 1182 422 0.3570
23238.0000 1183 422 0.3567
23252.6000 1183 423 0.3576
23258.0000 1184 423 0.3573
23280.0000 1185 423 0.3570
23295.0000 1186 423 0.3567
23304.1000 1186 424 0.3575
23319.0000 1187 424 0.3572
23339.0000 1188 424 0.3569
23343.7000 1188 425 0.3577
23360.0000 1189 425 0.3574
23377.0000 1190 425 0.3571
23393.0000 1191 425 0.3568
23409.0000 1192 425 0.3565
23428.0000 1193 425 0.3562
23445.0000 1194 425 0.3559
23463.8000 1194 426 0.3568
23464.0000 1195 426 0.3565
23466.7000 1195 427 0.3573
23482.0000 1196 427 0.3570
23498.0000 1197 427 0.3567
23503.3000 1197 428 0.3576
23516.0000 1198 428 0.3573
23532.0000 1199 428 0.3570
23547.0000 1200 428 0.3567
23558.5000 1200 429 0.3575
23565.9000 1200 430 0.3583
23568.0000 1201 430 0.3580
23573.6000 1201 431 0.3589
23589.0000 1202 431 0.3586
23592.8000 1202 432 0.3594
23613.0000 1203 432 0.3591
23629.0000 1204 432 0.3588
23641.9000 1204 433 0.3596
23647.0000 1205 433 0.3593
23653.2000 1205 434 0.3602
23653.8000 1205 435 0.3610
23654.8000 1205 436 0.3618
23662.0000 1206 436 0.3615
23681.0000 1207 436 0.3612
23691.8000 1207 437 0.3621
23702.0000 1208 437 0.3618
23718.5000 1208 438 0.3626
23724.4000 1208 439 0.3634
23726.0000 1209 439 0.3631
23730.1000 1209 440 0.3639
23741.0000 1210 440 0.3636
23760.0000 1211 440 0.3633
23769.3000 1211 441 0.3642
23778.0000 1212 441 0.3639
23798.0000 1213 441 0.3636
23817.0000 1214 441 0.3633
23837.0000 1215 441 0.3630
23847.0000 1215 442 0.3638
23859.0000 1216 442 0.3635
23874.0000 1217 442 0.3632
23895.0000 1218 442 0.3629
23916.0000 1219 442 0.3626
23917.6000 1219 443 0.3634
23937.0000 1220 443 0.3631
23938.7000 1220 444 0.3639
23961.0000 1221 444 0.3636
23981.0000 1222 444 0.3633
24004.0000 1223 444 0.3630
24026.0000 1224 444 0.3627
24035.7000 1224 445 0.3636
24037.4000 1224 446 0.3644
24038.2000 1224 447 0.3652
24043.0000 1225 447 0.3649
24044.9000 1225 448 0.3657
24062.0000 1226 448 0.3654
24079.0000 1227 448 0.3651
24095.0000 1228 448 0.3648
24110.0000 1229 448 0.3645
24134.0000 1230 448 0.3642
24144.9000 1230 449 0.3650
24157.0000 1231 449 0.3647
24179.0000 1232 449 0.3644
24203.0000 1233 449 0.3642
24222.0000 1234 449 0.3639
24245.0000 1235 449 0.3636
24262.0000 1236 449 0.3633
24271.0000 1236 450 0.3641
24286.0000 1237 450 0.3638
24300.4000 1237 451 0.3646
24305.0000 1238 451 0.3643
24313.0000 1238 452 0.3651
24326.0000 1239 452 0.3648
24349.0000 1240 452 0.3645
24368.0000 1241 452 0.3642
24379.5000 1241 453 0.3650
24382.2000 1241 454 0.3658
24383.0000 1242 454 0.3655
24407.0000 1243 454 0.3652
24422.5000 1243 455 0.3660
24427.0000 1244 455 0.3658
24445.2000 1244 456 0.3666
24447.0000 1245 456 0.3663
24468.0000 1246 456 0.3660
24473.7000 1246 457 0.3668
24489.0000 1246 458 0.3676
24490.0000 1247 458 0.3673
24514.0000 1248 458 0.3670
24522.2000 1248 459 0.3678
24530.0000 1249 459 0.3675
24553.0000 1250 459 0.3672
24568.0000 1251 459 0.3669
24569.0000 1251 460 0.3677
24591.0000 1252 460 0.3674
24607.0000 1253 460 0.3671
24624.0000 1254 460 0.3668
24641.0000 1255 460 0.3665
24656.0000 1256 460 0.3662
24677.0000 1257 460 0.3660
24693.0000 1258 460 0.3657
24712.0000 1259 460 0.3654
24736.0000 1260 460 0.3651
24751.0000 1261 460 0.3648
24758.9000 1261 461 0.3656
24768.0000 1262 461 0.3653
24790.0000 1263 461 0.3650
24809.0000 1264 461 0.3647
24824.0000 1265 461 0.3644
24828.5000 1265 462 0.3652
24844.0000 1266 462 0.3649
24858.4000 1266 463 0.3657
24867.0000 1267 463 0.3654
24883.0000 1268 463 0.3651
24906.0000 1269 463 0.3649
24921.0000 1270 463 0.3646
24945.0000 1271 463 0.3643
24963.0000 1272 463 0.3640
24980.0000 1273 463 0.3637
24999.0000 1274 463 0.3634
25015.0000 1275 463 0.3631
25034.0000 1276 463 0.3629
25055.0000 1277 463 0.3626
25067.4000 1277 464 0.3634
25074.0000 1278 464 0.3631
25077.9000 1278 465 0.3638
25091.9000 1278 466 0.3646
25095.0000 1279 466 0.3643
25108.9000 1279 467 0.3651
25109.4000 1279 468 0.3659
25116.1000 1279 469 0.3667
25116.5000 1279 470 0.3675
25119.0000 1280 470 0.3672
25125.1000 1280 471 0.3680
25138.0000 1281 471 0.3677
25162.0000 1282 471 0.3674
25165.6000 1282 472 0.3682
25183.0000 1283 472 0.3679
