# time  created  delivered  delivered/created
22.0000 1 0 0.0000
38.0000 2 0 0.0000
54.0000 3 0 0.0000
72.0000 4 0 0.0000
94.0000 5 0 0.0000
110.0000 6 0 0.0000
133.0000 7 0 0.0000
153.0000 8 0 0.0000
175.0000 9 0 0.0000
191.0000 10 0 0.0000
210.0000 11 0 0.0000
225.0000 12 0 0.0000
249.0000 13 0 0.0000
265.0000 14 0 0.0000
281.0000 15 0 0.0000
304.0000 16 0 0.0000
328.0000 17 0 0.0000
343.0000 18 0 0.0000
367.0000 19 0 0.0000
382.0000 20 0 0.0000
399.0000 21 0 0.0000
420.0000 22 0 0.0000
439.0000 23 0 0.0000
458.0000 24 0 0.0000
480.0000 25 0 0.0000
497.0000 26 0 0.0000
515.0000 27 0 0.0000
538.0000 28 0 0.0000
562.0000 29 0 0.0000
581.0000 30 0 0.0000
581.2000 30 1 0.0333
603.0000 31 1 0.0323
625.0000 32 1 0.0313
640.9000 32 2 0.0625
646.0000 33 2 0.0606
661.6000 33 3 0.0909
667.0000 34 3 0.0882
685.0000 35 3 0.0857
691.0000 35 4 0.1143
700.0000 36 4 0.1111
713.7000 36 5 0.1389
722.0000 37 5 0.1351
741.0000 38 5 0.1316
764.0000 39 5 0.1282
784.0000 40 5 0.1250
786.4000 40 6 0.1500
806.0000 41 6 0.1463
829.0000 42 6 0.1429
851.0000 43 6 0.1395
873.0000 44 6 0.1364
895.0000 45 6 0.1333
918.0000 46 6 0.1304
941.0000 47 6 0.1277
957.0000 48 6 0.1250
975.0000 49 6 0.1224
998.0000 50 6 0.1200
1018.0000 51 6 0.1176
1040.0000 52 6 0.1154
1056.0000 53 6 0.1132
1077.0000 54 6 0.1111
1096.0000 55 6 0.1091
1117.0000 56 6 0.1071
1137.0000 57 6 0.1053
1159.0000 58 6 0.1034
1179.0000 59 6 0.1017
1193.3000 59 7 0.1186
1201.0000 60 7 0.1167
1216.0000 61 7 0.1148
1225.1000 61 8 0.1311
1226.1000 61 9 0.1475
1232.0000 62 9 0.1452
1251.0000 63 9 0.1429
1268.0000 64 9 0.1406
1287.0000 65 9 0.1385
1308.0000 66 9 0.1364
1327.0000 67 9 0.1343
1342.0000 68 9 0.1324
1364.0000 69 9 0.1304
1381.1000 69 10 0.1449
1388.0000 70 10 0.1429
1397.1000 70 11 0.1571
1407.0000 71 11 0.1549
1408.4000 71 12 0.1690
1422.0000 72 12 0.1667
1442.0000 73 12 0.1644
1464.0000 74 12 0.1622
1475.9000 74 13 0.1757
1478.4000 74 14 0.1892
1479.0000 75 14 0.1867
1483.1000 75 15 0.2000
1500.0000 76 15 0.1974
1518.0000 77 15 0.1948
1542.0000 78 15 0.1923
1560.8000 78 16 0.2051
1562.0000 79 16 0.2025
1577.0000 80 16 0.2000
1600.0000 81 16 0.1975
1620.0000 82 16 0.1951
1637.0000 83 16 0.1928
1652.0000 84 16 0.1905
1673.0000 85 16 0.1882
1695.0000 86 16 0.1860
1706.4000 86 17 0.1977
1713.0000 87 17 0.1954
1736.2000 87 18 0.2069
1736.7000 87 19 0.2184
1737.0000 88 19 0.2159
1739.8000 88 20 0.2273
1754.9000 88 21 0.2386
1760.0000 89 21 0.2360
1781.0000 90 21 0.2333
1804.0000 91 21 0.2308
1826.0000 92 21 0.2283
1849.0000 93 21 0.2258
1870.0000 94 21 0.2234
1880.0000 94 22 0.2340
1890.0000 95 22 0.2316
1911.0000 96 22 0.2292
1929.0000 97 22 0.2268
1948.0000 98 22 0.2245
1965.0000 99 22 0.2222
1980.0000 100 22 0.2200
1991.8000 100 23 0.2300
2002.0000 101 23 0.2277
2024.0000 102 23 0.2255
2035.6000 102 24 0.2353
2041.0000 103 24 0.2330
2064.0000 104 24 0.2308
2080.0000 105 24 0.2286
2095.0000 106 24 0.2264
2115.7000 106 25 0.2358
2119.0000 107 25 0.2336
2139.0000 108 25 0.2315
2143.8000 108 26 0.2407
2161.0000 109 26 0.2385
2178.0000 110 26 0.2364
2199.0000 111 26 0.2342
2217.0000 111 27 0.2432
2222.0000 112 27 0.2411
2240.0000 113 27 0.2389
2259.0000 114 27 0.2368
2275.0000 115 27 0.2348
2295.0000 116 27 0.2328
2314.0000 117 27 0.2308
2324.2000 117 28 0.2393
2335.0000 118 28 0.2373
2354.0000 119 28 0.2353
2377.0000 120 28 0.2333
2396.0000 121 28 0.2314
2411.0000 122 28 0.2295
2412.0000 122 29 0.2377
2433.0000 123 29 0.2358
2452.0000 124 29 0.2339
2460.7000 124 30 0.2419
2464.9000 124 31 0.2500
2470.9000 124 32 0.2581
2474.0000 125 32 0.2560
2496.0000 126 32 0.2540
2511.0000 127 32 0.2520
2526.0000 128 32 0.2500
2546.0000 129 32 0.2481
2555.1000 129 33 0.2558
2556.0000 129 34 0.2636
2563.0000 130 34 0.2615
2586.0000 131 34 0.2595
2601.0000 132 34 0.2576
2621.0000 133 34 0.2556
2641.0000 134 34 0.2537
2662.0000 135 34 0.2519
2678.0000 136 34 0.2500
2689.6000 136 35 0.2574
2690.9000 136 36 0.2647
2693.0000 137 36 0.2628
2716.0000 138 36 0.2609
2735.0000 139 36 0.2590
2741.3000 139 37 0.2662
2754.0000 140 37 0.2643
2771.0000 141 37 0.2624
2773.0000 141 38 0.2695
2788.0000 142 38 0.2676
2800.0000 142 39 0.2746
2807.0000 143 39 0.2727
2824.5000 143 40 0.2797
2826.1000 143 41 0.2867
2831.0000 144 41 0.2847
2853.0000 145 41 0.2828
2868.0000 146 41 0.2808
2891.0000 147 41 0.2789
2899.2000 147 42 0.2857
2911.0000 148 42 0.2838
2926.0000 149 42 0.2819
2942.0000 150 42 0.2800
2946.7000 150 43 0.2867
2954.4000 150 44 0.2933
2962.0000 151 44 0.2914
2979.0000 152 44 0.2895
3003.0000 153 44 0.2876
3021.9000 153 45 0.2941
3024.0000 154 45 0.2922
3040.0000 155 45 0.2903
3064.0000 156 45 0.2885
3065.8000 156 46 0.2949
3072.5000 156 47 0.3013
3085.9000 156 48 0.3077
3086.0000 157 48 0.3057
3089.2000 157 49 0.3121
3110.0000 158 49 0.3101
3118.8000 158 50 0.3165
3129.0000 159 50 0.3145
3129.9000 159 51 0.3208
3147.0000 160 51 0.3188
3166.0000 161 51 0.3168
3190.0000 162 51 0.3148
3210.0000 163 51 0.3129
3225.0000 164 51 0.3110
3243.0000 165 51 0.3091
3260.0000 166 51 0.3072
3261.2000 166 52 0.3133
3271.8000 166 53 0.3193
3283.0000 167 53 0.3174
3305.0000 168 53 0.3155
3321.0000 169 53 0.3136
3329.5000 169 54 0.3195
3344.0000 170 54 0.3176
3364.5000 170 55 0.3235
3365.0000 171 55 0.3216
3385.0000 172 55 0.3198
3408.0000 173 55 0.3179
3420.8000 173 56 0.3237
3428.0000 174 56 0.3218
3447.8000 174 57 0.3276
3449.0000 175 57 0.3257
3472.0000 176 57 0.3239
3488.0000 177 57 0.3220
3511.0000 178 57 0.3202
3513.8000 178 58 0.3258
3530.6000 178 59 0.3315
3535.0000 179 59 0.3296
3546.4000 179 60 0.3352
3548.5000 179 61 0.3408
3551.5000 179 62 0.3464
3552.0000 180 62 0.3444
3570.0000 181 62 0.3425
3577.8000 181 63 0.3481
3589.0000 182 63 0.3462
3604.0000 183 63 0.3443
3619.0000 184 63 0.3424
3638.0000 185 63 0.3405
3653.0000 186 63 0.3387
3669.0000 187 63 0.3369
3689.0000 188 63 0.3351
3712.0000 189 63 0.3333
3730.0000 190 63 0.3316
3754.0000 191 63 0.3298
3771.0000 192 63 0.3281
3787.0000 193 63 0.3264
3809.0000 194 63 0.3247
3822.2000 194 64 0.3299
3832.0000 195 64 0.3282
3848.6000 195 65 0.3333
3854.0000 196 65 0.3316
3873.0000 197 65 0.3299
3881.8000 197 66 0.3350
3895.0000 198 66 0.3333
3919.0000 199 66 0.3317
3938.0000 200 66 0.3300
3946.3000 200 67 0.3350
3946.9000 200 68 0.3400
3953.0000 200 69 0.3450
3955.0000 201 69 0.3433
3975.0000 202 69 0.3416
3996.0000 203 69 0.3399
4012.0000 204 69 0.3382
4031.0000 205 69 0.3366
4052.0000 206 69 0.3350
4054.9000 206 70 0.3398
4059.1000 206 71 0.3447
4060.1000 206 72 0.3495
4070.0000 207 72 0.3478
4094.0000 208 72 0.3462
4115.0000 209 72 0.3445
4134.0000 210 72 0.3429
4153.0000 211 72 0.3412
4171.0000 212 72 0.3396
4187.1000 212 73 0.3443
4194.0000 213 73 0.3427
4208.3000 213 74 0.3474
4209.7000 213 75 0.3521
4214.0000 214 75 0.3505
4232.2000 214 76 0.3551
4235.0000 215 76 0.3535
4251.0000 216 76 0.3519
4268.6000 216 77 0.3565
4272.0000 217 77 0.3548
4287.3000 217 78 0.3594
4288.3000 217 79 0.3641
4290.0000 218 79 0.3624
4314.0000 219 79 0.3607
4315.4000 219 80 0.3653
4338.0000 220 80 0.3636
4360.0000 221 80 0.3620
4363.6000 221 81 0.3665
4381.0000 222 81 0.3649
4400.0000 223 81 0.3632
4406.0000 223 82 0.3677
4419.0000 224 82 0.3661
4419.1000 224 83 0.3705
4428.4000 224 84 0.3750
4434.0000 225 84 0.3733
4451.0000 225 85 0.3778
4452.4000 225 86 0.3822
4458.0000 226 86 0.3805
4463.0000 226 87 0.3850
4476.0000 227 87 0.3833
4497.0000 228 87 0.3816
4515.0000 229 87 0.3799
4537.0000 230 87 0.3783
4556.0000 231 87 0.3766
4580.0000 232 87 0.3750
4597.0000 233 87 0.3734
4614.0000 234 87 0.3718
4634.0000 235 87 0.3702
4655.0000 236 87 0.3686
4665.1000 236 88 0.3729
4672.0000 237 88 0.3713
4689.0000 238 88 0.3697
4699.4000 238 89 0.3739
4706.0000 239 89 0.3724
4729.0000 240 89 0.3708
4741.9000 240 90 0.3750
4747.0000 241 90 0.3734
4762.0000 242 90 0.3719
4764.8000 242 91 0.3760
4783.0000 243 91 0.3745
4807.0000 244 91 0.3730
4813.0000 244 92 0.3770
4824.0000 245 92 0.3755
4848.0000 246 92 0.3740
4867.0000 247 92 0.3725
4886.0000 248 92 0.3710
4909.0000 249 92 0.3695
4914.5000 249 93 0.3735
4928.0000 250 93 0.3720
4951.0000 251 93 0.3705
4966.0000 252 93 0.3690
4979.5000 252 94 0.3730
4986.0000 253 94 0.3715
5008.8000 253 95 0.3755
5010.0000 254 95 0.3740
5033.0000 255 95 0.3725
5048.0000 256 95 0.3711
5063.6000 256 96 0.3750
5072.0000 257 96 0.3735
5076.2000 257 97 0.3774
5089.0000 258 97 0.3760
5103.3000 258 98 0.3798
5112.0000 259 98 0.3784
5131.0000 260 98 0.3769
5143.9000 260 99 0.3808
5151.0000 261 99 0.3793
5175.0000 262 99 0.3779
5194.0000 263 99 0.3764
5208.4000 263 100 0.3802
5212.5000 263 101 0.3840
5215.0000 264 101 0.3826
5237.0000 265 101 0.3811
5254.0000 266 101 0.3797
5263.5000 266 102 0.3835
5269.0000 267 102 0.3820
5281.4000 267 103 0.3858
5291.0000 268 103 0.3843
5307.0000 269 103 0.3829
5322.4000 269 104 0.3866
5324.0000 270 104 0.3852
5339.0000 271 104 0.3838
5356.0000 272 104 0.3824
5371.0000 273 104 0.3810
5387.0000 274 104 0.3796
5410.0000 275 104 0.3782
5410.3000 275 105 0.3818
5426.0000 276 105 0.3804
5447.0000 277 105 0.3791
5470.0000 278 105 0.3777
5490.0000 279 105 0.3763
5504.6000 279 106 0.3799
5507.0000 280 106 0.3786
5516.4000 280 107 0.3821
5528.0000 281 107 0.3808
5546.0000 282 107 0.3794
5564.0000 283 107 0.3781
5566.2000 283 108 0.3816
5584.0000 284 108 0.3803
5607.0000 285 108 0.3789
5625.0000 286 108 0.3776
5643.0000 287 108 0.3763
5665.0000 288 108 0.3750
5685.0000 289 108 0.3737
5693.8000 289 109 0.3772
5704.0000 290 109 0.3759
5724.0000 291 109 0.3746
5740.5000 291 110 0.3780
5745.0000 292 110 0.3767
5745.2000 292 111 0.3801
5760.0000 293 111 0.3788
5782.7000 293 112 0.3823
5784.0000 294 112 0.3810
5805.0000 295 112 0.3797
5822.0000 296 112 0.3784
5841.0000 297 112 0.3771
5859.0000 298 112 0.3758
5874.0000 299 112 0.3746
5893.0000 300 112 0.3733
5905.8000 300 113 0.3767
5914.0000 301 113 0.3754
5914.2000 301 114 0.3787
5916.2000 301 115 0.3821
5932.0000 302 115 0.3808
5953.0000 303 115 0.3795
5959.1000 303 116 0.3828
5971.0000 304 116 0.3816
5986.0000 305 116 0.3803
5996.8000 305 117 0.3836
6003.8000 305 118 0.3869
6008.0000 306 118 0.3856
6010.9000 306 119 0.3889
6024.0000 307 119 0.3876
6029.0000 307 120 0.3909
6041.0000 308 120 0.3896
6063.0000 309 120 0.3883
6068.1000 309 121 0.3916
6074.6000 309 122 0.3948
6087.0000 310 122 0.3935
6105.0000 311 122 0.3923
6124.0000 312 122 0.3910
6129.8000 312 123 0.3942
6132.6000 312 124 0.3974
6145.0000 313 124 0.3962
6152.6000 313 125 0.3994
6166.0000 314 125 0.3981
6182.0000 315 125 0.3968
6201.0000 316 125 0.3956
6216.0000 317 125 0.3943
6216.8000 317 126 0.3975
6231.0000 318 126 0.3962
6245.2000 318 127 0.3994
6248.0000 319 127 0.3981
6261.7000 319 128 0.4013
6267.0000 320 128 0.4000
6289.0000 321 128 0.3988
6308.0000 322 128 0.3975
6332.0000 323 128 0.3963
6338.7000 323 129 0.3994
6355.0000 324 129 0.3981
6372.0000 325 129 0.3969
6374.6000 325 130 0.4000
6393.0000 326 130 0.3988
6393.8000 326 131 0.4018
6417.0000 327 131 0.4006
6424.2000 327 132 0.4037
6425.4000 327 133 0.4067
6431.8000 327 134 0.4098
6441.0000 328 134 0.4085
6465.0000 329 134 0.4073
6467.3000 329 135 0.4103
6486.0000 330 135 0.4091
6502.0000 331 135 0.4079
6518.0000 332 135 0.4066
6536.0000 333 135 0.4054
6548.1000 333 136 0.4084
6553.5000 333 137 0.4114
6554.1000 333 138 0.4144
6555.0000 334 138 0.4132
6572.0000 335 138 0.4119
6591.0000 336 138 0.4107
6608.0000 337 138 0.4095
6631.0000 338 138 0.4083
6646.0000 339 138 0.4071
6665.0000 340 138 0.4059
6684.0000 341 138 0.4047
6687.9000 341 139 0.4076
6696.4000 341 140 0.4106
6708.0000 342 140 0.4094
6725.0000 343 140 0.4082
6733.4000 343 141 0.4111
6745.0000 344 141 0.4099
6760.0000 345 141 0.4087
6770.7000 345 142 0.4116
6781.0000 346 142 0.4104
6793.7000 346 143 0.4133
6800.0000 347 143 0.4121
6816.0000 348 143 0.4109
6839.0000 349 143 0.4097
6854.0000 350 143 0.4086
6861.4000 350 144 0.4114
6867.6000 350 145 0.4143
6874.0000 351 145 0.4131
6889.0000 352 145 0.4119
6893.6000 352 146 0.4148
6909.0000 353 146 0.4136
6920.8000 353 147 0.4164
6930.0000 354 147 0.4153
6951.0000 355 147 0.4141
6971.0000 356 147 0.4129
6978.5000 356 148 0.4157
6995.0000 357 148 0.4146
7010.0000 358 148 0.4134
7021.8000 358 149 0.4162
7023.5000 358 150 0.4190
7025.1000 358 151 0.4218
7029.0000 359 151 0.4206
7048.0000 360 151 0.4194
7071.0000 361 151 0.4183
7093.0000 362 151 0.4171
7108.0000 363 151 0.4160
7111.5000 363 152 0.4187
7111.9000 363 153 0.4215
7112.8000 363 154 0.4242
7130.0000 364 154 0.4231
7147.0000 365 154 0.4219
7163.0000 366 154 0.4208
7176.4000 366 155 0.4235
7180.0000 367 155 0.4223
7190.6000 367 156 0.4251
7197.0000 368 156 0.4239
7221.0000 369 156 0.4228
7240.0000 370 156 0.4216
7243.4000 370 157 0.4243
7254.0000 370 158 0.4270
7255.0000 371 158 0.4259
7272.0000 372 158 0.4247
7296.0000 373 158 0.4236
7314.6000 373 159 0.4263
7319.0000 374 159 0.4251
7333.5000 374 160 0.4278
7335.0000 375 160 0.4267
7335.2000 375 161 0.4293
7354.3000 375 162 0.4320
7358.0000 376 162 0.4309
7367.4000 376 163 0.4335
7378.0000 377 163 0.4324
7394.0000 378 163 0.4312
7406.7000 378 164 0.4339
7411.0000 379 164 0.4327
7412.7000 379 165 0.4354
7435.0000 380 165 0.4342
7436.5000 380 166 0.4368
7459.0000 381 166 0.4357
7480.0000 382 166 0.4346
7493.2000 382 167 0.4372
7498.0000 383 167 0.4360
7514.0000 384 167 0.4349
7534.4000 384 168 0.4375
7535.8000 384 169 0.4401
7536.0000 385 169 0.4390
7559.0000 386 169 0.4378
7574.0000 387 169 0.4367
7591.1000 387 170 0.4393
7595.0000 388 170 0.4381
7613.0000 389 170 0.4370
7632.0000 390 170 0.4359
7650.0000 390 171 0.4385
7656.0000 391 171 0.4373
7673.0000 392 171 0.4362
7696.0000 393 171 0.4351
7710.0000 393 172 0.4377
7713.0000 394 172 0.4365
7730.0000 395 172 0.4354
7745.0000 396 172 0.4343
7762.0000 397 172 0.4332
7784.0000 398 172 0.4322
7804.0000 399 172 0.4311
7822.0000 400 172 0.4300
7823.7000 400 173 0.4325
7840.0000 401 173 0.4314
7848.3000 401 174 0.4339
7858.0000 402 174 0.4328
7874.0000 403 174 0.4318
7878.2000 403 175 0.4342
7879.0000 403 176 0.4367
7883.6000 403 177 0.4392
7895.0000 404 177 0.4381
7914.0000 405 177 0.4370
7931.0000 406 177 0.4360
7948.0000 407 177 0.4349
7963.7000 407 178 0.4373
7972.0000 408 178 0.4363
7987.0000 409 178 0.4352
7992.4000 409 179 0.4377
8002.0000 410 179 0.4366
8024.0000 411 179 0.4355
8040.0000 412 179 0.4345
8041.7000 412 180 0.4369
8059.0000 413 180 0.4358
8082.0000 414 180 0.4348
8099.0000 415 180 0.4337
8116.0000 416 180 0.4327
8137.0000 417 180 0.4317
8158.0000 418 180 0.4306
8158.8000 418 181 0.4330
8173.0000 419 181 0.4320
8190.0000 420 181 0.4310
8204.4000 420 182 0.4333
8205.0000 421 182 0.4323
8205.7000 421 183 0.4347
8227.0000 422 183 0.4336
8235.0000 422 184 0.4360
8237.1000 422 185 0.4384
8251.0000 423 185 0.4374
8270.0000 423 186 0.4397
8271.7000 423 187 0.4421
8275.0000 424 187 0.4410
8297.0000 425 187 0.4400
8317.0000 426 187 0.4390
8336.0000 427 187 0.4379
8359.0000 428 187 0.4369
8375.0000 429 187 0.4359
8396.0000 430 187 0.4349
8399.8000 430 188 0.4372
8414.0000 431 188 0.4362
8433.1000 431 189 0.4385
8434.6000 431 190 0.4408
8437.0000 432 190 0.4398
8448.0000 432 191 0.4421
8453.0000 433 191 0.4411
8457.6000 433 192 0.4434
8468.0000 434 192 0.4424
8492.0000 435 192 0.4414
8507.9000 435 193 0.4437
8510.0000 436 193 0.4427
8525.0000 437 193 0.4416
8544.0000 438 193 0.4406
8553.4000 438 194 0.4429
8566.0000 439 194 0.4419
8569.2000 439 195 0.4442
8578.2000 439 196 0.4465
8586.0000 440 196 0.4455
8609.0000 441 196 0.4444
8625.0000 442 196 0.4434
8633.5000 442 197 0.4457
8641.0000 442 198 0.4480
8644.0000 443 198 0.4470
8663.0000 444 198 0.4459
8681.0000 445 198 0.4449
8697.0000 446 198 0.4439
8714.5000 446 199 0.4462
8719.0000 447 199 0.4452
8743.0000 448 199 0.4442
8767.0000 449 199 0.4432
8784.0000 450 199 0.4422
8790.7000 450 200 0.4444
8800.0000 451 200 0.4435
8806.9000 451 201 0.4457
8822.7000 451 202 0.4479
8823.0000 452 202 0.4469
8839.0000 453 202 0.4459
8854.0000 454 202 0.4449
8863.2000 454 203 0.4471
8869.0000 455 203 0.4462
8875.4000 455 204 0.4484
8888.6000 455 205 0.4505
8892.0000 456 205 0.4496
8911.0000 457 205 0.4486
8929.0000 458 205 0.4476
8944.0000 459 205 0.4466
8945.8000 459 206 0.4488
8955.3000 459 207 0.4510
8961.0000 460 207 0.4500
8968.9000 460 208 0.4522
8979.0000 461 208 0.4512
8997.0000 462 208 0.4502
9006.3000 462 209 0.4524
9011.3000 462 210 0.4545
9013.0000 463 210 0.4536
9035.0000 464 210 0.4526
9054.3000 464 211 0.4547
9058.0000 465 211 0.4538
9066.1000 465 212 0.4559
9073.0000 466 212 0.4549
9084.5000 466 213 0.4571
9093.5000 466 214 0.4592
9095.0000 467 214 0.4582
9119.0000 468 214 0.4573
9143.0000 469 214 0.4563
9155.5000 469 215 0.4584
9162.0000 470 215 0.4574
9167.1000 470 216 0.4596
9186.0000 471 216 0.4586
9196.5000 471 217 0.4607
9209.0000 472 217 0.4597
9224.0000 473 217 0.4588
9245.0000 474 217 0.4578
9264.0000 475 217 0.4568
9288.0000 476 217 0.4559
9306.5000 476 218 0.4580
9310.0000 477 218 0.4570
9315.6000 477 219 0.4591
9326.0000 478 219 0.4582
9338.1000 478 220 0.4603
9341.0000 479 220 0.4593
9365.0000 480 220 0.4583
9387.0000 481 220 0.4574
9403.0000 482 220 0.4564
9426.0000 483 220 0.4555
9444.0000 484 220 0.4545
9468.0000 485 220 0.4536
9485.0000 486 220 0.4527
9503.0000 487 220 0.4517
9511.6000 487 221 0.4538
9527.0000 488 221 0.4529
9550.0000 489 221 0.4519
9573.0000 490 221 0.4510
9589.5000 490 222 0.4531
9591.0000 491 222 0.4521
9614.0000 492 222 0.4512
9614.9000 492 223 0.4533
9632.0000 493 223 0.4523
9635.2000 493 224 0.4544
9653.0000 494 224 0.4534
9673.6000 494 225 0.4555
9676.0000 495 225 0.4545
9676.0000 495 226 0.4566
9693.0000 496 226 0.4556
9715.0000 497 226 0.4547
9736.0000 498 226 0.4538
9750.0000 498 227 0.4558
9752.0000 499 227 0.4549
9776.0000 500 227 0.4540
9793.6000 500 228 0.4560
9799.0000 501 228 0.4551
9821.0000 502 228 0.4542
9837.0000 503 228 0.4533
9861.0000 504 228 0.4524
9879.0000 505 228 0.4515
9894.0000 506 228 0.4506
9909.0000 507 228 0.4497
9927.0000 508 228 0.4488
9946.0000 509 228 0.4479
9946.2000 509 229 0.4499
9950.9000 509 230 0.4519
9969.0000 510 230 0.4510
9988.0000 511 230 0.4501
10007.0000 512 230 0.4492
10024.0000 513 230 0.4483
10044.0000 514 230 0.4475
10067.0000 515 230 0.4466
10087.0000 516 230 0.4457
10111.0000 517 230 0.4449
10131.0000 517 231 0.4468
10132.0000 518 231 0.4459
10154.0000 519 231 0.4451
10177.0000 520 231 0.4442
10194.0000 521 231 0.4434
10216.0000 522 231 0.4425
10233.6000 522 232 0.4444
10235.0000 523 232 0.4436
10236.9000 523 233 0.4455
10252.0000 523 234 0.4474
10257.0000 524 234 0.4466
10281.0000 525 234 0.4457
10300.0000 526 234 0.4449
10320.0000 527 234 0.4440
10343.0000 528 234 0.4432
10366.0000 529 234 0.4423
10382.0000 530 234 0.4415
10393.9000 530 235 0.4434
10402.0000 531 235 0.4426
10423.0000 532 235 0.4417
10441.0000 533 235 0.4409
10461.0000 534 235 0.4401
10480.0000 535 235 0.4393
10496.9000 535 236 0.4411
10497.0000 536 236 0.4403
10518.0000 537 236 0.4395
10536.0000 537 237 0.4413
10537.0000 538 237 0.4405
10555.0000 539 237 0.4397
10571.0000 540 237 0.4389
10591.0000 541 237 0.4381
10614.6000 541 238 0.4399
10615.0000 542 238 0.4391
10637.0000 543 238 0.4383
10641.2000 543 239 0.4401
10645.7000 543 240 0.4420
10657.0000 544 240 0.4412
10681.0000 545 240 0.4404
10686.7000 545 241 0.4422
10703.0000 546 241 0.4414
10726.0000 547 241 0.4406
10748.0000 548 241 0.4398
10768.0000 549 241 0.4390
10781.7000 549 242 0.4408
10788.0000 550 242 0.4400
10808.0000 551 242 0.4392
10823.0000 552 242 0.4384
10842.0000 553 242 0.4376
10866.0000 554 242 0.4368
10876.7000 554 243 0.4386
10884.1000 554 244 0.4404
10885.0000 555 244 0.4396
10887.3000 555 245 0.4414
10907.0000 556 245 0.4406
10925.0000 557 245 0.4399
10942.0000 558 245 0.4391
10959.8000 558 246 0.4409
10966.0000 559 246 0.4401
10983.0000 560 246 0.4393
11006.0000 561 246 0.4385
11019.7000 561 247 0.4403
11021.3000 561 248 0.4421
11023.0000 562 248 0.4413
11043.2000 562 249 0.4431
11046.0000 563 249 0.4423
11068.0000 564 249 0.4415
11084.0000 565 249 0.4407
11102.0000 566 249 0.4399
11120.0000 567 249 0.4392
11143.0000 568 249 0.4384
11166.0000 569 249 0.4376
11178.5000 569 250 0.4394
11182.0000 570 250 0.4386
11199.7000 570 251 0.4404
11201.0000 571 251 0.4396
11213.4000 571 252 0.4413
11218.0000 572 252 0.4406
11238.0000 573 252 0.4398
11250.8000 573 253 0.4415
11252.6000 573 254 0.4433
11254.8000 573 255 0.4450
11260.0000 574 255 0.4443
11265.4000 574 256 0.4460
11280.0000 575 256 0.4452
11298.0000 576 256 0.4444
11308.0000 576 257 0.4462
11313.8000 576 258 0.4479
11319.0000 577 258 0.4471
11343.0000 578 258 0.4464
11350.9000 578 259 0.4481
11363.0000 579 259 0.4473
11381.0000 580 259 0.4466
11405.0000 581 259 0.4458
11424.0000 582 259 0.4450
11435.1000 582 260 0.4467
11443.0000 583 260 0.4460
11450.2000 583 261 0.4477
11460.4000 583 262 0.4494
11467.0000 584 262 0.4486
11491.0000 585 262 0.4479
11511.0000 586 262 0.4471
11514.0000 586 263 0.4488
11529.0000 587 263 0.4480
11540.0000 587 264 0.4497
11540.4000 587 265 0.4514
11547.0000 588 265 0.4507
11566.0000 589 265 0.4499
11586.0000 590 265 0.4492
11602.2000 590 266 0.4508
11610.0000 591 266 0.4501
11612.4000 591 267 0.4518
11621.1000 591 268 0.4535
11626.0000 592 268 0.4527
11633.7000 592 269 0.4544
11640.2000 592 270 0.4561
11650.0000 593 270 0.4553
11663.9000 593 271 0.4570
11665.0000 594 271 0.4562
11679.6000 594 272 0.4579
11680.0000 595 272 0.4571
11685.7000 595 273 0.4588
11686.0000 595 274 0.4605
11696.0000 596 274 0.4597
11711.0000 597 274 0.4590
11731.0000 598 274 0.4582
11755.0000 599 274 0.4574
11771.0000 600 274 0.4567
11790.0000 601 274 0.4559
11795.7000 601 275 0.4576
11803.8000 601 276 0.4592
11804.8000 601 277 0.4609
11805.5000 601 278 0.4626
11809.0000 602 278 0.4618
11809.2000 602 279 0.4635
11809.6000 602 280 0.4651
11827.0000 603 280 0.4643
11851.0000 604 280 0.4636
11867.0000 605 280 0.4628
11871.7000 605 281 0.4645
11885.0000 606 281 0.4637
11904.8000 606 282 0.4653
11907.0000 607 282 0.4646
11929.0000 608 282 0.4638
11940.3000 608 283 0.4655
11948.0000 609 283 0.4647
11971.0000 610 283 0.4639
11995.0000 611 283 0.4632
12005.8000 611 284 0.4648
12012.0000 612 284 0.4641
12019.6000 612 285 0.4657
12033.0000 613 285 0.4649
12048.0000 614 285 0.4642
12070.0000 615 285 0.4634
12073.0000 615 286 0.4650
12075.7000 615 287 0.4667
12088.0000 616 287 0.4659
12104.0000 617 287 0.4652
12124.0000 618 287 0.4644
12145.0000 619 287 0.4637
12151.5000 619 288 0.4653
12154.5000 619 289 0.4669
12165.0000 620 289 0.4661
12184.3000 620 290 0.4677
12189.0000 621 290 0.4670
12197.6000 621 291 0.4686
12209.0000 622 291 0.4678
12210.0000 622 292 0.4695
12218.2000 622 293 0.4711
12226.0000 623 293 0.4703
12249.0000 624 293 0.4696
12270.0000 625 293 0.4688
12287.0000 626 293 0.4681
12294.9000 626 294 0.4696
12304.8000 626 295 0.4712
12305.0000 627 295 0.4705
12309.2000 627 296 0.4721
12314.0000 627 297 0.4737
12323.0000 628 297 0.4729
12329.4000 628 298 0.4745
12339.0000 629 298 0.4738
12345.6000 629 299 0.4754
12358.0000 630 299 0.4746
12358.8000 630 300 0.4762
12375.1000 630 301 0.4778
12377.0000 631 301 0.4770
12399.0000 632 301 0.4763
12408.7000 632 302 0.4778
12418.6000 632 303 0.4794
12421.0000 633 303 0.4787
12437.3000 633 304 0.4803
12444.0000 634 304 0.4795
12463.0000 635 304 0.4787
12479.0000 636 304 0.4780
12497.0000 637 304 0.4772
12518.0000 638 304 0.4765
12525.3000 638 305 0.4781
12538.0000 639 305 0.4773
12556.0000 640 305 0.4766
12575.0000 641 305 0.4758
12596.0000 642 305 0.4751
12611.0000 643 305 0.4743
12635.0000 644 305 0.4736
12655.0000 645 305 0.4729
12669.7000 645 306 0.4744
12672.0000 646 306 0.4737
12689.5000 646 307 0.4752
12691.0000 647 307 0.4745
12713.0000 648 307 0.4738
12726.0000 648 308 0.4753
12727.4000 648 309 0.4769
12730.3000 648 310 0.4784
12737.0000 649 310 0.4777
12761.0000 650 310 0.4769
12781.0000 651 310 0.4762
12798.0000 652 310 0.4755
12818.0000 653 310 0.4747
12830.6000 653 311 0.4763
12836.3000 653 312 0.4778
12839.0000 654 312 0.4771
12857.1000 654 313 0.4786
12863.0000 655 313 0.4779
12884.0000 656 313 0.4771
12901.0000 657 313 0.4764
12919.0000 658 313 0.4757
12936.0000 659 313 0.4750
12954.0000 660 313 0.4742
12971.0000 661 313 0.4735
12986.0000 662 313 0.4728
13009.0000 663 313 0.4721
13029.0000 664 313 0.4714
13048.0000 665 313 0.4707
13069.0000 666 313 0.4700
13080.5000 666 314 0.4715
13090.0000 667 314 0.4708
13092.7000 667 315 0.4723
13112.0000 668 315 0.4716
13133.2000 668 316 0.4731
13135.0000 669 316 0.4723
13138.5000 669 317 0.4738
13146.6000 669 318 0.4753
13157.0000 670 318 0.4746
13175.0000 671 318 0.4739
13198.0000 672 318 0.4732
13222.0000 673 318 0.4725
13237.0000 674 318 0.4718
13261.0000 675 318 0.4711
13279.0000 676 318 0.4704
13303.0000 677 318 0.4697
13310.3000 677 319 0.4712
13327.0000 678 319 0.4705
13344.0000 679 319 0.4698
13346.8000 679 320 0.4713
13367.0000 680 320 0.4706
13385.0000 681 320 0.4699
13400.0000 682 320 0.4692
13422.0000 683 320 0.4685
13429.0000 683 321 0.4700
13434.6000 683 322 0.4714
13439.0000 684 322 0.4708
13456.0000 684 323 0.4722
13463.0000 685 323 0.4715
13485.0000 686 323 0.4708
13501.0000 687 323 0.4702
13522.0000 688 323 0.4695
13543.0000 689 323 0.4688
13558.0000 690 323 0.4681
13578.0000 691 323 0.4674
13589.2000 691 324 0.4689
13597.0000 692 324 0.4682
13601.2000 692 325 0.4697
13605.2000 692 326 0.4711
13612.0000 693 326 0.4704
13622.2000 693 327 0.4719
13633.0000 694 327 0.4712
13650.1000 694 328 0.4726
13654.0000 695 328 0.4719
13674.0000 696 328 0.4713
13689.0000 697 328 0.4706
13709.2000 697 329 0.4720
13713.0000 698 329 0.4713
13723.2000 698 330 0.4728
13723.5000 698 331 0.4742
13733.0000 699 331 0.4735
13750.0000 700 331 0.4729
13770.6000 700 332 0.4743
13771.0000 701 332 0.4736
13787.0000 702 332 0.4729
13808.0000 703 332 0.4723
13831.0000 704 332 0.4716
13853.0000 705 332 0.4709
13860.5000 705 333 0.4723
13874.0000 706 333 0.4717
13876.3000 706 334 0.4731
13894.0000 707 334 0.4724
13915.0000 708 334 0.4718
13930.3000 708 335 0.4732
13937.0000 709 335 0.4725
13952.0000 710 335 0.4718
13954.6000 710 336 0.4732
13955.8000 710 337 0.4746
13976.0000 711 337 0.4740
13994.0000 712 337 0.4733
14011.0000 713 337 0.4727
14032.0000 714 337 0.4720
14046.8000 714 338 0.4734
14056.0000 715 338 0.4727
14077.0000 716 338 0.4721
14086.0000 716 339 0.4735
14092.0000 717 339 0.4728
14101.0000 717 340 0.4742
14107.0000 718 340 0.4735
14108.3000 718 341 0.4749
14123.0000 719 341 0.4743
14147.0000 720 341 0.4736
14167.0000 721 341 0.4730
14171.6000 721 342 0.4743
14186.0000 722 342 0.4737
14204.0000 723 342 0.4730
14225.0000 724 342 0.4724
14245.0000 725 342 0.4717
14259.9000 725 343 0.4731
14267.0000 726 343 0.4725
14275.2000 726 344 0.4738
14284.6000 726 345 0.4752
14286.0000 727 345 0.4746
14304.0000 728 345 0.4739
14323.0000 729 345 0.4733
14343.0000 730 345 0.4726
14363.0000 731 345 0.4720
14385.0000 732 345 0.4713
14404.0000 733 345 0.4707
14420.0000 734 345 0.4700
14441.0000 735 345 0.4694
14449.6000 735 346 0.4707
14456.0000 736 346 0.4701
14466.4000 736 347 0.4715
14475.0000 737 347 0.4708
14499.0000 738 347 0.4702
14523.0000 739 347 0.4696
14544.0000 740 347 0.4689
14547.2000 740 348 0.4703
14568.0000 741 348 0.4696
14588.0000 742 348 0.4690
14603.0000 743 348 0.4684
14618.0000 744 348 0.4677
14629.4000 744 349 0.4691
14638.0000 744 350 0.4704
14639.0000 745 350 0.4698
14655.0000 746 350 0.4692
14676.0000 747 350 0.4685
14696.0000 748 350 0.4679
14718.0000 749 350 0.4673
14733.2000 749 351 0.4686
14736.0000 750 351 0.4680
14746.0000 750 352 0.4693
14747.5000 750 353 0.4707
14756.0000 751 353 0.4700
14773.0000 752 353 0.4694
14779.5000 752 354 0.4707
14790.0000 753 354 0.4701
14798.6000 753 355 0.4714
14809.0000 754 355 0.4708
14831.0000 755 355 0.4702
14848.0000 756 355 0.4696
14867.0000 757 355 0.4690
14882.1000 757 356 0.4703
14889.0000 758 356 0.4697
14905.0000 759 356 0.4690
14910.5000 759 357 0.4704
14925.1000 759 358 0.4717
14927.0000 760 358 0.4711
14942.0000 761 358 0.4704
14961.0000 762 358 0.4698
14975.8000 762 359 0.4711
14984.0000 763 359 0.4705
14989.6000 763 360 0.4718
14999.0000 764 360 0.4712
15021.0000 765 360 0.4706
15041.0000 766 360 0.4700
15058.0000 767 360 0.4694
15074.0000 768 360 0.4688
15093.0000 769 360 0.4681
15101.5000 769 361 0.4694
15114.0000 770 361 0.4688
15132.0000 771 361 0.4682
15149.0000 772 361 0.4676
15156.1000 772 362 0.4689
15172.0000 773 362 0.4683
15182.2000 773 363 0.4696
15190.0000 774 363 0.4690
15212.0000 775 363 0.4684
15235.0000 776 363 0.4678
15256.0000 777 363 0.4672
15268.6000 777 364 0.4685
15280.0000 778 364 0.4679
15297.0000 779 364 0.4673
15318.0000 780 364 0.4667
15336.0000 781 364 0.4661
15360.0000 782 364 0.4655
15381.0000 783 364 0.4649
15385.4000 783 365 0.4662
15389.7000 783 366 0.4674
15397.2000 783 367 0.4687
15399.0000 784 367 0.4681
15419.0000 785 367 0.4675
15439.2000 785 368 0.4688
15441.0000 786 368 0.4682
15446.2000 786 369 0.4695
15460.8000 786 370 0.4707
15465.0000 787 370 0.4701
15482.0000 788 370 0.4695
15502.5000 788 371 0.4708
15504.0000 789 371 0.4702
15517.7000 789 372 0.4715
15519.2000 789 373 0.4728
15526.0000 790 373 0.4722
15538.0000 790 374 0.4734
15547.0000 791 374 0.4728
15548.0000 791 375 0.4741
15569.0000 792 375 0.4735
15591.0000 793 375 0.4729
15615.0000 794 375 0.4723
15632.0000 795 375 0.4717
15640.0000 795 376 0.4730
15651.0000 796 376 0.4724
15666.0000 797 376 0.4718
15684.0000 798 376 0.4712
15708.0000 799 376 0.4706
15724.0000 800 376 0.4700
15745.8000 800 377 0.4713
15746.0000 801 377 0.4707
15764.0000 802 377 0.4701
15780.2000 802 378 0.4713
15782.0000 803 378 0.4707
15793.3000 803 379 0.4720
15799.0000 804 379 0.4714
15815.0000 805 379 0.4708
15838.0000 806 379 0.4702
15854.0000 807 379 0.4696
15865.6000 807 380 0.4709
15873.0000 808 380 0.4703
15877.1000 808 381 0.4715
15880.3000 808 382 0.4728
15891.0000 808 383 0.4740
15894.0000 809 383 0.4734
15909.0000 810 383 0.4728
15927.0000 811 383 0.4723
15948.0000 812 383 0.4717
15953.1000 812 384 0.4729
15956.3000 812 385 0.4741
15958.5000 812 386 0.4754
15967.0000 813 386 0.4748
15983.1000 813 387 0.4760
15990.0000 814 387 0.4754
16005.5000 814 388 0.4767
16007.0000 814 389 0.4779
16010.0000 815 389 0.4773
16027.0000 816 389 0.4767
16040.5000 816 390 0.4779
16042.0000 817 390 0.4774
16052.8000 817 391 0.4786
16061.0000 818 391 0.4780
16080.0000 819 391 0.4774
16104.0000 820 391 0.4768
16121.7000 820 392 0.4780
16124.0000 821 392 0.4775
16139.0000 822 392 0.4769
16155.0000 823 392 0.4763
16160.3000 823 393 0.4775
16175.0000 824 393 0.4769
16188.9000 824 394 0.4782
16196.0000 825 394 0.4776
16199.9000 825 395 0.4788
16204.4000 825 396 0.4800
16212.0000 826 396 0.4794
16220.0000 826 397 0.4806
16230.0000 827 397 0.4800
16245.0000 828 397 0.4795
16261.0000 829 397 0.4789
16281.0000 830 397 0.4783
16301.0000 831 397 0.4777
16322.0000 832 397 0.4772
16338.0000 833 397 0.4766
16357.0000 834 397 0.4760
16366.0000 834 398 0.4772
16380.0000 835 398 0.4766
16399.0000 836 398 0.4761
16416.0000 837 398 0.4755
16433.0000 838 398 0.4749
16455.0000 839 398 0.4744
16479.0000 840 398 0.4738
16503.0000 841 398 0.4732
16520.1000 841 399 0.4744
16526.0000 842 399 0.4739
16547.0000 843 399 0.4733
16568.0000 844 399 0.4727
16588.9000 844 400 0.4739
16589.0000 845 400 0.4734
16610.0000 846 400 0.4728
16627.8000 846 401 0.4740
16628.0000 847 401 0.4734
16629.7000 847 402 0.4746
16646.0000 848 402 0.4741
16655.2000 848 403 0.4752
16662.0000 849 403 0.4747
16682.0000 850 403 0.4741
16699.0000 851 403 0.4736
16721.7000 851 404 0.4747
16723.0000 852 404 0.4742
16735.5000 852 405 0.4754
16745.0000 853 405 0.4748
16760.0000 854 405 0.4742
16783.0000 855 405 0.4737
16788.7000 855 406 0.4749
16800.0000 856 406 0.4743
16818.0000 857 406 0.4737
16835.0000 858 406 0.4732
16852.1000 858 407 0.4744
16858.0000 859 407 0.4738
16862.3000 859 408 0.4750
16872.9000 859 409 0.4761
16881.0000 860 409 0.4756
16901.0000 861 409 0.4750
16917.0000 862 409 0.4745
16935.0000 863 409 0.4739
16953.6000 863 410 0.4751
16959.0000 864 410 0.4745
16964.7000 864 411 0.4757
16979.0000 864 412 0.4769
16980.0000 865 412 0.4763
16987.7000 865 413 0.4775
16997.0000 866 413 0.4769
17021.0000 867 413 0.4764
17033.2000 867 414 0.4775
17039.1000 867 415 0.4787
17040.0000 868 415 0.4781
17063.0000 869 415 0.4776
17075.7000 869 416 0.4787
17082.0000 870 416 0.4782
17105.0000 871 416 0.4776
17126.0000 872 416 0.4771
17137.1000 872 417 0.4782
17139.0000 872 418 0.4794
17143.0000 873 418 0.4788
17151.6000 873 419 0.4800
17162.0000 874 419 0.4794
17170.2000 874 420 0.4805
17181.0000 875 420 0.4800
17202.0000 876 420 0.4795
17225.0000 877 420 0.4789
17240.0000 878 420 0.4784
17259.0000 879 420 0.4778
17278.0000 880 420 0.4773
17299.0000 881 420 0.4767
17318.0000 882 420 0.4762
17336.0000 883 420 0.4757
17353.0000 884 420 0.4751
17357.6000 884 421 0.4762
17370.0000 885 421 0.4757
17371.3000 885 422 0.4768
17394.0000 886 422 0.4763
17394.8000 886 423 0.4774
17416.0000 887 423 0.4769
17430.4000 887 424 0.4780
17439.0000 888 424 0.4775
17454.0000 889 424 0.4769
17469.2000 889 425 0.4781
17477.0000 890 425 0.4775
17497.0000 891 425 0.4770
17508.9000 891 426 0.4781
17515.0000 892 426 0.4776
17535.0000 893 426 0.4770
17558.0000 894 426 0.4765
17574.0000 895 426 0.4760
17598.0000 896 426 0.4754
17600.5000 896 427 0.4766
17619.0000 897 427 0.4760
17636.7000 897 428 0.4771
17639.0000 898 428 0.4766
17654.0000 899 428 0.4761
17672.0000 900 428 0.4756
17688.1000 900 429 0.4767
17690.0000 901 429 0.4761
17710.0000 902 429 0.4756
17734.0000 903 429 0.4751
17751.0000 904 429 0.4746
17758.1000 904 430 0.4757
17773.8000 904 431 0.4768
17774.0000 905 431 0.4762
17780.8000 905 432 0.4773
17793.0000 906 432 0.4768
17799.0000 906 433 0.4779
17801.8000 906 434 0.4790
17808.0000 907 434 0.4785
17816.2000 907 435 0.4796
17826.0000 908 435 0.4791
17846.0000 909 435 0.4785
17864.0000 910 435 0.4780
17884.0000 911 435 0.4775
17899.0000 912 435 0.4770
17917.0000 913 435 0.4765
17934.5000 913 436 0.4775
17934.7000 913 437 0.4786
17936.0000 914 437 0.4781
17951.1000 914 438 0.4792
17958.0000 915 438 0.4787
17960.0000 915 439 0.4798
17976.0000 916 439 0.4793
18000.0000 917 439 0.4787
18021.0000 918 439 0.4782
18040.0000 919 439 0.4777
18059.0000 920 439 0.4772
18064.3000 920 440 0.4783
18077.0000 921 440 0.4777
18092.0000 922 440 0.4772
18112.1000 922 441 0.4783
18113.0000 923 441 0.4778
18123.1000 923 442 0.4789
18126.3000 923 443 0.4800
18132.0000 924 443 0.4794
18146.4000 924 444 0.4805
18155.0000 925 444 0.4800
18169.3000 925 445 0.4811
18177.0000 926 445 0.4806
18192.0000 927 445 0.4800
18214.0000 928 445 0.4795
18221.6000 928 446 0.4806
18236.0000 929 446 0.4801
18259.0000 930 446 0.4796
18275.0000 931 446 0.4791
18298.0000 932 446 0.4785
18303.5000 932 447 0.4796
18321.0000 933 447 0.4791
18329.3000 933 448 0.4802
18340.0000 934 448 0.4797
18342.8000 934 449 0.4807
18351.3000 934 450 0.4818
18353.1000 934 451 0.4829
18364.0000 935 451 0.4824
18383.0000 936 451 0.4818
18383.8000 936 452 0.4829
18402.0000 937 452 0.4824
18425.0000 938 452 0.4819
18449.0000 939 452 0.4814
18457.4000 939 453 0.4824
18473.0000 940 453 0.4819
18488.0000 941 453 0.4814
18510.4000 941 454 0.4825
18512.0000 942 454 0.4820
18534.0000 943 454 0.4814
18549.0000 944 454 0.4809
18570.0000 945 454 0.4804
18575.0000 945 455 0.4815
18590.0000 946 455 0.4810
18594.0000 946 456 0.4820
18600.8000 946 457 0.4831
18613.0000 947 457 0.4826
18632.0000 948 457 0.4821
18653.0000 949 457 0.4816
18677.0000 950 457 0.4811
18696.0000 951 457 0.4805
18715.0000 952 457 0.4800
18728.1000 952 458 0.4811
18735.6000 952 459 0.4821
18738.0000 953 459 0.4816
18753.0000 954 459 0.4811
18768.0000 955 459 0.4806
18784.0000 955 460 0.4817
18786.0000 956 460 0.4812
18809.0000 957 460 0.4807
18828.0000 958 460 0.4802
18842.4000 958 461 0.4812
18845.0000 959 461 0.4807
18862.0000 960 461 0.4802
18884.0000 961 461 0.4797
18894.5000 961 462 0.4807
18897.2000 961 463 0.4818
18899.0000 962 463 0.4813
18922.0000 963 463 0.4808
18939.0000 964 463 0.4803
18956.0000 965 463 0.4798
18962.7000 965 464 0.4808
18977.0000 966 464 0.4803
18993.0000 967 464 0.4798
19015.0000 968 464 0.4793
19037.0000 969 464 0.4788
19055.0000 970 464 0.4784
19072.0000 971 464 0.4779
19087.0000 972 464 0.4774
19095.8000 972 465 0.4784
19108.0000 973 465 0.4779
19111.3000 973 466 0.4789
19129.0000 974 466 0.4784
19151.0000 975 466 0.4779
19162.8000 975 467 0.4790
19173.0000 976 467 0.4785
19192.0000 977 467 0.4780
19211.0000 978 467 0.4775
19230.1000 978 468 0.4785
19231.0000 979 468 0.4780
19254.0000 980 468 0.4776
19277.0000 981 468 0.4771
19301.0000 982 468 0.4766
19313.4000 982 469 0.4776
19316.0000 983 469 0.4771
19340.0000 984 469 0.4766
19354.1000 984 470 0.4776
19355.0000 985 470 0.4772
19373.0000 986 470 0.4767
19391.0000 987 470 0.4762
19406.0000 988 470 0.4757
19418.6000 988 471 0.4767
19423.0000 989 471 0.4762
19439.0000 990 471 0.4758
19455.0000 991 471 0.4753
19476.4000 991 472 0.4763
19479.0000 992 472 0.4758
19497.0000 993 472 0.4753
19521.0000 994 472 0.4748
19542.0000 995 472 0.4744
19565.0000 996 472 0.4739
19583.9000 996 473 0.4749
19586.0000 997 473 0.4744
19595.7000 997 474 0.4754
19601.0000 998 474 0.4749
19622.0000 999 474 0.4745
19622.4000 999 475 0.4755
19641.0000 1000 475 0.4750
19660.0000 1001 475 0.4745
19677.0000 1002 475 0.4741
19687.1000 1002 476 0.4750
19688.7000 1002 477 0.4760
19692.0000 1003 477 0.4756
19716.0000 1004 477 0.4751
19739.0000 1005 477 0.4746
19755.0000 1006 477 0.4742
19770.0000 1007 477 0.4737
19781.6000 1007 478 0.4747
19784.4000 1007 479 0.4757
19786.5000 1007 480 0.4767
19792.0000 1008 480 0.4762
19815.0000 1009 480 0.4757
19816.1000 1009 481 0.4767
19826.0000 1009 482 0.4777
19826.6000 1009 483 0.4787
19833.0000 1010 483 0.4782
19852.0000 1011 483 0.4777
19852.5000 1011 484 0.4787
19876.0000 1012 484 0.4783
19891.0000 1013 484 0.4778
19908.0000 1014 484 0.4773
19924.9000 1014 485 0.4783
19932.0000 1015 485 0.4778
19956.0000 1016 485 0.4774
19968.8000 1016 486 0.4783
19969.2000 1016 487 0.4793
19970.9000 1016 488 0.4803
19976.0000 1017 488 0.4798
19996.2000 1017 489 0.4808
19997.5000 1017 490 0.4818
19998.0000 1018 490 0.4813
20019.0000 1019 490 0.4809
20034.0000 1020 490 0.4804
20039.7000 1020 491 0.4814
20045.0000 1020 492 0.4824
20053.4000 1020 493 0.4833
20054.8000 1020 494 0.4843
20057.0000 1021 494 0.4838
20071.4000 1021 495 0.4848
20075.0000 1022 495 0.4843
20094.0000 1023 495 0.4839
20095.3000 1023 496 0.4848
20107.3000 1023 497 0.4858
20118.0000 1024 497 0.4854
20132.1000 1024 498 0.4863
20135.0000 1025 498 0.4859
20137.1000 1025 499 0.4868
20146.9000 1025 500 0.4878
20157.0000 1026 500 0.4873
20179.0000 1027 500 0.4869
20185.0000 1027 501 0.4878
20196.4000 1027 502 0.4888
20197.0000 1028 502 0.4883
20201.3000 1028 503 0.4893
20221.0000 1029 503 0.4888
20237.0000 1030 503 0.4883
20259.0000 1031 503 0.4879
20276.0000 1032 503 0.4874
20293.0000 1033 503 0.4869
20298.3000 1033 504 0.4879
20308.0000 1034 504 0.4874
20321.5000 1034 505 0.4884
20327.0000 1035 505 0.4879
20350.0000 1036 505 0.4875
20351.1000 1036 506 0.4884
20366.0000 1037 506 0.4879
20372.2000 1037 507 0.4889
20373.6000 1037 508 0.4899
20385.0000 1038 508 0.4894
20401.0000 1039 508 0.4889
20421.0000 1040 508 0.4885
20429.8000 1040 509 0.4894
20437.0000 1041 509 0.4890
20446.4000 1041 510 0.4899
20458.1000 1041 511 0.4909
20461.0000 1042 511 0.4904
20475.9000 1042 512 0.4914
20485.0000 1043 512 0.4909
20496.8000 1043 513 0.4919
20505.8000 1043 514 0.4928
20508.0000 1044 514 0.4923
20523.1000 1044 515 0.4933
20532.0000 1045 515 0.4928
20554.0000 1046 515 0.4924
20558.0000 1046 516 0.4933
20576.0000 1047 516 0.4928
20589.8000 1047 517 0.4938
20594.0000 1048 517 0.4933
20611.0000 1049 517 0.4929
20611.4000 1049 518 0.4938
20635.0000 1050 518 0.4933
20655.0000 1051 518 0.4929
20663.9000 1051 519 0.4938
20673.0000 1052 519 0.4933
20691.0000 1053 519 0.4929
20691.5000 1053 520 0.4938
20693.0000 1053 521 0.4948
20706.0000 1054 521 0.4943
20724.0000 1055 521 0.4938
20728.7000 1055 522 0.4948
20739.8000 1055 523 0.4957
20744.0000 1056 523 0.4953
20766.0000 1057 523 0.4948
20782.0000 1058 523 0.4943
20800.0000 1059 523 0.4939
20801.3000 1059 524 0.4948
20802.1000 1059 525 0.4958
20806.1000 1059 526 0.4967
20821.0000 1060 526 0.4962
20839.1000 1060 527 0.4972
20844.0000 1061 527 0.4967
20849.6000 1061 528 0.4976
20854.2000 1061 529 0.4986
20857.6000 1061 530 0.4995
20864.0000 1062 530 0.4991
20888.0000 1063 530 0.4986
20890.6000 1063 531 0.4995
20911.0000 1064 531 0.4991
20913.9000 1064 532 0.5000
20931.0000 1065 532 0.4995
20937.3000 1065 533 0.5005
20952.0000 1066 533 0.5000
20957.0000 1066 534 0.5009
20968.0000 1067 534 0.5005
20982.3000 1067 535 0.5014
20984.9000 1067 536 0.5023
20987.6000 1067 537 0.5033
20988.9000 1067 538 0.5042
20990.0000 1068 538 0.5037
20990.3000 1068 539 0.5047
20990.7000 1068 540 0.5056
20990.8000 1068 541 0.5066
21007.0000 1069 541 0.5061
21008.6000 1069 542 0.5070
21021.5000 1069 543 0.5080
21031.0000 1070 543 0.5075
21040.8000 1070 544 0.5084
21055.0000 1071 544 0.5079
21077.0000 1072 544 0.5075
21092.0000 1073 544 0.5070
21097.1000 1073 545 0.5079
21102.1000 1073 546 0.5089
21116.0000 1074 546 0.5084
21122.7000 1074 547 0.5093
21124.2000 1074 548 0.5102
21128.4000 1074 549 0.5112
21132.0000 1075 549 0.5107
21145.5000 1075 550 0.5116
21148.0000 1076 550 0.5112
21166.0000 1077 550 0.5107
21184.0000 1078 550 0.5102
21184.8000 1078 551 0.5111
21189.4000 1078 552 0.5121
21189.6000 1078 553 0.5130
21189.7000 1078 554 0.5139
21204.0000 1079 554 0.5134
21214.0000 1079 555 0.5144
21223.0000 1080 555 0.5139
21225.8000 1080 556 0.5148
21235.3000 1080 557 0.5157
21247.0000 1081 557 0.5153
21271.0000 1082 557 0.5148
21283.8000 1082 558 0.5157
21292.0000 1083 558 0.5152
21306.0000 1083 559 0.5162
21309.0000 1084 559 0.5157
21327.0000 1085 559 0.5152
21331.3000 1085 560 0.5161
21351.0000 1086 560 0.5157
21367.7000 1086 561 0.5166
21368.0000 1087 561 0.5161
21370.7000 1087 562 0.5170
21387.0000 1088 562 0.5165
21394.7000 1088 563 0.5175
21397.0000 1088 564 0.5184
21397.6000 1088 565 0.5193
21407.0000 1089 565 0.5188
21424.0000 1090 565 0.5183
21443.4000 1090 566 0.5193
21444.0000 1091 566 0.5188
21445.4000 1091 567 0.5197
21460.7000 1091 568 0.5206
21460.9000 1091 569 0.5215
21463.0000 1092 569 0.5211
21464.2000 1092 570 0.5220
21483.0000 1093 570 0.5215
21491.0000 1093 571 0.5224
21505.0000 1094 571 0.5219
21523.0000 1095 571 0.5215
21539.0000 1096 571 0.5210
21551.5000 1096 572 0.5219
21556.0000 1097 572 0.5214
21560.8000 1097 573 0.5223
21577.0000 1098 573 0.5219
21578.4000 1098 574 0.5228
21599.0000 1099 574 0.5223
21599.1000 1099 575 0.5232
21615.0000 1100 575 0.5227
21632.0000 1101 575 0.5223
21648.0000 1102 575 0.5218
21665.0000 1103 575 0.5213
21689.0000 1104 575 0.5208
21692.3000 1104 576 0.5217
21698.6000 1104 577 0.5226
21707.0000 1105 577 0.5222
21713.3000 1105 578 0.5231
21714.3000 1105 579 0.5240
21731.0000 1106 579 0.5235
21755.0000 1107 579 0.5230
21777.0000 1108 579 0.5226
21794.0000 1109 579 0.5221
21807.1000 1109 580 0.5230
21818.0000 1110 580 0.5225
21837.0000 1111 580 0.5221
21860.0000 1112 580 0.5216
21864.5000 1112 581 0.5225
21883.0000 1113 581 0.5220
21884.5000 1113 582 0.5229
21898.0000 1114 582 0.5224
21916.0000 1115 582 0.5220
21939.0000 1116 582 0.5215
21941.3000 1116 583 0.5224
21949.4000 1116 584 0.5233
21951.6000 1116 585 0.5242
21951.7000 1116 586 0.5251
21960.0000 1117 586 0.5246
21962.0000 1117 587 0.5255
21971.6000 1117 588 0.5264
21976.0000 1118 588 0.5259
21999.0000 1119 588 0.5255
22022.0000 1120 588 0.5250
22041.0000 1121 588 0.5245
22042.7000 1121 589 0.5254
22045.4000 1121 590 0.5263
22061.0000 1122 590 0.5258
22078.0000 1123 590 0.5254
22084.8000 1123 591 0.5263
22087.8000 1123 592 0.5272
22101.0000 1124 592 0.5267
22106.7000 1124 593 0.5276
22121.0000 1125 593 0.5271
22140.0000 1126 593 0.5266
22143.1000 1126 594 0.5275
22159.0000 1127 594 0.5271
22165.8000 1127 595 0.5280
22170.4000 1127 596 0.5288
22174.0000 1127 597 0.5297
22181.8000 1127 598 0.5306
22183.0000 1128 598 0.5301
22199.0000 1129 598 0.5297
22218.0000 1130 598 0.5292
22242.0000 1131 598 0.5287
22263.0000 1132 598 0.5283
22281.0000 1133 598 0.5278
22290.8000 1133 599 0.5287
22304.0000 1134 599 0.5282
22310.8000 1134 600 0.5291
22322.0000 1135 600 0.5286
22329.9000 1135 601 0.5295
22342.1000 1135 602 0.5304
22342.6000 1135 603 0.5313
22344.1000 1135 604 0.5322
22346.0000 1136 604 0.5317
22356.6000 1136 605 0.5326
22363.0000 1137 605 0.5321
22385.0000 1138 605 0.5316
22405.0000 1139 605 0.5312
22419.6000 1139 606 0.5320
22420.0000 1140 606 0.5316
22444.0000 1141 606 0.5311
22445.7000 1141 607 0.5320
22456.3000 1141 608 0.5329
22460.1000 1141 609 0.5337
22464.0000 1142 609 0.5333
22471.4000 1142 610 0.5342
22482.0000 1143 610 0.5337
22486.0000 1143 611 0.5346
22490.6000 1143 612 0.5354
22500.0000 1144 612 0.5350
22521.0000 1145 612 0.5345
22521.9000 1145 613 0.5354
22530.6000 1145 614 0.5362
22544.0000 1146 614 0.5358
22544.3000 1146 615 0.5366
22546.9000 1146 616 0.5375
22560.0000 1147 616 0.5371
22578.0000 1148 616 0.5366
22595.0000 1149 616 0.5361
22613.0000 1150 616 0.5357
22620.0000 1150 617 0.5365
22628.0000 1151 617 0.5361
22648.0000 1152 617 0.5356
22666.0000 1153 617 0.5351
22682.0000 1154 617 0.5347
22698.0000 1155 617 0.5342
22706.5000 1155 618 0.5351
22713.0000 1156 618 0.5346
22717.4000 1156 619 0.5355
22720.7000 1156 620 0.5363
22729.0000 1156 621 0.5372
22735.0000 1157 621 0.5367
22751.7000 1157 622 0.5376
22752.3000 1157 623 0.5385
22758.0000 1158 623 0.5380
22760.9000 1158 624 0.5389
22773.1000 1158 625 0.5397
22779.0000 1159 625 0.5393
22781.1000 1159 626 0.5401
22799.0000 1160 626 0.5397
22802.8000 1160 627 0.5405
22808.2000 1160 628 0.5414
22820.0000 1161 628 0.5409
22822.5000 1161 629 0.5418
22835.0000 1162 629 0.5413
22850.0000 1163 629 0.5408
22861.3000 1163 630 0.5417
22869.0000 1164 630 0.5412
22891.0000 1165 630 0.5408
22894.8000 1165 631 0.5416
22913.0000 1166 631 0.5412
22913.5000 1166 632 0.5420
22916.1000 1166 633 0.5429
22926.3000 1166 634 0.5437
22931.0000 1167 634 0.5433
22954.0000 1168 634 0.5428
22971.0000 1169 634 0.5423
22991.0000 1170 634 0.5419
23006.7000 1170 635 0.5427
23007.0000 1171 635 0.5423
23031.0000 1172 635 0.5418
23047.0000 1173 635 0.5413
23047.9000 1173 636 0.5422
23051.2000 1173 637 0.5431
23051.9000 1173 638 0.5439
23070.0000 1174 638 0.5434
23073.1000 1174 639 0.5443
23080.4000 1174 640 0.5451
23080.9000 1174 641 0.5460
23085.0000 1175 641 0.5455
23104.6000 1175 642 0.5464
23106.0000 1176 642 0.5459
23120.0000 1176 643 0.5468
23122.5000 1176 644 0.5476
23127.0000 1177 644 0.5472
23148.4000 1177 645 0.5480
23149.0000 1178 645 0.5475
23150.7000 1178 646 0.5484
23154.4000 1178 647 0.5492
23165.0000 1179 647 0.5488
23179.9000 1179 648 0.5496
23180.0000 1180 648 0.5492
23183.0000 1180 649 0.5500
23198.0000 1181 649 0.5495
23214.0000 1182 649 0.5491
23215.4000 1182 650 0.5499
23234.9000 1182 651 0.5508
23238.0000 1183 651 0.5503
23252.6000 1183 652 0.5511
23256.3000 1183 653 0.5520
23258.0000 1184 653 0.5515
23261.8000 1184 654 0.5524
23262.9000 1184 655 0.5532
23264.0000 1184 656 0.5541
23268.5000 1184 657 0.5549
23280.0000 1185 657 0.5544
23295.0000 1186 657 0.5540
23304.1000 1186 658 0.5548
23319.0000 1187 658 0.5543
23339.0000 1188 658 0.5539
23360.0000 1189 658 0.5534
23371.1000 1189 659 0.5542
23377.0000 1190 659 0.5538
23393.0000 1191 659 0.5533
23409.0000 1192 659 0.5529
23428.0000 1193 659 0.5524
23433.7000 1193 660 0.5532
23438.2000 1193 661 0.5541
23445.0000 1194 661 0.5536
23463.8000 1194 662 0.5544
23464.0000 1195 662 0.5540
23466.7000 1195 663 0.5548
23471.5000 1195 664 0.5556
23482.0000 1196 664 0.5552
23498.0000 1197 664 0.5547
23501.9000 1197 665 0.5556
23508.4000 1197 666 0.5564
23516.0000 1198 666 0.5559
23522.7000 1198 667 0.5568
23528.5000 1198 668 0.5576
23532.0000 1199 668 0.5571
23541.7000 1199 669 0.5580
23545.4000 1199 670 0.5588
23547.0000 1200 670 0.5583
23558.7000 1200 671 0.5592
23565.5000 1200 672 0.5600
23567.0000 1200 673 0.5608
23568.0000 1201 673 0.5604
23589.0000 1202 673 0.5599
23613.0000 1203 673 0.5594
23615.8000 1203 674 0.5603
23629.0000 1204 674 0.5598
23632.6000 1204 675 0.5606
23637.2000 1204 676 0.5615
23645.0000 1204 677 0.5623
23647.0000 1205 677 0.5618
23660.6000 1205 678 0.5627
23662.0000 1206 678 0.5622
23663.9000 1206 679 0.5630
23681.0000 1207 679 0.5626
23681.1000 1207 680 0.5634
23692.9000 1207 681 0.5642
23702.0000 1208 681 0.5637
23710.9000 1208 682 0.5646
23712.8000 1208 683 0.5654
23725.4000 1208 684 0.5662
23726.0000 1209 684 0.5658
23730.2000 1209 685 0.5666
23735.7000 1209 686 0.5674
23740.0000 1209 687 0.5682
23741.0000 1210 687 0.5678
23742.6000 1210 688 0.5686
23751.3000 1210 689 0.5694
23752.3000 1210 690 0.5702
23760.0000 1211 690 0.5698
23768.0000 1211 691 0.5706
23778.0000 1212 691 0.5701
23786.6000 1212 692 0.5710
23798.0000 1213 692 0.5705
23802.6000 1213 693 0.5713
23817.0000 1214 693 0.5708
23837.0000 1215 693 0.5704
23842.4000 1215 694 0.5712
23843.7000 1215 695 0.5720
23845.1000 1215 696 0.5728
23859.0000 1216 696 0.5724
23874.0000 1217 696 0.5719
23895.0000 1218 696 0.5714
23909.0000 1218 697 0.5722
23916.0000 1219 697 0.5718
23925.1000 1219 698 0.5726
23929.7000 1219 699 0.5734
23930.3000 1219 700 0.5742
23937.0000 1220 700 0.5738
23961.0000 1221 700 0.5733
23978.4000 1221 701 0.5741
23981.0000 1222 701 0.5736
23984.3000 1222 702 0.5745
23985.8000 1222 703 0.5753
23991.2000 1222 704 0.5761
24004.0000 1223 704 0.5756
24011.7000 1223 705 0.5765
24012.6000 1223 706 0.5773
24018.8000 1223 707 0.5781
24022.2000 1223 708 0.5789
24026.0000 1224 708 0.5784
24037.4000 1224 709 0.5792
24042.2000 1224 710 0.5801
24043.0000 1225 710 0.5796
24051.3000 1225 711 0.5804
24062.0000 1226 711 0.5799
24077.5000 1226 712 0.5808
24079.0000 1227 712 0.5803
24095.0000 1228 712 0.5798
24110.0000 1229 712 0.5793
24134.0000 1230 712 0.5789
24140.5000 1230 713 0.5797
24157.0000 1231 713 0.5792
24179.0000 1232 713 0.5787
24194.9000 1232 714 0.5795
24203.0000 1233 714 0.5791
24222.0000 1234 714 0.5786
24239.4000 1234 715 0.5794
24245.0000 1235 715 0.5789
24262.0000 1236 715 0.5785
24286.0000 1237 715 0.5780
24305.0000 1238 715 0.5775
24326.0000 1239 715 0.5771
24339.3000 1239 716 0.5779
24341.7000 1239 717 0.5787
24349.0000 1240 717 0.5782
24360.9000 1240 718 0.5790
24368.0000 1241 718 0.5786
24369.3000 1241 719 0.5794
24379.5000 1241 720 0.5802
24383.0000 1242 720 0.5797
24395.6000 1242 721 0.5805
24407.0000 1243 721 0.5800
24412.1000 1243 722 0.5809
24419.4000 1243 723 0.5817
24427.0000 1244 723 0.5812
24444.1000 1244 724 0.5820
24445.2000 1244 725 0.5828
24447.0000 1245 725 0.5823
24468.0000 1246 725 0.5819
24473.7000 1246 726 0.5827
24482.1000 1246 727 0.5835
24490.0000 1247 727 0.5830
24505.6000 1247 728 0.5838
24514.0000 1248 728 0.5833
24530.0000 1249 728 0.5829
24537.4000 1249 729 0.5837
24553.0000 1250 729 0.5832
24557.8000 1250 730 0.5840
24559.3000 1250 731 0.5848
24568.0000 1251 731 0.5843
24571.9000 1251 732 0.5851
24591.0000 1252 732 0.5847
24605.5000 1252 733 0.5855
24607.0000 1253 733 0.5850
24624.0000 1254 733 0.5845
24641.0000 1255 733 0.5841
24654.5000 1255 734 0.5849
24656.0000 1256 734 0.5844
24667.4000 1256 735 0.5852
24677.0000 1257 735 0.5847
24681.5000 1257 736 0.5855
24682.6000 1257 737 0.5863
24693.0000 1258 737 0.5859
24712.0000 1259 737 0.5854
24736.0000 1260 737 0.5849
24751.0000 1261 737 0.5845
24752.6000 1261 738 0.5852
24768.0000 1262 738 0.5848
24780.0000 1262 739 0.5856
24787.6000 1262 740 0.5864
24790.0000 1263 740 0.5859
24809.0000 1264 740 0.5854
24824.0000 1265 740 0.5850
24844.0000 1266 740 0.5845
24867.0000 1267 740 0.5841
24870.4000 1267 741 0.5848
24874.7000 1267 742 0.5856
24883.0000 1268 742 0.5852
24901.9000 1268 743 0.5860
24906.0000 1269 743 0.5855
24921.0000 1270 743 0.5850
24923.7000 1270 744 0.5858
24945.0000 1271 744 0.5854
24963.0000 1272 744 0.5849
24980.0000 1273 744 0.5844
24996.4000 1273 745 0.5852
24998.5000 1273 746 0.5860
24999.0000 1274 746 0.5856
25011.2000 1274 747 0.5863
25015.0000 1275 747 0.5859
25027.2000 1275 748 0.5867
25034.0000 1276 748 0.5862
25055.0000 1277 748 0.5857
25067.8000 1277 749 0.5865
25068.7000 1277 750 0.5873
25071.0000 1277 751 0.5881
25074.0000 1278 751 0.5876
25083.0000 1278 752 0.5884
25085.6000 1278 753 0.5892
25095.0000 1279 753 0.5887
25107.0000 1279 754 0.5895
25116.1000 1279 755 0.5903
25116.1000 1279 756 0.5911
25119.0000 1280 756 0.5906
25138.0000 1281 756 0.5902
25162.0000 1282 756 0.5897
25168.4000 1282 757 0.5905
25181.8000 1282 758 0.5913
25183.0000 1283 758 0.5908
