# time  created  delivered  delivered/created
22.0000 1 0 0.0000
38.0000 2 0 0.0000
54.0000 3 0 0.0000
72.0000 4 0 0.0000
94.0000 5 0 0.0000
110.0000 6 0 0.0000
133.0000 7 0 0.0000
153.0000 8 0 0.0000
175.0000 9 0 0.0000
191.0000 10 0 0.0000
210.0000 11 0 0.0000
225.0000 12 0 0.0000
249.0000 13 0 0.0000
265.0000 14 0 0.0000
281.0000 15 0 0.0000
304.0000 16 0 0.0000
328.0000 17 0 0.0000
343.0000 18 0 0.0000
367.0000 19 0 0.0000
382.0000 20 0 0.0000
399.0000 21 0 0.0000
420.0000 22 0 0.0000
439.0000 23 0 0.0000
458.0000 24 0 0.0000
480.0000 25 0 0.0000
497.0000 26 0 0.0000
515.0000 27 0 0.0000
538.0000 28 0 0.0000
562.0000 29 0 0.0000
581.0000 30 0 0.0000
581.2000 30 1 0.0333
603.0000 31 1 0.0323
625.0000 32 1 0.0313
643.1000 32 2 0.0625
646.0000 33 2 0.0606
661.6000 33 3 0.0909
667.0000 34 3 0.0882
685.0000 35 3 0.0857
691.0000 35 4 0.1143
700.0000 36 4 0.1111
714.6000 36 5 0.1389
722.0000 37 5 0.1351
741.0000 38 5 0.1316
764.0000 39 5 0.1282
784.0000 40 5 0.1250
786.4000 40 6 0.1500
806.0000 41 6 0.1463
829.0000 42 6 0.1429
851.0000 43 6 0.1395
873.0000 44 6 0.1364
895.0000 45 6 0.1333
904.8000 45 7 0.1556
918.0000 46 7 0.1522
941.0000 47 7 0.1489
957.0000 48 7 0.1458
975.0000 49 7 0.1429
998.0000 50 7 0.1400
1018.0000 51 7 0.1373
1040.0000 52 7 0.1346
1056.0000 53 7 0.1321
1077.0000 54 7 0.1296
1096.0000 55 7 0.1273
1117.0000 56 7 0.1250
1137.0000 57 7 0.1228
1159.0000 58 7 0.1207
1179.0000 59 7 0.1186
1193.3000 59 8 0.1356
1201.0000 60 8 0.1333
1216.0000 61 8 0.1311
1225.2000 61 9 0.1475
1226.1000 61 10 0.1639
1232.0000 62 10 0.1613
1251.0000 63 10 0.1587
1268.0000 64 10 0.1563
1287.0000 65 10 0.1538
1308.0000 66 10 0.1515
1327.0000 67 10 0.1493
1342.0000 68 10 0.1471
1364.0000 69 10 0.1449
1381.1000 69 11 0.1594
1388.0000 70 11 0.1571
1397.1000 70 12 0.1714
1407.0000 71 12 0.1690
1422.0000 72 12 0.1667
1442.0000 73 12 0.1644
1464.0000 74 12 0.1622
1478.1000 74 13 0.1757
1479.0000 75 13 0.1733
1483.1000 75 14 0.1867
1500.0000 76 14 0.1842
1518.0000 77 14 0.1818
1542.0000 78 14 0.1795
1560.8000 78 15 0.1923
1562.0000 79 15 0.1899
1577.0000 80 15 0.1875
1585.3000 80 16 0.2000
1594.5000 80 17 0.2125
1600.0000 81 17 0.2099
1620.0000 82 17 0.2073
1637.0000 83 17 0.2048
1652.0000 84 17 0.2024
1673.0000 85 17 0.2000
1695.0000 86 17 0.1977
1707.0000 86 18 0.2093
1709.8000 86 19 0.2209
1713.0000 87 19 0.2184
1736.2000 87 20 0.2299
1737.0000 88 20 0.2273
1739.4000 88 21 0.2386
1739.8000 88 22 0.2500
1760.0000 89 22 0.2472
1781.0000 90 22 0.2444
1804.0000 91 22 0.2418
1812.7000 91 23 0.2527
1826.0000 92 23 0.2500
1849.0000 93 23 0.2473
1870.0000 94 23 0.2447
1880.0000 94 24 0.2553
1882.8000 94 25 0.2660
1890.0000 95 25 0.2632
1911.0000 96 25 0.2604
1929.0000 97 25 0.2577
1948.0000 98 25 0.2551
1965.0000 99 25 0.2525
1980.0000 100 25 0.2500
2002.0000 101 25 0.2475
2024.0000 102 25 0.2451
2035.6000 102 26 0.2549
2041.0000 103 26 0.2524
2064.0000 104 26 0.2500
2080.0000 105 26 0.2476
2095.0000 106 26 0.2453
2119.0000 107 26 0.2430
2139.0000 108 26 0.2407
2144.5000 108 27 0.2500
2161.0000 109 27 0.2477
2178.0000 110 27 0.2455
2199.0000 111 27 0.2432
2217.0000 111 28 0.2523
2222.0000 112 28 0.2500
2240.0000 113 28 0.2478
2259.0000 114 28 0.2456
2275.0000 115 28 0.2435
2295.0000 116 28 0.2414
2314.0000 117 28 0.2393
2324.5000 117 29 0.2479
2335.0000 118 29 0.2458
2354.0000 119 29 0.2437
2377.0000 120 29 0.2417
2396.0000 121 29 0.2397
2411.0000 122 29 0.2377
2412.0000 122 30 0.2459
2433.0000 123 30 0.2439
2452.0000 124 30 0.2419
2460.7000 124 31 0.2500
2464.9000 124 32 0.2581
2470.8000 124 33 0.2661
2474.0000 125 33 0.2640
2490.0000 125 34 0.2720
2496.0000 126 34 0.2698
2506.7000 126 35 0.2778
2511.0000 127 35 0.2756
2526.0000 128 35 0.2734
2546.0000 129 35 0.2713
2553.0000 129 36 0.2791
2555.9000 129 37 0.2868
2556.2000 129 38 0.2946
2563.0000 130 38 0.2923
2586.0000 131 38 0.2901
2592.3000 131 39 0.2977
2601.0000 132 39 0.2955
2621.0000 133 39 0.2932
2641.0000 134 39 0.2910
2662.0000 135 39 0.2889
2678.0000 136 39 0.2868
2680.1000 136 40 0.2941
2689.6000 136 41 0.3015
2693.0000 137 41 0.2993
2716.0000 138 41 0.2971
2735.0000 139 41 0.2950
2741.3000 139 42 0.3022
2754.0000 140 42 0.3000
2771.0000 141 42 0.2979
2773.0000 141 43 0.3050
2788.0000 142 43 0.3028
2800.0000 142 44 0.3099
2807.0000 143 44 0.3077
2823.5000 143 45 0.3147
2831.0000 144 45 0.3125
2853.0000 145 45 0.3103
2868.0000 146 45 0.3082
2891.0000 147 45 0.3061
2899.2000 147 46 0.3129
2911.0000 148 46 0.3108
2926.0000 149 46 0.3087
2942.0000 150 46 0.3067
2946.7000 150 47 0.3133
2954.4000 150 48 0.3200
2962.0000 151 48 0.3179
2979.0000 152 48 0.3158
3003.0000 153 48 0.3137
3019.7000 153 49 0.3203
3024.0000 154 49 0.3182
3040.0000 155 49 0.3161
3064.0000 156 49 0.3141
3065.8000 156 50 0.3205
3084.5000 156 51 0.3269
3086.0000 157 51 0.3248
3110.0000 158 51 0.3228
3118.8000 158 52 0.3291
3129.0000 159 52 0.3270
3147.0000 160 52 0.3250
3166.0000 161 52 0.3230
3190.0000 162 52 0.3210
3205.3000 162 53 0.3272
3210.0000 163 53 0.3252
3225.0000 164 53 0.3232
3230.0000 164 54 0.3293
3243.0000 165 54 0.3273
3260.0000 166 54 0.3253
3261.2000 166 55 0.3313
3271.5000 166 56 0.3373
3271.8000 166 57 0.3434
3273.6000 166 58 0.3494
3283.0000 167 58 0.3473
3305.0000 168 58 0.3452
3321.0000 169 58 0.3432
3344.0000 170 58 0.3412
3363.0000 170 59 0.3471
3365.0000 171 59 0.3450
3385.0000 172 59 0.3430
3408.0000 173 59 0.3410
3414.1000 173 60 0.3468
3414.4000 173 61 0.3526
3428.0000 174 61 0.3506
3429.2000 174 62 0.3563
3440.0000 174 63 0.3621
3449.0000 175 63 0.3600
3472.0000 176 63 0.3580
3488.0000 177 63 0.3559
3503.5000 177 64 0.3616
3511.0000 178 64 0.3596
3511.8000 178 65 0.3652
3527.6000 178 66 0.3708
3530.6000 178 67 0.3764
3535.0000 179 67 0.3743
3548.5000 179 68 0.3799
3551.5000 179 69 0.3855
3552.0000 180 69 0.3833
3570.0000 181 69 0.3812
3577.4000 181 70 0.3867
3589.0000 182 70 0.3846
3604.0000 183 70 0.3825
3619.0000 184 70 0.3804
3638.0000 185 70 0.3784
3642.3000 185 71 0.3838
3653.0000 186 71 0.3817
3669.0000 187 71 0.3797
3683.4000 187 72 0.3850
3689.0000 188 72 0.3830
3712.0000 189 72 0.3810
3730.0000 190 72 0.3789
3731.7000 190 73 0.3842
3754.0000 191 73 0.3822
3771.0000 192 73 0.3802
3787.0000 193 73 0.3782
3809.0000 194 73 0.3763
3822.2000 194 74 0.3814
3831.8000 194 75 0.3866
3832.0000 195 75 0.3846
3846.4000 195 76 0.3897
3854.0000 196 76 0.3878
3873.0000 197 76 0.3858
3895.0000 198 76 0.3838
3919.0000 199 76 0.3819
3927.7000 199 77 0.3869
3938.0000 200 77 0.3850
3946.3000 200 78 0.3900
3946.9000 200 79 0.3950
3953.0000 200 80 0.4000
3955.0000 201 80 0.3980
3975.0000 202 80 0.3960
3994.8000 202 81 0.4010
3996.0000 203 81 0.3990
4012.0000 204 81 0.3971
4022.7000 204 82 0.4020
4031.0000 205 82 0.4000
4052.0000 206 82 0.3981
4059.9000 206 83 0.4029
4070.0000 207 83 0.4010
4094.0000 208 83 0.3990
4115.0000 209 83 0.3971
4122.6000 209 84 0.4019
4134.0000 210 84 0.4000
4136.9000 210 85 0.4048
4153.0000 211 85 0.4028
4171.0000 212 85 0.4009
4194.0000 213 85 0.3991
4208.3000 213 86 0.4038
4214.0000 214 86 0.4019
4222.4000 214 87 0.4065
4223.6000 214 88 0.4112
4235.0000 215 88 0.4093
4236.4000 215 89 0.4140
4245.4000 215 90 0.4186
4251.0000 216 90 0.4167
4268.6000 216 91 0.4213
4272.0000 217 91 0.4194
4287.3000 217 92 0.4240
4290.0000 218 92 0.4220
4291.5000 218 93 0.4266
4314.0000 219 93 0.4247
4338.0000 220 93 0.4227
4360.0000 221 93 0.4208
4364.6000 221 94 0.4253
4381.0000 222 94 0.4234
4400.0000 223 94 0.4215
4418.3000 223 95 0.4260
4419.0000 224 95 0.4241
4419.1000 224 96 0.4286
4434.0000 225 96 0.4267
4451.0000 225 97 0.4311
4452.4000 225 98 0.4356
4458.0000 226 98 0.4336
4463.0000 226 99 0.4381
4476.0000 227 99 0.4361
4497.0000 228 99 0.4342
4505.4000 228 100 0.4386
4515.0000 229 100 0.4367
4537.0000 230 100 0.4348
4556.0000 231 100 0.4329
4580.0000 232 100 0.4310
4597.0000 233 100 0.4292
4606.3000 233 101 0.4335
4614.0000 234 101 0.4316
4617.8000 234 102 0.4359
4634.0000 235 102 0.4340
4655.0000 236 102 0.4322
4665.1000 236 103 0.4364
4672.0000 237 103 0.4346
4689.0000 238 103 0.4328
4699.4000 238 104 0.4370
4706.0000 239 104 0.4351
4729.0000 240 104 0.4333
4747.0000 241 104 0.4315
4762.0000 242 104 0.4298
4764.8000 242 105 0.4339
4783.0000 243 105 0.4321
4807.0000 244 105 0.4303
4824.0000 245 105 0.4286
4848.0000 246 105 0.4268
4867.0000 247 105 0.4251
4883.5000 247 106 0.4291
4886.0000 248 106 0.4274
4896.5000 248 107 0.4315
4909.0000 249 107 0.4297
4928.0000 250 107 0.4280
4932.1000 250 108 0.4320
4951.0000 251 108 0.4303
4966.0000 252 108 0.4286
4979.1000 252 109 0.4325
4986.0000 253 109 0.4308
4991.0000 253 110 0.4348
4995.1000 253 111 0.4387
5008.8000 253 112 0.4427
5010.0000 254 112 0.4409
5033.0000 255 112 0.4392
5048.0000 256 112 0.4375
5072.0000 257 112 0.4358
5089.0000 258 112 0.4341
5094.1000 258 113 0.4380
5112.0000 259 113 0.4363
5131.0000 260 113 0.4346
5143.8000 260 114 0.4385
5151.0000 261 114 0.4368
5175.0000 262 114 0.4351
5194.0000 263 114 0.4335
5212.5000 263 115 0.4373
5215.0000 264 115 0.4356
5237.0000 265 115 0.4340
5240.6000 265 116 0.4377
5254.0000 266 116 0.4361
5269.0000 267 116 0.4345
5291.0000 268 116 0.4328
5307.0000 269 116 0.4312
5324.0000 270 116 0.4296
5339.0000 271 116 0.4280
5356.0000 272 116 0.4265
5371.0000 273 116 0.4249
5387.0000 274 116 0.4234
5410.0000 275 116 0.4218
5426.0000 276 116 0.4203
5447.0000 277 116 0.4188
5470.0000 278 116 0.4173
5490.0000 279 116 0.4158
5507.0000 280 116 0.4143
5516.9000 280 117 0.4179
5528.0000 281 117 0.4164
5546.0000 282 117 0.4149
5564.0000 283 117 0.4134
5584.0000 284 117 0.4120
5607.0000 285 117 0.4105
5619.3000 285 118 0.4140
5625.0000 286 118 0.4126
5625.7000 286 119 0.4161
5643.0000 287 119 0.4146
5665.0000 288 119 0.4132
5685.0000 289 119 0.4118
5686.6000 289 120 0.4152
5687.9000 289 121 0.4187
5693.8000 289 122 0.4221
5704.0000 290 122 0.4207
5724.0000 291 122 0.4192
5745.0000 292 122 0.4178
5745.2000 292 123 0.4212
5760.0000 293 123 0.4198
5770.4000 293 124 0.4232
5784.0000 294 124 0.4218
5805.0000 295 124 0.4203
5807.1000 295 125 0.4237
5822.0000 296 125 0.4223
5841.0000 297 125 0.4209
5855.7000 297 126 0.4242
5859.0000 298 126 0.4228
5866.7000 298 127 0.4262
5873.7000 298 128 0.4295
5874.0000 299 128 0.4281
5893.0000 300 128 0.4267
5895.4000 300 129 0.4300
5896.1000 300 130 0.4333
5914.0000 301 130 0.4319
5914.2000 301 131 0.4352
5932.0000 302 131 0.4338
5953.0000 303 131 0.4323
5971.0000 304 131 0.4309
5980.4000 304 132 0.4342
5986.0000 305 132 0.4328
5996.8000 305 133 0.4361
6003.8000 305 134 0.4393
6007.7000 305 135 0.4426
6008.0000 306 135 0.4412
6008.4000 306 136 0.4444
6010.9000 306 137 0.4477
6024.0000 307 137 0.4463
6029.0000 307 138 0.4495
6041.0000 308 138 0.4481
6063.0000 309 138 0.4466
6068.1000 309 139 0.4498
6074.6000 309 140 0.4531
6087.0000 310 140 0.4516
6105.0000 311 140 0.4502
6114.3000 311 141 0.4534
6124.0000 312 141 0.4519
6129.8000 312 142 0.4551
6145.0000 313 142 0.4537
6166.0000 314 142 0.4522
6182.0000 315 142 0.4508
6201.0000 316 142 0.4494
6211.5000 316 143 0.4525
6216.0000 317 143 0.4511
6231.0000 318 143 0.4497
6248.0000 319 143 0.4483
6261.7000 319 144 0.4514
6267.0000 320 144 0.4500
6285.7000 320 145 0.4531
6289.0000 321 145 0.4517
6308.0000 322 145 0.4503
6332.0000 323 145 0.4489
6338.7000 323 146 0.4520
6355.0000 324 146 0.4506
6372.0000 325 146 0.4492
6374.8000 325 147 0.4523
6377.3000 325 148 0.4554
6391.9000 325 149 0.4585
6393.0000 326 149 0.4571
6417.0000 327 149 0.4557
6424.2000 327 150 0.4587
6441.0000 328 150 0.4573
6460.0000 328 151 0.4604
6465.0000 329 151 0.4590
6467.1000 329 152 0.4620
6486.0000 330 152 0.4606
6502.0000 331 152 0.4592
6518.0000 332 152 0.4578
6536.0000 333 152 0.4565
6548.1000 333 153 0.4595
6553.5000 333 154 0.4625
6555.0000 334 154 0.4611
6564.7000 334 155 0.4641
6572.0000 335 155 0.4627
6591.0000 336 155 0.4613
6608.0000 337 155 0.4599
6631.0000 338 155 0.4586
6646.0000 339 155 0.4572
6665.0000 340 155 0.4559
6669.6000 340 156 0.4588
6684.0000 341 156 0.4575
6687.9000 341 157 0.4604
6696.4000 341 158 0.4633
6708.0000 342 158 0.4620
6725.0000 343 158 0.4606
6728.6000 343 159 0.4636
6745.0000 344 159 0.4622
6752.0000 344 160 0.4651
6760.0000 345 160 0.4638
6770.7000 345 161 0.4667
6781.0000 346 161 0.4653
6793.2000 346 162 0.4682
6800.0000 347 162 0.4669
6816.0000 348 162 0.4655
6827.4000 348 163 0.4684
6839.0000 349 163 0.4670
6854.0000 350 163 0.4657
6874.0000 351 163 0.4644
6889.0000 352 163 0.4631
6893.6000 352 164 0.4659
6909.0000 353 164 0.4646
6921.7000 353 165 0.4674
6930.0000 354 165 0.4661
6950.0000 354 166 0.4689
6951.0000 355 166 0.4676
6971.0000 356 166 0.4663
6978.5000 356 167 0.4691
6995.0000 357 167 0.4678
7010.0000 358 167 0.4665
7029.0000 359 167 0.4652
7043.0000 359 168 0.4680
7048.0000 360 168 0.4667
7071.0000 361 168 0.4654
7084.0000 361 169 0.4681
7093.0000 362 169 0.4669
7093.3000 362 170 0.4696
7108.0000 363 170 0.4683
7130.0000 364 170 0.4670
7147.0000 365 170 0.4658
7163.0000 366 170 0.4645
7176.4000 366 171 0.4672
7180.0000 367 171 0.4659
7189.3000 367 172 0.4687
7197.0000 368 172 0.4674
7218.9000 368 173 0.4701
7221.0000 369 173 0.4688
7240.0000 370 173 0.4676
7254.2000 370 174 0.4703
7255.0000 371 174 0.4690
7272.0000 372 174 0.4677
7296.0000 373 174 0.4665
7306.3000 373 175 0.4692
7314.6000 373 176 0.4718
7315.8000 373 177 0.4745
7319.0000 374 177 0.4733
7333.2000 374 178 0.4759
7335.0000 375 178 0.4747
7342.7000 375 179 0.4773
7352.4000 375 180 0.4800
7358.0000 376 180 0.4787
7378.0000 377 180 0.4775
7389.9000 377 181 0.4801
7394.0000 378 181 0.4788
7411.0000 379 181 0.4776
7413.1000 379 182 0.4802
7435.0000 380 182 0.4789
7436.5000 380 183 0.4816
7459.0000 381 183 0.4803
7480.0000 382 183 0.4791
7493.2000 382 184 0.4817
7498.0000 383 184 0.4804
7514.0000 384 184 0.4792
7533.7000 384 185 0.4818
7535.1000 384 186 0.4844
7536.0000 385 186 0.4831
7549.9000 385 187 0.4857
7559.0000 386 187 0.4845
7574.0000 387 187 0.4832
7589.3000 387 188 0.4858
7593.0000 387 189 0.4884
7595.0000 388 189 0.4871
7598.7000 388 190 0.4897
7600.5000 388 191 0.4923
7613.0000 389 191 0.4910
7632.0000 390 191 0.4897
7656.0000 391 191 0.4885
7673.0000 392 191 0.4872
7696.0000 393 191 0.4860
7710.0000 393 192 0.4885
7713.0000 394 192 0.4873
7730.0000 395 192 0.4861
7745.0000 396 192 0.4848
7762.0000 397 192 0.4836
7784.0000 398 192 0.4824
7804.0000 399 192 0.4812
7812.9000 399 193 0.4837
7822.0000 400 193 0.4825
7840.0000 401 193 0.4813
7858.0000 402 193 0.4801
7874.0000 403 193 0.4789
7878.2000 403 194 0.4814
7879.0000 403 195 0.4839
7884.6000 403 196 0.4864
7895.0000 404 196 0.4851
7907.7000 404 197 0.4876
7914.0000 405 197 0.4864
7930.6000 405 198 0.4889
7931.0000 406 198 0.4877
7934.1000 406 199 0.4901
7934.8000 406 200 0.4926
7948.0000 407 200 0.4914
7958.2000 407 201 0.4939
7960.9000 407 202 0.4963
7961.5000 407 203 0.4988
7972.0000 408 203 0.4975
7987.0000 409 203 0.4963
7992.4000 409 204 0.4988
8002.0000 410 204 0.4976
8005.1000 410 205 0.5000
8024.0000 411 205 0.4988
8040.0000 412 205 0.4976
8041.7000 412 206 0.5000
8059.0000 413 206 0.4988
8082.0000 414 206 0.4976
8099.0000 415 206 0.4964
8116.0000 416 206 0.4952
8137.0000 417 206 0.4940
8158.0000 418 206 0.4928
8173.0000 419 206 0.4916
8190.0000 420 206 0.4905
8205.0000 421 206 0.4893
8205.7000 421 207 0.4917
8227.0000 422 207 0.4905
8237.1000 422 208 0.4929
8251.0000 423 208 0.4917
8270.0000 423 209 0.4941
8272.4000 423 210 0.4965
8275.0000 424 210 0.4953
8297.0000 425 210 0.4941
8317.0000 426 210 0.4930
8336.0000 427 210 0.4918
8359.0000 428 210 0.4907
8375.0000 429 210 0.4895
8396.0000 430 210 0.4884
8399.6000 430 211 0.4907
8414.0000 431 211 0.4896
8428.2000 431 212 0.4919
8437.0000 432 212 0.4907
8453.0000 433 212 0.4896
8468.0000 434 212 0.4885
8492.0000 435 212 0.4874
8509.2000 435 213 0.4897
8510.0000 436 213 0.4885
8525.0000 437 213 0.4874
8528.2000 437 214 0.4897
8544.0000 438 214 0.4886
8566.0000 439 214 0.4875
8578.2000 439 215 0.4897
8586.0000 440 215 0.4886
8609.0000 441 215 0.4875
8625.0000 442 215 0.4864
8641.0000 442 216 0.4887
8644.0000 443 216 0.4876
8652.6000 443 217 0.4898
8663.0000 444 217 0.4887
8681.0000 445 217 0.4876
8697.0000 446 217 0.4865
8699.3000 446 218 0.4888
8719.0000 447 218 0.4877
8743.0000 448 218 0.4866
8767.0000 449 218 0.4855
8778.0000 449 219 0.4878
8784.0000 450 219 0.4867
8790.7000 450 220 0.4889
8800.0000 451 220 0.4878
8806.5000 451 221 0.4900
8823.0000 452 221 0.4889
8839.0000 453 221 0.4879
8854.0000 454 221 0.4868
8869.0000 455 221 0.4857
8888.6000 455 222 0.4879
8892.0000 456 222 0.4868
8911.0000 457 222 0.4858
8929.0000 458 222 0.4847
8944.0000 459 222 0.4837
8955.3000 459 223 0.4858
8961.0000 460 223 0.4848
8979.0000 461 223 0.4837
8997.0000 462 223 0.4827
9011.3000 462 224 0.4848
9013.0000 463 224 0.4838
9027.1000 463 225 0.4860
9035.0000 464 225 0.4849
9058.0000 465 225 0.4839
9065.9000 465 226 0.4860
9073.0000 466 226 0.4850
9093.5000 466 227 0.4871
9095.0000 467 227 0.4861
9119.0000 468 227 0.4850
9129.7000 468 228 0.4872
9143.0000 469 228 0.4861
9160.5000 469 229 0.4883
9162.0000 470 229 0.4872
9162.2000 470 230 0.4894
9176.8000 470 231 0.4915
9186.0000 471 231 0.4904
9196.5000 471 232 0.4926
9203.2000 471 233 0.4947
9209.0000 472 233 0.4936
9209.2000 472 234 0.4958
9216.8000 472 235 0.4979
9224.0000 473 235 0.4968
9245.0000 474 235 0.4958
9264.0000 475 235 0.4947
9288.0000 476 235 0.4937
9306.5000 476 236 0.4958
9310.0000 477 236 0.4948
9314.2000 477 237 0.4969
9320.0000 477 238 0.4990
9326.0000 478 238 0.4979
9341.0000 479 238 0.4969
9342.7000 479 239 0.4990
9365.0000 480 239 0.4979
9387.0000 481 239 0.4969
9403.0000 482 239 0.4959
9426.0000 483 239 0.4948
9444.0000 484 239 0.4938
9452.1000 484 240 0.4959
9468.0000 485 240 0.4948
9485.0000 486 240 0.4938
9503.0000 487 240 0.4928
9527.0000 488 240 0.4918
9542.6000 488 241 0.4939
9550.0000 489 241 0.4928
9573.0000 490 241 0.4918
9591.0000 491 241 0.4908
9614.0000 492 241 0.4898
9614.9000 492 242 0.4919
9632.0000 493 242 0.4909
9635.2000 493 243 0.4929
9653.0000 494 243 0.4919
9655.6000 494 244 0.4939
9676.0000 495 244 0.4929
9693.0000 496 244 0.4919
9715.0000 497 244 0.4909
9736.0000 498 244 0.4900
9749.0000 498 245 0.4920
9750.0000 498 246 0.4940
9752.0000 499 246 0.4930
9761.5000 499 247 0.4950
9773.2000 499 248 0.4970
9776.0000 500 248 0.4960
9799.0000 501 248 0.4950
9805.5000 501 249 0.4970
9821.0000 502 249 0.4960
9837.0000 503 249 0.4950
9861.0000 504 249 0.4940
9879.0000 505 249 0.4931
9894.0000 506 249 0.4921
9909.0000 507 249 0.4911
9920.2000 507 250 0.4931
9927.0000 508 250 0.4921
9946.0000 509 250 0.4912
9947.9000 509 251 0.4931
9952.0000 509 252 0.4951
9966.7000 509 253 0.4971
9969.0000 510 253 0.4961
9988.0000 511 253 0.4951
10007.0000 512 253 0.4941
10016.0000 512 254 0.4961
10024.0000 513 254 0.4951
10044.0000 514 254 0.4942
10048.8000 514 255 0.4961
10067.0000 515 255 0.4951
10087.0000 516 255 0.4942
10111.0000 517 255 0.4932
10116.5000 517 256 0.4952
10122.5000 517 257 0.4971
10132.0000 518 257 0.4961
10154.0000 519 257 0.4952
10177.0000 520 257 0.4942
10185.2000 520 258 0.4962
10194.0000 521 258 0.4952
10216.0000 522 258 0.4943
10235.0000 523 258 0.4933
10253.8000 523 259 0.4952
10257.0000 524 259 0.4943
10281.0000 525 259 0.4933
10300.0000 526 259 0.4924
10301.2000 526 260 0.4943
10320.0000 527 260 0.4934
10343.0000 528 260 0.4924
10366.0000 529 260 0.4915
10382.0000 530 260 0.4906
10393.9000 530 261 0.4925
10402.0000 531 261 0.4915
10402.1000 531 262 0.4934
10416.0000 531 263 0.4953
10423.0000 532 263 0.4944
10440.0000 532 264 0.4962
10441.0000 533 264 0.4953
10442.5000 533 265 0.4972
10461.0000 534 265 0.4963
10475.0000 534 266 0.4981
10480.0000 535 266 0.4972
10496.9000 535 267 0.4991
10497.0000 536 267 0.4981
10498.0000 536 268 0.5000
10518.0000 537 268 0.4991
10524.1000 537 269 0.5009
10537.0000 538 269 0.5000
10537.1000 538 270 0.5019
10537.2000 538 271 0.5037
10555.0000 539 271 0.5028
10571.0000 540 271 0.5019
10591.0000 541 271 0.5009
10615.0000 542 271 0.5000
10637.0000 543 271 0.4991
10638.6000 543 272 0.5009
10645.7000 543 273 0.5028
10648.9000 543 274 0.5046
10657.0000 544 274 0.5037
10681.0000 545 274 0.5028
10693.1000 545 275 0.5046
10703.0000 546 275 0.5037
10715.1000 546 276 0.5055
10726.0000 547 276 0.5046
10748.0000 548 276 0.5036
10768.0000 549 276 0.5027
10781.7000 549 277 0.5046
10788.0000 550 277 0.5036
10808.0000 551 277 0.5027
10823.0000 552 277 0.5018
10842.0000 553 277 0.5009
10857.2000 553 278 0.5027
10866.0000 554 278 0.5018
10875.9000 554 279 0.5036
10881.5000 554 280 0.5054
10885.0000 555 280 0.5045
10887.3000 555 281 0.5063
10907.0000 556 281 0.5054
10925.0000 557 281 0.5045
10942.0000 558 281 0.5036
10966.0000 559 281 0.5027
10983.0000 560 281 0.5018
11006.0000 561 281 0.5009
11017.3000 561 282 0.5027
11019.4000 561 283 0.5045
11020.0000 561 284 0.5062
11021.3000 561 285 0.5080
11023.0000 562 285 0.5071
11024.1000 562 286 0.5089
11046.0000 563 286 0.5080
11058.8000 563 287 0.5098
11068.0000 564 287 0.5089
11084.0000 565 287 0.5080
11102.0000 566 287 0.5071
11104.6000 566 288 0.5088
11105.5000 566 289 0.5106
11120.0000 567 289 0.5097
11121.9000 567 290 0.5115
11126.6000 567 291 0.5132
11143.0000 568 291 0.5123
11148.4000 568 292 0.5141
11166.0000 569 292 0.5132
11177.3000 569 293 0.5149
11182.0000 570 293 0.5140
11197.6000 570 294 0.5158
11201.0000 571 294 0.5149
11218.0000 572 294 0.5140
11238.0000 573 294 0.5131
11250.8000 573 295 0.5148
11252.6000 573 296 0.5166
11253.2000 573 297 0.5183
11260.0000 574 297 0.5174
11265.1000 574 298 0.5192
11280.0000 575 298 0.5183
11298.0000 576 298 0.5174
11308.0000 576 299 0.5191
11312.7000 576 300 0.5208
11319.0000 577 300 0.5199
11343.0000 578 300 0.5190
11354.7000 578 301 0.5208
11355.7000 578 302 0.5225
11362.0000 578 303 0.5242
11363.0000 579 303 0.5233
11381.0000 580 303 0.5224
11405.0000 581 303 0.5215
11424.0000 582 303 0.5206
11430.4000 582 304 0.5223
11433.2000 582 305 0.5241
11443.0000 583 305 0.5232
11443.5000 583 306 0.5249
11467.0000 584 306 0.5240
11491.0000 585 306 0.5231
11511.0000 586 306 0.5222
11514.8000 586 307 0.5239
11529.0000 587 307 0.5230
11540.0000 587 308 0.5247
11541.9000 587 309 0.5264
11547.0000 588 309 0.5255
11563.1000 588 310 0.5272
11564.8000 588 311 0.5289
11566.0000 589 311 0.5280
11575.9000 589 312 0.5297
11583.2000 589 313 0.5314
11586.0000 590 313 0.5305
11610.0000 591 313 0.5296
11626.0000 592 313 0.5287
11637.1000 592 314 0.5304
11642.7000 592 315 0.5321
11643.6000 592 316 0.5338
11650.0000 593 316 0.5329
11665.0000 594 316 0.5320
11677.5000 594 317 0.5337
11680.0000 595 317 0.5328
11686.3000 595 318 0.5345
11696.0000 596 318 0.5336
11711.0000 597 318 0.5327
11718.3000 597 319 0.5343
11731.0000 598 319 0.5334
11755.0000 599 319 0.5326
11771.0000 600 319 0.5317
11790.0000 601 319 0.5308
11805.5000 601 320 0.5324
11809.0000 602 320 0.5316
11809.2000 602 321 0.5332
11809.6000 602 322 0.5349
11827.0000 603 322 0.5340
11851.0000 604 322 0.5331
11858.7000 604 323 0.5348
11867.0000 605 323 0.5339
11872.3000 605 324 0.5355
11885.0000 606 324 0.5347
11907.0000 607 324 0.5338
11929.0000 608 324 0.5329
11940.3000 608 325 0.5345
11948.0000 609 325 0.5337
11948.6000 609 326 0.5353
11971.0000 610 326 0.5344
11995.0000 611 326 0.5336
12004.4000 611 327 0.5352
12006.4000 611 328 0.5368
12012.0000 612 328 0.5359
12033.0000 613 328 0.5351
12048.0000 614 328 0.5342
12070.0000 615 328 0.5333
12073.0000 615 329 0.5350
12088.0000 616 329 0.5341
12104.0000 617 329 0.5332
12124.0000 618 329 0.5324
12145.0000 619 329 0.5315
12153.5000 619 330 0.5331
12165.0000 620 330 0.5323
12167.6000 620 331 0.5339
12189.0000 621 331 0.5330
12197.6000 621 332 0.5346
12209.0000 622 332 0.5338
12210.3000 622 333 0.5354
12212.2000 622 334 0.5370
12213.8000 622 335 0.5386
12218.2000 622 336 0.5402
12226.0000 623 336 0.5393
12249.0000 624 336 0.5385
12270.0000 625 336 0.5376
12287.0000 626 336 0.5367
12288.8000 626 337 0.5383
12303.8000 626 338 0.5399
12304.8000 626 339 0.5415
12305.0000 627 339 0.5407
12309.2000 627 340 0.5423
12314.5000 627 341 0.5439
12323.0000 628 341 0.5430
12323.9000 628 342 0.5446
12330.6000 628 343 0.5462
12332.7000 628 344 0.5478
12339.0000 629 344 0.5469
12358.0000 630 344 0.5460
12360.6000 630 345 0.5476
12377.0000 631 345 0.5468
12399.0000 632 345 0.5459
12418.6000 632 346 0.5475
12421.0000 633 346 0.5466
12437.3000 633 347 0.5482
12444.0000 634 347 0.5473
12463.0000 635 347 0.5465
12479.0000 636 347 0.5456
12497.0000 637 347 0.5447
12518.0000 638 347 0.5439
12538.0000 639 347 0.5430
12556.0000 640 347 0.5422
12569.6000 640 348 0.5438
12575.0000 641 348 0.5429
12584.4000 641 349 0.5445
12596.0000 642 349 0.5436
12607.1000 642 350 0.5452
12611.0000 643 350 0.5443
12635.0000 644 350 0.5435
12655.0000 645 350 0.5426
12669.5000 645 351 0.5442
12670.3000 645 352 0.5457
12672.0000 646 352 0.5449
12689.5000 646 353 0.5464
12691.0000 647 353 0.5456
12713.0000 648 353 0.5448
12725.8000 648 354 0.5463
12727.4000 648 355 0.5478
12731.2000 648 356 0.5494
12737.0000 649 356 0.5485
12761.0000 650 356 0.5477
12781.0000 651 356 0.5469
12798.0000 652 356 0.5460
12818.0000 653 356 0.5452
12830.3000 653 357 0.5467
12836.3000 653 358 0.5482
12839.0000 654 358 0.5474
12863.0000 655 358 0.5466
12884.0000 656 358 0.5457
12901.0000 657 358 0.5449
12919.0000 658 358 0.5441
12936.0000 659 358 0.5432
12954.0000 660 358 0.5424
12971.0000 661 358 0.5416
12976.7000 661 359 0.5431
12986.0000 662 359 0.5423
13009.0000 663 359 0.5415
13029.0000 664 359 0.5407
13047.1000 664 360 0.5422
13048.0000 665 360 0.5414
13069.0000 666 360 0.5405
13080.5000 666 361 0.5420
13090.0000 667 361 0.5412
13112.0000 668 361 0.5404
13132.5000 668 362 0.5419
13135.0000 669 362 0.5411
13146.6000 669 363 0.5426
13147.6000 669 364 0.5441
13150.1000 669 365 0.5456
13157.0000 670 365 0.5448
13170.7000 670 366 0.5463
13175.0000 671 366 0.5455
13198.0000 672 366 0.5446
13222.0000 673 366 0.5438
13237.0000 674 366 0.5430
13238.8000 674 367 0.5445
13242.9000 674 368 0.5460
13261.0000 675 368 0.5452
13279.0000 676 368 0.5444
13303.0000 677 368 0.5436
13307.9000 677 369 0.5451
13319.4000 677 370 0.5465
13327.0000 678 370 0.5457
13344.0000 679 370 0.5449
13367.0000 680 370 0.5441
13385.0000 681 370 0.5433
13400.0000 682 370 0.5425
13422.0000 683 370 0.5417
13434.6000 683 371 0.5432
13439.0000 684 371 0.5424
13456.5000 684 372 0.5439
13463.0000 685 372 0.5431
13485.0000 686 372 0.5423
13501.0000 687 372 0.5415
13522.0000 688 372 0.5407
13534.7000 688 373 0.5422
13539.5000 688 374 0.5436
13543.0000 689 374 0.5428
13558.0000 690 374 0.5420
13578.0000 691 374 0.5412
13597.0000 692 374 0.5405
13601.2000 692 375 0.5419
13605.2000 692 376 0.5434
13612.0000 693 376 0.5426
13622.2000 693 377 0.5440
13625.2000 693 378 0.5455
13633.0000 694 378 0.5447
13654.0000 695 378 0.5439
13674.0000 696 378 0.5431
13680.3000 696 379 0.5445
13689.0000 697 379 0.5438
13701.7000 697 380 0.5452
13713.0000 698 380 0.5444
13733.0000 699 380 0.5436
13750.0000 700 380 0.5429
13770.6000 700 381 0.5443
13771.0000 701 381 0.5435
13787.0000 702 381 0.5427
13808.0000 703 381 0.5420
13831.0000 704 381 0.5412
13853.0000 705 381 0.5404
13874.0000 706 381 0.5397
13876.3000 706 382 0.5411
13894.0000 707 382 0.5403
13915.0000 708 382 0.5395
13929.5000 708 383 0.5410
13937.0000 709 383 0.5402
13952.0000 710 383 0.5394
13955.8000 710 384 0.5408
13956.5000 710 385 0.5423
13976.0000 711 385 0.5415
13989.5000 711 386 0.5429
13994.0000 712 386 0.5421
14004.6000 712 387 0.5435
14006.4000 712 388 0.5449
14011.0000 713 388 0.5442
14032.0000 714 388 0.5434
14046.8000 714 389 0.5448
14056.0000 715 389 0.5441
14064.0000 715 390 0.5455
14072.2000 715 391 0.5469
14077.0000 716 391 0.5461
14092.0000 717 391 0.5453
14107.0000 718 391 0.5446
14108.3000 718 392 0.5460
14123.0000 719 392 0.5452
14141.5000 719 393 0.5466
14147.0000 720 393 0.5458
14167.0000 721 393 0.5451
14186.0000 722 393 0.5443
14204.0000 723 393 0.5436
14225.0000 724 393 0.5428
14239.1000 724 394 0.5442
14245.0000 725 394 0.5434
14264.1000 725 395 0.5448
14267.0000 726 395 0.5441
14286.0000 727 395 0.5433
14304.0000 728 395 0.5426
14323.0000 729 395 0.5418
14343.0000 730 395 0.5411
14363.0000 731 395 0.5404
14385.0000 732 395 0.5396
14404.0000 733 395 0.5389
14420.0000 734 395 0.5381
14423.0000 734 396 0.5395
14441.0000 735 396 0.5388
14456.0000 736 396 0.5380
14466.4000 736 397 0.5394
14473.6000 736 398 0.5408
14475.0000 737 398 0.5400
14499.0000 738 398 0.5393
14523.0000 739 398 0.5386
14544.0000 740 398 0.5378
14568.0000 741 398 0.5371
14572.3000 741 399 0.5385
14588.0000 742 399 0.5377
14594.0000 742 400 0.5391
14603.0000 743 400 0.5384
14616.9000 743 401 0.5397
14618.0000 744 401 0.5390
14618.6000 744 402 0.5403
14631.6000 744 403 0.5417
14638.0000 744 404 0.5430
14639.0000 745 404 0.5423
14644.0000 745 405 0.5436
14655.0000 746 405 0.5429
14676.0000 747 405 0.5422
14689.2000 747 406 0.5435
14696.0000 748 406 0.5428
14702.3000 748 407 0.5441
14718.0000 749 407 0.5434
14720.3000 749 408 0.5447
14732.0000 749 409 0.5461
14734.1000 749 410 0.5474
14736.0000 750 410 0.5467
14746.0000 750 411 0.5480
14756.0000 751 411 0.5473
14773.0000 752 411 0.5465
14790.0000 753 411 0.5458
14809.0000 754 411 0.5451
14830.6000 754 412 0.5464
14831.0000 755 412 0.5457
14848.0000 756 412 0.5450
14867.0000 757 412 0.5443
14887.9000 757 413 0.5456
14889.0000 758 413 0.5449
14905.0000 759 413 0.5441
14927.0000 760 413 0.5434
14942.0000 761 413 0.5427
14961.0000 762 413 0.5420
14975.8000 762 414 0.5433
14984.0000 763 414 0.5426
14999.0000 764 414 0.5419
15002.7000 764 415 0.5432
15021.0000 765 415 0.5425
15041.0000 766 415 0.5418
15058.0000 767 415 0.5411
15074.0000 768 415 0.5404
15093.0000 769 415 0.5397
15114.0000 770 415 0.5390
15132.0000 771 415 0.5383
15149.0000 772 415 0.5376
15159.2000 772 416 0.5389
15169.7000 772 417 0.5402
15172.0000 773 417 0.5395
15182.2000 773 418 0.5408
15183.2000 773 419 0.5420
15190.0000 774 419 0.5413
15212.0000 775 419 0.5406
15216.0000 775 420 0.5419
15235.0000 776 420 0.5412
15256.0000 777 420 0.5405
15280.0000 778 420 0.5398
15297.0000 779 420 0.5392
15318.0000 780 420 0.5385
15336.0000 781 420 0.5378
15360.0000 782 420 0.5371
15381.0000 783 420 0.5364
15389.7000 783 421 0.5377
15399.0000 784 421 0.5370
15419.0000 785 421 0.5363
15439.2000 785 422 0.5376
15441.0000 786 422 0.5369
15441.4000 786 423 0.5382
15459.9000 786 424 0.5394
15465.0000 787 424 0.5388
15482.0000 788 424 0.5381
15499.5000 788 425 0.5393
15504.0000 789 425 0.5387
15526.0000 790 425 0.5380
15547.0000 791 425 0.5373
15569.0000 792 425 0.5366
15583.0000 792 426 0.5379
15591.0000 793 426 0.5372
15615.0000 794 426 0.5365
15632.0000 795 426 0.5358
15636.3000 795 427 0.5371
15640.2000 795 428 0.5384
15645.6000 795 429 0.5396
15651.0000 796 429 0.5389
15666.0000 797 429 0.5383
15684.0000 798 429 0.5376
15708.0000 799 429 0.5369
15724.0000 800 429 0.5363
15746.0000 801 429 0.5356
15746.8000 801 430 0.5368
15755.9000 801 431 0.5381
15764.0000 802 431 0.5374
15780.2000 802 432 0.5387
15782.0000 803 432 0.5380
15793.3000 803 433 0.5392
15799.0000 804 433 0.5386
15802.9000 804 434 0.5398
15815.0000 805 434 0.5391
15838.0000 806 434 0.5385
15854.0000 807 434 0.5378
15867.3000 807 435 0.5390
15873.0000 808 435 0.5384
15891.0000 808 436 0.5396
15894.0000 809 436 0.5389
15909.0000 810 436 0.5383
15927.0000 811 436 0.5376
15948.0000 812 436 0.5369
15953.1000 812 437 0.5382
15956.3000 812 438 0.5394
15958.5000 812 439 0.5406
15967.0000 813 439 0.5400
15990.0000 814 439 0.5393
16004.8000 814 440 0.5405
16010.0000 815 440 0.5399
16027.0000 816 440 0.5392
16042.0000 817 440 0.5386
16050.8000 817 441 0.5398
16061.0000 818 441 0.5391
16067.0000 818 442 0.5403
16080.0000 819 442 0.5397
16104.0000 820 442 0.5390
16124.0000 821 442 0.5384
16139.0000 822 442 0.5377
16155.0000 823 442 0.5371
16175.0000 824 442 0.5364
16196.0000 825 442 0.5358
16204.4000 825 443 0.5370
16212.0000 826 443 0.5363
16220.0000 826 444 0.5375
16230.0000 827 444 0.5369
16245.0000 828 444 0.5362
16248.1000 828 445 0.5374
16250.6000 828 446 0.5386
16261.0000 829 446 0.5380
16281.0000 830 446 0.5373
16301.0000 831 446 0.5367
16305.7000 831 447 0.5379
16308.0000 831 448 0.5391
16311.0000 831 449 0.5403
16322.0000 832 449 0.5397
16338.0000 833 449 0.5390
16357.0000 834 449 0.5384
16380.0000 835 449 0.5377
16399.0000 836 449 0.5371
16410.7000 836 450 0.5383
16413.8000 836 451 0.5395
16416.0000 837 451 0.5388
16433.0000 838 451 0.5382
16455.0000 839 451 0.5375
16479.0000 840 451 0.5369
16503.0000 841 451 0.5363
16520.1000 841 452 0.5375
16526.0000 842 452 0.5368
16547.0000 843 452 0.5362
16568.0000 844 452 0.5355
16589.0000 845 452 0.5349
16607.3000 845 453 0.5361
16610.0000 846 453 0.5355
16627.8000 846 454 0.5366
16628.0000 847 454 0.5360
16629.7000 847 455 0.5372
16646.0000 848 455 0.5366
16662.0000 849 455 0.5359
16682.0000 850 455 0.5353
16699.0000 851 455 0.5347
16721.7000 851 456 0.5358
16723.0000 852 456 0.5352
16745.0000 853 456 0.5346
16760.0000 854 456 0.5340
16783.0000 855 456 0.5333
16788.4000 855 457 0.5345
16792.1000 855 458 0.5357
16800.0000 856 458 0.5350
16818.0000 857 458 0.5344
16829.1000 857 459 0.5356
16835.0000 858 459 0.5350
16852.1000 858 460 0.5361
16858.0000 859 460 0.5355
16862.8000 859 461 0.5367
16868.7000 859 462 0.5378
16881.0000 860 462 0.5372
16901.0000 861 462 0.5366
16904.9000 861 463 0.5377
16917.0000 862 463 0.5371
16935.0000 863 463 0.5365
16959.0000 864 463 0.5359
16964.7000 864 464 0.5370
16976.8000 864 465 0.5382
16979.0000 864 466 0.5394
16980.0000 865 466 0.5387
16997.0000 866 466 0.5381
17019.2000 866 467 0.5393
17021.0000 867 467 0.5386
17038.1000 867 468 0.5398
17040.0000 868 468 0.5392
17062.0000 868 469 0.5403
17063.0000 869 469 0.5397
17071.0000 869 470 0.5409
17071.7000 869 471 0.5420
17082.0000 870 471 0.5414
17105.0000 871 471 0.5408
17126.0000 872 471 0.5401
17135.6000 872 472 0.5413
17135.9000 872 473 0.5424
17143.0000 873 473 0.5418
17149.6000 873 474 0.5430
17162.0000 874 474 0.5423
17181.0000 875 474 0.5417
17202.0000 876 474 0.5411
17225.0000 877 474 0.5405
17234.6000 877 475 0.5416
17240.0000 878 475 0.5410
17259.0000 879 475 0.5404
17278.0000 880 475 0.5398
17279.7000 880 476 0.5409
17287.8000 880 477 0.5420
17299.0000 881 477 0.5414
17318.0000 882 477 0.5408
17336.0000 883 477 0.5402
17339.3000 883 478 0.5413
17350.3000 883 479 0.5425
17353.0000 884 479 0.5419
17357.6000 884 480 0.5430
17370.0000 885 480 0.5424
17371.3000 885 481 0.5435
17394.0000 886 481 0.5429
17394.5000 886 482 0.5440
17416.0000 887 482 0.5434
17439.0000 888 482 0.5428
17454.0000 889 482 0.5422
17469.2000 889 483 0.5433
17477.0000 890 483 0.5427
17493.4000 890 484 0.5438
17497.0000 891 484 0.5432
17515.0000 892 484 0.5426
17535.0000 893 484 0.5420
17558.0000 894 484 0.5414
17568.6000 894 485 0.5425
17574.0000 895 485 0.5419
17598.0000 896 485 0.5413
17619.0000 897 485 0.5407
17639.0000 898 485 0.5401
17647.6000 898 486 0.5412
17654.0000 899 486 0.5406
17672.0000 900 486 0.5400
17690.0000 901 486 0.5394
17710.0000 902 486 0.5388
17730.2000 902 487 0.5399
17734.0000 903 487 0.5393
17751.0000 904 487 0.5387
17773.8000 904 488 0.5398
17774.0000 905 488 0.5392
17786.6000 905 489 0.5403
17793.0000 906 489 0.5397
17808.0000 907 489 0.5391
17816.2000 907 490 0.5402
17826.0000 908 490 0.5396
17846.0000 909 490 0.5391
17849.5000 909 491 0.5402
17864.0000 910 491 0.5396
17865.2000 910 492 0.5407
17884.0000 911 492 0.5401
17886.7000 911 493 0.5412
17897.1000 911 494 0.5423
17899.0000 912 494 0.5417
17917.0000 913 494 0.5411
17934.5000 913 495 0.5422
17934.7000 913 496 0.5433
17936.0000 914 496 0.5427
17951.1000 914 497 0.5438
17958.0000 915 497 0.5432
17960.0000 915 498 0.5443
17976.0000 916 498 0.5437
17992.9000 916 499 0.5448
18000.0000 917 499 0.5442
18021.0000 918 499 0.5436
18034.1000 918 500 0.5447
18035.3000 918 501 0.5458
18040.0000 919 501 0.5452
18059.0000 920 501 0.5446
18077.0000 921 501 0.5440
18092.0000 922 501 0.5434
18096.6000 922 502 0.5445
18112.1000 922 503 0.5456
18113.0000 923 503 0.5450
18124.5000 923 504 0.5460
18132.0000 924 504 0.5455
18155.0000 925 504 0.5449
18169.3000 925 505 0.5459
18177.0000 926 505 0.5454
18192.0000 927 505 0.5448
18214.0000 928 505 0.5442
18221.6000 928 506 0.5453
18225.9000 928 507 0.5463
18236.0000 929 507 0.5457
18242.3000 929 508 0.5468
18259.0000 930 508 0.5462
18275.0000 931 508 0.5456
18298.0000 932 508 0.5451
18310.3000 932 509 0.5461
18321.0000 933 509 0.5456
18340.0000 934 509 0.5450
18342.8000 934 510 0.5460
18351.8000 934 511 0.5471
18353.0000 934 512 0.5482
18354.1000 934 513 0.5493
18364.0000 935 513 0.5487
18374.5000 935 514 0.5497
18383.0000 936 514 0.5491
18402.0000 937 514 0.5486
18425.0000 938 514 0.5480
18449.0000 939 514 0.5474
18457.4000 939 515 0.5485
18470.1000 939 516 0.5495
18473.0000 940 516 0.5489
18488.0000 941 516 0.5484
18511.9000 941 517 0.5494
18512.0000 942 517 0.5488
18533.9000 942 518 0.5499
18534.0000 943 518 0.5493
18537.9000 943 519 0.5504
18549.0000 944 519 0.5498
18570.0000 945 519 0.5492
18574.4000 945 520 0.5503
18575.3000 945 521 0.5513
18590.0000 946 521 0.5507
18613.0000 947 521 0.5502
18629.7000 947 522 0.5512
18632.0000 948 522 0.5506
18632.3000 948 523 0.5517
18653.0000 949 523 0.5511
18677.0000 950 523 0.5505
18696.0000 951 523 0.5499
18704.5000 951 524 0.5510
18715.0000 952 524 0.5504
18735.6000 952 525 0.5515
18738.0000 953 525 0.5509
18753.0000 954 525 0.5503
18768.0000 955 525 0.5497
18784.0000 955 526 0.5508
18786.0000 956 526 0.5502
18808.6000 956 527 0.5513
18809.0000 957 527 0.5507
18828.0000 958 527 0.5501
18841.2000 958 528 0.5511
18845.0000 959 528 0.5506
18862.0000 960 528 0.5500
18884.0000 961 528 0.5494
18894.5000 961 529 0.5505
18894.6000 961 530 0.5515
18894.7000 961 531 0.5525
18897.2000 961 532 0.5536
18899.0000 962 532 0.5530
18922.0000 963 532 0.5524
18939.0000 964 532 0.5519
18951.2000 964 533 0.5529
18956.0000 965 533 0.5523
18956.1000 965 534 0.5534
18959.9000 965 535 0.5544
18963.6000 965 536 0.5554
18964.5000 965 537 0.5565
18973.1000 965 538 0.5575
18977.0000 966 538 0.5569
18993.0000 967 538 0.5564
19015.0000 968 538 0.5558
19037.0000 969 538 0.5552
19055.0000 970 538 0.5546
19072.0000 971 538 0.5541
19087.0000 972 538 0.5535
19095.8000 972 539 0.5545
19108.0000 973 539 0.5540
19129.0000 974 539 0.5534
19151.0000 975 539 0.5528
19161.8000 975 540 0.5538
19173.0000 976 540 0.5533
19190.9000 976 541 0.5543
19192.0000 977 541 0.5537
19210.3000 977 542 0.5548
19211.0000 978 542 0.5542
19231.0000 979 542 0.5536
19254.0000 980 542 0.5531
19277.0000 981 542 0.5525
19278.5000 981 543 0.5535
19290.2000 981 544 0.5545
19301.0000 982 544 0.5540
19310.7000 982 545 0.5550
19311.4000 982 546 0.5560
19313.4000 982 547 0.5570
19316.0000 983 547 0.5565
19340.0000 984 547 0.5559
19355.0000 985 547 0.5553
19363.7000 985 548 0.5563
19373.0000 986 548 0.5558
19384.8000 986 549 0.5568
19391.0000 987 549 0.5562
19406.0000 988 549 0.5557
19410.5000 988 550 0.5567
19418.6000 988 551 0.5577
19423.0000 989 551 0.5571
19439.0000 990 551 0.5566
19455.0000 991 551 0.5560
19463.1000 991 552 0.5570
19479.0000 992 552 0.5565
19497.0000 993 552 0.5559
19520.4000 993 553 0.5569
19521.0000 994 553 0.5563
19542.0000 995 553 0.5558
19565.0000 996 553 0.5552
19586.0000 997 553 0.5547
19595.7000 997 554 0.5557
19601.0000 998 554 0.5551
19621.2000 998 555 0.5561
19622.0000 999 555 0.5556
19622.1000 999 556 0.5566
19623.8000 999 557 0.5576
19641.0000 1000 557 0.5570
19660.0000 1001 557 0.5564
19677.0000 1002 557 0.5559
19692.0000 1003 557 0.5553
19697.8000 1003 558 0.5563
19700.6000 1003 559 0.5573
19716.0000 1004 559 0.5568
19739.0000 1005 559 0.5562
19755.0000 1006 559 0.5557
19770.0000 1007 559 0.5551
19784.4000 1007 560 0.5561
19786.5000 1007 561 0.5571
19792.0000 1008 561 0.5565
19815.0000 1009 561 0.5560
19816.1000 1009 562 0.5570
19833.0000 1010 562 0.5564
19852.0000 1011 562 0.5559
19853.5000 1011 563 0.5569
19876.0000 1012 563 0.5563
19891.0000 1013 563 0.5558
19895.9000 1013 564 0.5568
19908.0000 1014 564 0.5562
19924.9000 1014 565 0.5572
19927.1000 1014 566 0.5582
19932.0000 1015 566 0.5576
19956.0000 1016 566 0.5571
19968.8000 1016 567 0.5581
19970.9000 1016 568 0.5591
19971.0000 1016 569 0.5600
19975.3000 1016 570 0.5610
19976.0000 1017 570 0.5605
19994.0000 1017 571 0.5615
19994.8000 1017 572 0.5624
19998.0000 1018 572 0.5619
20019.0000 1019 572 0.5613
20034.0000 1020 572 0.5608
20040.2000 1020 573 0.5618
20041.7000 1020 574 0.5627
20054.8000 1020 575 0.5637
20054.8000 1020 576 0.5647
20057.0000 1021 576 0.5642
20068.9000 1021 577 0.5651
20071.2000 1021 578 0.5661
20075.0000 1022 578 0.5656
20094.0000 1023 578 0.5650
20095.2000 1023 579 0.5660
20096.5000 1023 580 0.5670
20107.3000 1023 581 0.5679
20118.0000 1024 581 0.5674
20129.7000 1024 582 0.5684
20132.1000 1024 583 0.5693
20135.0000 1025 583 0.5688
20157.0000 1026 583 0.5682
20179.0000 1027 583 0.5677
20185.1000 1027 584 0.5686
20196.4000 1027 585 0.5696
20197.0000 1028 585 0.5691
20201.3000 1028 586 0.5700
20221.0000 1029 586 0.5695
20227.0000 1029 587 0.5705
20237.0000 1030 587 0.5699
20259.0000 1031 587 0.5694
20276.0000 1032 587 0.5688
20293.0000 1033 587 0.5682
20307.7000 1033 588 0.5692
20308.0000 1034 588 0.5687
20327.0000 1035 588 0.5681
20328.7000 1035 589 0.5691
20340.1000 1035 590 0.5700
20350.0000 1036 590 0.5695
20366.0000 1037 590 0.5689
20373.6000 1037 591 0.5699
20375.4000 1037 592 0.5709
20375.9000 1037 593 0.5718
20381.9000 1037 594 0.5728
20385.0000 1038 594 0.5723
20401.0000 1039 594 0.5717
20421.0000 1040 594 0.5712
20428.2000 1040 595 0.5721
20437.0000 1041 595 0.5716
20458.0000 1041 596 0.5725
20461.0000 1042 596 0.5720
20464.2000 1042 597 0.5729
20475.9000 1042 598 0.5739
20485.0000 1043 598 0.5733
20508.0000 1044 598 0.5728
20524.5000 1044 599 0.5738
20532.0000 1045 599 0.5732
20554.0000 1046 599 0.5727
20576.0000 1047 599 0.5721
20594.0000 1048 599 0.5716
20611.0000 1049 599 0.5710
20613.1000 1049 600 0.5720
20635.0000 1050 600 0.5714
20653.8000 1050 601 0.5724
20655.0000 1051 601 0.5718
20655.1000 1051 602 0.5728
20656.1000 1051 603 0.5737
20673.0000 1052 603 0.5732
20691.0000 1053 603 0.5726
20693.0000 1053 604 0.5736
20706.0000 1054 604 0.5731
20718.5000 1054 605 0.5740
20724.0000 1055 605 0.5735
20734.8000 1055 606 0.5744
20744.0000 1056 606 0.5739
20750.7000 1056 607 0.5748
20760.7000 1056 608 0.5758
20766.0000 1057 608 0.5752
20782.0000 1058 608 0.5747
20795.9000 1058 609 0.5756
20800.0000 1059 609 0.5751
20810.5000 1059 610 0.5760
20821.0000 1060 610 0.5755
20839.1000 1060 611 0.5764
20844.0000 1061 611 0.5759
20848.0000 1061 612 0.5768
20851.2000 1061 613 0.5778
20857.6000 1061 614 0.5787
20864.0000 1062 614 0.5782
20876.5000 1062 615 0.5791
20888.0000 1063 615 0.5786
20900.3000 1063 616 0.5795
20911.0000 1064 616 0.5789
20931.0000 1065 616 0.5784
20952.0000 1066 616 0.5779
20955.8000 1066 617 0.5788
20968.0000 1067 617 0.5783
20970.7000 1067 618 0.5792
20987.6000 1067 619 0.5801
20990.0000 1068 619 0.5796
20991.8000 1068 620 0.5805
20993.9000 1068 621 0.5815
21004.1000 1068 622 0.5824
21007.0000 1069 622 0.5819
21008.3000 1069 623 0.5828
21010.7000 1069 624 0.5837
21031.0000 1070 624 0.5832
21055.0000 1071 624 0.5826
21072.3000 1071 625 0.5836
21077.0000 1072 625 0.5830
21078.1000 1072 626 0.5840
21092.0000 1073 626 0.5834
21095.8000 1073 627 0.5843
21097.1000 1073 628 0.5853
21113.1000 1073 629 0.5862
21116.0000 1074 629 0.5857
21122.7000 1074 630 0.5866
21124.2000 1074 631 0.5875
21129.1000 1074 632 0.5885
21132.0000 1075 632 0.5879
21145.5000 1075 633 0.5888
21148.0000 1076 633 0.5883
21156.1000 1076 634 0.5892
21164.2000 1076 635 0.5901
21166.0000 1077 635 0.5896
21177.4000 1077 636 0.5905
21184.0000 1078 636 0.5900
21184.8000 1078 637 0.5909
21189.4000 1078 638 0.5918
21204.0000 1079 638 0.5913
21206.0000 1079 639 0.5922
21214.5000 1079 640 0.5931
21223.0000 1080 640 0.5926
21226.2000 1080 641 0.5935
21235.3000 1080 642 0.5944
21247.0000 1081 642 0.5939
21271.0000 1082 642 0.5933
21284.3000 1082 643 0.5943
21292.0000 1083 643 0.5937
21294.8000 1083 644 0.5946
21309.0000 1084 644 0.5941
21322.2000 1084 645 0.5950
21327.0000 1085 645 0.5945
21331.9000 1085 646 0.5954
21333.2000 1085 647 0.5963
21351.0000 1085 648 0.5972
21351.0000 1086 648 0.5967
21355.5000 1086 649 0.5976
21358.6000 1086 650 0.5985
21368.0000 1086 651 0.5994
21368.0000 1087 651 0.5989
21369.9000 1087 652 0.5998
21370.7000 1087 653 0.6007
21387.0000 1088 653 0.6002
21397.0000 1088 654 0.6011
21400.1000 1088 655 0.6020
21407.0000 1089 655 0.6015
21424.0000 1090 655 0.6009
21427.9000 1090 656 0.6018
21444.0000 1091 656 0.6013
21445.4000 1091 657 0.6022
21460.9000 1091 658 0.6031
21463.0000 1092 658 0.6026
21483.0000 1093 658 0.6020
21488.2000 1093 659 0.6029
21489.4000 1093 660 0.6038
21501.7000 1093 661 0.6048
21505.0000 1094 661 0.6042
21523.0000 1095 661 0.6037
21530.5000 1095 662 0.6046
21539.0000 1096 662 0.6040
21541.7000 1096 663 0.6049
21545.4000 1096 664 0.6058
21556.0000 1097 664 0.6053
21560.2000 1097 665 0.6062
21577.0000 1098 665 0.6056
21580.7000 1098 666 0.6066
21591.5000 1098 667 0.6075
21599.0000 1099 667 0.6069
21615.0000 1100 667 0.6064
21632.0000 1101 667 0.6058
21647.9000 1101 668 0.6067
21648.0000 1102 668 0.6062
21665.0000 1103 668 0.6056
21665.4000 1103 669 0.6065
21689.0000 1104 669 0.6060
21694.2000 1104 670 0.6069
21707.0000 1105 670 0.6063
21713.3000 1105 671 0.6072
21731.0000 1106 671 0.6067
21742.4000 1106 672 0.6076
21755.0000 1107 672 0.6070
21755.7000 1107 673 0.6079
21777.0000 1108 673 0.6074
21794.0000 1109 673 0.6069
21818.0000 1110 673 0.6063
21837.0000 1111 673 0.6058
21851.6000 1111 674 0.6067
21860.0000 1112 674 0.6061
21883.0000 1113 674 0.6056
21898.0000 1114 674 0.6050
21916.0000 1115 674 0.6045
21939.0000 1116 674 0.6039
21949.4000 1116 675 0.6048
21951.3000 1116 676 0.6057
21960.0000 1117 676 0.6052
21971.6000 1117 677 0.6061
21976.0000 1118 677 0.6055
21983.4000 1118 678 0.6064
21999.0000 1119 678 0.6059
22022.0000 1120 678 0.6054
22038.4000 1120 679 0.6063
22041.0000 1121 679 0.6057
22061.0000 1122 679 0.6052
22077.5000 1122 680 0.6061
22078.0000 1123 680 0.6055
22101.0000 1124 680 0.6050
22106.4000 1124 681 0.6059
22106.6000 1124 682 0.6068
22121.0000 1125 682 0.6062
22124.3000 1125 683 0.6071
22140.0000 1126 683 0.6066
22143.1000 1126 684 0.6075
22159.0000 1127 684 0.6069
22165.8000 1127 685 0.6078
22171.5000 1127 686 0.6087
22183.0000 1128 686 0.6082
22199.0000 1129 686 0.6076
22214.4000 1129 687 0.6085
22218.0000 1130 687 0.6080
22242.0000 1131 687 0.6074
22259.1000 1131 688 0.6083
22263.0000 1132 688 0.6078
22281.0000 1133 688 0.6072
22304.0000 1134 688 0.6067
22317.1000 1134 689 0.6076
22322.0000 1135 689 0.6070
22326.5000 1135 690 0.6079
22329.9000 1135 691 0.6088
22344.1000 1135 692 0.6097
22346.0000 1136 692 0.6092
22363.0000 1137 692 0.6086
22385.0000 1138 692 0.6081
22405.0000 1139 692 0.6076
22415.3000 1139 693 0.6084
22420.0000 1140 693 0.6079
22431.4000 1140 694 0.6088
22431.7000 1140 695 0.6096
22433.6000 1140 696 0.6105
22444.0000 1141 696 0.6100
22445.7000 1141 697 0.6109
22456.7000 1141 698 0.6117
22457.6000 1141 699 0.6126
22464.0000 1142 699 0.6121
22479.0000 1142 700 0.6130
22482.0000 1143 700 0.6124
22486.4000 1143 701 0.6133
22500.0000 1144 701 0.6128
22521.0000 1145 701 0.6122
22543.6000 1145 702 0.6131
22544.0000 1146 702 0.6126
22560.0000 1147 702 0.6120
22578.0000 1148 702 0.6115
22595.0000 1149 702 0.6110
22613.0000 1150 702 0.6104
22628.0000 1151 702 0.6099
22648.0000 1152 702 0.6094
22666.0000 1153 702 0.6088
22682.0000 1154 702 0.6083
22698.0000 1155 702 0.6078
22713.0000 1156 702 0.6073
22717.4000 1156 703 0.6081
22729.0000 1156 704 0.6090
22735.0000 1157 704 0.6085
22751.7000 1157 705 0.6093
22752.3000 1157 706 0.6102
22758.0000 1158 706 0.6097
22760.9000 1158 707 0.6105
22778.0000 1158 708 0.6114
22779.0000 1159 708 0.6109
22779.1000 1159 709 0.6117
22799.0000 1160 709 0.6112
22802.8000 1160 710 0.6121
22805.7000 1160 711 0.6129
22809.4000 1160 712 0.6138
22820.0000 1161 712 0.6133
22822.6000 1161 713 0.6141
22827.6000 1161 714 0.6150
22835.0000 1162 714 0.6145
22850.0000 1163 714 0.6139
22859.9000 1163 715 0.6148
22866.3000 1163 716 0.6156
22869.0000 1164 716 0.6151
22891.0000 1165 716 0.6146
22906.3000 1165 717 0.6155
22913.0000 1166 717 0.6149
22916.0000 1166 718 0.6158
22918.7000 1166 719 0.6166
22927.2000 1166 720 0.6175
22931.0000 1167 720 0.6170
22954.0000 1168 720 0.6164
22971.0000 1169 720 0.6159
22979.7000 1169 721 0.6168
22980.6000 1169 722 0.6176
22991.0000 1170 722 0.6171
23003.9000 1170 723 0.6179
23006.7000 1170 724 0.6188
23007.0000 1171 724 0.6183
23012.4000 1171 725 0.6191
23031.0000 1172 725 0.6186
23047.0000 1173 725 0.6181
23048.0000 1173 726 0.6189
23048.9000 1173 727 0.6198
23050.0000 1173 728 0.6206
23050.7000 1173 729 0.6215
23070.0000 1174 729 0.6210
23080.7000 1174 730 0.6218
23085.0000 1175 730 0.6213
23106.0000 1176 730 0.6207
23107.1000 1176 731 0.6216
23127.0000 1177 731 0.6211
23128.3000 1177 732 0.6219
23147.3000 1177 733 0.6228
23149.0000 1178 733 0.6222
23154.4000 1178 734 0.6231
23165.0000 1179 734 0.6226
23179.9000 1179 735 0.6234
23180.0000 1180 735 0.6229
23183.0000 1180 736 0.6237
23183.5000 1180 737 0.6246
23198.0000 1181 737 0.6240
23214.0000 1182 737 0.6235
23234.9000 1182 738 0.6244
23238.0000 1183 738 0.6238
23252.6000 1183 739 0.6247
23256.6000 1183 740 0.6255
23258.0000 1184 740 0.6250
23259.3000 1184 741 0.6258
23261.8000 1184 742 0.6267
23262.9000 1184 743 0.6275
23263.9000 1184 744 0.6284
23268.5000 1184 745 0.6292
23272.3000 1184 746 0.6301
23280.0000 1185 746 0.6295
23295.0000 1186 746 0.6290
23319.0000 1187 746 0.6285
23338.9000 1187 747 0.6293
23339.0000 1188 747 0.6288
23354.2000 1188 748 0.6296
23360.0000 1189 748 0.6291
23377.0000 1190 748 0.6286
23393.0000 1191 748 0.6280
23396.1000 1191 749 0.6289
23409.0000 1192 749 0.6284
23428.0000 1193 749 0.6278
23430.2000 1193 750 0.6287
23433.5000 1193 751 0.6295
23438.2000 1193 752 0.6303
23445.0000 1194 752 0.6298
23457.5000 1194 753 0.6307
23463.8000 1194 754 0.6315
23464.0000 1195 754 0.6310
23466.7000 1195 755 0.6318
23471.5000 1195 756 0.6326
23482.0000 1196 756 0.6321
23498.0000 1197 756 0.6316
23501.7000 1197 757 0.6324
23507.8000 1197 758 0.6332
23516.0000 1198 758 0.6327
23521.0000 1198 759 0.6336
23522.7000 1198 760 0.6344
23532.0000 1199 760 0.6339
23542.6000 1199 761 0.6347
23547.0000 1200 761 0.6342
23558.7000 1200 762 0.6350
23561.7000 1200 763 0.6358
23565.0000 1200 764 0.6367
23566.5000 1200 765 0.6375
23568.0000 1201 765 0.6370
23589.0000 1202 765 0.6364
23595.6000 1202 766 0.6373
23603.9000 1202 767 0.6381
23613.0000 1203 767 0.6376
23620.6000 1203 768 0.6384
23629.0000 1204 768 0.6379
23643.4000 1204 769 0.6387
23647.0000 1205 769 0.6382
23658.2000 1205 770 0.6390
23659.1000 1205 771 0.6398
23662.0000 1206 771 0.6393
23681.0000 1207 771 0.6388
23690.8000 1207 772 0.6396
23694.1000 1207 773 0.6404
23694.2000 1207 774 0.6413
23695.2000 1207 775 0.6421
23702.0000 1208 775 0.6416
23710.9000 1208 776 0.6424
23726.0000 1209 776 0.6419
23741.0000 1210 776 0.6413
23752.3000 1210 777 0.6421
23754.8000 1210 778 0.6430
23760.0000 1211 778 0.6424
23763.6000 1211 779 0.6433
23768.0000 1211 780 0.6441
23778.0000 1212 780 0.6436
23789.2000 1212 781 0.6444
23798.0000 1213 781 0.6439
23817.0000 1214 781 0.6433
23837.0000 1215 781 0.6428
23842.4000 1215 782 0.6436
23843.7000 1215 783 0.6444
23851.0000 1215 784 0.6453
23859.0000 1216 784 0.6447
23866.7000 1216 785 0.6456
23874.0000 1217 785 0.6450
23895.0000 1218 785 0.6445
23895.3000 1218 786 0.6453
23916.0000 1219 786 0.6448
23927.6000 1219 787 0.6456
23930.3000 1219 788 0.6464
23937.0000 1220 788 0.6459
23961.0000 1221 788 0.6454
23970.6000 1221 789 0.6462
23979.8000 1221 790 0.6470
23981.0000 1222 790 0.6465
23985.1000 1222 791 0.6473
23991.1000 1222 792 0.6481
23991.2000 1222 793 0.6489
24004.0000 1223 793 0.6484
24011.7000 1223 794 0.6492
24022.2000 1223 795 0.6500
24026.0000 1224 795 0.6495
24036.9000 1224 796 0.6503
24037.4000 1224 797 0.6511
24043.0000 1225 797 0.6506
24062.0000 1226 797 0.6501
24077.5000 1226 798 0.6509
24079.0000 1227 798 0.6504
24095.0000 1228 798 0.6498
24110.0000 1229 798 0.6493
24134.0000 1230 798 0.6488
24140.5000 1230 799 0.6496
24157.0000 1231 799 0.6491
24179.0000 1232 799 0.6485
24189.3000 1232 800 0.6494
24203.0000 1233 800 0.6488
24222.0000 1234 800 0.6483
24240.5000 1234 801 0.6491
24245.0000 1235 801 0.6486
24262.0000 1236 801 0.6481
24286.0000 1237 801 0.6475
24305.0000 1238 801 0.6470
24326.0000 1239 801 0.6465
24341.7000 1239 802 0.6473
24349.0000 1240 802 0.6468
24361.5000 1240 803 0.6476
24368.0000 1241 803 0.6471
24369.3000 1241 804 0.6479
24372.0000 1241 805 0.6487
24378.4000 1241 806 0.6495
24379.5000 1241 807 0.6503
24383.0000 1242 807 0.6498
24407.0000 1243 807 0.6492
24411.9000 1243 808 0.6500
24416.3000 1243 809 0.6508
24427.0000 1244 809 0.6503
24444.1000 1244 810 0.6511
24445.2000 1244 811 0.6519
24446.2000 1244 812 0.6527
24447.0000 1245 812 0.6522
24468.0000 1246 812 0.6517
24473.7000 1246 813 0.6525
24483.1000 1246 814 0.6533
24490.0000 1247 814 0.6528
24494.6000 1247 815 0.6536
24507.8000 1247 816 0.6544
24514.0000 1248 816 0.6538
24530.0000 1249 816 0.6533
24538.9000 1249 817 0.6541
24541.4000 1249 818 0.6549
24553.0000 1250 818 0.6544
24568.0000 1251 818 0.6539
24591.0000 1252 818 0.6534
24607.0000 1253 818 0.6528
24624.0000 1254 818 0.6523
24641.0000 1255 818 0.6518
24656.0000 1256 818 0.6513
24660.5000 1256 819 0.6521
24663.3000 1256 820 0.6529
24668.3000 1256 821 0.6537
24677.0000 1257 821 0.6531
24681.5000 1257 822 0.6539
24693.0000 1258 822 0.6534
24712.0000 1259 822 0.6529
24736.0000 1260 822 0.6524
24744.4000 1260 823 0.6532
24746.4000 1260 824 0.6540
24751.0000 1261 824 0.6534
24761.7000 1261 825 0.6542
24768.0000 1262 825 0.6537
24780.0000 1262 826 0.6545
24790.0000 1263 826 0.6540
24790.7000 1263 827 0.6548
24809.0000 1264 827 0.6543
24824.0000 1265 827 0.6538
24828.3000 1265 828 0.6545
24844.0000 1266 828 0.6540
24859.5000 1266 829 0.6548
24867.0000 1267 829 0.6543
24870.4000 1267 830 0.6551
24883.0000 1268 830 0.6546
24906.0000 1269 830 0.6541
24909.8000 1269 831 0.6548
24921.0000 1270 831 0.6543
24945.0000 1271 831 0.6538
24950.4000 1271 832 0.6546
24963.0000 1272 832 0.6541
24978.0000 1272 833 0.6549
24980.0000 1273 833 0.6544
24996.4000 1273 834 0.6551
24999.0000 1274 834 0.6546
25015.0000 1275 834 0.6541
25029.0000 1275 835 0.6549
25034.0000 1276 835 0.6544
25042.2000 1276 836 0.6552
25049.4000 1276 837 0.6560
25055.0000 1277 837 0.6554
25067.3000 1277 838 0.6562
25067.9000 1277 839 0.6570
25069.6000 1277 840 0.6578
25074.0000 1278 840 0.6573
25094.3000 1278 841 0.6581
25095.0000 1279 841 0.6575
25107.0000 1279 842 0.6583
25116.1000 1279 843 0.6591
25116.3000 1279 844 0.6599
25119.0000 1280 844 0.6594
25130.1000 1280 845 0.6602
25138.0000 1281 845 0.6596
25144.9000 1281 846 0.6604
25162.0000 1282 846 0.6599
25183.0000 1283 846 0.6594
