# time  created  delivered  delivered/created
22.0000 1 0 0.0000
38.0000 2 0 0.0000
54.0000 3 0 0.0000
72.0000 4 0 0.0000
94.0000 5 0 0.0000
110.0000 6 0 0.0000
133.0000 7 0 0.0000
153.0000 8 0 0.0000
175.0000 9 0 0.0000
191.0000 10 0 0.0000
210.0000 11 0 0.0000
225.0000 12 0 0.0000
249.0000 13 0 0.0000
265.0000 14 0 0.0000
281.0000 15 0 0.0000
304.0000 16 0 0.0000
328.0000 17 0 0.0000
343.0000 18 0 0.0000
367.0000 19 0 0.0000
382.0000 20 0 0.0000
399.0000 21 0 0.0000
420.0000 22 0 0.0000
439.0000 23 0 0.0000
458.0000 24 0 0.0000
480.0000 25 0 0.0000
497.0000 26 0 0.0000
515.0000 27 0 0.0000
538.0000 28 0 0.0000
562.0000 29 0 0.0000
581.0000 30 0 0.0000
581.2000 30 1 0.0333
603.0000 31 1 0.0323
625.0000 32 1 0.0313
640.9000 32 2 0.0625
646.0000 33 2 0.0606
658.2000 33 3 0.0909
661.6000 33 4 0.1212
667.0000 34 4 0.1176
685.0000 35 4 0.1143
691.0000 35 5 0.1429
700.0000 36 5 0.1389
722.0000 37 5 0.1351
741.0000 38 5 0.1316
764.0000 39 5 0.1282
775.8000 39 6 0.1538
784.0000 40 6 0.1500
806.0000 41 6 0.1463
829.0000 42 6 0.1429
851.0000 43 6 0.1395
873.0000 44 6 0.1364
895.0000 45 6 0.1333
903.5000 45 7 0.1556
918.0000 46 7 0.1522
941.0000 47 7 0.1489
957.0000 48 7 0.1458
975.0000 49 7 0.1429
998.0000 50 7 0.1400
1018.0000 51 7 0.1373
1040.0000 52 7 0.1346
1056.0000 53 7 0.1321
1077.0000 54 7 0.1296
1096.0000 55 7 0.1273
1117.0000 56 7 0.1250
1137.0000 57 7 0.1228
1159.0000 58 7 0.1207
1179.0000 59 7 0.1186
1193.3000 59 8 0.1356
1201.0000 60 8 0.1333
1216.0000 61 8 0.1311
1225.1000 61 9 0.1475
1226.1000 61 10 0.1639
1232.0000 62 10 0.1613
1251.0000 63 10 0.1587
1268.0000 64 10 0.1563
1287.0000 65 10 0.1538
1308.0000 66 10 0.1515
1327.0000 67 10 0.1493
1342.0000 68 10 0.1471
1364.0000 69 10 0.1449
1381.2000 69 11 0.1594
1388.0000 70 11 0.1571
1397.1000 70 12 0.1714
1407.0000 70 13 0.1857
1407.0000 71 13 0.1831
1422.0000 72 13 0.1806
1442.0000 73 13 0.1781
1464.0000 74 13 0.1757
1475.9000 74 14 0.1892
1478.4000 74 15 0.2027
1479.0000 75 15 0.2000
1483.1000 75 16 0.2133
1500.0000 76 16 0.2105
1518.0000 77 16 0.2078
1542.0000 78 16 0.2051
1560.8000 78 17 0.2179
1562.0000 79 17 0.2152
1577.0000 80 17 0.2125
1594.5000 80 18 0.2250
1600.0000 81 18 0.2222
1620.0000 82 18 0.2195
1637.0000 83 18 0.2169
1652.0000 84 18 0.2143
1673.0000 85 18 0.2118
1695.0000 86 18 0.2093
1706.4000 86 19 0.2209
1713.0000 87 19 0.2184
1724.6000 87 20 0.2299
1736.2000 87 21 0.2414
1736.7000 87 22 0.2529
1737.0000 88 22 0.2500
1739.8000 88 23 0.2614
1760.0000 89 23 0.2584
1781.0000 90 23 0.2556
1804.0000 91 23 0.2527
1826.0000 92 23 0.2500
1849.0000 93 23 0.2473
1870.0000 94 23 0.2447
1880.0000 94 24 0.2553
1890.0000 95 24 0.2526
1911.0000 96 24 0.2500
1929.0000 97 24 0.2474
1948.0000 98 24 0.2449
1965.0000 99 24 0.2424
1980.0000 100 24 0.2400
1989.9000 100 25 0.2500
2002.0000 101 25 0.2475
2024.0000 102 25 0.2451
2035.6000 102 26 0.2549
2041.0000 103 26 0.2524
2064.0000 104 26 0.2500
2080.0000 105 26 0.2476
2095.0000 106 26 0.2453
2119.0000 107 26 0.2430
2139.0000 108 26 0.2407
2142.8000 108 27 0.2500
2161.0000 109 27 0.2477
2178.0000 110 27 0.2455
2199.0000 111 27 0.2432
2217.0000 111 28 0.2523
2222.0000 112 28 0.2500
2240.0000 113 28 0.2478
2259.0000 114 28 0.2456
2275.0000 115 28 0.2435
2295.0000 116 28 0.2414
2314.0000 117 28 0.2393
2326.4000 117 29 0.2479
2335.0000 118 29 0.2458
2348.0000 118 30 0.2542
2354.0000 119 30 0.2521
2377.0000 120 30 0.2500
2396.0000 121 30 0.2479
2411.0000 122 30 0.2459
2412.0000 122 31 0.2541
2433.0000 123 31 0.2520
2452.0000 124 31 0.2500
2460.7000 124 32 0.2581
2464.9000 124 33 0.2661
2470.3000 124 34 0.2742
2474.0000 125 34 0.2720
2496.0000 126 34 0.2698
2511.0000 127 34 0.2677
2526.0000 128 34 0.2656
2546.0000 129 34 0.2636
2555.1000 129 35 0.2713
2563.0000 130 35 0.2692
2586.0000 131 35 0.2672
2601.0000 132 35 0.2652
2621.0000 133 35 0.2632
2641.0000 134 35 0.2612
2654.8000 134 36 0.2687
2662.0000 135 36 0.2667
2678.0000 136 36 0.2647
2689.6000 136 37 0.2721
2693.0000 137 37 0.2701
2696.9000 137 38 0.2774
2716.0000 138 38 0.2754
2735.0000 139 38 0.2734
2741.3000 139 39 0.2806
2754.0000 140 39 0.2786
2771.0000 141 39 0.2766
2773.0000 141 40 0.2837
2788.0000 142 40 0.2817
2800.0000 142 41 0.2887
2807.0000 143 41 0.2867
2823.1000 143 42 0.2937
2826.1000 143 43 0.3007
2831.0000 144 43 0.2986
2839.0000 144 44 0.3056
2853.0000 145 44 0.3034
2868.0000 146 44 0.3014
2891.0000 147 44 0.2993
2899.2000 147 45 0.3061
2911.0000 148 45 0.3041
2926.0000 149 45 0.3020
2942.0000 150 45 0.3000
2954.4000 150 46 0.3067
2962.0000 151 46 0.3046
2979.0000 152 46 0.3026
3003.0000 153 46 0.3007
3024.0000 154 46 0.2987
3040.0000 155 46 0.2968
3064.0000 156 46 0.2949
3065.8000 156 47 0.3013
3072.5000 156 48 0.3077
3086.0000 157 48 0.3057
3086.7000 157 49 0.3121
3110.0000 158 49 0.3101
3120.4000 158 50 0.3165
3129.0000 159 50 0.3145
3129.9000 159 51 0.3208
3147.0000 160 51 0.3188
3166.0000 161 51 0.3168
3190.0000 162 51 0.3148
3210.0000 163 51 0.3129
3225.0000 164 51 0.3110
3243.0000 165 51 0.3091
3260.0000 166 51 0.3072
3271.8000 166 52 0.3133
3273.6000 166 53 0.3193
3283.0000 167 53 0.3174
3305.0000 168 53 0.3155
3321.0000 169 53 0.3136
3329.5000 169 54 0.3195
3344.0000 170 54 0.3176
3362.8000 170 55 0.3235
3365.0000 171 55 0.3216
3385.0000 172 55 0.3198
3408.0000 173 55 0.3179
3420.8000 173 56 0.3237
3423.8000 173 57 0.3295
3428.0000 174 57 0.3276
3447.8000 174 58 0.3333
3449.0000 175 58 0.3314
3472.0000 176 58 0.3295
3488.0000 177 58 0.3277
3511.0000 178 58 0.3258
3511.4000 178 59 0.3315
3535.0000 179 59 0.3296
3547.0000 179 60 0.3352
3550.2000 179 61 0.3408
3552.0000 180 61 0.3389
3553.2000 180 62 0.3444
3566.2000 180 63 0.3500
3570.0000 181 63 0.3481
3575.8000 181 64 0.3536
3589.0000 182 64 0.3516
3604.0000 183 64 0.3497
3619.0000 184 64 0.3478
3638.0000 185 64 0.3459
3653.0000 186 64 0.3441
3669.0000 187 64 0.3422
3689.0000 188 64 0.3404
3712.0000 189 64 0.3386
3730.0000 190 64 0.3368
3754.0000 191 64 0.3351
3771.0000 192 64 0.3333
3787.0000 193 64 0.3316
3809.0000 194 64 0.3299
3822.2000 194 65 0.3351
3832.0000 195 65 0.3333
3854.0000 196 65 0.3316
3873.0000 197 65 0.3299
3883.5000 197 66 0.3350
3895.0000 198 66 0.3333
3919.0000 199 66 0.3317
3938.0000 200 66 0.3300
3946.3000 200 67 0.3350
3946.9000 200 68 0.3400
3953.0000 200 69 0.3450
3955.0000 201 69 0.3433
3975.0000 202 69 0.3416
3996.0000 203 69 0.3399
4012.0000 204 69 0.3382
4031.0000 205 69 0.3366
4052.0000 206 69 0.3350
4054.9000 206 70 0.3398
4059.3000 206 71 0.3447
4060.3000 206 72 0.3495
4070.0000 207 72 0.3478
4094.0000 208 72 0.3462
4115.0000 209 72 0.3445
4134.0000 210 72 0.3429
4153.0000 211 72 0.3412
4171.0000 212 72 0.3396
4187.1000 212 73 0.3443
4194.0000 213 73 0.3427
4208.3000 213 74 0.3474
4209.7000 213 75 0.3521
4214.0000 214 75 0.3505
4235.0000 215 75 0.3488
4244.9000 215 76 0.3535
4248.0000 215 77 0.3581
4251.0000 216 77 0.3565
4268.6000 216 78 0.3611
4272.0000 217 78 0.3594
4287.3000 217 79 0.3641
4290.0000 218 79 0.3624
4314.0000 219 79 0.3607
4317.0000 219 80 0.3653
4338.0000 220 80 0.3636
4360.0000 221 80 0.3620
4363.6000 221 81 0.3665
4381.0000 222 81 0.3649
4400.0000 223 81 0.3632
4406.0000 223 82 0.3677
4419.0000 224 82 0.3661
4419.1000 224 83 0.3705
4428.4000 224 84 0.3750
4434.0000 225 84 0.3733
4451.0000 225 85 0.3778
4452.4000 225 86 0.3822
4458.0000 226 86 0.3805
4463.0000 226 87 0.3850
4476.0000 227 87 0.3833
4497.0000 228 87 0.3816
4515.0000 229 87 0.3799
4537.0000 230 87 0.3783
4556.0000 231 87 0.3766
4580.0000 232 87 0.3750
4597.0000 233 87 0.3734
4614.0000 234 87 0.3718
4634.0000 235 87 0.3702
4655.0000 236 87 0.3686
4665.1000 236 88 0.3729
4672.0000 237 88 0.3713
4689.0000 238 88 0.3697
4699.4000 238 89 0.3739
4706.0000 239 89 0.3724
4729.0000 240 89 0.3708
4747.0000 241 89 0.3693
4762.0000 242 89 0.3678
4783.0000 243 89 0.3663
4807.0000 244 89 0.3648
4811.5000 244 90 0.3689
4824.0000 245 90 0.3673
4848.0000 246 90 0.3659
4867.0000 247 90 0.3644
4886.0000 248 90 0.3629
4897.1000 248 91 0.3669
4909.0000 249 91 0.3655
4928.0000 250 91 0.3640
4951.0000 251 91 0.3625
4966.0000 252 91 0.3611
4986.0000 253 91 0.3597
5010.0000 254 91 0.3583
5033.0000 255 91 0.3569
5048.0000 256 91 0.3555
5062.2000 256 92 0.3594
5072.0000 257 92 0.3580
5076.2000 257 93 0.3619
5089.0000 258 93 0.3605
5092.8000 258 94 0.3643
5094.1000 258 95 0.3682
5112.0000 259 95 0.3668
5131.0000 260 95 0.3654
5143.8000 260 96 0.3692
5151.0000 261 96 0.3678
5175.0000 262 96 0.3664
5194.0000 263 96 0.3650
5212.5000 263 97 0.3688
5215.0000 264 97 0.3674
5237.0000 265 97 0.3660
5238.4000 265 98 0.3698
5254.0000 266 98 0.3684
5269.0000 267 98 0.3670
5291.0000 268 98 0.3657
5307.0000 269 98 0.3643
5324.0000 270 98 0.3630
5324.1000 270 99 0.3667
5339.0000 271 99 0.3653
5355.3000 271 100 0.3690
5356.0000 272 100 0.3676
5371.0000 273 100 0.3663
5387.0000 274 100 0.3650
5409.3000 274 101 0.3686
5410.0000 275 101 0.3673
5426.0000 276 101 0.3659
5447.0000 277 101 0.3646
5470.0000 278 101 0.3633
5490.0000 279 101 0.3620
5504.6000 279 102 0.3656
5507.0000 280 102 0.3643
5516.1000 280 103 0.3679
5528.0000 281 103 0.3665
5546.0000 282 103 0.3652
5564.0000 283 103 0.3640
5566.2000 283 104 0.3675
5568.1000 283 105 0.3710
5584.0000 284 105 0.3697
5607.0000 285 105 0.3684
5625.0000 286 105 0.3671
5643.0000 287 105 0.3659
5665.0000 288 105 0.3646
5685.0000 289 105 0.3633
5704.0000 290 105 0.3621
5724.0000 291 105 0.3608
5745.0000 292 105 0.3596
5745.2000 292 106 0.3630
5760.0000 293 106 0.3618
5779.4000 293 107 0.3652
5784.0000 294 107 0.3639
5805.0000 295 107 0.3627
5822.0000 296 107 0.3615
5841.0000 297 107 0.3603
5859.0000 298 107 0.3591
5874.0000 299 107 0.3579
5893.0000 300 107 0.3567
5914.0000 301 107 0.3555
5914.2000 301 108 0.3588
5923.7000 301 109 0.3621
5932.0000 302 109 0.3609
5953.0000 303 109 0.3597
5971.0000 304 109 0.3586
5980.4000 304 110 0.3618
5986.0000 305 110 0.3607
5996.8000 305 111 0.3639
6003.8000 305 112 0.3672
6008.0000 306 112 0.3660
6010.3000 306 113 0.3693
6024.0000 307 113 0.3681
6029.0000 307 114 0.3713
6041.0000 308 114 0.3701
6042.3000 308 115 0.3734
6063.0000 309 115 0.3722
6074.6000 309 116 0.3754
6087.0000 310 116 0.3742
6105.0000 311 116 0.3730
6124.0000 312 116 0.3718
6131.3000 312 117 0.3750
6132.1000 312 118 0.3782
6134.9000 312 119 0.3814
6145.0000 313 119 0.3802
6152.6000 313 120 0.3834
6166.0000 314 120 0.3822
6182.0000 315 120 0.3810
6201.0000 316 120 0.3797
6216.0000 317 120 0.3785
6216.8000 317 121 0.3817
6231.0000 318 121 0.3805
6248.0000 319 121 0.3793
6261.7000 319 122 0.3824
6267.0000 320 122 0.3813
6289.0000 321 122 0.3801
6308.0000 322 122 0.3789
6320.2000 322 123 0.3820
6332.0000 323 123 0.3808
6338.7000 323 124 0.3839
6355.0000 324 124 0.3827
6372.0000 325 124 0.3815
6374.6000 325 125 0.3846
6393.0000 326 125 0.3834
6417.0000 327 125 0.3823
6424.2000 327 126 0.3853
6431.8000 327 127 0.3884
6441.0000 328 127 0.3872
6465.0000 329 127 0.3860
6467.3000 329 128 0.3891
6486.0000 330 128 0.3879
6502.0000 331 128 0.3867
6518.0000 332 128 0.3855
6536.0000 333 128 0.3844
6548.1000 333 129 0.3874
6553.5000 333 130 0.3904
6555.0000 334 130 0.3892
6572.0000 335 130 0.3881
6591.0000 336 130 0.3869
6608.0000 337 130 0.3858
6631.0000 338 130 0.3846
6646.0000 339 130 0.3835
6665.0000 340 130 0.3824
6675.8000 340 131 0.3853
6684.0000 341 131 0.3842
6687.9000 341 132 0.3871
6696.4000 341 133 0.3900
6708.0000 342 133 0.3889
6725.0000 343 133 0.3878
6733.4000 343 134 0.3907
6745.0000 344 134 0.3895
6760.0000 345 134 0.3884
6770.7000 345 135 0.3913
6781.0000 346 135 0.3902
6793.2000 346 136 0.3931
6800.0000 347 136 0.3919
6816.0000 348 136 0.3908
6827.4000 348 137 0.3937
6839.0000 349 137 0.3926
6854.0000 350 137 0.3914
6874.0000 351 137 0.3903
6889.0000 352 137 0.3892
6893.6000 352 138 0.3920
6897.1000 352 139 0.3949
6909.0000 353 139 0.3938
6919.0000 353 140 0.3966
6920.8000 353 141 0.3994
6930.0000 354 141 0.3983
6951.0000 355 141 0.3972
6971.0000 356 141 0.3961
6978.5000 356 142 0.3989
6995.0000 357 142 0.3978
7010.0000 358 142 0.3966
7019.7000 358 143 0.3994
7029.0000 359 143 0.3983
7045.6000 359 144 0.4011
7048.0000 360 144 0.4000
7071.0000 361 144 0.3989
7091.8000 361 145 0.4017
7093.0000 362 145 0.4006
7104.9000 362 146 0.4033
7108.0000 363 146 0.4022
7111.5000 363 147 0.4050
7130.0000 364 147 0.4038
7147.0000 365 147 0.4027
7163.0000 366 147 0.4016
7176.4000 366 148 0.4044
7180.0000 367 148 0.4033
7196.2000 367 149 0.4060
7197.0000 368 149 0.4049
7221.0000 369 149 0.4038
7240.0000 370 149 0.4027
7255.0000 371 149 0.4016
7255.7000 371 150 0.4043
7272.0000 372 150 0.4032
7296.0000 373 150 0.4021
7306.3000 373 151 0.4048
7319.0000 374 151 0.4037
7333.2000 374 152 0.4064
7335.0000 375 152 0.4053
7352.8000 375 153 0.4080
7358.0000 376 153 0.4069
7378.0000 377 153 0.4058
7394.0000 378 153 0.4048
7406.7000 378 154 0.4074
7411.0000 379 154 0.4063
7435.0000 380 154 0.4053
7436.5000 380 155 0.4079
7459.0000 381 155 0.4068
7469.8000 381 156 0.4094
7480.0000 382 156 0.4084
7498.0000 383 156 0.4073
7514.0000 384 156 0.4063
7534.9000 384 157 0.4089
7536.0000 385 157 0.4078
7536.3000 385 158 0.4104
7559.0000 386 158 0.4093
7574.0000 387 158 0.4083
7590.8000 387 159 0.4109
7595.0000 388 159 0.4098
7609.6000 388 160 0.4124
7613.0000 389 160 0.4113
7621.0000 389 161 0.4139
7632.0000 390 161 0.4128
7656.0000 391 161 0.4118
7673.0000 392 161 0.4107
7696.0000 393 161 0.4097
7710.0000 393 162 0.4122
7713.0000 394 162 0.4112
7730.0000 395 162 0.4101
7745.0000 396 162 0.4091
7750.7000 396 163 0.4116
7762.0000 397 163 0.4106
7784.0000 398 163 0.4095
7804.0000 399 163 0.4085
7822.0000 400 163 0.4075
7840.0000 401 163 0.4065
7849.5000 401 164 0.4090
7858.0000 402 164 0.4080
7874.0000 403 164 0.4069
7883.6000 403 165 0.4094
7895.0000 404 165 0.4084
7914.0000 405 165 0.4074
7931.0000 406 165 0.4064
7948.0000 407 165 0.4054
7960.8000 407 166 0.4079
7972.0000 408 166 0.4069
7987.0000 409 166 0.4059
7992.4000 409 167 0.4083
8002.0000 410 167 0.4073
8024.0000 411 167 0.4063
8040.0000 412 167 0.4053
8041.7000 412 168 0.4078
8059.0000 413 168 0.4068
8082.0000 414 168 0.4058
8084.7000 414 169 0.4082
8086.0000 414 170 0.4106
8099.0000 415 170 0.4096
8108.1000 415 171 0.4120
8116.0000 416 171 0.4111
8137.0000 417 171 0.4101
8158.0000 418 171 0.4091
8173.0000 419 171 0.4081
8190.0000 420 171 0.4071
8205.0000 421 171 0.4062
8205.7000 421 172 0.4086
8227.0000 422 172 0.4076
8237.1000 422 173 0.4100
8251.0000 423 173 0.4090
8270.0000 423 174 0.4113
8275.0000 424 174 0.4104
8297.0000 425 174 0.4094
8312.3000 425 175 0.4118
8317.0000 426 175 0.4108
8336.0000 427 175 0.4098
8359.0000 428 175 0.4089
8375.0000 429 175 0.4079
8396.0000 430 175 0.4070
8399.8000 430 176 0.4093
8414.0000 431 176 0.4084
8437.0000 432 176 0.4074
8438.1000 432 177 0.4097
8453.0000 433 177 0.4088
8468.0000 434 177 0.4078
8492.0000 435 177 0.4069
8510.0000 436 177 0.4060
8525.0000 437 177 0.4050
8540.6000 437 178 0.4073
8544.0000 438 178 0.4064
8546.5000 438 179 0.4087
8556.2000 438 180 0.4110
8566.0000 439 180 0.4100
8578.2000 439 181 0.4123
8586.0000 440 181 0.4114
8609.0000 441 181 0.4104
8625.0000 442 181 0.4095
8641.3000 442 182 0.4118
8644.0000 443 182 0.4108
8663.0000 444 182 0.4099
8681.0000 445 182 0.4090
8697.0000 446 182 0.4081
8719.0000 447 182 0.4072
8743.0000 448 182 0.4063
8767.0000 449 182 0.4053
8784.0000 450 182 0.4044
8800.0000 451 182 0.4035
8806.6000 451 183 0.4058
8822.7000 451 184 0.4080
8823.0000 452 184 0.4071
8839.0000 453 184 0.4062
8842.7000 453 185 0.4084
8854.0000 454 185 0.4075
8869.0000 455 185 0.4066
8888.6000 455 186 0.4088
8892.0000 456 186 0.4079
8911.0000 457 186 0.4070
8929.0000 458 186 0.4061
8944.0000 459 186 0.4052
8955.3000 459 187 0.4074
8961.0000 460 187 0.4065
8968.9000 460 188 0.4087
8979.0000 461 188 0.4078
8997.0000 462 188 0.4069
9011.3000 462 189 0.4091
9013.0000 463 189 0.4082
9035.0000 464 189 0.4073
9058.0000 465 189 0.4065
9066.9000 465 190 0.4086
9073.0000 466 190 0.4077
9092.4000 466 191 0.4099
9095.0000 467 191 0.4090
9119.0000 468 191 0.4081
9143.0000 469 191 0.4072
9162.0000 470 191 0.4064
9186.0000 471 191 0.4055
9196.5000 471 192 0.4076
9209.0000 472 192 0.4068
9224.0000 473 192 0.4059
9245.0000 474 192 0.4051
9264.0000 475 192 0.4042
9288.0000 476 192 0.4034
9306.5000 476 193 0.4055
9310.0000 477 193 0.4046
9314.4000 477 194 0.4067
9326.0000 478 194 0.4059
9341.0000 479 194 0.4050
9342.7000 479 195 0.4071
9348.5000 479 196 0.4092
9365.0000 480 196 0.4083
9387.0000 481 196 0.4075
9403.0000 482 196 0.4066
9426.0000 483 196 0.4058
9444.0000 484 196 0.4050
9468.0000 485 196 0.4041
9485.0000 486 196 0.4033
9503.0000 487 196 0.4025
9527.0000 488 196 0.4016
9531.7000 488 197 0.4037
9550.0000 489 197 0.4029
9557.3000 489 198 0.4049
9573.0000 490 198 0.4041
9589.5000 490 199 0.4061
9591.0000 491 199 0.4053
9614.0000 492 199 0.4045
9614.9000 492 200 0.4065
9632.0000 493 200 0.4057
9652.3000 493 201 0.4077
9653.0000 494 201 0.4069
9653.6000 494 202 0.4089
9676.0000 495 202 0.4081
9693.0000 496 202 0.4073
9715.0000 497 202 0.4064
9736.0000 498 202 0.4056
9750.0000 498 203 0.4076
9752.0000 499 203 0.4068
9763.1000 499 204 0.4088
9776.0000 500 204 0.4080
9791.7000 500 205 0.4100
9799.0000 501 205 0.4092
9804.1000 501 206 0.4112
9821.0000 502 206 0.4104
9837.0000 503 206 0.4095
9861.0000 504 206 0.4087
9879.0000 505 206 0.4079
9894.0000 506 206 0.4071
9909.0000 507 206 0.4063
9927.0000 508 206 0.4055
9946.0000 509 206 0.4047
9952.0000 509 207 0.4067
9969.0000 510 207 0.4059
9988.0000 511 207 0.4051
10004.1000 511 208 0.4070
10007.0000 512 208 0.4063
10024.0000 513 208 0.4055
10044.0000 514 208 0.4047
10044.3000 514 209 0.4066
10067.0000 515 209 0.4058
10087.0000 516 209 0.4050
10110.0000 516 210 0.4070
10111.0000 517 210 0.4062
10111.6000 517 211 0.4081
10117.8000 517 212 0.4101
10132.0000 518 212 0.4093
10154.0000 519 212 0.4085
10177.0000 520 212 0.4077
10194.0000 521 212 0.4069
10216.0000 522 212 0.4061
10233.6000 522 213 0.4080
10235.0000 523 213 0.4073
10257.0000 524 213 0.4065
10281.0000 525 213 0.4057
10300.0000 526 213 0.4049
10320.0000 527 213 0.4042
10343.0000 528 213 0.4034
10366.0000 529 213 0.4026
10382.0000 530 213 0.4019
10402.0000 531 213 0.4011
10423.0000 532 213 0.4004
10427.2000 532 214 0.4023
10441.0000 533 214 0.4015
10443.4000 533 215 0.4034
10461.0000 534 215 0.4026
10480.0000 535 215 0.4019
10496.9000 535 216 0.4037
10497.0000 536 216 0.4030
10499.1000 536 217 0.4049
10518.0000 537 217 0.4041
10524.6000 537 218 0.4060
10536.0000 537 219 0.4078
10537.0000 538 219 0.4071
10555.0000 539 219 0.4063
10571.0000 540 219 0.4056
10589.7000 540 220 0.4074
10591.0000 541 220 0.4067
10615.0000 542 220 0.4059
10637.0000 543 220 0.4052
10644.4000 543 221 0.4070
10645.7000 543 222 0.4088
10652.8000 543 223 0.4107
10657.0000 544 223 0.4099
10681.0000 545 223 0.4092
10703.0000 546 223 0.4084
10726.0000 547 223 0.4077
10748.0000 548 223 0.4069
10758.1000 548 224 0.4088
10768.0000 549 224 0.4080
10781.7000 549 225 0.4098
10788.0000 550 225 0.4091
10808.0000 551 225 0.4083
10823.0000 552 225 0.4076
10842.0000 553 225 0.4069
10866.0000 554 225 0.4061
10875.3000 554 226 0.4079
10879.1000 554 227 0.4097
10884.4000 554 228 0.4116
10885.0000 555 228 0.4108
10887.3000 555 229 0.4126
10907.0000 556 229 0.4119
10925.0000 557 229 0.4111
10942.0000 558 229 0.4104
10966.0000 559 229 0.4097
10983.0000 560 229 0.4089
11006.0000 561 229 0.4082
11017.5000 561 230 0.4100
11019.5000 561 231 0.4118
11019.7000 561 232 0.4135
11021.3000 561 233 0.4153
11023.0000 562 233 0.4146
11043.2000 562 234 0.4164
11046.0000 563 234 0.4156
11058.8000 563 235 0.4174
11062.7000 563 236 0.4192
11068.0000 564 236 0.4184
11084.0000 565 236 0.4177
11085.4000 565 237 0.4195
11102.0000 566 237 0.4187
11120.0000 567 237 0.4180
11143.0000 568 237 0.4173
11166.0000 569 237 0.4165
11178.5000 569 238 0.4183
11182.0000 570 238 0.4175
11199.3000 570 239 0.4193
11201.0000 571 239 0.4186
11218.0000 572 239 0.4178
11238.0000 573 239 0.4171
11250.8000 573 240 0.4188
11252.6000 573 241 0.4206
11260.0000 574 241 0.4199
11280.0000 575 241 0.4191
11295.0000 575 242 0.4209
11298.0000 576 242 0.4201
11307.1000 576 243 0.4219
11308.0000 576 244 0.4236
11319.0000 577 244 0.4229
11331.9000 577 245 0.4246
11343.0000 578 245 0.4239
11363.0000 579 245 0.4231
11381.0000 580 245 0.4224
11404.8000 580 246 0.4241
11405.0000 581 246 0.4234
11424.0000 582 246 0.4227
11432.3000 582 247 0.4244
11443.0000 583 247 0.4237
11449.4000 583 248 0.4254
11450.2000 583 249 0.4271
11467.0000 584 249 0.4264
11491.0000 585 249 0.4256
11511.0000 586 249 0.4249
11529.0000 587 249 0.4242
11540.0000 587 250 0.4259
11547.0000 588 250 0.4252
11566.0000 589 250 0.4244
11576.7000 589 251 0.4261
11586.0000 590 251 0.4254
11599.9000 590 252 0.4271
11610.0000 591 252 0.4264
11611.3000 591 253 0.4281
11626.0000 592 253 0.4274
11640.2000 592 254 0.4291
11650.0000 593 254 0.4283
11663.7000 593 255 0.4300
11665.0000 594 255 0.4293
11670.6000 594 256 0.4310
11680.0000 595 256 0.4303
11686.5000 595 257 0.4319
11687.9000 595 258 0.4336
11696.0000 596 258 0.4329
11700.3000 596 259 0.4346
11711.0000 597 259 0.4338
11731.0000 598 259 0.4331
11755.0000 599 259 0.4324
11771.0000 600 259 0.4317
11790.0000 601 259 0.4309
11795.7000 601 260 0.4326
11805.5000 601 261 0.4343
11809.0000 602 261 0.4336
11809.2000 602 262 0.4352
11809.6000 602 263 0.4369
11827.0000 603 263 0.4362
11851.0000 604 263 0.4354
11867.0000 605 263 0.4347
11885.0000 606 263 0.4340
11907.0000 607 263 0.4333
11926.7000 607 264 0.4349
11929.0000 608 264 0.4342
11940.3000 608 265 0.4359
11948.0000 609 265 0.4351
11971.0000 610 265 0.4344
11995.0000 611 265 0.4337
12005.8000 611 266 0.4354
12012.0000 612 266 0.4346
12033.0000 613 266 0.4339
12048.0000 614 266 0.4332
12070.0000 615 266 0.4325
12070.6000 615 267 0.4341
12073.0000 615 268 0.4358
12075.7000 615 269 0.4374
12088.0000 616 269 0.4367
12099.5000 616 270 0.4383
12104.0000 617 270 0.4376
12124.0000 618 270 0.4369
12135.5000 618 271 0.4385
12145.0000 619 271 0.4378
12153.5000 619 272 0.4394
12165.0000 620 272 0.4387
12184.3000 620 273 0.4403
12189.0000 621 273 0.4396
12197.6000 621 274 0.4412
12209.0000 622 274 0.4405
12210.0000 622 275 0.4421
12210.6000 622 276 0.4437
12218.2000 622 277 0.4453
12226.0000 623 277 0.4446
12249.0000 624 277 0.4439
12270.0000 625 277 0.4432
12272.2000 625 278 0.4448
12287.0000 626 278 0.4441
12294.9000 626 279 0.4457
12302.7000 626 280 0.4473
12304.8000 626 281 0.4489
12305.0000 627 281 0.4482
12309.2000 627 282 0.4498
12316.3000 627 283 0.4514
12323.0000 628 283 0.4506
12329.4000 628 284 0.4522
12339.0000 629 284 0.4515
12345.7000 629 285 0.4531
12358.0000 630 285 0.4524
12377.0000 631 285 0.4517
12399.0000 632 285 0.4509
12412.8000 632 286 0.4525
12421.0000 633 286 0.4518
12437.3000 633 287 0.4534
12444.0000 634 287 0.4527
12463.0000 635 287 0.4520
12479.0000 636 287 0.4513
12497.0000 637 287 0.4505
12518.0000 638 287 0.4498
12538.0000 639 287 0.4491
12556.0000 640 287 0.4484
12575.0000 641 287 0.4477
12591.0000 641 288 0.4493
12596.0000 642 288 0.4486
12611.0000 643 288 0.4479
12617.0000 643 289 0.4495
12635.0000 644 289 0.4488
12655.0000 645 289 0.4481
12669.4000 645 290 0.4496
12672.0000 646 290 0.4489
12689.5000 646 291 0.4505
12691.0000 647 291 0.4498
12705.1000 647 292 0.4513
12713.0000 648 292 0.4506
12726.0000 648 293 0.4522
12727.4000 648 294 0.4537
12737.0000 649 294 0.4530
12761.0000 650 294 0.4523
12781.0000 651 294 0.4516
12798.0000 652 294 0.4509
12818.0000 653 294 0.4502
12830.3000 653 295 0.4518
12834.4000 653 296 0.4533
12836.8000 653 297 0.4548
12839.0000 654 297 0.4541
12863.0000 655 297 0.4534
12884.0000 656 297 0.4527
12901.0000 657 297 0.4521
12919.0000 658 297 0.4514
12936.0000 659 297 0.4507
12945.6000 659 298 0.4522
12954.0000 660 298 0.4515
12971.0000 661 298 0.4508
12986.0000 662 298 0.4502
13009.0000 663 298 0.4495
13029.0000 664 298 0.4488
13045.7000 664 299 0.4503
13048.0000 665 299 0.4496
13069.0000 666 299 0.4489
13080.5000 666 300 0.4505
13090.0000 667 300 0.4498
13112.0000 668 300 0.4491
13133.2000 668 301 0.4506
13135.0000 669 301 0.4499
13139.9000 669 302 0.4514
13146.6000 669 303 0.4529
13157.0000 670 303 0.4522
13173.4000 670 304 0.4537
13175.0000 671 304 0.4531
13181.4000 671 305 0.4545
13198.0000 672 305 0.4539
13222.0000 673 305 0.4532
13237.0000 674 305 0.4525
13238.9000 674 306 0.4540
13251.6000 674 307 0.4555
13261.0000 675 307 0.4548
13279.0000 676 307 0.4541
13303.0000 677 307 0.4535
13308.2000 677 308 0.4549
13327.0000 678 308 0.4543
13344.0000 679 308 0.4536
13367.0000 680 308 0.4529
13375.1000 680 309 0.4544
13382.6000 680 310 0.4559
13385.0000 681 310 0.4552
13400.0000 682 310 0.4545
13422.0000 683 310 0.4539
13439.0000 684 310 0.4532
13459.6000 684 311 0.4547
13463.0000 685 311 0.4540
13485.0000 686 311 0.4534
13501.0000 687 311 0.4527
13514.4000 687 312 0.4541
13522.0000 688 312 0.4535
13543.0000 689 312 0.4528
13558.0000 690 312 0.4522
13578.0000 691 312 0.4515
13597.0000 692 312 0.4509
13601.2000 692 313 0.4523
13606.1000 692 314 0.4538
13606.8000 692 315 0.4552
13612.0000 693 315 0.4545
13622.2000 693 316 0.4560
13622.9000 693 317 0.4574
13633.0000 694 317 0.4568
13654.0000 695 317 0.4561
13674.0000 696 317 0.4555
13680.7000 696 318 0.4569
13685.5000 696 319 0.4583
13689.0000 697 319 0.4577
13693.1000 697 320 0.4591
13713.0000 698 320 0.4585
13733.0000 699 320 0.4578
13737.3000 699 321 0.4592
13750.0000 700 321 0.4586
13771.0000 701 321 0.4579
13772.6000 701 322 0.4593
13787.0000 702 322 0.4587
13808.0000 703 322 0.4580
13831.0000 704 322 0.4574
13853.0000 705 322 0.4567
13874.0000 706 322 0.4561
13876.7000 706 323 0.4575
13894.0000 707 323 0.4569
13905.4000 707 324 0.4583
13915.0000 708 324 0.4576
13930.3000 708 325 0.4590
13937.0000 709 325 0.4584
13952.0000 710 325 0.4577
13955.8000 710 326 0.4592
13956.6000 710 327 0.4606
13976.0000 711 327 0.4599
13980.4000 711 328 0.4613
13994.0000 712 328 0.4607
14006.6000 712 329 0.4621
14011.0000 713 329 0.4614
14032.0000 714 329 0.4608
14039.0000 714 330 0.4622
14046.8000 714 331 0.4636
14056.0000 715 331 0.4629
14077.0000 716 331 0.4623
14092.0000 717 331 0.4616
14107.0000 718 331 0.4610
14108.3000 718 332 0.4624
14123.0000 719 332 0.4618
14147.0000 720 332 0.4611
14167.0000 721 332 0.4605
14186.0000 722 332 0.4598
14204.0000 723 332 0.4592
14220.8000 723 333 0.4606
14225.0000 724 333 0.4599
14245.0000 725 333 0.4593
14260.1000 725 334 0.4607
14266.7000 725 335 0.4621
14267.0000 726 335 0.4614
14286.0000 727 335 0.4608
14304.0000 728 335 0.4602
14323.0000 729 335 0.4595
14343.0000 730 335 0.4589
14363.0000 731 335 0.4583
14385.0000 732 335 0.4577
14404.0000 733 335 0.4570
14405.4000 733 336 0.4584
14420.0000 734 336 0.4578
14421.8000 734 337 0.4591
14441.0000 735 337 0.4585
14456.0000 736 337 0.4579
14466.4000 736 338 0.4592
14475.0000 737 338 0.4586
14499.0000 738 338 0.4580
14523.0000 739 338 0.4574
14544.0000 740 338 0.4568
14568.0000 741 338 0.4561
14571.3000 741 339 0.4575
14588.0000 742 339 0.4569
14603.0000 743 339 0.4563
14618.0000 744 339 0.4556
14629.4000 744 340 0.4570
14638.0000 744 341 0.4583
14639.0000 745 341 0.4577
14655.0000 746 341 0.4571
14664.2000 746 342 0.4584
14676.0000 747 342 0.4578
14696.0000 748 342 0.4572
14718.0000 749 342 0.4566
14725.3000 749 343 0.4579
14733.2000 749 344 0.4593
14736.0000 750 344 0.4587
14746.0000 750 345 0.4600
14756.0000 751 345 0.4594
14773.0000 752 345 0.4588
14790.0000 753 345 0.4582
14809.0000 754 345 0.4576
14830.6000 754 346 0.4589
14831.0000 755 346 0.4583
14848.0000 756 346 0.4577
14858.6000 756 347 0.4590
14867.0000 757 347 0.4584
14883.8000 757 348 0.4597
14887.9000 757 349 0.4610
14889.0000 758 349 0.4604
14905.0000 759 349 0.4598
14927.0000 760 349 0.4592
14942.0000 761 349 0.4586
14961.0000 762 349 0.4580
14961.4000 762 350 0.4593
14975.8000 762 351 0.4606
14984.0000 763 351 0.4600
14999.0000 764 351 0.4594
15021.0000 765 351 0.4588
15041.0000 766 351 0.4582
15058.0000 767 351 0.4576
15074.0000 768 351 0.4570
15080.8000 768 352 0.4583
15093.0000 769 352 0.4577
15101.5000 769 353 0.4590
15114.0000 770 353 0.4584
15132.0000 771 353 0.4578
15149.0000 772 353 0.4573
15155.9000 772 354 0.4585
15172.0000 773 354 0.4580
15174.1000 773 355 0.4592
15190.0000 774 355 0.4587
15212.0000 775 355 0.4581
15235.0000 776 355 0.4575
15245.6000 776 356 0.4588
15256.0000 777 356 0.4582
15264.7000 777 357 0.4595
15280.0000 778 357 0.4589
15286.5000 778 358 0.4602
15297.0000 779 358 0.4596
15318.0000 780 358 0.4590
15336.0000 781 358 0.4584
15360.0000 782 358 0.4578
15381.0000 783 358 0.4572
15389.7000 783 359 0.4585
15399.0000 784 359 0.4579
15407.7000 784 360 0.4592
15419.0000 785 360 0.4586
15439.2000 785 361 0.4599
15441.0000 786 361 0.4593
15459.3000 786 362 0.4606
15465.0000 787 362 0.4600
15482.0000 788 362 0.4594
15504.0000 789 362 0.4588
15526.0000 790 362 0.4582
15547.0000 791 362 0.4576
15569.0000 792 362 0.4571
15591.0000 793 362 0.4565
15615.0000 794 362 0.4559
15632.0000 795 362 0.4553
15632.6000 795 363 0.4566
15635.5000 795 364 0.4579
15651.0000 796 364 0.4573
15666.0000 797 364 0.4567
15684.0000 798 364 0.4561
15708.0000 799 364 0.4556
15724.0000 800 364 0.4550
15743.5000 800 365 0.4563
15746.0000 801 365 0.4557
15746.2000 801 366 0.4569
15761.5000 801 367 0.4582
15764.0000 802 367 0.4576
15780.2000 802 368 0.4589
15782.0000 803 368 0.4583
15793.3000 803 369 0.4595
15799.0000 804 369 0.4590
15815.0000 805 369 0.4584
15838.0000 806 369 0.4578
15854.0000 807 369 0.4572
15865.6000 807 370 0.4585
15873.0000 808 370 0.4579
15879.3000 808 371 0.4592
15891.0000 808 372 0.4604
15894.0000 809 372 0.4598
15909.0000 810 372 0.4593
15927.0000 811 372 0.4587
15948.0000 812 372 0.4581
15953.1000 812 373 0.4594
15956.1000 812 374 0.4606
15956.3000 812 375 0.4618
15967.0000 813 375 0.4613
15990.0000 814 375 0.4607
15999.5000 814 376 0.4619
16004.6000 814 377 0.4631
16010.0000 815 377 0.4626
16027.0000 816 377 0.4620
16041.2000 816 378 0.4632
16042.0000 817 378 0.4627
16061.0000 818 378 0.4621
16080.0000 819 378 0.4615
16084.8000 819 379 0.4628
16087.4000 819 380 0.4640
16104.0000 820 380 0.4634
16124.0000 821 380 0.4629
16139.0000 822 380 0.4623
16155.0000 823 380 0.4617
16155.0000 823 381 0.4629
16175.0000 824 381 0.4624
16196.0000 825 381 0.4618
16199.9000 825 382 0.4630
16212.0000 826 382 0.4625
16220.0000 826 383 0.4637
16230.0000 827 383 0.4631
16232.5000 827 384 0.4643
16245.0000 828 384 0.4638
16261.0000 829 384 0.4632
16281.0000 830 384 0.4627
16301.0000 831 384 0.4621
16305.6000 831 385 0.4633
16308.8000 831 386 0.4645
16322.0000 832 386 0.4639
16333.8000 832 387 0.4651
16338.0000 833 387 0.4646
16357.0000 834 387 0.4640
16380.0000 835 387 0.4635
16399.0000 836 387 0.4629
16416.0000 837 387 0.4624
16433.0000 838 387 0.4618
16455.0000 839 387 0.4613
16479.0000 840 387 0.4607
16503.0000 841 387 0.4602
16508.1000 841 388 0.4614
16520.1000 841 389 0.4625
16526.0000 842 389 0.4620
16529.3000 842 390 0.4632
16547.0000 843 390 0.4626
16568.0000 844 390 0.4621
16588.9000 844 391 0.4633
16589.0000 845 391 0.4627
16605.4000 845 392 0.4639
16610.0000 846 392 0.4634
16628.0000 847 392 0.4628
16629.7000 847 393 0.4640
16638.6000 847 394 0.4652
16646.0000 848 394 0.4646
16662.0000 849 394 0.4641
16682.0000 850 394 0.4635
16699.0000 851 394 0.4630
16721.7000 851 395 0.4642
16723.0000 852 395 0.4636
16745.0000 853 395 0.4631
16760.0000 854 395 0.4625
16762.1000 854 396 0.4637
16772.0000 854 397 0.4649
16783.0000 855 397 0.4643
16788.2000 855 398 0.4655
16800.0000 856 398 0.4650
16818.0000 857 398 0.4644
16835.0000 858 398 0.4639
16836.0000 858 399 0.4650
16849.4000 858 400 0.4662
16852.1000 858 401 0.4674
16858.0000 859 401 0.4668
16863.3000 859 402 0.4680
16870.9000 859 403 0.4692
16881.0000 860 403 0.4686
16901.0000 861 403 0.4681
16917.0000 862 403 0.4675
16935.0000 863 403 0.4670
16959.0000 864 403 0.4664
16979.0000 864 404 0.4676
16980.0000 865 404 0.4671
16982.5000 865 405 0.4682
16997.0000 866 405 0.4677
17021.0000 867 405 0.4671
17030.6000 867 406 0.4683
17037.3000 867 407 0.4694
17040.0000 868 407 0.4689
17063.0000 869 407 0.4684
17082.0000 870 407 0.4678
17105.0000 871 407 0.4673
17126.0000 872 407 0.4667
17143.0000 873 407 0.4662
17162.0000 874 407 0.4657
17170.2000 874 408 0.4668
17181.0000 875 408 0.4663
17183.7000 875 409 0.4674
17202.0000 876 409 0.4669
17225.0000 877 409 0.4664
17240.0000 878 409 0.4658
17259.0000 879 409 0.4653
17278.0000 880 409 0.4648
17279.7000 880 410 0.4659
17299.0000 881 410 0.4654
17318.0000 882 410 0.4649
17336.0000 883 410 0.4643
17353.0000 884 410 0.4638
17357.6000 884 411 0.4649
17370.0000 885 411 0.4644
17371.3000 885 412 0.4655
17393.6000 885 413 0.4667
17394.0000 886 413 0.4661
17416.0000 887 413 0.4656
17439.0000 888 413 0.4651
17454.0000 889 413 0.4646
17461.4000 889 414 0.4657
17469.2000 889 415 0.4668
17477.0000 890 415 0.4663
17496.1000 890 416 0.4674
17497.0000 891 416 0.4669
17515.0000 892 416 0.4664
17535.0000 893 416 0.4658
17558.0000 894 416 0.4653
17558.5000 894 417 0.4664
17574.0000 895 417 0.4659
17598.0000 896 417 0.4654
17619.0000 897 417 0.4649
17627.9000 897 418 0.4660
17633.9000 897 419 0.4671
17639.0000 898 419 0.4666
17654.0000 899 419 0.4661
17672.0000 900 419 0.4656
17690.0000 901 419 0.4650
17710.0000 902 419 0.4645
17734.0000 903 419 0.4640
17735.9000 903 420 0.4651
17747.3000 903 421 0.4662
17751.0000 904 421 0.4657
17773.8000 904 422 0.4668
17774.0000 905 422 0.4663
17793.0000 906 422 0.4658
17808.0000 907 422 0.4653
17816.2000 907 423 0.4664
17825.4000 907 424 0.4675
17826.0000 908 424 0.4670
17846.0000 909 424 0.4664
17850.2000 909 425 0.4675
17864.0000 910 425 0.4670
17865.2000 910 426 0.4681
17884.0000 911 426 0.4676
17897.1000 911 427 0.4687
17899.0000 912 427 0.4682
17917.0000 913 427 0.4677
17934.5000 913 428 0.4688
17934.7000 913 429 0.4699
17936.0000 914 429 0.4694
17951.1000 914 430 0.4705
17958.0000 915 430 0.4699
17976.0000 916 430 0.4694
18000.0000 917 430 0.4689
