# time  created  delivered  delivered/created
22.0000 1 0 0.0000
38.0000 2 0 0.0000
54.0000 3 0 0.0000
72.0000 4 0 0.0000
94.0000 5 0 0.0000
110.0000 6 0 0.0000
133.0000 7 0 0.0000
153.0000 8 0 0.0000
175.0000 9 0 0.0000
191.0000 10 0 0.0000
210.0000 11 0 0.0000
225.0000 12 0 0.0000
249.0000 13 0 0.0000
265.0000 14 0 0.0000
281.0000 15 0 0.0000
304.0000 16 0 0.0000
328.0000 17 0 0.0000
343.0000 18 0 0.0000
367.0000 19 0 0.0000
382.0000 20 0 0.0000
399.0000 21 0 0.0000
420.0000 22 0 0.0000
439.0000 23 0 0.0000
458.0000 24 0 0.0000
480.0000 25 0 0.0000
497.0000 26 0 0.0000
515.0000 27 0 0.0000
538.0000 28 0 0.0000
562.0000 29 0 0.0000
581.0000 30 0 0.0000
581.2000 30 1 0.0333
603.0000 31 1 0.0323
625.0000 32 1 0.0313
640.9000 32 2 0.0625
646.0000 33 2 0.0606
661.6000 33 3 0.0909
667.0000 34 3 0.0882
684.0000 34 4 0.1176
685.0000 35 4 0.1143
691.0000 35 5 0.1429
700.0000 36 5 0.1389
722.0000 37 5 0.1351
741.0000 38 5 0.1316
764.0000 39 5 0.1282
773.6000 39 6 0.1538
784.0000 40 6 0.1500
806.0000 41 6 0.1463
829.0000 42 6 0.1429
851.0000 43 6 0.1395
873.0000 44 6 0.1364
895.0000 45 6 0.1333
918.0000 46 6 0.1304
935.7000 46 7 0.1522
941.0000 47 7 0.1489
957.0000 48 7 0.1458
975.0000 49 7 0.1429
998.0000 50 7 0.1400
1018.0000 51 7 0.1373
1040.0000 52 7 0.1346
1056.0000 53 7 0.1321
1077.0000 54 7 0.1296
1096.0000 55 7 0.1273
1117.0000 56 7 0.1250
1137.0000 57 7 0.1228
1159.0000 58 7 0.1207
1179.0000 59 7 0.1186
1193.3000 59 8 0.1356
1201.0000 60 8 0.1333
1216.0000 61 8 0.1311
1225.1000 61 9 0.1475
1226.1000 61 10 0.1639
1232.0000 62 10 0.1613
1251.0000 63 10 0.1587
1268.0000 64 10 0.1563
1287.0000 65 10 0.1538
1308.0000 66 10 0.1515
1327.0000 67 10 0.1493
1342.0000 68 10 0.1471
1364.0000 69 10 0.1449
1381.1000 69 11 0.1594
1388.0000 70 11 0.1571
1407.0000 71 11 0.1549
1422.0000 72 11 0.1528
1442.0000 73 11 0.1507
1464.0000 74 11 0.1486
1477.2000 74 12 0.1622
1479.0000 75 12 0.1600
1483.1000 75 13 0.1733
1500.0000 76 13 0.1711
1518.0000 77 13 0.1688
1542.0000 78 13 0.1667
1562.0000 79 13 0.1646
1577.0000 80 13 0.1625
1594.5000 80 14 0.1750
1600.0000 81 14 0.1728
1620.0000 82 14 0.1707
1637.0000 83 14 0.1687
1652.0000 84 14 0.1667
1673.0000 85 14 0.1647
1695.0000 86 14 0.1628
1702.5000 86 15 0.1744
1713.0000 87 15 0.1724
1737.0000 88 15 0.1705
1739.4000 88 16 0.1818
1760.0000 89 16 0.1798
1768.1000 89 17 0.1910
1781.0000 90 17 0.1889
1804.0000 91 17 0.1868
1812.7000 91 18 0.1978
1826.0000 92 18 0.1957
1849.0000 93 18 0.1935
1870.0000 94 18 0.1915
1890.0000 95 18 0.1895
1896.4000 95 19 0.2000
1911.0000 96 19 0.1979
1929.0000 97 19 0.1959
1948.0000 98 19 0.1939
1965.0000 99 19 0.1919
1980.0000 100 19 0.1900
2002.0000 101 19 0.1881
2024.0000 102 19 0.1863
2035.6000 102 20 0.1961
2041.0000 103 20 0.1942
2064.0000 104 20 0.1923
2080.0000 105 20 0.1905
2095.0000 106 20 0.1887
2119.0000 107 20 0.1869
2139.0000 108 20 0.1852
2142.8000 108 21 0.1944
2161.0000 109 21 0.1927
2178.0000 110 21 0.1909
2199.0000 111 21 0.1892
2213.8000 111 22 0.1982
2222.0000 112 22 0.1964
2240.0000 113 22 0.1947
2259.0000 114 22 0.1930
2275.0000 115 22 0.1913
2295.0000 116 22 0.1897
2314.0000 117 22 0.1880
2324.2000 117 23 0.1966
2335.0000 118 23 0.1949
2354.0000 119 23 0.1933
2377.0000 120 23 0.1917
2396.0000 121 23 0.1901
2411.0000 122 23 0.1885
2412.0000 122 24 0.1967
2433.0000 123 24 0.1951
2452.0000 124 24 0.1935
2474.0000 125 24 0.1920
2494.6000 125 25 0.2000
2496.0000 126 25 0.1984
2511.0000 127 25 0.1969
2526.0000 128 25 0.1953
2546.0000 129 25 0.1938
2563.0000 130 25 0.1923
2586.0000 131 25 0.1908
2601.0000 132 25 0.1894
2621.0000 133 25 0.1880
2641.0000 134 25 0.1866
2662.0000 135 25 0.1852
2678.0000 136 25 0.1838
2689.6000 136 26 0.1912
2690.0000 136 27 0.1985
2693.0000 137 27 0.1971
2716.0000 138 27 0.1957
2735.0000 139 27 0.1942
2754.0000 140 27 0.1929
2771.0000 141 27 0.1915
2788.0000 142 27 0.1901
2800.3000 142 28 0.1972
2807.0000 143 28 0.1958
2823.1000 143 29 0.2028
2831.0000 144 29 0.2014
2853.0000 145 29 0.2000
2868.0000 146 29 0.1986
2872.2000 146 30 0.2055
2891.0000 147 30 0.2041
2911.0000 148 30 0.2027
2926.0000 149 30 0.2013
2942.0000 150 30 0.2000
2955.9000 150 31 0.2067
2961.1000 150 32 0.2133
2962.0000 151 32 0.2119
2979.0000 152 32 0.2105
3000.8000 152 33 0.2171
3003.0000 153 33 0.2157
3024.0000 154 33 0.2143
3040.0000 155 33 0.2129
3059.0000 155 34 0.2194
3064.0000 156 34 0.2179
3086.0000 157 34 0.2166
3110.0000 158 34 0.2152
3129.0000 159 34 0.2138
3147.0000 160 34 0.2125
3166.0000 161 34 0.2112
3190.0000 162 34 0.2099
3204.1000 162 35 0.2160
3210.0000 163 35 0.2147
3225.0000 164 35 0.2134
3243.0000 165 35 0.2121
3260.0000 166 35 0.2108
3283.0000 167 35 0.2096
3305.0000 168 35 0.2083
3321.0000 169 35 0.2071
3344.0000 170 35 0.2059
3365.0000 171 35 0.2047
3385.0000 172 35 0.2035
3408.0000 173 35 0.2023
3410.6000 173 36 0.2081
3414.4000 173 37 0.2139
3423.8000 173 38 0.2197
3428.0000 174 38 0.2184
3449.0000 175 38 0.2171
3459.8000 175 39 0.2229
3472.0000 176 39 0.2216
3488.0000 177 39 0.2203
3511.0000 178 39 0.2191
3535.0000 179 39 0.2179
3548.5000 179 40 0.2235
3552.0000 180 40 0.2222
3570.0000 181 40 0.2210
3575.8000 181 41 0.2265
3589.0000 182 41 0.2253
