# time  created  delivered  delivered/created
22.0000 1 0 0.0000
38.0000 2 0 0.0000
54.0000 3 0 0.0000
72.0000 4 0 0.0000
94.0000 5 0 0.0000
110.0000 6 0 0.0000
133.0000 7 0 0.0000
153.0000 8 0 0.0000
175.0000 9 0 0.0000
191.0000 10 0 0.0000
210.0000 11 0 0.0000
225.0000 12 0 0.0000
249.0000 13 0 0.0000
265.0000 14 0 0.0000
281.0000 15 0 0.0000
304.0000 16 0 0.0000
328.0000 17 0 0.0000
343.0000 18 0 0.0000
367.0000 19 0 0.0000
382.0000 20 0 0.0000
399.0000 21 0 0.0000
420.0000 22 0 0.0000
439.0000 23 0 0.0000
458.0000 24 0 0.0000
480.0000 25 0 0.0000
497.0000 26 0 0.0000
515.0000 27 0 0.0000
538.0000 28 0 0.0000
562.0000 29 0 0.0000
581.0000 30 0 0.0000
581.2000 30 1 0.0333
603.0000 31 1 0.0323
625.0000 32 1 0.0313
640.9000 32 2 0.0625
646.0000 33 2 0.0606
661.6000 33 3 0.0909
667.0000 34 3 0.0882
684.0000 34 4 0.1176
685.0000 35 4 0.1143
691.0000 35 5 0.1429
700.0000 36 5 0.1389
722.0000 37 5 0.1351
741.0000 38 5 0.1316
764.0000 39 5 0.1282
773.6000 39 6 0.1538
784.0000 40 6 0.1500
806.0000 41 6 0.1463
829.0000 42 6 0.1429
851.0000 43 6 0.1395
873.0000 44 6 0.1364
895.0000 45 6 0.1333
903.5000 45 7 0.1556
918.0000 46 7 0.1522
941.0000 47 7 0.1489
957.0000 48 7 0.1458
975.0000 49 7 0.1429
998.0000 50 7 0.1400
1018.0000 51 7 0.1373
1040.0000 52 7 0.1346
1056.0000 53 7 0.1321
1077.0000 54 7 0.1296
1096.0000 55 7 0.1273
1117.0000 56 7 0.1250
1137.0000 57 7 0.1228
1159.0000 58 7 0.1207
1179.0000 59 7 0.1186
1193.3000 59 8 0.1356
1201.0000 60 8 0.1333
1216.0000 61 8 0.1311
1225.1000 61 9 0.1475
1226.1000 61 10 0.1639
1232.0000 62 10 0.1613
1251.0000 63 10 0.1587
1268.0000 64 10 0.1563
1287.0000 65 10 0.1538
1308.0000 66 10 0.1515
1327.0000 67 10 0.1493
1342.0000 68 10 0.1471
1364.0000 69 10 0.1449
1388.0000 70 10 0.1429
1397.1000 70 11 0.1571
1407.0000 71 11 0.1549
1422.0000 72 11 0.1528
1442.0000 73 11 0.1507
1464.0000 74 11 0.1486
1476.9000 74 12 0.1622
1479.0000 75 12 0.1600
1483.1000 75 13 0.1733
1500.0000 76 13 0.1711
1518.0000 77 13 0.1688
1542.0000 78 13 0.1667
1562.0000 79 13 0.1646
1577.0000 80 13 0.1625
1585.3000 80 14 0.1750
1594.5000 80 15 0.1875
1600.0000 81 15 0.1852
1620.0000 82 15 0.1829
1637.0000 83 15 0.1807
1652.0000 84 15 0.1786
1673.0000 85 15 0.1765
1695.0000 86 15 0.1744
1707.0000 86 16 0.1860
1709.8000 86 17 0.1977
1713.0000 87 17 0.1954
1736.2000 87 18 0.2069
1737.0000 88 18 0.2045
1739.4000 88 19 0.2159
1739.8000 88 20 0.2273
1760.0000 89 20 0.2247
1781.0000 90 20 0.2222
1804.0000 91 20 0.2198
1812.7000 91 21 0.2308
1826.0000 92 21 0.2283
1849.0000 93 21 0.2258
1870.0000 94 21 0.2234
1881.2000 94 22 0.2340
1882.8000 94 23 0.2447
1890.0000 95 23 0.2421
1911.0000 96 23 0.2396
1929.0000 97 23 0.2371
1948.0000 98 23 0.2347
1965.0000 99 23 0.2323
1980.0000 100 23 0.2300
2002.0000 101 23 0.2277
2019.9000 101 24 0.2376
2024.0000 102 24 0.2353
2035.6000 102 25 0.2451
2041.0000 103 25 0.2427
2064.0000 104 25 0.2404
2080.0000 105 25 0.2381
2095.0000 106 25 0.2358
2119.0000 107 25 0.2336
2139.0000 108 25 0.2315
2142.8000 108 26 0.2407
2161.0000 109 26 0.2385
2178.0000 110 26 0.2364
2199.0000 111 26 0.2342
2217.0000 111 27 0.2432
2222.0000 112 27 0.2411
2240.0000 113 27 0.2389
2259.0000 114 27 0.2368
2275.0000 115 27 0.2348
2295.0000 116 27 0.2328
2314.0000 117 27 0.2308
2325.2000 117 28 0.2393
2335.0000 118 28 0.2373
2354.0000 119 28 0.2353
2377.0000 120 28 0.2333
2396.0000 121 28 0.2314
2411.0000 122 28 0.2295
2412.0000 122 29 0.2377
2433.0000 123 29 0.2358
2452.0000 124 29 0.2339
2460.7000 124 30 0.2419
2464.9000 124 31 0.2500
2470.3000 124 32 0.2581
2474.0000 125 32 0.2560
2494.6000 125 33 0.2640
2496.0000 126 33 0.2619
2511.0000 127 33 0.2598
2512.1000 127 34 0.2677
2526.0000 128 34 0.2656
2546.0000 129 34 0.2636
2552.2000 129 35 0.2713
2553.1000 129 36 0.2791
2555.1000 129 37 0.2868
2563.0000 130 37 0.2846
2586.0000 131 37 0.2824
2601.0000 132 37 0.2803
2621.0000 133 37 0.2782
2641.0000 134 37 0.2761
2662.0000 135 37 0.2741
2678.0000 136 37 0.2721
2689.6000 136 38 0.2794
2690.9000 136 39 0.2868
2693.0000 137 39 0.2847
2716.0000 138 39 0.2826
2735.0000 139 39 0.2806
2740.4000 139 40 0.2878
2754.0000 140 40 0.2857
2771.0000 141 40 0.2837
2788.0000 142 40 0.2817
2800.0000 142 41 0.2887
2803.7000 142 42 0.2958
2807.0000 143 42 0.2937
2823.1000 143 43 0.3007
2831.0000 144 43 0.2986
2853.0000 145 43 0.2966
2868.0000 146 43 0.2945
2872.5000 146 44 0.3014
2891.0000 147 44 0.2993
2911.0000 148 44 0.2973
2911.3000 148 45 0.3041
2926.0000 149 45 0.3020
2942.0000 150 45 0.3000
2947.3000 150 46 0.3067
2954.4000 150 47 0.3133
2962.0000 151 47 0.3113
2979.0000 152 47 0.3092
3003.0000 153 47 0.3072
3004.4000 153 48 0.3137
3024.0000 154 48 0.3117
3040.0000 155 48 0.3097
3061.0000 155 49 0.3161
3064.0000 156 49 0.3141
3065.8000 156 50 0.3205
3084.9000 156 51 0.3269
3086.0000 157 51 0.3248
3110.0000 158 51 0.3228
3120.1000 158 52 0.3291
3129.0000 159 52 0.3270
3147.0000 160 52 0.3250
3166.0000 161 52 0.3230
3190.0000 162 52 0.3210
3210.0000 163 52 0.3190
3225.0000 164 52 0.3171
3230.0000 164 53 0.3232
3243.0000 165 53 0.3212
3260.0000 166 53 0.3193
3261.2000 166 54 0.3253
3271.5000 166 55 0.3313
3273.3000 166 56 0.3373
3283.0000 167 56 0.3353
3305.0000 168 56 0.3333
3321.0000 169 56 0.3314
3329.9000 169 57 0.3373
3344.0000 170 57 0.3353
3365.0000 171 57 0.3333
3385.0000 172 57 0.3314
3404.4000 172 58 0.3372
3408.0000 173 58 0.3353
3428.0000 174 58 0.3333
3429.2000 174 59 0.3391
3449.0000 175 59 0.3371
3456.1000 175 60 0.3429
3472.0000 176 60 0.3409
3488.0000 177 60 0.3390
3511.0000 178 60 0.3371
3527.5000 178 61 0.3427
3535.0000 179 61 0.3408
3547.0000 179 62 0.3464
3551.5000 179 63 0.3520
3552.0000 180 63 0.3500
3563.1000 180 64 0.3556
3570.0000 181 64 0.3536
3575.8000 181 65 0.3591
3589.0000 182 65 0.3571
3604.0000 183 65 0.3552
3619.0000 184 65 0.3533
3638.0000 185 65 0.3514
3653.0000 186 65 0.3495
3668.0000 186 66 0.3548
3669.0000 187 66 0.3529
3689.0000 188 66 0.3511
3712.0000 189 66 0.3492
3730.0000 190 66 0.3474
3754.0000 191 66 0.3455
3771.0000 192 66 0.3438
3787.0000 193 66 0.3420
3809.0000 194 66 0.3402
3832.0000 195 66 0.3385
3848.6000 195 67 0.3436
3854.0000 196 67 0.3418
3868.2000 196 68 0.3469
3873.0000 197 68 0.3452
3895.0000 198 68 0.3434
3919.0000 199 68 0.3417
3938.0000 200 68 0.3400
3946.1000 200 69 0.3450
3946.7000 200 70 0.3500
3953.0000 200 71 0.3550
3955.0000 201 71 0.3532
3975.0000 202 71 0.3515
3996.0000 203 71 0.3498
4012.0000 204 71 0.3480
4031.0000 205 71 0.3463
4052.0000 206 71 0.3447
4054.9000 206 72 0.3495
4060.3000 206 73 0.3544
4061.6000 206 74 0.3592
4070.0000 207 74 0.3575
4094.0000 208 74 0.3558
4114.2000 208 75 0.3606
4115.0000 209 75 0.3589
4134.0000 210 75 0.3571
4153.0000 211 75 0.3555
4171.0000 212 75 0.3538
4194.0000 213 75 0.3521
4208.3000 213 76 0.3568
4214.0000 214 76 0.3551
4214.6000 214 77 0.3598
4223.6000 214 78 0.3645
4235.0000 215 78 0.3628
4245.1000 215 79 0.3674
4251.0000 216 79 0.3657
4268.6000 216 80 0.3704
4272.0000 217 80 0.3687
4284.9000 217 81 0.3733
4290.0000 218 81 0.3716
4308.6000 218 82 0.3761
4314.0000 219 82 0.3744
4325.0000 219 83 0.3790
4338.0000 220 83 0.3773
4360.0000 221 83 0.3756
4364.2000 221 84 0.3801
4381.0000 222 84 0.3784
4400.0000 223 84 0.3767
4406.0000 223 85 0.3812
4419.0000 224 85 0.3795
4419.1000 224 86 0.3839
4434.0000 225 86 0.3822
4435.5000 225 87 0.3867
4452.4000 225 88 0.3911
4458.0000 226 88 0.3894
4463.0000 226 89 0.3938
4476.0000 227 89 0.3921
4495.7000 227 90 0.3965
4497.0000 228 90 0.3947
4505.4000 228 91 0.3991
4515.0000 229 91 0.3974
4520.0000 229 92 0.4017
4534.7000 229 93 0.4061
4537.0000 230 93 0.4043
4556.0000 231 93 0.4026
4580.0000 232 93 0.4009
4597.0000 233 93 0.3991
4614.0000 234 93 0.3974
4634.0000 235 93 0.3957
4655.0000 236 93 0.3941
4665.1000 236 94 0.3983
4672.0000 237 94 0.3966
4689.0000 238 94 0.3950
4699.4000 238 95 0.3992
4706.0000 239 95 0.3975
4729.0000 240 95 0.3958
4747.0000 241 95 0.3942
4748.8000 241 96 0.3983
4762.0000 242 96 0.3967
4783.0000 243 96 0.3951
4795.2000 243 97 0.3992
4807.0000 244 97 0.3975
4808.3000 244 98 0.4016
4824.0000 245 98 0.4000
4846.7000 245 99 0.4041
4848.0000 246 99 0.4024
4867.0000 247 99 0.4008
4886.0000 248 99 0.3992
4895.7000 248 100 0.4032
4909.0000 249 100 0.4016
4914.5000 249 101 0.4056
4915.1000 249 102 0.4096
4928.0000 250 102 0.4080
4951.0000 251 102 0.4064
4966.0000 252 102 0.4048
4986.0000 253 102 0.4032
4996.4000 253 103 0.4071
5010.0000 254 103 0.4055
5011.9000 254 104 0.4094
5033.0000 255 104 0.4078
5048.0000 256 104 0.4063
5072.0000 257 104 0.4047
5089.0000 258 104 0.4031
5112.0000 259 104 0.4015
5131.0000 260 104 0.4000
5151.0000 261 104 0.3985
5171.0000 261 105 0.4023
5175.0000 262 105 0.4008
5194.0000 263 105 0.3992
5208.4000 263 106 0.4030
5215.0000 264 106 0.4015
5237.0000 265 106 0.4000
5254.0000 266 106 0.3985
5269.0000 267 106 0.3970
5291.0000 268 106 0.3955
5307.0000 269 106 0.3941
5322.0000 269 107 0.3978
5324.0000 270 107 0.3963
5339.0000 271 107 0.3948
5355.3000 271 108 0.3985
5356.0000 272 108 0.3971
5371.0000 273 108 0.3956
5387.0000 274 108 0.3942
5395.6000 274 109 0.3978
5410.0000 275 109 0.3964
5410.3000 275 110 0.4000
5426.0000 276 110 0.3986
5429.6000 276 111 0.4022
5430.3000 276 112 0.4058
5447.0000 277 112 0.4043
5470.0000 278 112 0.4029
5490.0000 279 112 0.4014
5504.6000 279 113 0.4050
5507.0000 280 113 0.4036
5517.6000 280 114 0.4071
5528.0000 281 114 0.4057
5546.0000 282 114 0.4043
5564.0000 283 114 0.4028
5566.2000 283 115 0.4064
5584.0000 284 115 0.4049
5589.7000 284 116 0.4085
5607.0000 285 116 0.4070
5625.0000 286 116 0.4056
5643.0000 287 116 0.4042
5665.0000 288 116 0.4028
5685.0000 289 116 0.4014
5704.0000 290 116 0.4000
5724.0000 291 116 0.3986
5745.0000 292 116 0.3973
5745.2000 292 117 0.4007
5760.0000 293 117 0.3993
5771.8000 293 118 0.4027
5778.9000 293 119 0.4061
5784.0000 294 119 0.4048
5805.0000 295 119 0.4034
5822.0000 296 119 0.4020
5841.0000 297 119 0.4007
5859.0000 298 119 0.3993
5860.0000 298 120 0.4027
5863.7000 298 121 0.4060
5869.1000 298 122 0.4094
5874.0000 299 122 0.4080
5893.0000 300 122 0.4067
5895.4000 300 123 0.4100
5901.3000 300 124 0.4133
5914.0000 301 124 0.4120
5914.2000 301 125 0.4153
5916.2000 301 126 0.4186
5932.0000 302 126 0.4172
5947.3000 302 127 0.4205
5953.0000 303 127 0.4191
5971.0000 304 127 0.4178
5982.0000 304 128 0.4211
5986.0000 305 128 0.4197
5996.8000 305 129 0.4230
6003.8000 305 130 0.4262
6008.0000 306 130 0.4248
6024.0000 307 130 0.4235
6041.0000 308 130 0.4221
6042.3000 308 131 0.4253
6063.0000 309 131 0.4239
6068.1000 309 132 0.4272
6074.6000 309 133 0.4304
6087.0000 310 133 0.4290
6105.0000 311 133 0.4277
6124.0000 312 133 0.4263
6130.3000 312 134 0.4295
6145.0000 313 134 0.4281
6166.0000 314 134 0.4268
6182.0000 315 134 0.4254
6201.0000 316 134 0.4241
6216.0000 317 134 0.4227
6216.8000 317 135 0.4259
6231.0000 318 135 0.4245
6236.8000 318 136 0.4277
6248.0000 319 136 0.4263
6261.7000 319 137 0.4295
6267.0000 320 137 0.4281
6289.0000 321 137 0.4268
6308.0000 322 137 0.4255
6332.0000 323 137 0.4241
6338.7000 323 138 0.4272
6355.0000 324 138 0.4259
6372.0000 325 138 0.4246
6374.6000 325 139 0.4277
6389.3000 325 140 0.4308
6391.9000 325 141 0.4338
6393.0000 326 141 0.4325
6417.0000 327 141 0.4312
6424.2000 327 142 0.4343
6431.8000 327 143 0.4373
6441.0000 328 143 0.4360
6465.0000 329 143 0.4347
6467.3000 329 144 0.4377
6474.5000 329 145 0.4407
6486.0000 330 145 0.4394
6502.0000 331 145 0.4381
6518.0000 332 145 0.4367
6536.0000 333 145 0.4354
6548.1000 333 146 0.4384
6551.1000 333 147 0.4414
6555.0000 334 147 0.4401
6572.0000 335 147 0.4388
6591.0000 336 147 0.4375
6608.0000 337 147 0.4362
6631.0000 338 147 0.4349
6646.0000 339 147 0.4336
6665.0000 340 147 0.4324
6684.0000 341 147 0.4311
6687.9000 341 148 0.4340
6696.4000 341 149 0.4370
6708.0000 342 149 0.4357
6715.0000 342 150 0.4386
6725.0000 343 150 0.4373
6745.0000 344 150 0.4360
6760.0000 345 150 0.4348
6770.7000 345 151 0.4377
6781.0000 346 151 0.4364
6793.7000 346 152 0.4393
6800.0000 347 152 0.4380
6816.0000 348 152 0.4368
6827.4000 348 153 0.4397
6839.0000 349 153 0.4384
6854.0000 350 153 0.4371
6874.0000 351 153 0.4359
6889.0000 352 153 0.4347
6893.6000 352 154 0.4375
6897.1000 352 155 0.4403
6909.0000 353 155 0.4391
6930.0000 354 155 0.4379
6940.2000 354 156 0.4407
6951.0000 355 156 0.4394
6971.0000 356 156 0.4382
6974.4000 356 157 0.4410
6978.5000 356 158 0.4438
6995.0000 357 158 0.4426
7010.0000 358 158 0.4413
7020.0000 358 159 0.4441
7029.0000 359 159 0.4429
7045.6000 359 160 0.4457
7048.0000 360 160 0.4444
7052.0000 360 161 0.4472
7071.0000 361 161 0.4460
7085.1000 361 162 0.4488
7093.0000 362 162 0.4475
7093.3000 362 163 0.4503
7108.0000 363 163 0.4490
7111.5000 363 164 0.4518
7112.8000 363 165 0.4545
7130.0000 364 165 0.4533
7139.6000 364 166 0.4560
7147.0000 365 166 0.4548
7163.0000 366 166 0.4536
7176.4000 366 167 0.4563
7178.3000 366 168 0.4590
7180.0000 367 168 0.4578
7197.0000 368 168 0.4565
7218.9000 368 169 0.4592
7221.0000 369 169 0.4580
7240.0000 370 169 0.4568
7253.6000 370 170 0.4595
7255.0000 371 170 0.4582
7272.0000 372 170 0.4570
7296.0000 373 170 0.4558
7306.3000 373 171 0.4584
7319.0000 374 171 0.4572
7333.2000 374 172 0.4599
7335.0000 375 172 0.4587
7358.0000 376 172 0.4574
7378.0000 377 172 0.4562
7394.0000 378 172 0.4550
7395.4000 378 173 0.4577
7406.7000 378 174 0.4603
7411.0000 379 174 0.4591
7435.0000 380 174 0.4579
7436.5000 380 175 0.4605
7459.0000 381 175 0.4593
7468.4000 381 176 0.4619
7480.0000 382 176 0.4607
7493.2000 382 177 0.4634
7498.0000 383 177 0.4621
7507.3000 383 178 0.4648
7514.0000 384 178 0.4635
7533.1000 384 179 0.4661
7534.5000 384 180 0.4688
7536.0000 385 180 0.4675
7559.0000 386 180 0.4663
7574.0000 387 180 0.4651
7590.1000 387 181 0.4677
7595.0000 388 181 0.4665
7599.5000 388 182 0.4691
7613.0000 389 182 0.4679
7621.5000 389 183 0.4704
7632.0000 390 183 0.4692
7649.9000 390 184 0.4718
7656.0000 391 184 0.4706
7673.0000 392 184 0.4694
7696.0000 393 184 0.4682
7703.3000 393 185 0.4707
7710.0000 393 186 0.4733
7713.0000 394 186 0.4721
7717.8000 394 187 0.4746
7730.0000 395 187 0.4734
7745.0000 396 187 0.4722
7758.9000 396 188 0.4747
7762.0000 397 188 0.4736
7784.0000 398 188 0.4724
7804.0000 399 188 0.4712
7809.4000 399 189 0.4737
7822.0000 400 189 0.4725
7840.0000 401 189 0.4713
7858.0000 402 189 0.4701
7860.6000 402 190 0.4726
7865.9000 402 191 0.4751
7874.0000 403 191 0.4739
7895.0000 404 191 0.4728
7914.0000 405 191 0.4716
7926.6000 405 192 0.4741
7931.0000 406 192 0.4729
7933.7000 406 193 0.4754
7948.0000 407 193 0.4742
7960.8000 407 194 0.4767
7972.0000 408 194 0.4755
7982.8000 408 195 0.4779
7987.0000 409 195 0.4768
7992.4000 409 196 0.4792
7993.2000 409 197 0.4817
8002.0000 410 197 0.4805
8024.0000 411 197 0.4793
8040.0000 412 197 0.4782
8041.7000 412 198 0.4806
8059.0000 413 198 0.4794
8068.6000 413 199 0.4818
8082.0000 414 199 0.4807
8084.1000 414 200 0.4831
8099.0000 415 200 0.4819
8116.0000 416 200 0.4808
8137.0000 417 200 0.4796
8158.0000 418 200 0.4785
8158.8000 418 201 0.4809
8173.0000 419 201 0.4797
8190.0000 420 201 0.4786
8205.0000 421 201 0.4774
8205.7000 421 202 0.4798
8227.0000 422 202 0.4787
8227.9000 422 203 0.4810
8235.0000 422 204 0.4834
8251.0000 423 204 0.4823
8253.6000 423 205 0.4846
8269.7000 423 206 0.4870
8270.0000 423 207 0.4894
8275.0000 424 207 0.4882
8284.1000 424 208 0.4906
8297.0000 425 208 0.4894
8317.0000 426 208 0.4883
8318.6000 426 209 0.4906
8336.0000 427 209 0.4895
8359.0000 428 209 0.4883
8375.0000 429 209 0.4872
8396.0000 430 209 0.4860
8399.6000 430 210 0.4884
8404.7000 430 211 0.4907
8414.0000 431 211 0.4896
8427.0000 431 212 0.4919
8437.0000 432 212 0.4907
8453.0000 433 212 0.4896
8468.0000 434 212 0.4885
8492.0000 435 212 0.4874
8510.0000 436 212 0.4862
8525.0000 437 212 0.4851
8544.0000 438 212 0.4840
8548.0000 438 213 0.4863
8566.0000 439 213 0.4852
8569.2000 439 214 0.4875
8570.0000 439 215 0.4897
8578.2000 439 216 0.4920
8586.0000 440 216 0.4909
8598.9000 440 217 0.4932
8609.0000 441 217 0.4921
8625.0000 442 217 0.4910
8641.3000 442 218 0.4932
8644.0000 443 218 0.4921
8663.0000 444 218 0.4910
8681.0000 445 218 0.4899
8697.0000 446 218 0.4888
8719.0000 447 218 0.4877
8743.0000 448 218 0.4866
8748.8000 448 219 0.4888
8749.8000 448 220 0.4911
8767.0000 449 220 0.4900
8778.0000 449 221 0.4922
8784.0000 450 221 0.4911
8794.1000 450 222 0.4933
8800.0000 451 222 0.4922
8807.1000 451 223 0.4945
8809.2000 451 224 0.4967
8823.0000 452 224 0.4956
8839.0000 453 224 0.4945
8850.9000 453 225 0.4967
8854.0000 454 225 0.4956
8869.0000 455 225 0.4945
8888.6000 455 226 0.4967
8892.0000 456 226 0.4956
8911.0000 457 226 0.4945
8929.0000 458 226 0.4934
8944.0000 459 226 0.4924
8955.3000 459 227 0.4946
8961.0000 460 227 0.4935
8979.0000 461 227 0.4924
8997.0000 462 227 0.4913
9011.3000 462 228 0.4935
9012.3000 462 229 0.4957
9013.0000 463 229 0.4946
9035.0000 464 229 0.4935
9039.4000 464 230 0.4957
9041.4000 464 231 0.4978
9058.0000 465 231 0.4968
9067.8000 465 232 0.4989
9073.0000 466 232 0.4979
9093.5000 466 233 0.5000
9095.0000 467 233 0.4989
9098.3000 467 234 0.5011
9119.0000 468 234 0.5000
9143.0000 469 234 0.4989
9162.0000 470 234 0.4979
9177.7000 470 235 0.5000
9186.0000 471 235 0.4989
9188.3000 471 236 0.5011
9196.5000 471 237 0.5032
9209.0000 472 237 0.5021
9224.0000 473 237 0.5011
9245.0000 474 237 0.5000
9264.0000 475 237 0.4989
9288.0000 476 237 0.4979
9310.0000 477 237 0.4969
9314.3000 477 238 0.4990
9326.0000 478 238 0.4979
9339.2000 478 239 0.5000
9341.0000 479 239 0.4990
9342.7000 479 240 0.5010
9365.0000 480 240 0.5000
9387.0000 481 240 0.4990
9403.0000 482 240 0.4979
9407.0000 482 241 0.5000
9426.0000 483 241 0.4990
9434.3000 483 242 0.5010
9444.0000 484 242 0.5000
9452.1000 484 243 0.5021
9468.0000 485 243 0.5010
9485.0000 486 243 0.5000
9503.0000 487 243 0.4990
9507.4000 487 244 0.5010
9527.0000 488 244 0.5000
9527.3000 488 245 0.5020
9550.0000 489 245 0.5010
9557.3000 489 246 0.5031
9573.0000 490 246 0.5020
9591.0000 491 246 0.5010
9614.0000 492 246 0.5000
9614.9000 492 247 0.5020
9632.0000 493 247 0.5010
9653.0000 494 247 0.5000
9676.0000 495 247 0.4990
9693.0000 496 247 0.4980
9695.2000 496 248 0.5000
9715.0000 497 248 0.4990
9736.0000 498 248 0.4980
9738.5000 498 249 0.5000
9748.3000 498 250 0.5020
9750.0000 498 251 0.5040
9752.0000 499 251 0.5030
9752.2000 499 252 0.5050
9776.0000 500 252 0.5040
9791.7000 500 253 0.5060
9799.0000 501 253 0.5050
9813.8000 501 254 0.5070
9821.0000 502 254 0.5060
9837.0000 503 254 0.5050
9843.4000 503 255 0.5070
9861.0000 504 255 0.5060
9879.0000 505 255 0.5050
9894.0000 506 255 0.5040
9903.7000 506 256 0.5059
9904.9000 506 257 0.5079
9909.0000 507 257 0.5069
9918.5000 507 258 0.5089
9927.0000 508 258 0.5079
9946.0000 509 258 0.5069
9946.7000 509 259 0.5088
9969.0000 510 259 0.5078
9988.0000 511 259 0.5068
10007.0000 512 259 0.5059
10009.2000 512 260 0.5078
10024.0000 513 260 0.5068
10025.8000 513 261 0.5088
10027.3000 513 262 0.5107
10037.7000 513 263 0.5127
10044.0000 514 263 0.5117
10050.2000 514 264 0.5136
10067.0000 515 264 0.5126
10087.0000 516 264 0.5116
10111.0000 517 264 0.5106
10112.7000 517 265 0.5126
10132.0000 518 265 0.5116
10154.0000 519 265 0.5106
10177.0000 520 265 0.5096
10180.6000 520 266 0.5115
10184.3000 520 267 0.5135
10194.0000 521 267 0.5125
10216.0000 522 267 0.5115
10233.5000 522 268 0.5134
10235.0000 523 268 0.5124
10252.0000 523 269 0.5143
10257.0000 524 269 0.5134
10272.6000 524 270 0.5153
10281.0000 525 270 0.5143
10300.0000 526 270 0.5133
10302.5000 526 271 0.5152
10315.3000 526 272 0.5171
10320.0000 527 272 0.5161
10323.4000 527 273 0.5180
10343.0000 528 273 0.5170
10366.0000 529 273 0.5161
10374.1000 529 274 0.5180
10382.0000 530 274 0.5170
10394.3000 530 275 0.5189
10402.0000 531 275 0.5179
10423.0000 532 275 0.5169
10424.8000 532 276 0.5188
10433.1000 532 277 0.5207
10441.0000 533 277 0.5197
10442.7000 533 278 0.5216
10461.0000 534 278 0.5206
10480.0000 535 278 0.5196
10486.2000 535 279 0.5215
10496.9000 535 280 0.5234
10497.0000 536 280 0.5224
10518.0000 537 280 0.5214
10524.1000 537 281 0.5233
10537.0000 538 281 0.5223
10555.0000 539 281 0.5213
10571.0000 540 281 0.5204
10591.0000 541 281 0.5194
10615.0000 542 281 0.5185
10637.0000 543 281 0.5175
10637.2000 543 282 0.5193
10641.1000 543 283 0.5212
10644.4000 543 284 0.5230
10645.7000 543 285 0.5249
10657.0000 544 285 0.5239
10680.5000 544 286 0.5257
10681.0000 545 286 0.5248
10693.1000 545 287 0.5266
10703.0000 546 287 0.5256
10726.0000 547 287 0.5247
10743.4000 547 288 0.5265
10748.0000 548 288 0.5255
10768.0000 549 288 0.5246
10781.7000 549 289 0.5264
10788.0000 550 289 0.5255
10794.6000 550 290 0.5273
10807.7000 550 291 0.5291
10808.0000 551 291 0.5281
10823.0000 552 291 0.5272
10842.0000 553 291 0.5262
10866.0000 554 291 0.5253
10876.4000 554 292 0.5271
10885.0000 555 292 0.5261
10887.3000 555 293 0.5279
10889.1000 555 294 0.5297
10907.0000 556 294 0.5288
10925.0000 557 294 0.5278
10942.0000 558 294 0.5269
10966.0000 559 294 0.5259
10983.0000 560 294 0.5250
11006.0000 561 294 0.5241
11019.7000 561 295 0.5258
11019.8000 561 296 0.5276
11021.3000 561 297 0.5294
11023.0000 562 297 0.5285
11046.0000 563 297 0.5275
11058.5000 563 298 0.5293
11060.2000 563 299 0.5311
11061.0000 563 300 0.5329
11068.0000 564 300 0.5319
11084.0000 565 300 0.5310
11087.3000 565 301 0.5327
11098.4000 565 302 0.5345
11102.0000 566 302 0.5336
11116.8000 566 303 0.5353
11120.0000 567 303 0.5344
11127.2000 567 304 0.5362
11137.9000 567 305 0.5379
11143.0000 568 305 0.5370
11166.0000 569 305 0.5360
11170.1000 569 306 0.5378
11178.5000 569 307 0.5395
11182.0000 570 307 0.5386
11191.1000 570 308 0.5404
11201.0000 571 308 0.5394
11214.8000 571 309 0.5412
11218.0000 572 309 0.5402
11220.6000 572 310 0.5420
11238.0000 573 310 0.5410
11249.5000 573 311 0.5428
11250.8000 573 312 0.5445
11252.6000 573 313 0.5462
11252.9000 573 314 0.5480
11260.0000 574 314 0.5470
11264.6000 574 315 0.5488
11270.7000 574 316 0.5505
11280.0000 575 316 0.5496
11298.0000 576 316 0.5486
11308.0000 576 317 0.5503
11319.0000 577 317 0.5494
11324.7000 577 318 0.5511
11332.9000 577 319 0.5529
11343.0000 578 319 0.5519
11363.0000 579 319 0.5509
11381.0000 580 319 0.5500
11405.0000 581 319 0.5491
11424.0000 582 319 0.5481
11432.3000 582 320 0.5498
11433.2000 582 321 0.5515
11443.0000 583 321 0.5506
11460.4000 583 322 0.5523
11467.0000 584 322 0.5514
11491.0000 585 322 0.5504
11508.2000 585 323 0.5521
11509.4000 585 324 0.5538
11511.0000 586 324 0.5529
11529.0000 587 324 0.5520
11539.0000 587 325 0.5537
11547.0000 588 325 0.5527
11566.0000 589 325 0.5518
11575.9000 589 326 0.5535
11586.0000 590 326 0.5525
11610.0000 591 326 0.5516
11626.0000 592 326 0.5507
11640.2000 592 327 0.5524
11650.0000 593 327 0.5514
11665.0000 594 327 0.5505
11668.9000 594 328 0.5522
11670.7000 594 329 0.5539
11680.0000 595 329 0.5529
11686.0000 595 330 0.5546
11688.0000 595 331 0.5563
11688.2000 595 332 0.5580
11696.0000 596 332 0.5570
11700.3000 596 333 0.5587
11711.0000 597 333 0.5578
11731.0000 598 333 0.5569
11746.1000 598 334 0.5585
11755.0000 599 334 0.5576
11771.0000 600 334 0.5567
11781.5000 600 335 0.5583
11790.0000 601 335 0.5574
11805.5000 601 336 0.5591
11809.0000 602 336 0.5581
11810.1000 602 337 0.5598
11827.0000 603 337 0.5589
11851.0000 604 337 0.5579
11867.0000 605 337 0.5570
11869.6000 605 338 0.5587
11885.0000 606 338 0.5578
11885.6000 606 339 0.5594
11907.0000 607 339 0.5585
11929.0000 608 339 0.5576
11929.3000 608 340 0.5592
11940.3000 608 341 0.5609
11948.0000 609 341 0.5599
11959.7000 609 342 0.5616
11971.0000 610 342 0.5607
11987.5000 610 343 0.5623
11989.6000 610 344 0.5639
11995.0000 611 344 0.5630
12012.0000 612 344 0.5621
12033.0000 613 344 0.5612
12048.0000 614 344 0.5603
12070.0000 615 344 0.5593
12073.0000 615 345 0.5610
12088.0000 616 345 0.5601
12092.1000 616 346 0.5617
12101.3000 616 347 0.5633
12104.0000 617 347 0.5624
12124.0000 618 347 0.5615
12125.4000 618 348 0.5631
12145.0000 619 348 0.5622
12146.6000 619 349 0.5638
12152.3000 619 350 0.5654
12153.5000 619 351 0.5670
12155.1000 619 352 0.5687
12165.0000 620 352 0.5677
12189.0000 621 352 0.5668
12209.0000 622 352 0.5659
12210.0000 622 353 0.5675
12216.6000 622 354 0.5691
12217.1000 622 355 0.5707
12218.2000 622 356 0.5723
12226.0000 623 356 0.5714
12249.0000 624 356 0.5705
12270.0000 625 356 0.5696
12280.1000 625 357 0.5712
12286.7000 625 358 0.5728
12287.0000 626 358 0.5719
12289.4000 626 359 0.5735
12305.0000 627 359 0.5726
12309.2000 627 360 0.5742
12323.0000 628 360 0.5732
12330.0000 628 361 0.5748
12330.7000 628 362 0.5764
12339.0000 629 362 0.5755
12345.6000 629 363 0.5771
12358.0000 630 363 0.5762
12377.0000 631 363 0.5753
12399.0000 632 363 0.5744
12416.9000 632 364 0.5759
12421.0000 633 364 0.5750
12435.4000 633 365 0.5766
12437.3000 633 366 0.5782
12444.0000 634 366 0.5773
12444.7000 634 367 0.5789
12455.8000 634 368 0.5804
12463.0000 635 368 0.5795
12464.8000 635 369 0.5811
12473.1000 635 370 0.5827
12479.0000 636 370 0.5818
12493.4000 636 371 0.5833
12497.0000 637 371 0.5824
12518.0000 638 371 0.5815
12535.5000 638 372 0.5831
12538.0000 639 372 0.5822
12542.1000 639 373 0.5837
12556.0000 640 373 0.5828
12575.0000 641 373 0.5819
12596.0000 642 373 0.5810
12611.0000 643 373 0.5801
12615.7000 643 374 0.5816
12635.0000 644 374 0.5807
12641.7000 644 375 0.5823
12655.0000 645 375 0.5814
12669.4000 645 376 0.5829
12672.0000 646 376 0.5820
12691.0000 647 376 0.5811
12713.0000 648 376 0.5802
12726.0000 648 377 0.5818
12727.4000 648 378 0.5833
12729.0000 648 379 0.5849
12737.0000 649 379 0.5840
12761.0000 650 379 0.5831
12781.0000 651 379 0.5822
12798.0000 652 379 0.5813
12811.5000 652 380 0.5828
12818.0000 653 380 0.5819
12831.2000 653 381 0.5835
12836.3000 653 382 0.5850
12839.0000 654 382 0.5841
12863.0000 655 382 0.5832
12884.0000 656 382 0.5823
12901.0000 657 382 0.5814
12919.0000 658 382 0.5805
12936.0000 659 382 0.5797
12954.0000 660 382 0.5788
12971.0000 661 382 0.5779
12976.7000 661 383 0.5794
12986.0000 662 383 0.5785
12993.6000 662 384 0.5801
13009.0000 663 384 0.5792
13016.9000 663 385 0.5807
13019.4000 663 386 0.5822
13022.3000 663 387 0.5837
13029.0000 664 387 0.5828
13045.7000 664 388 0.5843
13048.0000 665 388 0.5835
13069.0000 666 388 0.5826
13080.5000 666 389 0.5841
13090.0000 667 389 0.5832
13092.7000 667 390 0.5847
13109.7000 667 391 0.5862
13112.0000 668 391 0.5853
13133.2000 668 392 0.5868
13133.9000 668 393 0.5883
13135.0000 669 393 0.5874
13137.2000 669 394 0.5889
13146.6000 669 395 0.5904
13157.0000 670 395 0.5896
13172.9000 670 396 0.5910
13175.0000 671 396 0.5902
13198.0000 672 396 0.5893
13222.0000 673 396 0.5884
13237.0000 674 396 0.5875
13261.0000 675 396 0.5867
13262.9000 675 397 0.5881
13279.0000 676 397 0.5873
13303.0000 677 397 0.5864
13327.0000 678 397 0.5855
13344.0000 679 397 0.5847
13367.0000 680 397 0.5838
13385.0000 681 397 0.5830
13387.8000 681 398 0.5844
13400.0000 682 398 0.5836
13422.0000 683 398 0.5827
13434.2000 683 399 0.5842
13434.5000 683 400 0.5857
13435.0000 683 401 0.5871
13439.0000 684 401 0.5863
13440.0000 684 402 0.5877
13462.2000 684 403 0.5892
13463.0000 685 403 0.5883
13483.4000 685 404 0.5898
13485.0000 686 404 0.5889
13501.0000 687 404 0.5881
13522.0000 688 404 0.5872
13530.5000 688 405 0.5887
13534.7000 688 406 0.5901
13543.0000 689 406 0.5893
13558.0000 690 406 0.5884
13578.0000 691 406 0.5876
13597.0000 692 406 0.5867
13601.2000 692 407 0.5882
13605.2000 692 408 0.5896
13612.0000 693 408 0.5887
13622.2000 693 409 0.5902
13622.9000 693 410 0.5916
13624.2000 693 411 0.5931
13633.0000 694 411 0.5922
13654.0000 695 411 0.5914
13674.0000 696 411 0.5905
13689.0000 697 411 0.5897
13713.0000 698 411 0.5888
13732.6000 698 412 0.5903
13733.0000 699 412 0.5894
13737.3000 699 413 0.5908
13750.0000 700 413 0.5900
13757.3000 700 414 0.5914
13771.0000 701 414 0.5906
13772.8000 701 415 0.5920
13787.0000 702 415 0.5912
13791.9000 702 416 0.5926
13808.0000 703 416 0.5917
13812.8000 703 417 0.5932
13831.0000 704 417 0.5923
13836.3000 704 418 0.5938
13853.0000 705 418 0.5929
13874.0000 706 418 0.5921
13892.9000 706 419 0.5935
13894.0000 707 419 0.5926
13915.0000 708 419 0.5918
13931.4000 708 420 0.5932
13937.0000 709 420 0.5924
13944.5000 709 421 0.5938
13952.0000 710 421 0.5930
13955.0000 710 422 0.5944
13955.8000 710 423 0.5958
13976.0000 711 423 0.5949
13985.2000 711 424 0.5963
13990.6000 711 425 0.5977
13994.0000 712 425 0.5969
14007.7000 712 426 0.5983
14011.0000 713 426 0.5975
14032.0000 714 426 0.5966
14056.0000 715 426 0.5958
14072.2000 715 427 0.5972
14077.0000 716 427 0.5964
14092.0000 717 427 0.5955
14101.6000 717 428 0.5969
14107.0000 718 428 0.5961
14108.3000 718 429 0.5975
14123.0000 719 429 0.5967
14147.0000 720 429 0.5958
14167.0000 721 429 0.5950
14186.0000 722 429 0.5942
14204.0000 723 429 0.5934
14220.8000 723 430 0.5947
14225.0000 724 430 0.5939
14245.0000 725 430 0.5931
14267.0000 726 430 0.5923
14279.3000 726 431 0.5937
14286.0000 727 431 0.5928
14304.0000 728 431 0.5920
14323.0000 729 431 0.5912
14323.2000 729 432 0.5926
14327.7000 729 433 0.5940
14342.0000 729 434 0.5953
14343.0000 730 434 0.5945
14363.0000 731 434 0.5937
14385.0000 732 434 0.5929
14404.0000 733 434 0.5921
14420.0000 734 434 0.5913
14441.0000 735 434 0.5905
14456.0000 736 434 0.5897
14466.4000 736 435 0.5910
14475.0000 737 435 0.5902
14499.0000 738 435 0.5894
14504.4000 738 436 0.5908
14523.0000 739 436 0.5900
14544.0000 740 436 0.5892
14547.2000 740 437 0.5905
14568.0000 741 437 0.5897
14574.6000 741 438 0.5911
14588.0000 742 438 0.5903
14603.0000 743 438 0.5895
14618.0000 744 438 0.5887
14629.4000 744 439 0.5901
14639.0000 745 439 0.5893
14655.0000 746 439 0.5885
14657.4000 746 440 0.5898
14676.0000 747 440 0.5890
14685.2000 747 441 0.5904
14696.0000 748 441 0.5896
14718.0000 749 441 0.5888
14733.2000 749 442 0.5901
14736.0000 750 442 0.5893
14746.0000 750 443 0.5907
14753.9000 750 444 0.5920
14756.0000 751 444 0.5912
14773.0000 752 444 0.5904
14790.0000 753 444 0.5896
14809.0000 754 444 0.5889
14819.0000 754 445 0.5902
14831.0000 755 445 0.5894
14848.0000 756 445 0.5886
14867.0000 757 445 0.5878
14889.0000 758 445 0.5871
14896.9000 758 446 0.5884
14904.6000 758 447 0.5897
14905.0000 759 447 0.5889
14910.5000 759 448 0.5903
14917.1000 759 449 0.5916
14927.0000 760 449 0.5908
14942.0000 761 449 0.5900
14961.0000 762 449 0.5892
14975.8000 762 450 0.5906
14978.4000 762 451 0.5919
14984.0000 763 451 0.5911
14999.0000 764 451 0.5903
15016.4000 764 452 0.5916
15021.0000 765 452 0.5908
15022.6000 765 453 0.5922
15031.8000 765 454 0.5935
15034.7000 765 455 0.5948
15035.1000 765 456 0.5961
15041.0000 766 456 0.5953
15058.0000 767 456 0.5945
15063.2000 767 457 0.5958
15074.0000 768 457 0.5951
15089.2000 768 458 0.5964
15093.0000 769 458 0.5956
15101.5000 769 459 0.5969
15114.0000 770 459 0.5961
15125.1000 770 460 0.5974
15132.0000 771 460 0.5966
15149.0000 772 460 0.5959
15172.0000 773 460 0.5951
15190.0000 774 460 0.5943
15212.0000 775 460 0.5935
15235.0000 776 460 0.5928
15256.0000 777 460 0.5920
15266.0000 777 461 0.5933
15280.0000 778 461 0.5925
15297.0000 779 461 0.5918
15318.0000 780 461 0.5910
15336.0000 781 461 0.5903
15360.0000 782 461 0.5895
15381.0000 783 461 0.5888
15389.7000 783 462 0.5900
15395.7000 783 463 0.5913
15397.8000 783 464 0.5926
15399.0000 784 464 0.5918
15407.1000 784 465 0.5931
15407.7000 784 466 0.5944
15419.0000 785 466 0.5936
15425.0000 785 467 0.5949
15439.2000 785 468 0.5962
15441.0000 786 468 0.5954
15443.8000 786 469 0.5967
15459.3000 786 470 0.5980
15465.0000 787 470 0.5972
15471.8000 787 471 0.5985
15482.0000 788 471 0.5977
15499.3000 788 472 0.5990
15504.0000 789 472 0.5982
15517.2000 789 473 0.5995
15526.0000 790 473 0.5987
15538.7000 790 474 0.6000
15539.3000 790 475 0.6013
15547.0000 791 475 0.6005
15569.0000 792 475 0.5997
15583.0000 792 476 0.6010
15590.5000 792 477 0.6023
15591.0000 793 477 0.6015
15615.0000 794 477 0.6008
15632.0000 795 477 0.6000
15651.0000 796 477 0.5992
15666.0000 797 477 0.5985
15680.6000 797 478 0.5997
15684.0000 798 478 0.5990
15708.0000 799 478 0.5982
15724.0000 800 478 0.5975
15744.5000 800 479 0.5988
15746.0000 801 479 0.5980
15764.0000 802 479 0.5973
15772.1000 802 480 0.5985
15781.8000 802 481 0.5998
15782.0000 803 481 0.5990
15784.9000 803 482 0.6002
15793.3000 803 483 0.6015
15799.0000 804 483 0.6007
15815.0000 805 483 0.6000
15838.0000 806 483 0.5993
15854.0000 807 483 0.5985
15873.0000 808 483 0.5978
15880.0000 808 484 0.5990
15891.0000 808 485 0.6002
15894.0000 809 485 0.5995
15909.0000 810 485 0.5988
15920.4000 810 486 0.6000
15927.0000 811 486 0.5993
15948.0000 812 486 0.5985
15953.1000 812 487 0.5998
15956.3000 812 488 0.6010
15957.0000 812 489 0.6022
15960.1000 812 490 0.6034
15962.4000 812 491 0.6047
15967.0000 813 491 0.6039
15976.5000 813 492 0.6052
15990.0000 814 492 0.6044
16004.6000 814 493 0.6057
16010.0000 815 493 0.6049
16027.0000 816 493 0.6042
16036.0000 816 494 0.6054
16039.8000 816 495 0.6066
16042.0000 817 495 0.6059
16061.0000 818 495 0.6051
16061.0000 818 496 0.6064
16080.0000 819 496 0.6056
16104.0000 820 496 0.6049
16124.0000 821 496 0.6041
16139.0000 822 496 0.6034
16155.0000 823 496 0.6027
16167.9000 823 497 0.6039
16171.2000 823 498 0.6051
16175.0000 824 498 0.6044
16196.0000 825 498 0.6036
16209.7000 825 499 0.6048
16212.0000 826 499 0.6041
16220.0000 826 500 0.6053
16230.0000 827 500 0.6046
16233.5000 827 501 0.6058
16245.0000 828 501 0.6051
16250.6000 828 502 0.6063
16251.8000 828 503 0.6075
16261.0000 829 503 0.6068
16267.3000 829 504 0.6080
16275.3000 829 505 0.6092
16281.0000 830 505 0.6084
16296.5000 830 506 0.6096
16301.0000 831 506 0.6089
16322.0000 832 506 0.6082
16330.9000 832 507 0.6094
16338.0000 833 507 0.6086
16357.0000 834 507 0.6079
16366.2000 834 508 0.6091
16367.6000 834 509 0.6103
16380.0000 835 509 0.6096
16399.0000 836 509 0.6089
16405.7000 836 510 0.6100
16416.0000 837 510 0.6093
16433.0000 838 510 0.6086
16455.0000 839 510 0.6079
16458.3000 839 511 0.6091
16479.0000 840 511 0.6083
16479.3000 840 512 0.6095
16479.6000 840 513 0.6107
16503.0000 841 513 0.6100
16520.1000 841 514 0.6112
16526.0000 842 514 0.6105
16547.0000 843 514 0.6097
16568.0000 844 514 0.6090
16588.9000 844 515 0.6102
16589.0000 845 515 0.6095
16610.0000 846 515 0.6087
16619.5000 846 516 0.6099
16620.5000 846 517 0.6111
16628.0000 847 517 0.6104
16629.7000 847 518 0.6116
16646.0000 848 518 0.6108
16662.0000 849 518 0.6101
16682.0000 850 518 0.6094
16699.0000 851 518 0.6087
16721.7000 851 519 0.6099
16723.0000 852 519 0.6092
16745.0000 853 519 0.6084
16760.0000 854 519 0.6077
16781.0000 854 520 0.6089
16783.0000 855 520 0.6082
16800.0000 856 520 0.6075
16818.0000 857 520 0.6068
16835.0000 858 520 0.6061
16849.2000 858 521 0.6072
16850.3000 858 522 0.6084
16852.1000 858 523 0.6096
16858.0000 859 523 0.6088
16863.7000 859 524 0.6100
16881.0000 860 524 0.6093
16895.6000 860 525 0.6105
16901.0000 861 525 0.6098
16917.0000 862 525 0.6090
16935.0000 863 525 0.6083
16959.0000 864 525 0.6076
16980.0000 865 525 0.6069
16988.1000 865 526 0.6081
16997.0000 866 526 0.6074
17021.0000 867 526 0.6067
17030.6000 867 527 0.6078
17039.1000 867 528 0.6090
17040.0000 868 528 0.6083
17063.0000 869 528 0.6076
17075.7000 869 529 0.6087
17079.1000 869 530 0.6099
17082.0000 870 530 0.6092
17105.0000 871 530 0.6085
17119.1000 871 531 0.6096
17126.0000 872 531 0.6089
17143.0000 873 531 0.6082
17162.0000 874 531 0.6076
17181.0000 875 531 0.6069
17202.0000 876 531 0.6062
17225.0000 877 531 0.6055
17240.0000 878 531 0.6048
17259.0000 879 531 0.6041
17278.0000 880 531 0.6034
17279.5000 880 532 0.6045
17299.0000 881 532 0.6039
17318.0000 882 532 0.6032
17336.0000 883 532 0.6025
17338.6000 883 533 0.6036
17353.0000 884 533 0.6029
17354.6000 884 534 0.6041
17357.6000 884 535 0.6052
17370.0000 885 535 0.6045
17371.3000 885 536 0.6056
17376.2000 885 537 0.6068
17393.6000 885 538 0.6079
17394.0000 886 538 0.6072
17404.8000 886 539 0.6084
17416.0000 887 539 0.6077
17417.4000 887 540 0.6088
17427.9000 887 541 0.6099
17439.0000 888 541 0.6092
17454.0000 889 541 0.6085
17469.2000 889 542 0.6097
17473.7000 889 543 0.6108
17477.0000 890 543 0.6101
17497.0000 891 543 0.6094
17515.0000 892 543 0.6087
17535.0000 893 543 0.6081
17558.0000 894 543 0.6074
17568.6000 894 544 0.6085
17574.0000 895 544 0.6078
17598.0000 896 544 0.6071
17619.0000 897 544 0.6065
17639.0000 898 544 0.6058
17654.0000 899 544 0.6051
17672.0000 900 544 0.6044
17674.5000 900 545 0.6056
17690.0000 901 545 0.6049
17710.0000 902 545 0.6042
17734.0000 903 545 0.6035
17751.0000 904 545 0.6029
17773.8000 904 546 0.6040
17774.0000 905 546 0.6033
17793.0000 906 546 0.6026
17797.9000 906 547 0.6038
17808.0000 907 547 0.6031
17816.2000 907 548 0.6042
17826.0000 908 548 0.6035
17826.7000 908 549 0.6046
17828.3000 908 550 0.6057
17846.0000 909 550 0.6051
17864.0000 910 550 0.6044
17879.0000 910 551 0.6055
17884.0000 911 551 0.6048
17899.0000 912 551 0.6042
17917.0000 913 551 0.6035
17930.6000 913 552 0.6046
17934.5000 913 553 0.6057
17936.0000 914 553 0.6050
17953.8000 914 554 0.6061
17954.3000 914 555 0.6072
17958.0000 915 555 0.6066
17974.3000 915 556 0.6077
17976.0000 916 556 0.6070
17993.2000 916 557 0.6081
18000.0000 917 557 0.6074
