# time  created  delivered  delivered/created
22.0000 1 0 0.0000
38.0000 2 0 0.0000
54.0000 3 0 0.0000
72.0000 4 0 0.0000
94.0000 5 0 0.0000
110.0000 6 0 0.0000
133.0000 7 0 0.0000
153.0000 8 0 0.0000
175.0000 9 0 0.0000
191.0000 10 0 0.0000
210.0000 11 0 0.0000
225.0000 12 0 0.0000
249.0000 13 0 0.0000
265.0000 14 0 0.0000
281.0000 15 0 0.0000
304.0000 16 0 0.0000
328.0000 17 0 0.0000
343.0000 18 0 0.0000
367.0000 19 0 0.0000
382.0000 20 0 0.0000
399.0000 21 0 0.0000
420.0000 22 0 0.0000
439.0000 23 0 0.0000
458.0000 24 0 0.0000
480.0000 25 0 0.0000
497.0000 26 0 0.0000
515.0000 27 0 0.0000
538.0000 28 0 0.0000
562.0000 29 0 0.0000
581.0000 30 0 0.0000
581.2000 30 1 0.0333
603.0000 31 1 0.0323
625.0000 32 1 0.0313
640.9000 32 2 0.0625
646.0000 33 2 0.0606
661.6000 33 3 0.0909
667.0000 34 3 0.0882
685.0000 35 3 0.0857
691.0000 35 4 0.1143
700.0000 36 4 0.1111
715.2000 36 5 0.1389
722.0000 37 5 0.1351
741.0000 38 5 0.1316
764.0000 39 5 0.1282
784.0000 40 5 0.1250
786.4000 40 6 0.1500
806.0000 41 6 0.1463
829.0000 42 6 0.1429
851.0000 43 6 0.1395
873.0000 44 6 0.1364
895.0000 45 6 0.1333
918.0000 46 6 0.1304
935.7000 46 7 0.1522
941.0000 47 7 0.1489
957.0000 48 7 0.1458
975.0000 49 7 0.1429
998.0000 50 7 0.1400
1018.0000 51 7 0.1373
1040.0000 52 7 0.1346
1056.0000 53 7 0.1321
1077.0000 54 7 0.1296
1096.0000 55 7 0.1273
1117.0000 56 7 0.1250
1137.0000 57 7 0.1228
1159.0000 58 7 0.1207
1179.0000 59 7 0.1186
1193.3000 59 8 0.1356
1201.0000 60 8 0.1333
1216.0000 61 8 0.1311
1225.2000 61 9 0.1475
1226.1000 61 10 0.1639
1232.0000 62 10 0.1613
1251.0000 63 10 0.1587
1268.0000 64 10 0.1563
1287.0000 65 10 0.1538
1308.0000 66 10 0.1515
1327.0000 67 10 0.1493
1342.0000 68 10 0.1471
1364.0000 69 10 0.1449
1381.1000 69 11 0.1594
1388.0000 70 11 0.1571
1397.1000 70 12 0.1714
1407.0000 71 12 0.1690
1408.4000 71 13 0.1831
1422.0000 72 13 0.1806
1442.0000 73 13 0.1781
1464.0000 74 13 0.1757
1476.9000 74 14 0.1892
1479.0000 75 14 0.1867
1483.1000 75 15 0.2000
1500.0000 76 15 0.1974
1518.0000 77 15 0.1948
1542.0000 78 15 0.1923
1560.8000 78 16 0.2051
1562.0000 79 16 0.2025
1577.0000 80 16 0.2000
1594.5000 80 17 0.2125
1600.0000 81 17 0.2099
1620.0000 82 17 0.2073
1637.0000 83 17 0.2048
1652.0000 84 17 0.2024
1673.0000 85 17 0.2000
1695.0000 86 17 0.1977
1706.4000 86 18 0.2093
1713.0000 87 18 0.2069
1736.2000 87 19 0.2184
1736.7000 87 20 0.2299
1737.0000 88 20 0.2273
1739.8000 88 21 0.2386
1760.0000 89 21 0.2360
1781.0000 90 21 0.2333
1804.0000 91 21 0.2308
1826.0000 92 21 0.2283
1849.0000 93 21 0.2258
1870.0000 94 21 0.2234
1880.0000 94 22 0.2340
1890.0000 95 22 0.2316
1911.0000 96 22 0.2292
1929.0000 97 22 0.2268
1948.0000 98 22 0.2245
1965.0000 99 22 0.2222
1980.0000 100 22 0.2200
1991.1000 100 23 0.2300
2002.0000 101 23 0.2277
2024.0000 102 23 0.2255
2035.6000 102 24 0.2353
2041.0000 103 24 0.2330
2064.0000 104 24 0.2308
2080.0000 105 24 0.2286
2095.0000 106 24 0.2264
2119.0000 107 24 0.2243
2139.0000 108 24 0.2222
2144.5000 108 25 0.2315
2161.0000 109 25 0.2294
2178.0000 110 25 0.2273
2199.0000 111 25 0.2252
2217.0000 111 26 0.2342
2222.0000 112 26 0.2321
2240.0000 113 26 0.2301
2259.0000 114 26 0.2281
2275.0000 115 26 0.2261
2295.0000 116 26 0.2241
2314.0000 117 26 0.2222
2325.9000 117 27 0.2308
2335.0000 118 27 0.2288
2348.0000 118 28 0.2373
2354.0000 119 28 0.2353
2377.0000 120 28 0.2333
2396.0000 121 28 0.2314
2411.0000 122 28 0.2295
2412.0000 122 29 0.2377
2433.0000 123 29 0.2358
2452.0000 124 29 0.2339
2460.7000 124 30 0.2419
2461.2000 124 31 0.2500
2464.6000 124 32 0.2581
2470.9000 124 33 0.2661
2474.0000 125 33 0.2640
2496.0000 126 33 0.2619
2511.0000 127 33 0.2598
2512.1000 127 34 0.2677
2526.0000 128 34 0.2656
2546.0000 129 34 0.2636
2555.1000 129 35 0.2713
2563.0000 130 35 0.2692
2586.0000 131 35 0.2672
2601.0000 132 35 0.2652
2621.0000 133 35 0.2632
2641.0000 134 35 0.2612
2654.8000 134 36 0.2687
2662.0000 135 36 0.2667
2678.0000 136 36 0.2647
2689.6000 136 37 0.2721
2693.0000 137 37 0.2701
2716.0000 138 37 0.2681
2735.0000 139 37 0.2662
2741.3000 139 38 0.2734
2754.0000 140 38 0.2714
2771.0000 141 38 0.2695
2773.0000 141 39 0.2766
2788.0000 142 39 0.2746
2800.0000 142 40 0.2817
2807.0000 143 40 0.2797
2823.4000 143 41 0.2867
2826.1000 143 42 0.2937
2831.0000 144 42 0.2917
2853.0000 145 42 0.2897
2868.0000 146 42 0.2877
2891.0000 147 42 0.2857
2899.2000 147 43 0.2925
2911.0000 148 43 0.2905
2926.0000 149 43 0.2886
2942.0000 150 43 0.2867
2946.7000 150 44 0.2933
2954.4000 150 45 0.3000
2962.0000 151 45 0.2980
2979.0000 152 45 0.2961
3003.0000 153 45 0.2941
3022.1000 153 46 0.3007
3024.0000 154 46 0.2987
3040.0000 155 46 0.2968
3064.0000 156 46 0.2949
3065.8000 156 47 0.3013
3084.5000 156 48 0.3077
3086.0000 157 48 0.3057
3110.0000 158 48 0.3038
3118.8000 158 49 0.3101
3129.0000 159 49 0.3082
3129.9000 159 50 0.3145
3147.0000 160 50 0.3125
3166.0000 161 50 0.3106
3166.7000 161 51 0.3168
3190.0000 162 51 0.3148
3210.0000 163 51 0.3129
3225.0000 164 51 0.3110
3230.0000 164 52 0.3171
3243.0000 165 52 0.3152
3260.0000 166 52 0.3133
3261.2000 166 53 0.3193
3274.5000 166 54 0.3253
3283.0000 167 54 0.3234
3305.0000 168 54 0.3214
3321.0000 169 54 0.3195
3344.0000 170 54 0.3176
3365.0000 171 54 0.3158
3365.1000 171 55 0.3216
3385.0000 172 55 0.3198
3408.0000 173 55 0.3179
3420.8000 173 56 0.3237
3428.0000 174 56 0.3218
3447.8000 174 57 0.3276
3449.0000 175 57 0.3257
3472.0000 176 57 0.3239
3488.0000 177 57 0.3220
3510.8000 177 58 0.3277
3511.0000 178 58 0.3258
3529.0000 178 59 0.3315
3532.4000 178 60 0.3371
3533.2000 178 61 0.3427
3535.0000 179 61 0.3408
3547.0000 179 62 0.3464
3550.1000 179 63 0.3520
3552.0000 180 63 0.3500
3570.0000 181 63 0.3481
3571.8000 181 64 0.3536
3575.8000 181 65 0.3591
3589.0000 182 65 0.3571
3604.0000 183 65 0.3552
3619.0000 184 65 0.3533
3638.0000 185 65 0.3514
3653.0000 186 65 0.3495
3669.0000 187 65 0.3476
3689.0000 188 65 0.3457
3712.0000 189 65 0.3439
3730.0000 190 65 0.3421
3754.0000 191 65 0.3403
3771.0000 192 65 0.3385
3787.0000 193 65 0.3368
3809.0000 194 65 0.3351
3815.7000 194 66 0.3402
3822.2000 194 67 0.3454
3832.0000 195 67 0.3436
3846.4000 195 68 0.3487
3848.6000 195 69 0.3538
3854.0000 196 69 0.3520
3873.0000 197 69 0.3503
3882.8000 197 70 0.3553
3895.0000 198 70 0.3535
3919.0000 199 70 0.3518
3938.0000 200 70 0.3500
3946.3000 200 71 0.3550
3946.9000 200 72 0.3600
3953.0000 200 73 0.3650
3955.0000 201 73 0.3632
3975.0000 202 73 0.3614
3996.0000 203 73 0.3596
4012.0000 204 73 0.3578
4031.0000 205 73 0.3561
4052.0000 206 73 0.3544
4054.9000 206 74 0.3592
4059.1000 206 75 0.3641
4060.4000 206 76 0.3689
4070.0000 207 76 0.3671
4094.0000 208 76 0.3654
4115.0000 209 76 0.3636
4134.0000 210 76 0.3619
4153.0000 211 76 0.3602
4171.0000 212 76 0.3585
4187.1000 212 77 0.3632
4194.0000 213 77 0.3615
4208.3000 213 78 0.3662
4214.0000 214 78 0.3645
4214.5000 214 79 0.3692
4235.0000 215 79 0.3674
4245.6000 215 80 0.3721
4248.5000 215 81 0.3767
4251.0000 216 81 0.3750
4268.6000 216 82 0.3796
4272.0000 217 82 0.3779
4287.3000 217 83 0.3825
4288.3000 217 84 0.3871
4290.0000 218 84 0.3853
4314.0000 219 84 0.3836
4338.0000 220 84 0.3818
4360.0000 221 84 0.3801
4363.9000 221 85 0.3846
4381.0000 222 85 0.3829
4400.0000 223 85 0.3812
4419.0000 224 85 0.3795
4419.1000 224 86 0.3839
4428.4000 224 87 0.3884
4434.0000 225 87 0.3867
4451.0000 225 88 0.3911
4452.4000 225 89 0.3956
4458.0000 226 89 0.3938
4463.0000 226 90 0.3982
4476.0000 227 90 0.3965
4477.9000 227 91 0.4009
4497.0000 228 91 0.3991
4515.0000 229 91 0.3974
4537.0000 230 91 0.3957
4556.0000 231 91 0.3939
4580.0000 232 91 0.3922
4597.0000 233 91 0.3906
4614.0000 234 91 0.3889
4617.9000 234 92 0.3932
4634.0000 235 92 0.3915
4655.0000 236 92 0.3898
4665.1000 236 93 0.3941
4672.0000 237 93 0.3924
4689.0000 238 93 0.3908
4699.4000 238 94 0.3950
4706.0000 239 94 0.3933
4729.0000 240 94 0.3917
4747.0000 241 94 0.3900
4747.5000 241 95 0.3942
4762.0000 242 95 0.3926
4783.0000 243 95 0.3909
4807.0000 244 95 0.3893
4824.0000 245 95 0.3878
4848.0000 246 95 0.3862
4867.0000 247 95 0.3846
4886.0000 248 95 0.3831
4909.0000 249 95 0.3815
4914.5000 249 96 0.3855
4928.0000 250 96 0.3840
4951.0000 251 96 0.3825
4966.0000 252 96 0.3810
4986.0000 253 96 0.3794
5008.8000 253 97 0.3834
5010.0000 254 97 0.3819
5033.0000 255 97 0.3804
5048.0000 256 97 0.3789
5062.4000 256 98 0.3828
5072.0000 257 98 0.3813
5076.2000 257 99 0.3852
5089.0000 258 99 0.3837
5092.8000 258 100 0.3876
5095.6000 258 101 0.3915
5112.0000 259 101 0.3900
5131.0000 260 101 0.3885
5151.0000 261 101 0.3870
5175.0000 262 101 0.3855
5194.0000 263 101 0.3840
5208.4000 263 102 0.3878
5212.5000 263 103 0.3916
5215.0000 264 103 0.3902
5237.0000 265 103 0.3887
5238.4000 265 104 0.3925
5254.0000 266 104 0.3910
5269.0000 267 104 0.3895
5291.0000 268 104 0.3881
5307.0000 269 104 0.3866
5322.4000 269 105 0.3903
5324.0000 270 105 0.3889
5339.0000 271 105 0.3875
5356.0000 272 105 0.3860
5371.0000 273 105 0.3846
5387.0000 274 105 0.3832
5410.0000 275 105 0.3818
5410.3000 275 106 0.3855
5426.0000 276 106 0.3841
5447.0000 277 106 0.3827
5470.0000 278 106 0.3813
5490.0000 279 106 0.3799
5504.6000 279 107 0.3835
5507.0000 280 107 0.3821
5518.6000 280 108 0.3857
5528.0000 281 108 0.3843
5546.0000 282 108 0.3830
5564.0000 283 108 0.3816
5566.2000 283 109 0.3852
5584.0000 284 109 0.3838
5589.1000 284 110 0.3873
5607.0000 285 110 0.3860
5625.0000 286 110 0.3846
5643.0000 287 110 0.3833
5665.0000 288 110 0.3819
5685.0000 289 110 0.3806
5704.0000 290 110 0.3793
5724.0000 291 110 0.3780
5745.0000 292 110 0.3767
5745.2000 292 111 0.3801
5760.0000 293 111 0.3788
5784.0000 294 111 0.3776
5805.0000 295 111 0.3763
5822.0000 296 111 0.3750
5831.7000 296 112 0.3784
5841.0000 297 112 0.3771
5859.0000 298 112 0.3758
5874.0000 299 112 0.3746
5893.0000 300 112 0.3733
5895.4000 300 113 0.3767
5905.8000 300 114 0.3800
5914.0000 301 114 0.3787
5914.2000 301 115 0.3821
5916.2000 301 116 0.3854
5932.0000 302 116 0.3841
5953.0000 303 116 0.3828
5971.0000 304 116 0.3816
5986.0000 305 116 0.3803
5996.8000 305 117 0.3836
6003.8000 305 118 0.3869
6008.0000 306 118 0.3856
6010.3000 306 119 0.3889
6024.0000 307 119 0.3876
6029.0000 307 120 0.3909
6041.0000 308 120 0.3896
6063.0000 309 120 0.3883
6068.1000 309 121 0.3916
6074.6000 309 122 0.3948
6087.0000 310 122 0.3935
6105.0000 311 122 0.3923
6124.0000 312 122 0.3910
6129.8000 312 123 0.3942
6132.6000 312 124 0.3974
6145.0000 313 124 0.3962
6152.6000 313 125 0.3994
6166.0000 314 125 0.3981
6182.0000 315 125 0.3968
6201.0000 316 125 0.3956
6216.0000 317 125 0.3943
6231.0000 318 125 0.3931
6248.0000 319 125 0.3918
6261.7000 319 126 0.3950
6267.0000 320 126 0.3938
6289.0000 321 126 0.3925
6308.0000 322 126 0.3913
6332.0000 323 126 0.3901
6338.7000 323 127 0.3932
6355.0000 324 127 0.3920
6372.0000 325 127 0.3908
6374.6000 325 128 0.3938
6393.0000 326 128 0.3926
6417.0000 327 128 0.3914
6423.7000 327 129 0.3945
6425.0000 327 130 0.3976
6425.4000 327 131 0.4006
6431.8000 327 132 0.4037
6441.0000 328 132 0.4024
6465.0000 329 132 0.4012
6467.3000 329 133 0.4043
6486.0000 330 133 0.4030
6502.0000 331 133 0.4018
6518.0000 332 133 0.4006
6536.0000 333 133 0.3994
6548.1000 333 134 0.4024
6555.0000 334 134 0.4012
6572.0000 335 134 0.4000
6591.0000 336 134 0.3988
6608.0000 337 134 0.3976
6631.0000 338 134 0.3964
6646.0000 339 134 0.3953
6665.0000 340 134 0.3941
6684.0000 341 134 0.3930
6687.9000 341 135 0.3959
6696.4000 341 136 0.3988
6708.0000 342 136 0.3977
6725.0000 343 136 0.3965
6733.4000 343 137 0.3994
6745.0000 344 137 0.3983
6760.0000 345 137 0.3971
6770.7000 345 138 0.4000
6781.0000 346 138 0.3988
6794.7000 346 139 0.4017
6800.0000 347 139 0.4006
6816.0000 348 139 0.3994
6827.4000 348 140 0.4023
6839.0000 349 140 0.4011
6854.0000 350 140 0.4000
6861.4000 350 141 0.4029
6867.6000 350 142 0.4057
6874.0000 351 142 0.4046
6889.0000 352 142 0.4034
6893.6000 352 143 0.4063
6909.0000 353 143 0.4051
6921.0000 353 144 0.4079
6924.0000 353 145 0.4108
6930.0000 354 145 0.4096
6951.0000 355 145 0.4085
6971.0000 356 145 0.4073
6978.5000 356 146 0.4101
6995.0000 357 146 0.4090
7010.0000 358 146 0.4078
7011.4000 358 147 0.4106
7020.5000 358 148 0.4134
7022.2000 358 149 0.4162
7029.0000 359 149 0.4150
7043.3000 359 150 0.4178
7048.0000 360 150 0.4167
7071.0000 361 150 0.4155
7091.8000 361 151 0.4183
7093.0000 362 151 0.4171
7104.9000 362 152 0.4199
7108.0000 363 152 0.4187
7109.9000 363 153 0.4215
7111.4000 363 154 0.4242
7113.2000 363 155 0.4270
7130.0000 364 155 0.4258
7147.0000 365 155 0.4247
7163.0000 366 155 0.4235
7176.4000 366 156 0.4262
7180.0000 367 156 0.4251
7197.0000 368 156 0.4239
7221.0000 369 156 0.4228
7240.0000 370 156 0.4216
7243.4000 370 157 0.4243
7255.0000 371 157 0.4232
7272.0000 372 157 0.4220
7296.0000 373 157 0.4209
7314.6000 373 158 0.4236
7319.0000 374 158 0.4225
7333.2000 374 159 0.4251
7335.0000 375 159 0.4240
7358.0000 376 159 0.4229
7367.4000 376 160 0.4255
7378.0000 377 160 0.4244
7394.0000 378 160 0.4233
7406.7000 378 161 0.4259
7411.0000 379 161 0.4248
7413.2000 379 162 0.4274
7435.0000 380 162 0.4263
7436.5000 380 163 0.4289
7459.0000 381 163 0.4278
7480.0000 382 163 0.4267
7481.3000 382 164 0.4293
7493.2000 382 165 0.4319
7498.0000 383 165 0.4308
7514.0000 384 165 0.4297
7533.0000 384 166 0.4323
7534.4000 384 167 0.4349
7536.0000 385 167 0.4338
7559.0000 386 167 0.4326
7574.0000 387 167 0.4315
7589.1000 387 168 0.4341
7595.0000 388 168 0.4330
7613.0000 389 168 0.4319
7632.0000 390 168 0.4308
7656.0000 391 168 0.4297
7665.3000 391 169 0.4322
7673.0000 392 169 0.4311
7696.0000 393 169 0.4300
7710.0000 393 170 0.4326
7713.0000 394 170 0.4315
7723.5000 394 171 0.4340
7730.0000 395 171 0.4329
7745.0000 396 171 0.4318
7762.0000 397 171 0.4307
7784.0000 398 171 0.4296
7804.0000 399 171 0.4286
7822.0000 400 171 0.4275
7840.0000 401 171 0.4264
7850.4000 401 172 0.4289
7858.0000 402 172 0.4279
7860.6000 402 173 0.4303
7874.0000 403 173 0.4293
7876.9000 403 174 0.4318
7883.6000 403 175 0.4342
7895.0000 404 175 0.4332
7914.0000 405 175 0.4321
7931.0000 406 175 0.4310
7948.0000 407 175 0.4300
7963.2000 407 176 0.4324
7972.0000 408 176 0.4314
7987.0000 409 176 0.4303
7992.4000 409 177 0.4328
8002.0000 410 177 0.4317
8018.9000 410 178 0.4341
8024.0000 411 178 0.4331
8040.0000 412 178 0.4320
8041.7000 412 179 0.4345
8059.0000 413 179 0.4334
8082.0000 414 179 0.4324
8099.0000 415 179 0.4313
8116.0000 416 179 0.4303
8137.0000 417 179 0.4293
8158.0000 418 179 0.4282
8173.0000 419 179 0.4272
8190.0000 420 179 0.4262
8204.4000 420 180 0.4286
8205.0000 421 180 0.4276
8205.7000 421 181 0.4299
8227.0000 422 181 0.4289
8235.9000 422 182 0.4313
8237.1000 422 183 0.4336
8251.0000 423 183 0.4326
8270.0000 423 184 0.4350
8275.0000 424 184 0.4340
8297.0000 425 184 0.4329
8312.3000 425 185 0.4353
8317.0000 426 185 0.4343
8336.0000 427 185 0.4333
8359.0000 428 185 0.4322
8375.0000 429 185 0.4312
8396.0000 430 185 0.4302
8399.8000 430 186 0.4326
8414.0000 431 186 0.4316
8437.0000 432 186 0.4306
8453.0000 433 186 0.4296
8468.0000 434 186 0.4286
8492.0000 435 186 0.4276
8508.1000 435 187 0.4299
8510.0000 436 187 0.4289
8525.0000 437 187 0.4279
8544.0000 438 187 0.4269
8566.0000 439 187 0.4260
8578.2000 439 188 0.4282
8586.0000 440 188 0.4273
8609.0000 441 188 0.4263
8620.9000 441 189 0.4286
8625.0000 442 189 0.4276
8629.3000 442 190 0.4299
8633.9000 442 191 0.4321
8641.0000 442 192 0.4344
8644.0000 443 192 0.4334
8653.0000 443 193 0.4357
8663.0000 444 193 0.4347
8681.0000 445 193 0.4337
8697.0000 446 193 0.4327
8712.4000 446 194 0.4350
8719.0000 447 194 0.4340
8738.1000 447 195 0.4362
8743.0000 448 195 0.4353
8767.0000 449 195 0.4343
8784.0000 450 195 0.4333
8800.0000 451 195 0.4324
8807.2000 451 196 0.4346
8822.7000 451 197 0.4368
8823.0000 452 197 0.4358
8828.9000 452 198 0.4381
8839.0000 453 198 0.4371
8854.0000 454 198 0.4361
8863.2000 454 199 0.4383
8869.0000 455 199 0.4374
8888.6000 455 200 0.4396
8892.0000 456 200 0.4386
8911.0000 457 200 0.4376
8929.0000 458 200 0.4367
8944.0000 459 200 0.4357
8955.3000 459 201 0.4379
8961.0000 460 201 0.4370
8968.9000 460 202 0.4391
8979.0000 461 202 0.4382
8997.0000 462 202 0.4372
9007.4000 462 203 0.4394
9011.3000 462 204 0.4416
9013.0000 463 204 0.4406
9026.4000 463 205 0.4428
9035.0000 464 205 0.4418
9058.0000 465 205 0.4409
9068.3000 465 206 0.4430
9073.0000 466 206 0.4421
9093.5000 466 207 0.4442
9095.0000 467 207 0.4433
9119.0000 468 207 0.4423
9143.0000 469 207 0.4414
9155.5000 469 208 0.4435
9162.0000 470 208 0.4426
9186.0000 471 208 0.4416
9196.5000 471 209 0.4437
9209.0000 472 209 0.4428
9224.0000 473 209 0.4419
9245.0000 474 209 0.4409
9264.0000 475 209 0.4400
9280.9000 475 210 0.4421
9288.0000 476 210 0.4412
9306.5000 476 211 0.4433
9310.0000 477 211 0.4423
9314.1000 477 212 0.4444
9326.0000 478 212 0.4435
9338.1000 478 213 0.4456
9341.0000 479 213 0.4447
9365.0000 480 213 0.4438
9387.0000 481 213 0.4428
9403.0000 482 213 0.4419
9407.0000 482 214 0.4440
9426.0000 483 214 0.4431
9434.3000 483 215 0.4451
9444.0000 484 215 0.4442
9452.1000 484 216 0.4463
9468.0000 485 216 0.4454
9485.0000 486 216 0.4444
9490.0000 486 217 0.4465
9503.0000 487 217 0.4456
9527.0000 488 217 0.4447
9550.0000 489 217 0.4438
9573.0000 490 217 0.4429
9591.0000 491 217 0.4420
9614.0000 492 217 0.4411
9632.0000 493 217 0.4402
9635.2000 493 218 0.4422
9652.3000 493 219 0.4442
9653.0000 494 219 0.4433
9676.0000 495 219 0.4424
9693.0000 496 219 0.4415
9715.0000 497 219 0.4406
9736.0000 498 219 0.4398
9750.0000 498 220 0.4418
9752.0000 499 220 0.4409
9776.0000 500 220 0.4400
9799.0000 501 220 0.4391
9805.6000 501 221 0.4411
9806.1000 501 222 0.4431
9821.0000 502 222 0.4422
9837.0000 503 222 0.4414
9861.0000 504 222 0.4405
9879.0000 505 222 0.4396
9894.0000 506 222 0.4387
9909.0000 507 222 0.4379
9927.0000 508 222 0.4370
9946.0000 509 222 0.4361
9950.9000 509 223 0.4381
9969.0000 510 223 0.4373
9988.0000 511 223 0.4364
10007.0000 512 223 0.4355
10024.0000 513 223 0.4347
10044.0000 514 223 0.4339
10067.0000 515 223 0.4330
10087.0000 516 223 0.4322
10111.0000 517 223 0.4313
10132.0000 518 223 0.4305
10154.0000 519 223 0.4297
10177.0000 520 223 0.4288
10194.0000 521 223 0.4280
10216.0000 522 223 0.4272
10233.6000 522 224 0.4291
10235.0000 523 224 0.4283
10252.0000 523 225 0.4302
10257.0000 524 225 0.4294
10281.0000 525 225 0.4286
10300.0000 526 225 0.4278
10320.0000 527 225 0.4269
10343.0000 528 225 0.4261
10366.0000 529 225 0.4253
10382.0000 530 225 0.4245
10398.1000 530 226 0.4264
10402.0000 531 226 0.4256
10423.0000 532 226 0.4248
10423.1000 532 227 0.4267
10441.0000 533 227 0.4259
10461.0000 534 227 0.4251
10480.0000 535 227 0.4243
10496.9000 535 228 0.4262
10497.0000 536 228 0.4254
10518.0000 537 228 0.4246
10530.9000 537 229 0.4264
10536.0000 537 230 0.4283
10537.0000 538 230 0.4275
10555.0000 539 230 0.4267
10571.0000 540 230 0.4259
10591.0000 541 230 0.4251
10615.0000 542 230 0.4244
10637.0000 543 230 0.4236
10644.4000 543 231 0.4254
10645.7000 543 232 0.4273
10657.0000 544 232 0.4265
10681.0000 545 232 0.4257
10681.5000 545 233 0.4275
10703.0000 546 233 0.4267
10716.2000 546 234 0.4286
10726.0000 547 234 0.4278
10748.0000 548 234 0.4270
10768.0000 549 234 0.4262
10768.1000 549 235 0.4281
10781.7000 549 236 0.4299
10788.0000 550 236 0.4291
10808.0000 551 236 0.4283
10823.0000 552 236 0.4275
10842.0000 553 236 0.4268
10866.0000 554 236 0.4260
10875.1000 554 237 0.4278
10884.0000 554 238 0.4296
10885.0000 555 238 0.4288
10887.3000 555 239 0.4306
10907.0000 556 239 0.4299
10925.0000 557 239 0.4291
10942.0000 558 239 0.4283
10966.0000 559 239 0.4275
10983.0000 560 239 0.4268
11006.0000 561 239 0.4260
11019.7000 561 240 0.4278
11021.3000 561 241 0.4296
11023.0000 562 241 0.4288
11046.0000 563 241 0.4281
11068.0000 564 241 0.4273
11084.0000 565 241 0.4265
11089.0000 565 242 0.4283
11095.1000 565 243 0.4301
11102.0000 566 243 0.4293
11105.4000 566 244 0.4311
11106.1000 566 245 0.4329
11120.0000 567 245 0.4321
11143.0000 568 245 0.4313
11148.4000 568 246 0.4331
11166.0000 569 246 0.4323
11178.5000 569 247 0.4341
11182.0000 570 247 0.4333
11197.6000 570 248 0.4351
11201.0000 571 248 0.4343
11218.0000 572 248 0.4336
11220.9000 572 249 0.4353
11238.0000 573 249 0.4346
11250.8000 573 250 0.4363
11252.6000 573 251 0.4380
11253.2000 573 252 0.4398
11253.6000 573 253 0.4415
11254.1000 573 254 0.4433
11260.0000 574 254 0.4425
11280.0000 575 254 0.4417
11298.0000 576 254 0.4410
11308.0000 576 255 0.4427
11319.0000 577 255 0.4419
11343.0000 578 255 0.4412
11363.0000 579 255 0.4404
11381.0000 580 255 0.4397
11404.8000 580 256 0.4414
11405.0000 581 256 0.4406
11424.0000 582 256 0.4399
11434.3000 582 257 0.4416
11443.0000 583 257 0.4408
11450.2000 583 258 0.4425
11460.4000 583 259 0.4443
11467.0000 584 259 0.4435
11472.6000 584 260 0.4452
11491.0000 585 260 0.4444
11511.0000 586 260 0.4437
11529.0000 587 260 0.4429
11540.0000 587 261 0.4446
11547.0000 588 261 0.4439
11566.0000 589 261 0.4431
11586.0000 590 261 0.4424
11602.1000 590 262 0.4441
11610.0000 591 262 0.4433
11614.0000 591 263 0.4450
11626.0000 592 263 0.4443
11633.4000 592 264 0.4459
11642.7000 592 265 0.4476
11643.6000 592 266 0.4493
11650.0000 593 266 0.4486
11663.9000 593 267 0.4503
11665.0000 594 267 0.4495
11680.0000 595 267 0.4487
11686.8000 595 268 0.4504
11688.5000 595 269 0.4521
11696.0000 596 269 0.4513
11708.3000 596 270 0.4530
11711.0000 597 270 0.4523
11731.0000 598 270 0.4515
11755.0000 599 270 0.4508
11763.3000 599 271 0.4524
11771.0000 600 271 0.4517
11790.0000 601 271 0.4509
11805.5000 601 272 0.4526
11809.0000 602 272 0.4518
11809.2000 602 273 0.4535
11809.6000 602 274 0.4551
11827.0000 603 274 0.4544
11851.0000 604 274 0.4536
11867.0000 605 274 0.4529
11873.3000 605 275 0.4545
11885.0000 606 275 0.4538
11907.0000 607 275 0.4530
11929.0000 608 275 0.4523
11940.3000 608 276 0.4539
11948.0000 609 276 0.4532
11971.0000 610 276 0.4525
11995.0000 611 276 0.4517
12005.8000 611 277 0.4534
12012.0000 612 277 0.4526
12018.9000 612 278 0.4542
12033.0000 613 278 0.4535
12048.0000 614 278 0.4528
12070.0000 615 278 0.4520
12073.0000 615 279 0.4537
12088.0000 616 279 0.4529
12104.0000 617 279 0.4522
12124.0000 618 279 0.4515
12145.0000 619 279 0.4507
12153.5000 619 280 0.4523
12165.0000 620 280 0.4516
12184.3000 620 281 0.4532
12189.0000 621 281 0.4525
12197.6000 621 282 0.4541
12209.0000 622 282 0.4534
12210.0000 622 283 0.4550
12218.2000 622 284 0.4566
12226.0000 623 284 0.4559
12249.0000 624 284 0.4551
12270.0000 625 284 0.4544
12287.0000 626 284 0.4537
12295.5000 626 285 0.4553
12297.9000 626 286 0.4569
12304.8000 626 287 0.4585
12305.0000 627 287 0.4577
12314.0000 627 288 0.4593
12314.7000 627 289 0.4609
12323.0000 628 289 0.4602
12329.8000 628 290 0.4618
12337.1000 628 291 0.4634
12339.0000 629 291 0.4626
12345.7000 629 292 0.4642
12358.0000 630 292 0.4635
12375.1000 630 293 0.4651
12377.0000 631 293 0.4643
12399.0000 632 293 0.4636
12412.8000 632 294 0.4652
12421.0000 633 294 0.4645
12437.3000 633 295 0.4660
12444.0000 634 295 0.4653
12463.0000 635 295 0.4646
12479.0000 636 295 0.4638
12488.3000 636 296 0.4654
12497.0000 637 296 0.4647
12518.0000 638 296 0.4639
12525.6000 638 297 0.4655
12538.0000 639 297 0.4648
12556.0000 640 297 0.4641
12575.0000 641 297 0.4633
12596.0000 642 297 0.4626
12611.0000 643 297 0.4619
12635.0000 644 297 0.4612
12655.0000 645 297 0.4605
12669.4000 645 298 0.4620
12672.0000 646 298 0.4613
12691.0000 647 298 0.4606
12713.0000 648 298 0.4599
12726.0000 648 299 0.4614
12727.4000 648 300 0.4630
12729.9000 648 301 0.4645
12737.0000 649 301 0.4638
12761.0000 650 301 0.4631
12766.4000 650 302 0.4646
12781.0000 651 302 0.4639
12798.0000 652 302 0.4632
12818.0000 653 302 0.4625
12830.3000 653 303 0.4640
12839.0000 654 303 0.4633
12863.0000 655 303 0.4626
12884.0000 656 303 0.4619
12901.0000 657 303 0.4612
12919.0000 658 303 0.4605
12936.0000 659 303 0.4598
12954.0000 660 303 0.4591
12971.0000 661 303 0.4584
12986.0000 662 303 0.4577
13009.0000 663 303 0.4570
13029.0000 664 303 0.4563
13048.0000 665 303 0.4556
13069.0000 666 303 0.4550
13080.5000 666 304 0.4565
13090.0000 667 304 0.4558
13112.0000 668 304 0.4551
13135.0000 669 304 0.4544
13137.7000 669 305 0.4559
13146.6000 669 306 0.4574
13157.0000 670 306 0.4567
13175.0000 671 306 0.4560
13198.0000 672 306 0.4554
13212.6000 672 307 0.4568
13219.5000 672 308 0.4583
13222.0000 673 308 0.4577
13237.0000 674 308 0.4570
13261.0000 675 308 0.4563
13279.0000 676 308 0.4556
13303.0000 677 308 0.4549
13327.0000 678 308 0.4543
13344.0000 679 308 0.4536
13346.8000 679 309 0.4551
13367.0000 680 309 0.4544
13385.0000 681 309 0.4537
13400.0000 682 309 0.4531
13422.0000 683 309 0.4524
13439.0000 684 309 0.4518
13456.0000 684 310 0.4532
13461.8000 684 311 0.4547
13463.0000 685 311 0.4540
13471.0000 685 312 0.4555
13482.8000 685 313 0.4569
13485.0000 686 313 0.4563
13501.0000 687 313 0.4556
13522.0000 688 313 0.4549
13543.0000 689 313 0.4543
13558.0000 690 313 0.4536
13578.0000 691 313 0.4530
13589.6000 691 314 0.4544
13597.0000 692 314 0.4538
13601.2000 692 315 0.4552
13605.2000 692 316 0.4566
13607.8000 692 317 0.4581
13612.0000 693 317 0.4574
13622.2000 693 318 0.4589
13624.6000 693 319 0.4603
13633.0000 694 319 0.4597
13654.0000 695 319 0.4590
13670.4000 695 320 0.4604
13674.0000 696 320 0.4598
13689.0000 697 320 0.4591
13713.0000 698 320 0.4585
13723.2000 698 321 0.4599
13733.0000 699 321 0.4592
13735.4000 699 322 0.4607
13750.0000 700 322 0.4600
13770.6000 700 323 0.4614
13771.0000 701 323 0.4608
13787.0000 702 323 0.4601
13808.0000 703 323 0.4595
13814.6000 703 324 0.4609
13831.0000 704 324 0.4602
13853.0000 705 324 0.4596
13874.0000 706 324 0.4589
13876.3000 706 325 0.4603
13894.0000 707 325 0.4597
13915.0000 708 325 0.4590
13931.2000 708 326 0.4605
13937.0000 709 326 0.4598
13952.0000 710 326 0.4592
13955.8000 710 327 0.4606
13956.8000 710 328 0.4620
13976.0000 711 328 0.4613
13994.0000 712 328 0.4607
14011.0000 713 328 0.4600
14032.0000 714 328 0.4594
14046.8000 714 329 0.4608
14056.0000 715 329 0.4601
14072.2000 715 330 0.4615
14077.0000 716 330 0.4609
14092.0000 717 330 0.4603
14101.6000 717 331 0.4616
14107.0000 718 331 0.4610
14108.3000 718 332 0.4624
14123.0000 719 332 0.4618
14147.0000 720 332 0.4611
14167.0000 721 332 0.4605
14186.0000 722 332 0.4598
14204.0000 723 332 0.4592
14207.1000 723 333 0.4606
14225.0000 724 333 0.4599
14245.0000 725 333 0.4593
14264.1000 725 334 0.4607
14267.0000 726 334 0.4601
14275.2000 726 335 0.4614
14283.6000 726 336 0.4628
14286.0000 727 336 0.4622
14304.0000 728 336 0.4615
14318.5000 728 337 0.4629
14323.0000 729 337 0.4623
14343.0000 730 337 0.4616
14363.0000 731 337 0.4610
14385.0000 732 337 0.4604
14404.0000 733 337 0.4598
14420.0000 734 337 0.4591
14421.8000 734 338 0.4605
14441.0000 735 338 0.4599
14456.0000 736 338 0.4592
14466.4000 736 339 0.4606
14475.0000 737 339 0.4600
14477.5000 737 340 0.4613
14499.0000 738 340 0.4607
14523.0000 739 340 0.4601
14544.0000 740 340 0.4595
14568.0000 741 340 0.4588
14572.2000 741 341 0.4602
14588.0000 742 341 0.4596
14603.0000 743 341 0.4590
14618.0000 744 341 0.4583
14630.2000 744 342 0.4597
14638.0000 744 343 0.4610
14639.0000 745 343 0.4604
14655.0000 746 343 0.4598
14676.0000 747 343 0.4592
14696.0000 748 343 0.4586
14718.0000 749 343 0.4579
14733.2000 749 344 0.4593
14736.0000 750 344 0.4587
14746.0000 750 345 0.4600
14756.0000 751 345 0.4594
14773.0000 752 345 0.4588
14790.0000 753 345 0.4582
14809.0000 754 345 0.4576
14831.0000 755 345 0.4570
14848.0000 756 345 0.4563
14867.0000 757 345 0.4557
14883.0000 757 346 0.4571
14889.0000 758 346 0.4565
14905.0000 759 346 0.4559
14910.5000 759 347 0.4572
14927.0000 760 347 0.4566
14942.0000 761 347 0.4560
14961.0000 762 347 0.4554
14975.8000 762 348 0.4567
14984.0000 763 348 0.4561
14999.0000 764 348 0.4555
15021.0000 765 348 0.4549
15041.0000 766 348 0.4543
15051.5000 766 349 0.4556
15058.0000 767 349 0.4550
15074.0000 768 349 0.4544
15093.0000 769 349 0.4538
15101.5000 769 350 0.4551
15114.0000 770 350 0.4545
15132.0000 771 350 0.4540
15149.0000 772 350 0.4534
15152.7000 772 351 0.4547
15158.3000 772 352 0.4560
15172.0000 773 352 0.4554
15181.5000 773 353 0.4567
15182.2000 773 354 0.4580
15190.0000 774 354 0.4574
15212.0000 775 354 0.4568
15235.0000 776 354 0.4562
15246.6000 776 355 0.4575
15256.0000 777 355 0.4569
15280.0000 778 355 0.4563
15297.0000 779 355 0.4557
15318.0000 780 355 0.4551
15336.0000 781 355 0.4545
15360.0000 782 355 0.4540
15381.0000 783 355 0.4534
15389.7000 783 356 0.4547
15395.7000 783 357 0.4559
15399.0000 784 357 0.4554
15419.0000 785 357 0.4548
15439.2000 785 358 0.4561
15441.0000 786 358 0.4555
15460.2000 786 359 0.4567
15465.0000 787 359 0.4562
15482.0000 788 359 0.4556
15504.0000 789 359 0.4550
15526.0000 790 359 0.4544
15538.0000 790 360 0.4557
15547.0000 791 360 0.4551
15547.7000 791 361 0.4564
15569.0000 792 361 0.4558
15591.0000 793 361 0.4552
15615.0000 794 361 0.4547
15632.0000 795 361 0.4541
15651.0000 796 361 0.4535
15666.0000 797 361 0.4529
15684.0000 798 361 0.4524
15708.0000 799 361 0.4518
15724.0000 800 361 0.4513
15744.8000 800 362 0.4525
15746.0000 801 362 0.4519
15764.0000 802 362 0.4514
15780.2000 802 363 0.4526
15782.0000 803 363 0.4521
15793.3000 803 364 0.4533
15799.0000 804 364 0.4527
15808.7000 804 365 0.4540
15815.0000 805 365 0.4534
15838.0000 806 365 0.4529
15854.0000 807 365 0.4523
15873.0000 808 365 0.4517
15891.0000 808 366 0.4530
15894.0000 809 366 0.4524
15909.0000 810 366 0.4519
15910.8000 810 367 0.4531
15927.0000 811 367 0.4525
15948.0000 812 367 0.4520
15954.0000 812 368 0.4532
15957.2000 812 369 0.4544
15958.5000 812 370 0.4557
15967.0000 813 370 0.4551
15990.0000 814 370 0.4545
16004.8000 814 371 0.4558
16006.1000 814 372 0.4570
16010.0000 815 372 0.4564
16027.0000 816 372 0.4559
16037.7000 816 373 0.4571
16042.0000 817 373 0.4565
16061.0000 818 373 0.4560
16073.2000 818 374 0.4572
16080.0000 819 374 0.4567
16104.0000 820 374 0.4561
16119.7000 820 375 0.4573
16124.0000 821 375 0.4568
16139.0000 822 375 0.4562
16155.0000 823 375 0.4557
16175.0000 824 375 0.4551
16196.0000 825 375 0.4545
16199.9000 825 376 0.4558
16204.4000 825 377 0.4570
16211.8000 825 378 0.4582
16212.0000 826 378 0.4576
16220.0000 826 379 0.4588
16230.0000 827 379 0.4583
16245.0000 828 379 0.4577
16261.0000 829 379 0.4572
16269.1000 829 380 0.4584
16281.0000 830 380 0.4578
16301.0000 831 380 0.4573
16305.8000 831 381 0.4585
16322.0000 832 381 0.4579
16331.1000 832 382 0.4591
16338.0000 833 382 0.4586
16357.0000 834 382 0.4580
16380.0000 835 382 0.4575
16399.0000 836 382 0.4569
16416.0000 837 382 0.4564
16433.0000 838 382 0.4558
16455.0000 839 382 0.4553
16479.0000 840 382 0.4548
16503.0000 841 382 0.4542
16507.1000 841 383 0.4554
16520.1000 841 384 0.4566
16526.0000 842 384 0.4561
16547.0000 843 384 0.4555
16568.0000 844 384 0.4550
16582.9000 844 385 0.4562
16588.9000 844 386 0.4573
16589.0000 845 386 0.4568
16610.0000 846 386 0.4563
16627.8000 846 387 0.4574
16628.0000 847 387 0.4569
16629.7000 847 388 0.4581
16646.0000 848 388 0.4575
16662.0000 849 388 0.4570
16682.0000 850 388 0.4565
16699.0000 851 388 0.4559
16721.7000 851 389 0.4571
16723.0000 852 389 0.4566
16723.9000 852 390 0.4577
16745.0000 853 390 0.4572
16749.2000 853 391 0.4584
16760.0000 854 391 0.4578
16773.5000 854 392 0.4590
16783.0000 855 392 0.4585
16800.0000 856 392 0.4579
16809.3000 856 393 0.4591
16818.0000 857 393 0.4586
16835.0000 858 393 0.4580
16852.1000 858 394 0.4592
16858.0000 859 394 0.4587
16862.2000 859 395 0.4598
16870.0000 859 396 0.4610
16874.6000 859 397 0.4622
16875.8000 859 398 0.4633
16881.0000 860 398 0.4628
16901.0000 861 398 0.4623
16917.0000 862 398 0.4617
16935.0000 863 398 0.4612
16959.0000 864 398 0.4606
16964.7000 864 399 0.4618
16980.0000 865 399 0.4613
16987.7000 865 400 0.4624
16997.0000 866 400 0.4619
17021.0000 867 400 0.4614
17038.1000 867 401 0.4625
17040.0000 868 401 0.4620
17063.0000 869 401 0.4614
17075.7000 869 402 0.4626
17082.0000 870 402 0.4621
17096.7000 870 403 0.4632
17105.0000 871 403 0.4627
17126.0000 872 403 0.4622
17143.0000 873 403 0.4616
17148.8000 873 404 0.4628
17162.0000 874 404 0.4622
17181.0000 875 404 0.4617
17202.0000 876 404 0.4612
17225.0000 877 404 0.4607
17240.0000 878 404 0.4601
17259.0000 879 404 0.4596
17278.0000 880 404 0.4591
17299.0000 881 404 0.4586
17318.0000 882 404 0.4580
17336.0000 883 404 0.4575
17353.0000 884 404 0.4570
17357.6000 884 405 0.4581
17366.5000 884 406 0.4593
17370.0000 885 406 0.4588
17371.3000 885 407 0.4599
17393.5000 885 408 0.4610
17394.0000 886 408 0.4605
17396.9000 886 409 0.4616
17416.0000 887 409 0.4611
17439.0000 888 409 0.4606
17454.0000 889 409 0.4601
17466.7000 889 410 0.4612
17469.2000 889 411 0.4623
17477.0000 890 411 0.4618
17497.0000 891 411 0.4613
17515.0000 892 411 0.4608
17535.0000 893 411 0.4602
17557.4000 893 412 0.4614
17558.0000 894 412 0.4609
17574.0000 895 412 0.4603
17598.0000 896 412 0.4598
17619.0000 897 412 0.4593
17639.0000 898 412 0.4588
17654.0000 899 412 0.4583
17655.9000 899 413 0.4594
17672.0000 900 413 0.4589
17690.0000 901 413 0.4584
17710.0000 902 413 0.4579
17734.0000 903 413 0.4574
17751.0000 904 413 0.4569
17758.1000 904 414 0.4580
17773.8000 904 415 0.4591
17774.0000 905 415 0.4586
17793.0000 906 415 0.4581
17808.0000 907 415 0.4576
17816.2000 907 416 0.4587
17826.0000 908 416 0.4581
17846.0000 909 416 0.4576
17864.0000 910 416 0.4571
17884.0000 911 416 0.4566
17899.0000 912 416 0.4561
17917.0000 913 416 0.4556
17934.5000 913 417 0.4567
17934.7000 913 418 0.4578
17936.0000 914 418 0.4573
17951.1000 914 419 0.4584
17954.2000 914 420 0.4595
17958.0000 915 420 0.4590
17976.0000 916 420 0.4585
18000.0000 917 420 0.4580
18018.8000 917 421 0.4591
18021.0000 918 421 0.4586
18040.0000 919 421 0.4581
18059.0000 920 421 0.4576
18077.0000 921 421 0.4571
18092.0000 922 421 0.4566
18112.1000 922 422 0.4577
18113.0000 923 422 0.4572
18123.1000 923 423 0.4583
18126.3000 923 424 0.4594
18132.0000 924 424 0.4589
18155.0000 925 424 0.4584
18169.3000 925 425 0.4595
18177.0000 926 425 0.4590
18192.0000 927 425 0.4585
18214.0000 928 425 0.4580
18221.6000 928 426 0.4591
18236.0000 929 426 0.4586
18259.0000 930 426 0.4581
18275.0000 931 426 0.4576
18298.0000 932 426 0.4571
18321.0000 933 426 0.4566
18340.0000 934 426 0.4561
18342.8000 934 427 0.4572
18353.1000 934 428 0.4582
18364.0000 935 428 0.4578
18369.1000 935 429 0.4588
18383.0000 936 429 0.4583
18401.8000 936 430 0.4594
18402.0000 937 430 0.4589
18425.0000 938 430 0.4584
18449.0000 939 430 0.4579
18457.4000 939 431 0.4590
18473.0000 940 431 0.4585
18488.0000 941 431 0.4580
18510.4000 941 432 0.4591
18512.0000 942 432 0.4586
18534.0000 943 432 0.4581
18549.0000 944 432 0.4576
18570.0000 945 432 0.4571
18575.1000 945 433 0.4582
18590.0000 946 433 0.4577
18613.0000 947 433 0.4572
18628.8000 947 434 0.4583
18632.0000 948 434 0.4578
18641.6000 948 435 0.4589
18653.0000 949 435 0.4584
18661.2000 949 436 0.4594
18677.0000 950 436 0.4589
18696.0000 951 436 0.4585
18715.0000 952 436 0.4580
18735.6000 952 437 0.4590
18738.0000 953 437 0.4586
18753.0000 954 437 0.4581
18768.0000 955 437 0.4576
18783.2000 955 438 0.4586
18785.7000 955 439 0.4597
18786.0000 956 439 0.4592
18809.0000 957 439 0.4587
18828.0000 958 439 0.4582
18842.2000 958 440 0.4593
18845.0000 959 440 0.4588
18862.0000 960 440 0.4583
18884.0000 961 440 0.4579
18892.6000 961 441 0.4589
18894.5000 961 442 0.4599
18899.0000 962 442 0.4595
18899.1000 962 443 0.4605
18922.0000 963 443 0.4600
18939.0000 964 443 0.4595
18956.0000 965 443 0.4591
18962.7000 965 444 0.4601
18977.0000 966 444 0.4596
18993.0000 967 444 0.4592
19015.0000 968 444 0.4587
19032.5000 968 445 0.4597
19037.0000 969 445 0.4592
19043.9000 969 446 0.4603
19055.0000 970 446 0.4598
19072.0000 971 446 0.4593
19087.0000 972 446 0.4588
19095.8000 972 447 0.4599
19108.0000 973 447 0.4594
19111.3000 973 448 0.4604
19129.0000 974 448 0.4600
19151.0000 975 448 0.4595
19161.8000 975 449 0.4605
19173.0000 976 449 0.4600
19181.2000 976 450 0.4611
19190.2000 976 451 0.4621
19192.0000 977 451 0.4616
19194.4000 977 452 0.4626
19211.0000 978 452 0.4622
19231.0000 979 452 0.4617
19254.0000 980 452 0.4612
19277.0000 981 452 0.4608
19301.0000 982 452 0.4603
19313.4000 982 453 0.4613
19316.0000 983 453 0.4608
19340.0000 984 453 0.4604
19355.0000 985 453 0.4599
19373.0000 986 453 0.4594
19391.0000 987 453 0.4590
19394.1000 987 454 0.4600
19406.0000 988 454 0.4595
19419.1000 988 455 0.4605
19423.0000 989 455 0.4601
19439.0000 990 455 0.4596
19455.0000 991 455 0.4591
19466.8000 991 456 0.4601
19470.5000 991 457 0.4612
19477.4000 991 458 0.4622
19479.0000 992 458 0.4617
19497.0000 993 458 0.4612
19521.0000 994 458 0.4608
19527.5000 994 459 0.4618
19542.0000 995 459 0.4613
19565.0000 996 459 0.4608
19586.0000 997 459 0.4604
19595.7000 997 460 0.4614
19601.0000 998 460 0.4609
19621.8000 998 461 0.4619
19622.0000 999 461 0.4615
19623.5000 999 462 0.4625
19641.0000 1000 462 0.4620
19660.0000 1001 462 0.4615
19677.0000 1002 462 0.4611
19687.4000 1002 463 0.4621
19692.0000 1003 463 0.4616
19716.0000 1004 463 0.4612
19716.5000 1004 464 0.4622
19739.0000 1005 464 0.4617
19755.0000 1006 464 0.4612
19770.0000 1007 464 0.4608
19779.2000 1007 465 0.4618
19784.4000 1007 466 0.4628
19786.5000 1007 467 0.4638
19792.0000 1008 467 0.4633
19803.9000 1008 468 0.4643
19815.0000 1009 468 0.4638
19816.1000 1009 469 0.4648
19826.0000 1009 470 0.4658
19833.0000 1010 470 0.4653
19852.0000 1011 470 0.4649
19855.1000 1011 471 0.4659
19876.0000 1012 471 0.4654
19891.0000 1013 471 0.4650
19908.0000 1014 471 0.4645
19910.2000 1014 472 0.4655
19924.9000 1014 473 0.4665
19932.0000 1015 473 0.4660
19956.0000 1016 473 0.4656
19968.8000 1016 474 0.4665
19970.9000 1016 475 0.4675
19972.0000 1016 476 0.4685
19973.1000 1016 477 0.4695
19976.0000 1017 477 0.4690
19994.8000 1017 478 0.4700
19998.0000 1018 478 0.4695
20006.6000 1018 479 0.4705
20019.0000 1019 479 0.4701
20027.4000 1019 480 0.4711
20034.0000 1020 480 0.4706
20039.7000 1020 481 0.4716
20045.0000 1020 482 0.4725
20054.8000 1020 483 0.4735
20057.0000 1021 483 0.4731
20071.2000 1021 484 0.4740
20075.0000 1022 484 0.4736
20094.0000 1023 484 0.4731
20097.1000 1023 485 0.4741
20106.8000 1023 486 0.4751
20118.0000 1024 486 0.4746
20132.1000 1024 487 0.4756
20135.0000 1025 487 0.4751
20145.1000 1025 488 0.4761
20157.0000 1026 488 0.4756
20179.0000 1027 488 0.4752
20190.8000 1027 489 0.4761
20196.4000 1027 490 0.4771
20197.0000 1028 490 0.4767
20201.3000 1028 491 0.4776
20221.0000 1029 491 0.4772
20237.0000 1030 491 0.4767
20259.0000 1031 491 0.4762
20276.0000 1032 491 0.4758
20293.0000 1033 491 0.4753
20298.3000 1033 492 0.4763
20307.7000 1033 493 0.4773
20308.0000 1034 493 0.4768
20321.5000 1034 494 0.4778
20327.0000 1035 494 0.4773
20350.0000 1036 494 0.4768
20366.0000 1037 494 0.4764
20373.6000 1037 495 0.4773
20385.0000 1038 495 0.4769
20394.6000 1038 496 0.4778
20401.0000 1039 496 0.4774
20421.0000 1040 496 0.4769
20437.0000 1041 496 0.4765
20457.7000 1041 497 0.4774
20461.0000 1042 497 0.4770
20475.9000 1042 498 0.4779
20485.0000 1043 498 0.4775
20496.7000 1043 499 0.4784
20505.8000 1043 500 0.4794
20508.0000 1044 500 0.4789
20532.0000 1045 500 0.4785
20549.1000 1045 501 0.4794
20554.0000 1046 501 0.4790
20558.0000 1046 502 0.4799
20576.0000 1047 502 0.4795
20588.0000 1047 503 0.4804
20590.2000 1047 504 0.4814
20594.0000 1048 504 0.4809
20611.0000 1049 504 0.4805
20617.1000 1049 505 0.4814
20635.0000 1050 505 0.4810
20655.0000 1051 505 0.4805
20673.0000 1052 505 0.4800
20677.5000 1052 506 0.4810
20679.0000 1052 507 0.4819
20691.0000 1053 507 0.4815
20693.0000 1053 508 0.4824
20695.6000 1053 509 0.4834
20706.0000 1054 509 0.4829
20724.0000 1055 509 0.4825
20744.0000 1056 509 0.4820
20761.3000 1056 510 0.4830
20766.0000 1057 510 0.4825
20782.0000 1058 510 0.4820
20789.7000 1058 511 0.4830
20800.0000 1059 511 0.4825
20821.0000 1060 511 0.4821
20839.1000 1060 512 0.4830
20844.0000 1061 512 0.4826
20849.6000 1061 513 0.4835
20856.1000 1061 514 0.4844
20857.6000 1061 515 0.4854
20858.7000 1061 516 0.4863
20864.0000 1062 516 0.4859
20888.0000 1063 516 0.4854
20901.9000 1063 517 0.4864
20911.0000 1064 517 0.4859
20922.6000 1064 518 0.4868
20931.0000 1065 518 0.4864
20948.1000 1065 519 0.4873
20952.0000 1066 519 0.4869
20956.3000 1066 520 0.4878
20968.0000 1067 520 0.4873
20982.3000 1067 521 0.4883
20984.5000 1067 522 0.4892
20987.6000 1067 523 0.4902
20988.9000 1067 524 0.4911
20990.0000 1068 524 0.4906
21007.0000 1069 524 0.4902
21008.6000 1069 525 0.4911
21021.5000 1069 526 0.4920
21031.0000 1070 526 0.4916
21055.0000 1071 526 0.4911
21077.0000 1072 526 0.4907
21092.0000 1073 526 0.4902
21097.1000 1073 527 0.4911
21116.0000 1074 527 0.4907
21122.7000 1074 528 0.4916
21124.2000 1074 529 0.4926
21127.9000 1074 530 0.4935
21128.7000 1074 531 0.4944
21132.0000 1075 531 0.4940
21136.7000 1075 532 0.4949
21145.5000 1075 533 0.4958
21148.0000 1076 533 0.4954
21149.8000 1076 534 0.4963
21166.0000 1077 534 0.4958
21184.0000 1078 534 0.4954
21184.8000 1078 535 0.4963
21186.2000 1078 536 0.4972
21189.4000 1078 537 0.4981
21189.7000 1078 538 0.4991
21204.0000 1079 538 0.4986
21214.9000 1079 539 0.4995
21223.0000 1080 539 0.4991
21225.1000 1080 540 0.5000
21227.3000 1080 541 0.5009
21229.7000 1080 542 0.5019
21235.3000 1080 543 0.5028
21247.0000 1081 543 0.5023
21271.0000 1082 543 0.5018
21275.3000 1082 544 0.5028
21283.8000 1082 545 0.5037
21292.0000 1083 545 0.5032
21309.0000 1084 545 0.5028
21327.0000 1085 545 0.5023
21333.9000 1085 546 0.5032
21334.4000 1085 547 0.5041
21351.0000 1086 547 0.5037
21351.5000 1086 548 0.5046
21352.5000 1086 549 0.5055
21358.5000 1086 550 0.5064
21367.7000 1086 551 0.5074
21368.0000 1087 551 0.5069
21370.7000 1087 552 0.5078
21387.0000 1088 552 0.5074
21397.0000 1088 553 0.5083
21407.0000 1089 553 0.5078
21424.0000 1090 553 0.5073
21444.0000 1091 553 0.5069
21460.9000 1091 554 0.5078
21462.5000 1091 555 0.5087
21463.0000 1092 555 0.5082
21464.2000 1092 556 0.5092
21474.8000 1092 557 0.5101
21483.0000 1093 557 0.5096
21491.0000 1093 558 0.5105
21505.0000 1094 558 0.5101
21518.7000 1094 559 0.5110
21523.0000 1095 559 0.5105
21539.0000 1096 559 0.5100
21551.5000 1096 560 0.5109
21556.0000 1097 560 0.5105
21577.0000 1098 560 0.5100
21599.0000 1099 560 0.5096
21600.5000 1099 561 0.5105
21615.0000 1100 561 0.5100
21622.0000 1100 562 0.5109
21632.0000 1101 562 0.5104
21648.0000 1102 562 0.5100
21665.0000 1103 562 0.5095
21683.5000 1103 563 0.5104
21689.0000 1104 563 0.5100
21693.0000 1104 564 0.5109
21707.0000 1105 564 0.5104
21713.3000 1105 565 0.5113
21714.3000 1105 566 0.5122
21731.0000 1106 566 0.5118
21755.0000 1107 566 0.5113
21777.0000 1108 566 0.5108
21794.0000 1109 566 0.5104
21807.1000 1109 567 0.5113
21818.0000 1110 567 0.5108
21837.0000 1111 567 0.5104
21839.3000 1111 568 0.5113
21860.0000 1112 568 0.5108
21883.0000 1113 568 0.5103
21886.1000 1113 569 0.5112
21898.0000 1114 569 0.5108
21902.2000 1114 570 0.5117
21916.0000 1115 570 0.5112
21939.0000 1116 570 0.5108
21941.3000 1116 571 0.5116
21949.4000 1116 572 0.5125
21951.7000 1116 573 0.5134
21960.0000 1117 573 0.5130
21971.6000 1117 574 0.5139
21973.7000 1117 575 0.5148
21976.0000 1118 575 0.5143
21999.0000 1119 575 0.5139
22018.1000 1119 576 0.5147
22022.0000 1120 576 0.5143
22024.6000 1120 577 0.5152
22039.6000 1120 578 0.5161
22041.0000 1121 578 0.5156
22045.4000 1121 579 0.5165
22050.4000 1121 580 0.5174
22061.0000 1122 580 0.5169
22078.0000 1123 580 0.5165
22101.0000 1124 580 0.5160
22121.0000 1125 580 0.5156
22134.7000 1125 581 0.5164
22140.0000 1126 581 0.5160
22143.1000 1126 582 0.5169
22159.0000 1127 582 0.5164
22165.8000 1127 583 0.5173
22172.5000 1127 584 0.5182
22181.8000 1127 585 0.5191
22183.0000 1128 585 0.5186
22199.0000 1129 585 0.5182
22213.1000 1129 586 0.5190
22218.0000 1130 586 0.5186
22242.0000 1131 586 0.5181
22259.1000 1131 587 0.5190
22262.1000 1131 588 0.5199
22263.0000 1132 588 0.5194
22281.0000 1133 588 0.5190
22304.0000 1134 588 0.5185
22322.0000 1135 588 0.5181
22326.5000 1135 589 0.5189
22329.9000 1135 590 0.5198
22342.7000 1135 591 0.5207
22344.1000 1135 592 0.5216
22346.0000 1136 592 0.5211
22363.0000 1137 592 0.5207
22370.8000 1137 593 0.5215
22385.0000 1138 593 0.5211
22391.4000 1138 594 0.5220
22405.0000 1139 594 0.5215
22420.0000 1140 594 0.5211
22429.9000 1140 595 0.5219
22431.7000 1140 596 0.5228
22444.0000 1141 596 0.5223
22445.7000 1141 597 0.5232
22454.8000 1141 598 0.5241
22464.0000 1142 598 0.5236
22482.0000 1143 598 0.5232
22486.0000 1143 599 0.5241
22500.0000 1144 599 0.5236
22513.8000 1144 600 0.5245
22521.0000 1145 600 0.5240
22521.9000 1145 601 0.5249
22543.6000 1145 602 0.5258
22544.0000 1146 602 0.5253
22560.0000 1147 602 0.5248
22570.0000 1147 603 0.5257
22578.0000 1148 603 0.5253
22581.7000 1148 604 0.5261
22594.1000 1148 605 0.5270
22595.0000 1149 605 0.5265
22604.3000 1149 606 0.5274
22613.0000 1150 606 0.5270
22628.0000 1151 606 0.5265
22648.0000 1152 606 0.5260
22666.0000 1153 606 0.5256
22682.0000 1154 606 0.5251
22698.0000 1155 606 0.5247
22713.0000 1156 606 0.5242
22717.4000 1156 607 0.5251
22729.0000 1156 608 0.5260
22735.0000 1157 608 0.5255
22751.7000 1157 609 0.5264
22752.3000 1157 610 0.5272
22758.0000 1158 610 0.5268
22779.0000 1159 610 0.5263
22799.0000 1160 610 0.5259
22802.8000 1160 611 0.5267
22805.7000 1160 612 0.5276
22808.1000 1160 613 0.5284
22820.0000 1161 613 0.5280
22825.3000 1161 614 0.5289
22835.0000 1162 614 0.5284
22850.0000 1163 614 0.5279
22850.5000 1163 615 0.5288
22869.0000 1164 615 0.5284
22891.0000 1165 615 0.5279
22913.0000 1166 615 0.5274
22913.5000 1166 616 0.5283
22916.9000 1166 617 0.5292
22919.0000 1166 618 0.5300
22922.1000 1166 619 0.5309
22931.0000 1167 619 0.5304
22954.0000 1168 619 0.5300
22971.0000 1169 619 0.5295
22978.7000 1169 620 0.5304
22980.6000 1169 621 0.5312
22991.0000 1170 621 0.5308
23002.4000 1170 622 0.5316
23003.0000 1170 623 0.5325
23006.7000 1170 624 0.5333
23007.0000 1171 624 0.5329
23012.4000 1171 625 0.5337
23031.0000 1172 625 0.5333
23038.8000 1172 626 0.5341
23047.0000 1173 626 0.5337
23047.9000 1173 627 0.5345
23051.2000 1173 628 0.5354
23051.9000 1173 629 0.5362
23070.0000 1174 629 0.5358
23080.2000 1174 630 0.5366
23085.0000 1175 630 0.5362
23106.0000 1176 630 0.5357
23120.0000 1176 631 0.5366
23121.9000 1176 632 0.5374
23125.1000 1176 633 0.5383
23127.0000 1177 633 0.5378
23147.3000 1177 634 0.5387
23149.0000 1178 634 0.5382
23154.6000 1178 635 0.5390
23155.6000 1178 636 0.5399
23165.0000 1179 636 0.5394
23179.9000 1179 637 0.5403
23180.0000 1180 637 0.5398
23183.0000 1180 638 0.5407
23198.0000 1181 638 0.5402
23214.0000 1182 638 0.5398
23234.9000 1182 639 0.5406
23238.0000 1183 639 0.5402
23252.6000 1183 640 0.5410
23256.3000 1183 641 0.5418
23258.0000 1184 641 0.5414
23268.5000 1184 642 0.5422
23280.0000 1185 642 0.5418
23295.0000 1186 642 0.5413
23304.1000 1186 643 0.5422
23319.0000 1187 643 0.5417
23339.0000 1188 643 0.5412
23360.0000 1189 643 0.5408
23371.1000 1189 644 0.5416
23377.0000 1190 644 0.5412
23393.0000 1191 644 0.5407
23395.1000 1191 645 0.5416
23409.0000 1192 645 0.5411
23428.0000 1193 645 0.5407
23433.5000 1193 646 0.5415
23445.0000 1194 646 0.5410
23450.8000 1194 647 0.5419
23451.3000 1194 648 0.5427
23463.8000 1194 649 0.5436
23464.0000 1195 649 0.5431
23466.7000 1195 650 0.5439
23471.5000 1195 651 0.5448
23482.0000 1196 651 0.5443
23498.0000 1197 651 0.5439
23501.9000 1197 652 0.5447
23516.0000 1198 652 0.5442
23528.2000 1198 653 0.5451
23532.0000 1199 653 0.5446
23542.1000 1199 654 0.5455
23545.4000 1199 655 0.5463
23547.0000 1200 655 0.5458
23558.7000 1200 656 0.5467
23565.9000 1200 657 0.5475
23565.9000 1200 658 0.5483
23568.0000 1201 658 0.5479
23574.9000 1201 659 0.5487
23589.0000 1202 659 0.5483
23595.6000 1202 660 0.5491
23613.0000 1203 660 0.5486
23622.5000 1203 661 0.5495
23624.0000 1203 662 0.5503
23629.0000 1204 662 0.5498
23633.1000 1204 663 0.5507
23637.2000 1204 664 0.5515
23641.9000 1204 665 0.5523
23645.4000 1204 666 0.5532
23647.0000 1205 666 0.5527
23660.6000 1205 667 0.5535
23662.0000 1206 667 0.5531
23663.9000 1206 668 0.5539
23681.0000 1207 668 0.5534
23681.1000 1207 669 0.5543
23687.9000 1207 670 0.5551
23702.0000 1208 670 0.5546
23710.9000 1208 671 0.5555
23712.8000 1208 672 0.5563
23726.0000 1209 672 0.5558
23730.2000 1209 673 0.5567
23741.0000 1210 673 0.5562
23747.4000 1210 674 0.5570
23752.3000 1210 675 0.5579
23760.0000 1211 675 0.5574
23769.2000 1211 676 0.5582
23770.4000 1211 677 0.5590
23778.0000 1212 677 0.5586
23798.0000 1213 677 0.5581
23817.0000 1214 677 0.5577
23837.0000 1215 677 0.5572
23842.4000 1215 678 0.5580
23843.7000 1215 679 0.5588
23845.1000 1215 680 0.5597
23859.0000 1216 680 0.5592
23874.0000 1217 680 0.5588
23895.0000 1218 680 0.5583
23906.0000 1218 681 0.5591
23909.0000 1218 682 0.5599
23916.0000 1219 682 0.5595
23925.1000 1219 683 0.5603
23929.7000 1219 684 0.5611
23930.3000 1219 685 0.5619
23937.0000 1220 685 0.5615
23938.2000 1220 686 0.5623
23961.0000 1221 686 0.5618
23978.4000 1221 687 0.5627
23981.0000 1222 687 0.5622
23985.1000 1222 688 0.5630
23991.2000 1222 689 0.5638
24004.0000 1223 689 0.5634
24011.7000 1223 690 0.5642
24022.2000 1223 691 0.5650
24026.0000 1224 691 0.5645
24040.5000 1224 692 0.5654
24042.9000 1224 693 0.5662
24043.0000 1225 693 0.5657
24047.2000 1225 694 0.5665
24051.3000 1225 695 0.5673
24062.0000 1226 695 0.5669
24077.5000 1226 696 0.5677
24079.0000 1227 696 0.5672
24082.7000 1227 697 0.5681
24095.0000 1228 697 0.5676
24103.6000 1228 698 0.5684
24110.0000 1229 698 0.5679
24134.0000 1230 698 0.5675
24140.5000 1230 699 0.5683
24157.0000 1231 699 0.5678
24179.0000 1232 699 0.5674
24189.3000 1232 700 0.5682
24203.0000 1233 700 0.5677
24222.0000 1234 700 0.5673
24239.4000 1234 701 0.5681
24245.0000 1235 701 0.5676
24251.5000 1235 702 0.5684
24262.0000 1236 702 0.5680
24286.0000 1237 702 0.5675
24305.0000 1238 702 0.5670
24312.2000 1238 703 0.5679
24326.0000 1239 703 0.5674
24341.7000 1239 704 0.5682
24349.0000 1240 704 0.5677
24368.0000 1241 704 0.5673
24369.3000 1241 705 0.5681
24379.5000 1241 706 0.5689
24383.0000 1242 706 0.5684
24407.0000 1243 706 0.5680
24410.4000 1243 707 0.5688
24413.2000 1243 708 0.5696
24419.4000 1243 709 0.5704
24427.0000 1244 709 0.5699
24444.1000 1244 710 0.5707
24445.2000 1244 711 0.5715
24447.0000 1245 711 0.5711
24468.0000 1246 711 0.5706
24476.1000 1246 712 0.5714
24483.1000 1246 713 0.5722
24490.0000 1247 713 0.5718
24507.8000 1247 714 0.5726
24514.0000 1248 714 0.5721
24516.0000 1248 715 0.5729
24530.0000 1249 715 0.5725
24538.9000 1249 716 0.5733
24553.0000 1250 716 0.5728
24568.0000 1251 716 0.5723
24570.6000 1251 717 0.5731
24591.0000 1252 717 0.5727
24605.8000 1252 718 0.5735
24607.0000 1253 718 0.5730
24624.0000 1254 718 0.5726
24641.0000 1255 718 0.5721
24656.0000 1256 718 0.5717
24660.0000 1256 719 0.5725
24677.0000 1257 719 0.5720
24693.0000 1258 719 0.5715
24699.7000 1258 720 0.5723
24712.0000 1259 720 0.5719
24736.0000 1260 720 0.5714
24751.0000 1261 720 0.5710
24768.0000 1262 720 0.5705
24780.0000 1262 721 0.5713
24790.0000 1263 721 0.5709
24809.0000 1264 721 0.5704
24824.0000 1265 721 0.5700
24844.0000 1266 721 0.5695
24867.0000 1267 721 0.5691
24870.4000 1267 722 0.5699
24874.7000 1267 723 0.5706
24883.0000 1268 723 0.5702
24899.5000 1268 724 0.5710
24903.2000 1268 725 0.5718
24905.1000 1268 726 0.5726
24906.0000 1269 726 0.5721
24921.0000 1270 726 0.5717
24945.0000 1271 726 0.5712
24963.0000 1272 726 0.5708
24980.0000 1273 726 0.5703
24999.0000 1274 726 0.5699
25000.5000 1274 727 0.5706
25011.2000 1274 728 0.5714
25015.0000 1275 728 0.5710
25027.5000 1275 729 0.5718
25034.0000 1276 729 0.5713
25035.8000 1276 730 0.5721
25041.4000 1276 731 0.5729
25055.0000 1277 731 0.5724
25068.4000 1277 732 0.5732
25074.0000 1278 732 0.5728
25095.0000 1279 732 0.5723
25107.0000 1279 733 0.5731
25116.1000 1279 734 0.5739
25116.1000 1279 735 0.5747
25119.0000 1280 735 0.5742
25138.0000 1281 735 0.5738
25146.7000 1281 736 0.5746
25162.0000 1282 736 0.5741
25168.4000 1282 737 0.5749
25183.0000 1283 737 0.5744
