# time  created  delivered  delivered/created
22.0000 1 0 0.0000
38.0000 2 0 0.0000
54.0000 3 0 0.0000
72.0000 4 0 0.0000
94.0000 5 0 0.0000
110.0000 6 0 0.0000
133.0000 7 0 0.0000
153.0000 8 0 0.0000
175.0000 9 0 0.0000
191.0000 10 0 0.0000
210.0000 11 0 0.0000
225.0000 12 0 0.0000
249.0000 13 0 0.0000
265.0000 14 0 0.0000
281.0000 15 0 0.0000
304.0000 16 0 0.0000
328.0000 17 0 0.0000
343.0000 18 0 0.0000
367.0000 19 0 0.0000
382.0000 20 0 0.0000
399.0000 21 0 0.0000
420.0000 22 0 0.0000
439.0000 23 0 0.0000
458.0000 24 0 0.0000
480.0000 25 0 0.0000
497.0000 26 0 0.0000
515.0000 27 0 0.0000
538.0000 28 0 0.0000
562.0000 29 0 0.0000
581.0000 30 0 0.0000
583.9000 30 1 0.0333
603.0000 31 1 0.0323
625.0000 32 1 0.0313
643.1000 32 2 0.0625
646.0000 33 2 0.0606
661.6000 33 3 0.0909
667.0000 34 3 0.0882
685.0000 35 3 0.0857
691.0000 35 4 0.1143
700.0000 36 4 0.1111
713.4000 36 5 0.1389
722.0000 37 5 0.1351
741.0000 38 5 0.1316
764.0000 39 5 0.1282
784.0000 40 5 0.1250
786.4000 40 6 0.1500
806.0000 41 6 0.1463
829.0000 42 6 0.1429
851.0000 43 6 0.1395
873.0000 44 6 0.1364
895.0000 45 6 0.1333
904.3000 45 7 0.1556
918.0000 46 7 0.1522
941.0000 47 7 0.1489
957.0000 48 7 0.1458
975.0000 49 7 0.1429
998.0000 50 7 0.1400
1018.0000 51 7 0.1373
1040.0000 52 7 0.1346
1056.0000 53 7 0.1321
1077.0000 54 7 0.1296
1096.0000 55 7 0.1273
1117.0000 56 7 0.1250
1137.0000 57 7 0.1228
1159.0000 58 7 0.1207
1179.0000 59 7 0.1186
1193.3000 59 8 0.1356
1201.0000 60 8 0.1333
1216.0000 61 8 0.1311
1225.2000 61 9 0.1475
1226.1000 61 10 0.1639
1232.0000 62 10 0.1613
1251.0000 63 10 0.1587
1268.0000 64 10 0.1563
1287.0000 65 10 0.1538
1308.0000 66 10 0.1515
1327.0000 67 10 0.1493
1342.0000 68 10 0.1471
1364.0000 69 10 0.1449
1381.1000 69 11 0.1594
1388.0000 70 11 0.1571
1397.1000 70 12 0.1714
1407.0000 71 12 0.1690
1408.4000 71 13 0.1831
1422.0000 72 13 0.1806
1442.0000 73 13 0.1781
1464.0000 74 13 0.1757
1477.6000 74 14 0.1892
1479.0000 75 14 0.1867
1483.1000 75 15 0.2000
1500.0000 76 15 0.1974
1518.0000 77 15 0.1948
1542.0000 78 15 0.1923
1560.8000 78 16 0.2051
1562.0000 79 16 0.2025
1577.0000 80 16 0.2000
1594.5000 80 17 0.2125
1600.0000 81 17 0.2099
1620.0000 82 17 0.2073
1637.0000 83 17 0.2048
1652.0000 84 17 0.2024
1673.0000 85 17 0.2000
1695.0000 86 17 0.1977
1707.0000 86 18 0.2093
1709.8000 86 19 0.2209
1713.0000 87 19 0.2184
1736.2000 87 20 0.2299
1737.0000 88 20 0.2273
1739.4000 88 21 0.2386
1739.8000 88 22 0.2500
1760.0000 89 22 0.2472
1781.0000 90 22 0.2444
1804.0000 91 22 0.2418
1812.7000 91 23 0.2527
1826.0000 92 23 0.2500
1849.0000 93 23 0.2473
1870.0000 94 23 0.2447
1880.0000 94 24 0.2553
1882.8000 94 25 0.2660
1890.0000 95 25 0.2632
1911.0000 96 25 0.2604
1929.0000 97 25 0.2577
1948.0000 98 25 0.2551
1965.0000 99 25 0.2525
1980.0000 100 25 0.2500
2002.0000 101 25 0.2475
2024.0000 102 25 0.2451
2035.6000 102 26 0.2549
2041.0000 103 26 0.2524
2064.0000 104 26 0.2500
2080.0000 105 26 0.2476
2095.0000 106 26 0.2453
2119.0000 107 26 0.2430
2139.0000 108 26 0.2407
2144.5000 108 27 0.2500
2161.0000 109 27 0.2477
2178.0000 110 27 0.2455
2199.0000 111 27 0.2432
2217.0000 111 28 0.2523
2222.0000 112 28 0.2500
2240.0000 113 28 0.2478
2259.0000 114 28 0.2456
2275.0000 115 28 0.2435
2295.0000 116 28 0.2414
2314.0000 117 28 0.2393
2325.6000 117 29 0.2479
2333.4000 117 30 0.2564
2335.0000 118 30 0.2542
2354.0000 119 30 0.2521
2377.0000 120 30 0.2500
2396.0000 121 30 0.2479
2411.0000 122 30 0.2459
2412.0000 122 31 0.2541
2433.0000 123 31 0.2520
2452.0000 124 31 0.2500
2460.7000 124 32 0.2581
2464.9000 124 33 0.2661
2470.9000 124 34 0.2742
2474.0000 125 34 0.2720
2496.0000 126 34 0.2698
2496.5000 126 35 0.2778
2511.0000 127 35 0.2756
2512.1000 127 36 0.2835
2526.0000 128 36 0.2813
2531.5000 128 37 0.2891
2546.0000 129 37 0.2868
2554.5000 129 38 0.2946
2563.0000 130 38 0.2923
2586.0000 131 38 0.2901
2601.0000 132 38 0.2879
2621.0000 133 38 0.2857
2641.0000 134 38 0.2836
2654.8000 134 39 0.2910
2662.0000 135 39 0.2889
2678.0000 136 39 0.2868
2680.7000 136 40 0.2941
2689.6000 136 41 0.3015
2693.0000 137 41 0.2993
2716.0000 138 41 0.2971
2735.0000 139 41 0.2950
2741.3000 139 42 0.3022
2754.0000 140 42 0.3000
2771.0000 141 42 0.2979
2773.0000 141 43 0.3050
2788.0000 142 43 0.3028
2800.0000 142 44 0.3099
2807.0000 143 44 0.3077
2824.0000 143 45 0.3147
2831.0000 144 45 0.3125
2839.0000 144 46 0.3194
2853.0000 145 46 0.3172
2868.0000 146 46 0.3151
2891.0000 147 46 0.3129
2899.2000 147 47 0.3197
2911.0000 148 47 0.3176
2926.0000 149 47 0.3154
2942.0000 150 47 0.3133
2946.7000 150 48 0.3200
2954.4000 150 49 0.3267
2962.0000 151 49 0.3245
2979.0000 152 49 0.3224
3003.0000 153 49 0.3203
3020.8000 153 50 0.3268
3024.0000 154 50 0.3247
3040.0000 155 50 0.3226
3064.0000 156 50 0.3205
3065.8000 156 51 0.3269
3072.5000 156 52 0.3333
3084.5000 156 53 0.3397
3086.0000 157 53 0.3376
3110.0000 158 53 0.3354
3118.8000 158 54 0.3418
3129.0000 159 54 0.3396
3132.3000 159 55 0.3459
3147.0000 160 55 0.3438
3166.0000 161 55 0.3416
3166.7000 161 56 0.3478
3190.0000 162 56 0.3457
3210.0000 163 56 0.3436
3225.0000 164 56 0.3415
3230.0000 164 57 0.3476
3243.0000 165 57 0.3455
3260.0000 166 57 0.3434
3261.2000 166 58 0.3494
3272.8000 166 59 0.3554
3283.0000 167 59 0.3533
3291.5000 167 60 0.3593
3305.0000 168 60 0.3571
3321.0000 169 60 0.3550
3344.0000 170 60 0.3529
3365.0000 171 60 0.3509
3385.0000 172 60 0.3488
3408.0000 173 60 0.3468
3414.1000 173 61 0.3526
3428.0000 174 61 0.3506
3429.2000 174 62 0.3563
3449.0000 175 62 0.3543
3454.7000 175 63 0.3600
3472.0000 176 63 0.3580
3488.0000 177 63 0.3559
3511.0000 178 63 0.3539
3528.3000 178 64 0.3596
3535.0000 179 64 0.3575
3548.5000 179 65 0.3631
3551.5000 179 66 0.3687
3552.0000 180 66 0.3667
3570.0000 181 66 0.3646
3571.8000 181 67 0.3702
3572.4000 181 68 0.3757
3577.0000 181 69 0.3812
3589.0000 182 69 0.3791
3604.0000 183 69 0.3770
3619.0000 184 69 0.3750
3638.0000 185 69 0.3730
3653.0000 186 69 0.3710
3667.7000 186 70 0.3763
3669.0000 187 70 0.3743
3683.4000 187 71 0.3797
3689.0000 188 71 0.3777
3712.0000 189 71 0.3757
3730.0000 190 71 0.3737
3754.0000 191 71 0.3717
3771.0000 192 71 0.3698
3787.0000 193 71 0.3679
3809.0000 194 71 0.3660
3822.2000 194 72 0.3711
3824.7000 194 73 0.3763
3832.0000 195 73 0.3744
3848.6000 195 74 0.3795
3854.0000 196 74 0.3776
3873.0000 197 74 0.3756
3875.9000 197 75 0.3807
3895.0000 198 75 0.3788
3919.0000 199 75 0.3769
3938.0000 200 75 0.3750
3946.1000 200 76 0.3800
3953.0000 200 77 0.3850
3955.0000 201 77 0.3831
3975.0000 202 77 0.3812
3996.0000 203 77 0.3793
4012.0000 204 77 0.3775
4031.0000 205 77 0.3756
4052.0000 206 77 0.3738
4054.9000 206 78 0.3786
4060.6000 206 79 0.3835
4061.6000 206 80 0.3883
4070.0000 207 80 0.3865
4094.0000 208 80 0.3846
4115.0000 209 80 0.3828
4134.0000 210 80 0.3810
4153.0000 211 80 0.3791
4171.0000 212 80 0.3774
4194.0000 213 80 0.3756
4208.3000 213 81 0.3803
4214.0000 214 81 0.3785
4223.6000 214 82 0.3832
4235.0000 215 82 0.3814
4244.9000 215 83 0.3860
4251.0000 216 83 0.3843
4268.6000 216 84 0.3889
4272.0000 217 84 0.3871
4287.3000 217 85 0.3917
4288.3000 217 86 0.3963
4290.0000 218 86 0.3945
4308.6000 218 87 0.3991
4314.0000 219 87 0.3973
4338.0000 220 87 0.3955
4360.0000 221 87 0.3937
4365.3000 221 88 0.3982
4381.0000 222 88 0.3964
4400.0000 223 88 0.3946
4419.0000 224 88 0.3929
4419.1000 224 89 0.3973
4434.0000 225 89 0.3956
4441.6000 225 90 0.4000
4452.4000 225 91 0.4044
4454.5000 225 92 0.4089
4458.0000 226 92 0.4071
4463.0000 226 93 0.4115
4476.0000 227 93 0.4097
4497.0000 228 93 0.4079
4505.4000 228 94 0.4123
4515.0000 229 94 0.4105
4537.0000 230 94 0.4087
4556.0000 231 94 0.4069
4580.0000 232 94 0.4052
4597.0000 233 94 0.4034
4614.0000 234 94 0.4017
4617.8000 234 95 0.4060
4634.0000 235 95 0.4043
4655.0000 236 95 0.4025
4665.1000 236 96 0.4068
4672.0000 237 96 0.4051
4678.4000 237 97 0.4093
4682.5000 237 98 0.4135
4689.0000 238 98 0.4118
4699.4000 238 99 0.4160
4706.0000 239 99 0.4142
4729.0000 240 99 0.4125
4747.0000 241 99 0.4108
4747.5000 241 100 0.4149
4762.0000 242 100 0.4132
4783.0000 243 100 0.4115
4807.0000 244 100 0.4098
4824.0000 245 100 0.4082
4848.0000 246 100 0.4065
4867.0000 247 100 0.4049
4886.0000 248 100 0.4032
4909.0000 249 100 0.4016
4928.0000 250 100 0.4000
4951.0000 251 100 0.3984
4952.1000 251 101 0.4024
4966.0000 252 101 0.4008
4986.0000 253 101 0.3992
4991.0000 253 102 0.4032
5010.0000 254 102 0.4016
5033.0000 255 102 0.4000
5048.0000 256 102 0.3984
5072.0000 257 102 0.3969
5076.3000 257 103 0.4008
5089.0000 258 103 0.3992
5092.8000 258 104 0.4031
5112.0000 259 104 0.4015
5124.0000 259 105 0.4054
5131.0000 260 105 0.4038
5151.0000 261 105 0.4023
5175.0000 262 105 0.4008
5194.0000 263 105 0.3992
5199.0000 263 106 0.4030
5211.2000 263 107 0.4068
5215.0000 264 107 0.4053
5237.0000 265 107 0.4038
5254.0000 266 107 0.4023
5269.0000 267 107 0.4007
5291.0000 268 107 0.3993
5307.0000 269 107 0.3978
5324.0000 270 107 0.3963
5339.0000 271 107 0.3948
5356.0000 272 107 0.3934
5371.0000 273 107 0.3919
5385.1000 273 108 0.3956
5387.0000 274 108 0.3942
5395.6000 274 109 0.3978
5410.0000 275 109 0.3964
5426.0000 276 109 0.3949
5430.3000 276 110 0.3986
5447.0000 277 110 0.3971
5470.0000 278 110 0.3957
5490.0000 279 110 0.3943
5504.6000 279 111 0.3978
5507.0000 280 111 0.3964
5516.6000 280 112 0.4000
5528.0000 281 112 0.3986
5546.0000 282 112 0.3972
5564.0000 283 112 0.3958
5566.2000 283 113 0.3993
5584.0000 284 113 0.3979
5607.0000 285 113 0.3965
5620.5000 285 114 0.4000
5625.0000 286 114 0.3986
5643.0000 287 114 0.3972
5665.0000 288 114 0.3958
5685.0000 289 114 0.3945
5704.0000 290 114 0.3931
5724.0000 291 114 0.3918
5745.0000 292 114 0.3904
5745.2000 292 115 0.3938
5760.0000 293 115 0.3925
5778.7000 293 116 0.3959
5784.0000 294 116 0.3946
5805.0000 295 116 0.3932
5813.1000 295 117 0.3966
5822.0000 296 117 0.3953
5841.0000 297 117 0.3939
5859.0000 298 117 0.3926
5860.0000 298 118 0.3960
5861.6000 298 119 0.3993
5869.1000 298 120 0.4027
5874.0000 299 120 0.4013
5893.0000 300 120 0.4000
5895.4000 300 121 0.4033
5914.0000 301 121 0.4020
5914.3000 301 122 0.4053
5916.2000 301 123 0.4086
5932.0000 302 123 0.4073
5953.0000 303 123 0.4059
5971.0000 304 123 0.4046
5986.0000 305 123 0.4033
5996.8000 305 124 0.4066
6003.8000 305 125 0.4098
6007.7000 305 126 0.4131
6008.0000 306 126 0.4118
6010.8000 306 127 0.4150
6012.9000 306 128 0.4183
6024.0000 307 128 0.4169
6029.0000 307 129 0.4202
6041.0000 308 129 0.4188
6063.0000 309 129 0.4175
6087.0000 310 129 0.4161
6105.0000 311 129 0.4148
6124.0000 312 129 0.4135
6129.8000 312 130 0.4167
6145.0000 313 130 0.4153
6166.0000 314 130 0.4140
6182.0000 315 130 0.4127
6201.0000 316 130 0.4114
6204.2000 316 131 0.4146
6216.0000 317 131 0.4132
6231.0000 318 131 0.4119
6248.0000 319 131 0.4107
6261.7000 319 132 0.4138
6267.0000 320 132 0.4125
6286.0000 320 133 0.4156
6288.2000 320 134 0.4188
6289.0000 321 134 0.4174
6308.0000 322 134 0.4161
6332.0000 323 134 0.4149
6338.7000 323 135 0.4180
6355.0000 324 135 0.4167
6372.0000 325 135 0.4154
6374.6000 325 136 0.4185
6393.0000 326 136 0.4172
6393.2000 326 137 0.4202
6393.9000 326 138 0.4233
6417.0000 327 138 0.4220
6424.2000 327 139 0.4251
6425.4000 327 140 0.4281
6431.8000 327 141 0.4312
6441.0000 328 141 0.4299
6465.0000 329 141 0.4286
6467.3000 329 142 0.4316
6474.5000 329 143 0.4347
6486.0000 330 143 0.4333
6502.0000 331 143 0.4320
6518.0000 332 143 0.4307
6536.0000 333 143 0.4294
6548.1000 333 144 0.4324
6551.1000 333 145 0.4354
6552.5000 333 146 0.4384
6555.0000 334 146 0.4371
6568.6000 334 147 0.4401
6572.0000 335 147 0.4388
6591.0000 336 147 0.4375
6608.0000 337 147 0.4362
6631.0000 338 147 0.4349
6646.0000 339 147 0.4336
6665.0000 340 147 0.4324
6675.8000 340 148 0.4353
6684.0000 341 148 0.4340
6696.4000 341 149 0.4370
6708.0000 342 149 0.4357
6725.0000 343 149 0.4344
6745.0000 344 149 0.4331
6752.0000 344 150 0.4360
6754.2000 344 151 0.4390
6760.0000 345 151 0.4377
6770.7000 345 152 0.4406
6781.0000 346 152 0.4393
6795.8000 346 153 0.4422
6800.0000 347 153 0.4409
6816.0000 348 153 0.4397
6827.4000 348 154 0.4425
6839.0000 349 154 0.4413
6854.0000 350 154 0.4400
6874.0000 351 154 0.4387
6876.1000 351 155 0.4416
6889.0000 352 155 0.4403
6893.6000 352 156 0.4432
6909.0000 353 156 0.4419
6930.0000 354 156 0.4407
6951.0000 355 156 0.4394
6971.0000 356 156 0.4382
6978.5000 356 157 0.4410
6995.0000 357 157 0.4398
7010.0000 358 157 0.4385
7011.3000 358 158 0.4413
7019.8000 358 159 0.4441
7029.0000 359 159 0.4429
7043.8000 359 160 0.4457
7048.0000 360 160 0.4444
7071.0000 361 160 0.4432
7093.0000 362 160 0.4420
7104.9000 362 161 0.4448
7108.0000 363 161 0.4435
7111.4000 363 162 0.4463
7111.5000 363 163 0.4490
7130.0000 364 163 0.4478
7147.0000 365 163 0.4466
7163.0000 366 163 0.4454
7176.4000 366 164 0.4481
7180.0000 367 164 0.4469
7197.0000 368 164 0.4457
7221.0000 369 164 0.4444
7240.0000 370 164 0.4432
7255.0000 371 164 0.4420
7272.0000 372 164 0.4409
7296.0000 373 164 0.4397
7314.6000 373 165 0.4424
7319.0000 374 165 0.4412
7333.2000 374 166 0.4439
7335.0000 375 166 0.4427
7358.0000 376 166 0.4415
7372.4000 376 167 0.4441
7378.0000 377 167 0.4430
7394.0000 378 167 0.4418
7411.0000 379 167 0.4406
7413.0000 379 168 0.4433
7435.0000 380 168 0.4421
7436.5000 380 169 0.4447
7459.0000 381 169 0.4436
7480.0000 382 169 0.4424
7493.2000 382 170 0.4450
7498.0000 383 170 0.4439
7498.8000 383 171 0.4465
7514.0000 384 171 0.4453
7529.6000 384 172 0.4479
7532.7000 384 173 0.4505
7536.0000 385 173 0.4494
7552.0000 385 174 0.4519
7559.0000 386 174 0.4508
7574.0000 387 174 0.4496
7589.4000 387 175 0.4522
7595.0000 388 175 0.4510
7600.2000 388 176 0.4536
7613.0000 389 176 0.4524
7632.0000 390 176 0.4513
7652.3000 390 177 0.4538
7656.0000 391 177 0.4527
7673.0000 392 177 0.4515
7681.3000 392 178 0.4541
7696.0000 393 178 0.4529
7713.0000 394 178 0.4518
7727.6000 394 179 0.4543
7730.0000 395 179 0.4532
7745.0000 396 179 0.4520
7762.0000 397 179 0.4509
7784.0000 398 179 0.4497
7804.0000 399 179 0.4486
7822.0000 400 179 0.4475
7840.0000 401 179 0.4464
7858.0000 402 179 0.4453
7874.0000 403 179 0.4442
7878.2000 403 180 0.4467
7883.6000 403 181 0.4491
7895.0000 404 181 0.4480
7914.0000 405 181 0.4469
7921.7000 405 182 0.4494
7931.0000 406 182 0.4483
7948.0000 407 182 0.4472
7960.8000 407 183 0.4496
7972.0000 408 183 0.4485
7987.0000 409 183 0.4474
7992.4000 409 184 0.4499
8002.0000 410 184 0.4488
8024.0000 411 184 0.4477
8040.0000 412 184 0.4466
8041.7000 412 185 0.4490
8059.0000 413 185 0.4479
8082.0000 414 185 0.4469
8085.0000 414 186 0.4493
8099.0000 415 186 0.4482
8116.0000 416 186 0.4471
8137.0000 417 186 0.4460
8158.0000 418 186 0.4450
8173.0000 419 186 0.4439
8190.0000 420 186 0.4429
8205.0000 421 186 0.4418
8205.7000 421 187 0.4442
8227.0000 422 187 0.4431
8235.0000 422 188 0.4455
8237.1000 422 189 0.4479
8251.0000 423 189 0.4468
8270.0000 423 190 0.4492
8275.0000 424 190 0.4481
8283.9000 424 191 0.4505
8297.0000 425 191 0.4494
8312.0000 425 192 0.4518
8313.2000 425 193 0.4541
8317.0000 426 193 0.4531
8336.0000 427 193 0.4520
8359.0000 428 193 0.4509
8375.0000 429 193 0.4499
8396.0000 430 193 0.4488
8414.0000 431 193 0.4478
8417.4000 431 194 0.4501
8428.2000 431 195 0.4524
8430.9000 431 196 0.4548
8431.9000 431 197 0.4571
8437.0000 432 197 0.4560
8453.0000 433 197 0.4550
8468.0000 434 197 0.4539
8492.0000 435 197 0.4529
8510.0000 436 197 0.4518
8525.0000 437 197 0.4508
8544.0000 438 197 0.4498
8548.0000 438 198 0.4521
8566.0000 439 198 0.4510
8574.7000 439 199 0.4533
8578.2000 439 200 0.4556
8586.0000 440 200 0.4545
8593.1000 440 201 0.4568
8598.9000 440 202 0.4591
8609.0000 441 202 0.4580
8625.0000 442 202 0.4570
8641.3000 442 203 0.4593
8644.0000 443 203 0.4582
8663.0000 444 203 0.4572
8681.0000 445 203 0.4562
8697.0000 446 203 0.4552
8699.3000 446 204 0.4574
8712.7000 446 205 0.4596
8719.0000 447 205 0.4586
8743.0000 448 205 0.4576
8767.0000 449 205 0.4566
8784.0000 450 205 0.4556
8792.0000 450 206 0.4578
8800.0000 451 206 0.4568
8806.4000 451 207 0.4590
8823.0000 452 207 0.4580
8824.9000 452 208 0.4602
8825.6000 452 209 0.4624
8839.0000 453 209 0.4614
8854.0000 454 209 0.4604
8869.0000 455 209 0.4593
8888.6000 455 210 0.4615
8892.0000 456 210 0.4605
8897.5000 456 211 0.4627
8911.0000 457 211 0.4617
8929.0000 458 211 0.4607
8944.0000 459 211 0.4597
8955.3000 459 212 0.4619
8961.0000 460 212 0.4609
8979.0000 461 212 0.4599
8997.0000 462 212 0.4589
9011.3000 462 213 0.4610
9013.0000 463 213 0.4600
9035.0000 464 213 0.4591
9058.0000 465 213 0.4581
9065.9000 465 214 0.4602
9073.0000 466 214 0.4592
9093.5000 466 215 0.4614
9095.0000 467 215 0.4604
9119.0000 468 215 0.4594
9119.0000 468 216 0.4615
9143.0000 469 216 0.4606
9162.0000 470 216 0.4596
9184.4000 470 217 0.4617
9186.0000 471 217 0.4607
9196.5000 471 218 0.4628
9202.5000 471 219 0.4650
9209.0000 472 219 0.4640
9224.0000 473 219 0.4630
9245.0000 474 219 0.4620
9264.0000 475 219 0.4611
9281.5000 475 220 0.4632
9288.0000 476 220 0.4622
9306.5000 476 221 0.4643
9310.0000 477 221 0.4633
9313.6000 477 222 0.4654
9317.7000 477 223 0.4675
9326.0000 478 223 0.4665
9341.0000 479 223 0.4656
9365.0000 480 223 0.4646
9387.0000 481 223 0.4636
9403.0000 482 223 0.4627
9426.0000 483 223 0.4617
9444.0000 484 223 0.4607
9462.8000 484 224 0.4628
9468.0000 485 224 0.4619
9476.2000 485 225 0.4639
9485.0000 486 225 0.4630
9503.0000 487 225 0.4620
9527.0000 488 225 0.4611
9536.0000 488 226 0.4631
9542.6000 488 227 0.4652
9550.0000 489 227 0.4642
9550.4000 489 228 0.4663
9573.0000 490 228 0.4653
9589.5000 490 229 0.4673
9591.0000 491 229 0.4664
9614.0000 492 229 0.4654
9614.9000 492 230 0.4675
9632.0000 493 230 0.4665
9653.0000 494 230 0.4656
9673.6000 494 231 0.4676
9676.0000 495 231 0.4667
9689.4000 495 232 0.4687
9693.0000 496 232 0.4677
9714.0000 496 233 0.4698
9715.0000 497 233 0.4688
9736.0000 498 233 0.4679
9750.0000 498 234 0.4699
9752.0000 499 234 0.4689
9770.3000 499 235 0.4709
9776.0000 500 235 0.4700
9791.7000 500 236 0.4720
9796.7000 500 237 0.4740
9799.0000 501 237 0.4731
9821.0000 502 237 0.4721
9837.0000 503 237 0.4712
9843.8000 503 238 0.4732
9846.2000 503 239 0.4751
9848.6000 503 240 0.4771
9861.0000 504 240 0.4762
9879.0000 505 240 0.4752
9894.0000 506 240 0.4743
9903.7000 506 241 0.4763
9909.0000 507 241 0.4753
9927.0000 508 241 0.4744
9940.2000 508 242 0.4764
9941.8000 508 243 0.4783
9946.0000 509 243 0.4774
9969.0000 510 243 0.4765
9977.6000 510 244 0.4784
9988.0000 511 244 0.4775
10007.0000 512 244 0.4766
10024.0000 513 244 0.4756
10044.0000 514 244 0.4747
10059.8000 514 245 0.4767
10067.0000 515 245 0.4757
10087.0000 516 245 0.4748
10111.0000 517 245 0.4739
10131.0000 517 246 0.4758
10132.0000 518 246 0.4749
10152.7000 518 247 0.4768
10154.0000 519 247 0.4759
10177.0000 520 247 0.4750
10194.0000 521 247 0.4741
10216.0000 522 247 0.4732
10233.6000 522 248 0.4751
10235.0000 523 248 0.4742
10252.0000 523 249 0.4761
10257.0000 524 249 0.4752
10265.1000 524 250 0.4771
10281.0000 525 250 0.4762
10289.5000 525 251 0.4781
10300.0000 526 251 0.4772
10320.0000 527 251 0.4763
10343.0000 528 251 0.4754
10345.7000 528 252 0.4773
10366.0000 529 252 0.4764
10382.0000 530 252 0.4755
10391.8000 530 253 0.4774
10393.9000 530 254 0.4792
10402.0000 531 254 0.4783
10423.0000 532 254 0.4774
10441.0000 533 254 0.4765
10443.4000 533 255 0.4784
10443.9000 533 256 0.4803
10461.0000 534 256 0.4794
10480.0000 535 256 0.4785
10496.9000 535 257 0.4804
10497.0000 536 257 0.4795
10518.0000 537 257 0.4786
10530.0000 537 258 0.4804
10530.5000 537 259 0.4823
10533.3000 537 260 0.4842
10537.0000 538 260 0.4833
10537.2000 538 261 0.4851
10538.5000 538 262 0.4870
10555.0000 539 262 0.4861
10571.0000 540 262 0.4852
10591.0000 541 262 0.4843
10598.3000 541 263 0.4861
10615.0000 542 263 0.4852
10637.0000 543 263 0.4843
10645.7000 543 264 0.4862
10657.0000 544 264 0.4853
10681.0000 545 264 0.4844
10703.0000 546 264 0.4835
10716.2000 546 265 0.4853
10726.0000 547 265 0.4845
10748.0000 548 265 0.4836
10768.0000 549 265 0.4827
10781.7000 549 266 0.4845
10788.0000 550 266 0.4836
10808.0000 551 266 0.4828
10823.0000 552 266 0.4819
10842.0000 553 266 0.4810
10866.0000 554 266 0.4801
10876.2000 554 267 0.4819
10883.3000 554 268 0.4838
10885.0000 555 268 0.4829
10887.3000 555 269 0.4847
10907.0000 556 269 0.4838
10925.0000 557 269 0.4829
10942.0000 558 269 0.4821
10966.0000 559 269 0.4812
10983.0000 560 269 0.4804
11006.0000 561 269 0.4795
11017.5000 561 270 0.4813
11019.4000 561 271 0.4831
11021.3000 561 272 0.4848
11023.0000 562 272 0.4840
11039.1000 562 273 0.4858
11046.0000 563 273 0.4849
11068.0000 564 273 0.4840
11084.0000 565 273 0.4832
11098.3000 565 274 0.4850
11102.0000 566 274 0.4841
11105.4000 566 275 0.4859
11120.0000 567 275 0.4850
11121.5000 567 276 0.4868
11143.0000 568 276 0.4859
11143.9000 568 277 0.4877
11166.0000 569 277 0.4868
11178.5000 569 278 0.4886
11182.0000 570 278 0.4877
11195.0000 570 279 0.4895
11197.6000 570 280 0.4912
11201.0000 571 280 0.4904
11216.8000 571 281 0.4921
11218.0000 572 281 0.4913
11238.0000 573 281 0.4904
11249.5000 573 282 0.4921
11250.8000 573 283 0.4939
11252.6000 573 284 0.4956
11254.8000 573 285 0.4974
11260.0000 574 285 0.4965
11264.6000 574 286 0.4983
11280.0000 575 286 0.4974
11298.0000 576 286 0.4965
11308.0000 576 287 0.4983
11319.0000 577 287 0.4974
11343.0000 578 287 0.4965
11360.6000 578 288 0.4983
11363.0000 579 288 0.4974
11381.0000 580 288 0.4966
11405.0000 581 288 0.4957
11424.0000 582 288 0.4948
11433.0000 582 289 0.4966
11433.9000 582 290 0.4983
11443.0000 583 290 0.4974
11450.2000 583 291 0.4991
11460.4000 583 292 0.5009
11467.0000 584 292 0.5000
11491.0000 585 292 0.4991
11511.0000 586 292 0.4983
11529.0000 587 292 0.4974
11540.0000 587 293 0.4991
11547.0000 588 293 0.4983
11566.0000 589 293 0.4975
11583.9000 589 294 0.4992
11586.0000 590 294 0.4983
11610.0000 591 294 0.4975
11626.0000 592 294 0.4966
11632.2000 592 295 0.4983
11640.2000 592 296 0.5000
11646.5000 592 297 0.5017
11650.0000 593 297 0.5008
11663.9000 593 298 0.5025
11665.0000 594 298 0.5017
11668.9000 594 299 0.5034
11680.0000 595 299 0.5025
11686.7000 595 300 0.5042
11696.0000 596 300 0.5034
11711.0000 597 300 0.5025
11731.0000 598 300 0.5017
11755.0000 599 300 0.5008
11771.0000 600 300 0.5000
11781.4000 600 301 0.5017
11790.0000 601 301 0.5008
11805.5000 601 302 0.5025
11809.0000 602 302 0.5017
11809.2000 602 303 0.5033
11811.0000 602 304 0.5050
11827.0000 603 304 0.5041
11851.0000 604 304 0.5033
11858.5000 604 305 0.5050
11867.0000 605 305 0.5041
11873.0000 605 306 0.5058
11885.0000 606 306 0.5050
11907.0000 607 306 0.5041
11929.0000 608 306 0.5033
11940.3000 608 307 0.5049
11946.6000 608 308 0.5066
11948.0000 609 308 0.5057
11959.7000 609 309 0.5074
11971.0000 610 309 0.5066
11995.0000 611 309 0.5057
12005.8000 611 310 0.5074
12012.0000 612 310 0.5065
12033.0000 613 310 0.5057
12042.0000 613 311 0.5073
12048.0000 614 311 0.5065
12070.0000 615 311 0.5057
12070.6000 615 312 0.5073
12073.0000 615 313 0.5089
12074.5000 615 314 0.5106
12088.0000 616 314 0.5097
12104.0000 617 314 0.5089
12124.0000 618 314 0.5081
12145.0000 619 314 0.5073
12151.5000 619 315 0.5089
12154.5000 619 316 0.5105
12165.0000 620 316 0.5097
12184.5000 620 317 0.5113
12189.0000 621 317 0.5105
12209.0000 622 317 0.5096
12210.0000 622 318 0.5113
12218.2000 622 319 0.5129
12226.0000 623 319 0.5120
12249.0000 624 319 0.5112
12270.0000 625 319 0.5104
12287.0000 626 319 0.5096
12289.2000 626 320 0.5112
12292.5000 626 321 0.5128
12295.5000 626 322 0.5144
12301.9000 626 323 0.5160
12304.8000 626 324 0.5176
12305.0000 627 324 0.5167
12309.2000 627 325 0.5183
12313.3000 627 326 0.5199
12323.0000 628 326 0.5191
12330.0000 628 327 0.5207
12339.0000 629 327 0.5199
12349.0000 629 328 0.5215
12350.8000 629 329 0.5231
12354.3000 629 330 0.5246
12358.0000 630 330 0.5238
12377.0000 631 330 0.5230
12399.0000 632 330 0.5222
12421.0000 633 330 0.5213
12444.0000 634 330 0.5205
12444.7000 634 331 0.5221
12455.5000 634 332 0.5237
12463.0000 635 332 0.5228
12479.0000 636 332 0.5220
12497.0000 637 332 0.5212
12518.0000 638 332 0.5204
12531.7000 638 333 0.5219
12538.0000 639 333 0.5211
12544.5000 639 334 0.5227
12545.1000 639 335 0.5243
12556.0000 640 335 0.5234
12557.6000 640 336 0.5250
12566.4000 640 337 0.5266
12575.0000 641 337 0.5257
12592.2000 641 338 0.5273
12596.0000 642 338 0.5265
12605.7000 642 339 0.5280
12611.0000 643 339 0.5272
12614.3000 643 340 0.5288
12635.0000 644 340 0.5280
12655.0000 645 340 0.5271
12662.1000 645 341 0.5287
12672.0000 646 341 0.5279
12689.5000 646 342 0.5294
12691.0000 647 342 0.5286
12713.0000 648 342 0.5278
12725.8000 648 343 0.5293
12727.4000 648 344 0.5309
12727.4000 648 345 0.5324
12737.0000 649 345 0.5316
12761.0000 650 345 0.5308
12781.0000 651 345 0.5300
12789.0000 651 346 0.5315
12798.0000 652 346 0.5307
12818.0000 653 346 0.5299
12830.3000 653 347 0.5314
12832.7000 653 348 0.5329
12836.3000 653 349 0.5345
12839.0000 654 349 0.5336
12858.6000 654 350 0.5352
12863.0000 655 350 0.5344
12884.0000 656 350 0.5335
12896.9000 656 351 0.5351
12901.0000 657 351 0.5342
12919.0000 658 351 0.5334
12936.0000 659 351 0.5326
12954.0000 660 351 0.5318
12971.0000 661 351 0.5310
12975.8000 661 352 0.5325
12986.0000 662 352 0.5317
13006.3000 662 353 0.5332
13009.0000 663 353 0.5324
13029.0000 664 353 0.5316
13045.7000 664 354 0.5331
13048.0000 665 354 0.5323
13069.0000 666 354 0.5315
13071.7000 666 355 0.5330
13073.4000 666 356 0.5345
13080.5000 666 357 0.5360
13090.0000 667 357 0.5352
13112.0000 668 357 0.5344
13133.2000 668 358 0.5359
13135.0000 669 358 0.5351
13146.6000 669 359 0.5366
13157.0000 670 359 0.5358
13175.0000 671 359 0.5350
13198.0000 672 359 0.5342
13200.2000 672 360 0.5357
13222.0000 673 360 0.5349
13237.0000 674 360 0.5341
13261.0000 675 360 0.5333
13279.0000 676 360 0.5325
13303.0000 677 360 0.5318
13327.0000 678 360 0.5310
13344.0000 679 360 0.5302
13367.0000 680 360 0.5294
13372.5000 680 361 0.5309
13382.6000 680 362 0.5324
13385.0000 681 362 0.5316
13400.0000 682 362 0.5308
13422.0000 683 362 0.5300
13439.0000 684 362 0.5292
13459.2000 684 363 0.5307
13463.0000 685 363 0.5299
13485.0000 686 363 0.5292
13501.0000 687 363 0.5284
13522.0000 688 363 0.5276
13543.0000 689 363 0.5269
13558.0000 690 363 0.5261
13571.7000 690 364 0.5275
13578.0000 691 364 0.5268
13582.3000 691 365 0.5282
13597.0000 692 365 0.5275
13601.2000 692 366 0.5289
13605.2000 692 367 0.5303
13612.0000 693 367 0.5296
13613.0000 693 368 0.5310
13622.2000 693 369 0.5325
13632.3000 693 370 0.5339
13633.0000 694 370 0.5331
13654.0000 695 370 0.5324
13674.0000 696 370 0.5316
13689.0000 697 370 0.5308
13710.3000 697 371 0.5323
13713.0000 698 371 0.5315
13723.2000 698 372 0.5330
13733.0000 699 372 0.5322
13750.0000 700 372 0.5314
13770.6000 700 373 0.5329
13771.0000 701 373 0.5321
13778.2000 701 374 0.5335
13787.0000 702 374 0.5328
13808.0000 703 374 0.5320
13831.0000 704 374 0.5313
13846.8000 704 375 0.5327
13853.0000 705 375 0.5319
13874.0000 706 375 0.5312
13876.3000 706 376 0.5326
13894.0000 707 376 0.5318
13905.4000 707 377 0.5332
13915.0000 708 377 0.5325
13930.0000 708 378 0.5339
13937.0000 709 378 0.5331
13937.4000 709 379 0.5346
13952.0000 710 379 0.5338
13955.3000 710 380 0.5352
13955.8000 710 381 0.5366
13976.0000 711 381 0.5359
13994.0000 712 381 0.5351
14006.6000 712 382 0.5365
14007.7000 712 383 0.5379
14011.0000 713 383 0.5372
14016.9000 713 384 0.5386
14032.0000 714 384 0.5378
14056.0000 715 384 0.5371
14071.0000 715 385 0.5385
14077.0000 716 385 0.5377
14092.0000 717 385 0.5370
14107.0000 718 385 0.5362
14107.2000 718 386 0.5376
14109.0000 718 387 0.5390
14123.0000 719 387 0.5382
14147.0000 720 387 0.5375
14150.0000 720 388 0.5389
14167.0000 721 388 0.5381
14186.0000 722 388 0.5374
14204.0000 723 388 0.5367
14220.8000 723 389 0.5380
14225.0000 724 389 0.5373
14245.0000 725 389 0.5366
14264.1000 725 390 0.5379
14267.0000 726 390 0.5372
14286.0000 727 390 0.5365
14304.0000 728 390 0.5357
14323.0000 729 390 0.5350
14343.0000 730 390 0.5342
14363.0000 731 390 0.5335
14385.0000 732 390 0.5328
14404.0000 733 390 0.5321
14420.0000 734 390 0.5313
14441.0000 735 390 0.5306
14456.0000 736 390 0.5299
14466.4000 736 391 0.5313
14475.0000 737 391 0.5305
14487.3000 737 392 0.5319
14499.0000 738 392 0.5312
14523.0000 739 392 0.5304
14544.0000 740 392 0.5297
14558.7000 740 393 0.5311
14568.0000 741 393 0.5304
14568.5000 741 394 0.5317
14569.9000 741 395 0.5331
14588.0000 742 395 0.5323
14603.0000 743 395 0.5316
14618.0000 744 395 0.5309
14629.7000 744 396 0.5323
14638.0000 744 397 0.5336
14639.0000 745 397 0.5329
14655.0000 746 397 0.5322
14663.2000 746 398 0.5335
14676.0000 747 398 0.5328
14696.0000 748 398 0.5321
14718.0000 749 398 0.5314
14725.3000 749 399 0.5327
14733.2000 749 400 0.5340
14736.0000 750 400 0.5333
14746.0000 750 401 0.5347
14748.6000 750 402 0.5360
14756.0000 751 402 0.5353
14773.0000 752 402 0.5346
14776.7000 752 403 0.5359
14790.0000 753 403 0.5352
14809.0000 754 403 0.5345
14831.0000 755 403 0.5338
14848.0000 756 403 0.5331
14867.0000 757 403 0.5324
14880.6000 757 404 0.5337
14883.0000 757 405 0.5350
14885.1000 757 406 0.5363
14889.0000 758 406 0.5356
14905.0000 759 406 0.5349
14927.0000 760 406 0.5342
14942.0000 761 406 0.5335
14958.9000 761 407 0.5348
14961.0000 762 407 0.5341
14975.8000 762 408 0.5354
14984.0000 763 408 0.5347
14999.0000 764 408 0.5340
15001.4000 764 409 0.5353
15021.0000 765 409 0.5346
15040.3000 765 410 0.5359
15041.0000 766 410 0.5352
15058.0000 767 410 0.5346
15063.5000 767 411 0.5359
15074.0000 768 411 0.5352
15089.2000 768 412 0.5365
15093.0000 769 412 0.5358
15101.5000 769 413 0.5371
15114.0000 770 413 0.5364
15132.0000 771 413 0.5357
15149.0000 772 413 0.5350
15168.8000 772 414 0.5363
15171.8000 772 415 0.5376
15172.0000 773 415 0.5369
15190.0000 774 415 0.5362
15212.0000 775 415 0.5355
15235.0000 776 415 0.5348
15256.0000 777 415 0.5341
15280.0000 778 415 0.5334
15297.0000 779 415 0.5327
15318.0000 780 415 0.5321
15336.0000 781 415 0.5314
15360.0000 782 415 0.5307
15381.0000 783 415 0.5300
15385.4000 783 416 0.5313
15389.7000 783 417 0.5326
15397.2000 783 418 0.5338
15399.0000 784 418 0.5332
15419.0000 785 418 0.5325
15439.2000 785 419 0.5338
15441.0000 786 419 0.5331
15441.4000 786 420 0.5344
15459.3000 786 421 0.5356
15465.0000 787 421 0.5349
15482.0000 788 421 0.5343
15504.0000 789 421 0.5336
15517.2000 789 422 0.5349
15526.0000 790 422 0.5342
15538.0000 790 423 0.5354
15547.0000 791 423 0.5348
15548.0000 791 424 0.5360
15549.5000 791 425 0.5373
15569.0000 792 425 0.5366
15583.0000 792 426 0.5379
15591.0000 793 426 0.5372
15615.0000 794 426 0.5365
15632.0000 795 426 0.5358
15651.0000 796 426 0.5352
15666.0000 797 426 0.5345
15680.1000 797 427 0.5358
15684.0000 798 427 0.5351
15708.0000 799 427 0.5344
15724.0000 800 427 0.5338
15742.4000 800 428 0.5350
15744.5000 800 429 0.5363
15746.0000 801 429 0.5356
15760.1000 801 430 0.5368
15764.0000 802 430 0.5362
15764.5000 802 431 0.5374
15765.2000 802 432 0.5387
15780.2000 802 433 0.5399
15782.0000 803 433 0.5392
15793.3000 803 434 0.5405
15799.0000 804 434 0.5398
15806.1000 804 435 0.5410
15815.0000 805 435 0.5404
15838.0000 806 435 0.5397
15854.0000 807 435 0.5390
15873.0000 808 435 0.5384
15891.0000 808 436 0.5396
15894.0000 809 436 0.5389
15909.0000 810 436 0.5383
15927.0000 811 436 0.5376
15948.0000 812 436 0.5369
15953.1000 812 437 0.5382
15956.3000 812 438 0.5394
15967.0000 813 438 0.5387
15990.0000 814 438 0.5381
16005.6000 814 439 0.5393
16010.0000 815 439 0.5387
16027.0000 816 439 0.5380
16042.0000 817 439 0.5373
16061.0000 818 439 0.5367
16061.0000 818 440 0.5379
16080.0000 819 440 0.5372
16104.0000 820 440 0.5366
16124.0000 821 440 0.5359
16128.3000 821 441 0.5371
16131.4000 821 442 0.5384
16139.0000 822 442 0.5377
16155.0000 823 442 0.5371
16174.1000 823 443 0.5383
16175.0000 824 443 0.5376
16196.0000 825 443 0.5370
16199.9000 825 444 0.5382
16212.0000 826 444 0.5375
16220.0000 826 445 0.5387
16230.0000 827 445 0.5381
16245.0000 828 445 0.5374
16261.0000 829 445 0.5368
16281.0000 830 445 0.5361
16301.0000 831 445 0.5355
16307.4000 831 446 0.5367
16309.7000 831 447 0.5379
16322.0000 832 447 0.5373
16326.5000 832 448 0.5385
16338.0000 833 448 0.5378
16338.9000 833 449 0.5390
16357.0000 834 449 0.5384
16380.0000 835 449 0.5377
16389.7000 835 450 0.5389
16399.0000 836 450 0.5383
16416.0000 837 450 0.5376
16433.0000 838 450 0.5370
16455.0000 839 450 0.5364
16479.0000 840 450 0.5357
16503.0000 841 450 0.5351
16520.0000 841 451 0.5363
16520.1000 841 452 0.5375
16526.0000 842 452 0.5368
16547.0000 843 452 0.5362
16568.0000 844 452 0.5355
16588.9000 844 453 0.5367
16589.0000 845 453 0.5361
16596.7000 845 454 0.5373
16610.0000 846 454 0.5366
16628.0000 847 454 0.5360
16644.9000 847 455 0.5372
16646.0000 848 455 0.5366
16662.0000 849 455 0.5359
16662.2000 849 456 0.5371
16671.5000 849 457 0.5383
16682.0000 850 457 0.5376
16696.7000 850 458 0.5388
16699.0000 851 458 0.5382
16721.7000 851 459 0.5394
16723.0000 852 459 0.5387
16745.0000 853 459 0.5381
16760.0000 854 459 0.5375
16783.0000 855 459 0.5368
16800.0000 856 459 0.5362
16818.0000 857 459 0.5356
16835.0000 858 459 0.5350
16852.1000 858 460 0.5361
16858.0000 859 460 0.5355
16881.0000 860 460 0.5349
16901.0000 861 460 0.5343
16917.0000 862 460 0.5336
16935.0000 863 460 0.5330
16959.0000 864 460 0.5324
16979.0000 864 461 0.5336
16980.0000 865 461 0.5329
16988.3000 865 462 0.5341
16997.0000 866 462 0.5335
17021.0000 867 462 0.5329
17040.0000 868 462 0.5323
17063.0000 869 462 0.5316
17075.7000 869 463 0.5328
17082.0000 870 463 0.5322
17105.0000 871 463 0.5316
17126.0000 872 463 0.5310
17143.0000 873 463 0.5304
17162.0000 874 463 0.5297
17181.0000 875 463 0.5291
17202.0000 876 463 0.5285
17225.0000 877 463 0.5279
17234.6000 877 464 0.5291
17238.1000 877 465 0.5302
17240.0000 878 465 0.5296
17259.0000 879 465 0.5290
17278.0000 880 465 0.5284
17279.7000 880 466 0.5295
17299.0000 881 466 0.5289
17318.0000 882 466 0.5283
17336.0000 883 466 0.5277
17353.0000 884 466 0.5271
17357.6000 884 467 0.5283
17366.5000 884 468 0.5294
17370.0000 885 468 0.5288
17373.2000 885 469 0.5299
17373.7000 885 470 0.5311
17394.0000 886 470 0.5305
17416.0000 887 470 0.5299
17439.0000 888 470 0.5293
17454.0000 889 470 0.5287
17460.8000 889 471 0.5298
17469.2000 889 472 0.5309
17477.0000 890 472 0.5303
17497.0000 891 472 0.5297
17515.0000 892 472 0.5291
17535.0000 893 472 0.5286
17558.0000 894 472 0.5280
17574.0000 895 472 0.5274
17598.0000 896 472 0.5268
17619.0000 897 472 0.5262
17639.0000 898 472 0.5256
17654.0000 899 472 0.5250
17672.0000 900 472 0.5244
17690.0000 901 472 0.5239
17710.0000 902 472 0.5233
17734.0000 903 472 0.5227
17751.0000 904 472 0.5221
17773.8000 904 473 0.5232
17774.0000 905 473 0.5227
17793.0000 906 473 0.5221
17808.0000 907 473 0.5215
17816.2000 907 474 0.5226
17825.4000 907 475 0.5237
17826.0000 908 475 0.5231
17846.0000 909 475 0.5226
17846.6000 909 476 0.5237
17864.0000 910 476 0.5231
17884.0000 911 476 0.5225
17887.6000 911 477 0.5236
17899.0000 912 477 0.5230
17917.0000 913 477 0.5225
17923.3000 913 478 0.5235
17930.4000 913 479 0.5246
17934.5000 913 480 0.5257
17934.7000 913 481 0.5268
17936.0000 914 481 0.5263
17952.5000 914 482 0.5274
17953.0000 914 483 0.5284
17953.9000 914 484 0.5295
17955.5000 914 485 0.5306
17958.0000 915 485 0.5301
17959.8000 915 486 0.5311
17976.0000 916 486 0.5306
17976.3000 916 487 0.5317
18000.0000 917 487 0.5311
18021.0000 918 487 0.5305
18040.0000 919 487 0.5299
18059.0000 920 487 0.5293
18077.0000 921 487 0.5288
18092.0000 922 487 0.5282
18112.1000 922 488 0.5293
18113.0000 923 488 0.5287
18124.5000 923 489 0.5298
18132.0000 924 489 0.5292
18155.0000 925 489 0.5286
18169.3000 925 490 0.5297
18177.0000 926 490 0.5292
18192.0000 927 490 0.5286
18214.0000 928 490 0.5280
18221.6000 928 491 0.5291
18227.0000 928 492 0.5302
18233.7000 928 493 0.5313
18236.0000 929 493 0.5307
18259.0000 930 493 0.5301
18275.0000 931 493 0.5295
18298.0000 932 493 0.5290
18304.4000 932 494 0.5300
18321.0000 933 494 0.5295
18336.9000 933 495 0.5305
18340.0000 934 495 0.5300
18342.8000 934 496 0.5310
18353.1000 934 497 0.5321
18364.0000 935 497 0.5316
18383.0000 936 497 0.5310
18402.0000 937 497 0.5304
18425.0000 938 497 0.5299
18449.0000 939 497 0.5293
18457.4000 939 498 0.5304
18473.0000 940 498 0.5298
18488.0000 941 498 0.5292
18510.4000 941 499 0.5303
18512.0000 942 499 0.5297
18534.0000 943 499 0.5292
18537.6000 943 500 0.5302
18549.0000 944 500 0.5297
18555.8000 944 501 0.5307
18570.0000 945 501 0.5302
18577.0000 945 502 0.5312
18590.0000 946 502 0.5307
18595.2000 946 503 0.5317
18613.0000 947 503 0.5312
18632.0000 948 503 0.5306
18649.8000 948 504 0.5316
18653.0000 949 504 0.5311
18677.0000 950 504 0.5305
18696.0000 951 504 0.5300
18715.0000 952 504 0.5294
18735.6000 952 505 0.5305
18737.4000 952 506 0.5315
18738.0000 953 506 0.5310
18753.0000 954 506 0.5304
18768.0000 955 506 0.5298
18784.0000 955 507 0.5309
18786.0000 956 507 0.5303
18808.6000 956 508 0.5314
18809.0000 957 508 0.5308
18828.0000 958 508 0.5303
18842.0000 958 509 0.5313
18845.0000 959 509 0.5308
18859.5000 959 510 0.5318
18862.0000 960 510 0.5313
18884.0000 961 510 0.5307
18892.6000 961 511 0.5317
18894.2000 961 512 0.5328
18894.5000 961 513 0.5338
18899.0000 962 513 0.5333
18899.4000 962 514 0.5343
18922.0000 963 514 0.5337
18939.0000 964 514 0.5332
18950.0000 964 515 0.5342
18956.0000 965 515 0.5337
18959.9000 965 516 0.5347
18977.0000 966 516 0.5342
18990.3000 966 517 0.5352
18993.0000 967 517 0.5346
18997.4000 967 518 0.5357
19015.0000 968 518 0.5351
19037.0000 969 518 0.5346
19055.0000 970 518 0.5340
19072.0000 971 518 0.5335
19087.0000 972 518 0.5329
19095.8000 972 519 0.5340
19108.0000 973 519 0.5334
19111.3000 973 520 0.5344
19129.0000 974 520 0.5339
19151.0000 975 520 0.5333
19154.3000 975 521 0.5344
19161.8000 975 522 0.5354
19173.0000 976 522 0.5348
19181.2000 976 523 0.5359
19192.0000 977 523 0.5353
19210.3000 977 524 0.5363
19211.0000 978 524 0.5358
19231.0000 979 524 0.5352
19236.7000 979 525 0.5363
19254.0000 980 525 0.5357
19277.0000 981 525 0.5352
19301.0000 982 525 0.5346
19313.4000 982 526 0.5356
19316.0000 983 526 0.5351
19340.0000 984 526 0.5346
19355.0000 985 526 0.5340
19373.0000 986 526 0.5335
19391.0000 987 526 0.5329
19392.3000 987 527 0.5339
19406.0000 988 527 0.5334
19419.2000 988 528 0.5344
19423.0000 989 528 0.5339
19432.7000 989 529 0.5349
19439.0000 990 529 0.5343
19455.0000 991 529 0.5338
19479.0000 992 529 0.5333
19494.1000 992 530 0.5343
19497.0000 993 530 0.5337
19502.9000 993 531 0.5347
19521.0000 994 531 0.5342
19542.0000 995 531 0.5337
19552.6000 995 532 0.5347
19557.3000 995 533 0.5357
19565.0000 996 533 0.5351
19586.0000 997 533 0.5346
19595.7000 997 534 0.5356
19598.7000 997 535 0.5366
19601.0000 998 535 0.5361
19622.0000 999 535 0.5355
19622.4000 999 536 0.5365
19627.0000 999 537 0.5375
19641.0000 1000 537 0.5370
19660.0000 1001 537 0.5365
19677.0000 1002 537 0.5359
19692.0000 1003 537 0.5354
19716.0000 1004 537 0.5349
19739.0000 1005 537 0.5343
19742.8000 1005 538 0.5353
19755.0000 1006 538 0.5348
19770.0000 1007 538 0.5343
19780.9000 1007 539 0.5353
19784.4000 1007 540 0.5362
19786.4000 1007 541 0.5372
19788.5000 1007 542 0.5382
19792.0000 1008 542 0.5377
19813.8000 1008 543 0.5387
19815.0000 1009 543 0.5382
19816.1000 1009 544 0.5391
19826.1000 1009 545 0.5401
19826.5000 1009 546 0.5411
19826.6000 1009 547 0.5421
19833.0000 1010 547 0.5416
19848.2000 1010 548 0.5426
19852.0000 1011 548 0.5420
19876.0000 1012 548 0.5415
19891.0000 1013 548 0.5410
19908.0000 1014 548 0.5404
19924.9000 1014 549 0.5414
19932.0000 1015 549 0.5409
19956.0000 1016 549 0.5404
19968.8000 1016 550 0.5413
19970.9000 1016 551 0.5423
19976.0000 1017 551 0.5418
19984.6000 1017 552 0.5428
19987.1000 1017 553 0.5438
19998.0000 1018 553 0.5432
20019.0000 1019 553 0.5427
20027.8000 1019 554 0.5437
20034.0000 1020 554 0.5431
20039.7000 1020 555 0.5441
20054.8000 1020 556 0.5451
20057.0000 1021 556 0.5446
20073.6000 1021 557 0.5455
20075.0000 1022 557 0.5450
20088.7000 1022 558 0.5460
20094.0000 1023 558 0.5455
20097.3000 1023 559 0.5464
20118.0000 1024 559 0.5459
20135.0000 1025 559 0.5454
20137.3000 1025 560 0.5463
20146.1000 1025 561 0.5473
20146.4000 1025 562 0.5483
20157.0000 1026 562 0.5478
20179.0000 1027 562 0.5472
20179.3000 1027 563 0.5482
20190.8000 1027 564 0.5492
20196.4000 1027 565 0.5501
20197.0000 1028 565 0.5496
20201.3000 1028 566 0.5506
20221.0000 1029 566 0.5500
20237.0000 1030 566 0.5495
20259.0000 1031 566 0.5490
20276.0000 1032 566 0.5484
20293.0000 1033 566 0.5479
20308.0000 1034 566 0.5474
20309.5000 1034 567 0.5484
20327.0000 1035 567 0.5478
20350.0000 1036 567 0.5473
20366.0000 1037 567 0.5468
20373.6000 1037 568 0.5477
20385.0000 1038 568 0.5472
20401.0000 1038 569 0.5482
20401.0000 1039 569 0.5476
20401.5000 1039 570 0.5486
20407.5000 1039 571 0.5496
20421.0000 1040 571 0.5490
20437.0000 1041 571 0.5485
20445.5000 1041 572 0.5495
20455.9000 1041 573 0.5504
20461.0000 1042 573 0.5499
20485.0000 1043 573 0.5494
20508.0000 1044 573 0.5489
20532.0000 1045 573 0.5483
20550.0000 1045 574 0.5493
20554.0000 1046 574 0.5488
20576.0000 1047 574 0.5482
20589.8000 1047 575 0.5492
20594.0000 1048 575 0.5487
20611.0000 1049 575 0.5481
20635.0000 1050 575 0.5476
20655.0000 1051 575 0.5471
20663.9000 1051 576 0.5480
20673.0000 1052 576 0.5475
20691.0000 1053 576 0.5470
20693.0000 1053 577 0.5480
20706.0000 1054 577 0.5474
20724.0000 1055 577 0.5469
20744.0000 1056 577 0.5464
20766.0000 1057 577 0.5459
20782.0000 1058 577 0.5454
20800.0000 1059 577 0.5449
20801.3000 1059 578 0.5458
20821.0000 1060 578 0.5453
20839.1000 1060 579 0.5462
20844.0000 1061 579 0.5457
20857.6000 1061 580 0.5467
20864.0000 1062 580 0.5461
20873.7000 1062 581 0.5471
20886.5000 1062 582 0.5480
20888.0000 1063 582 0.5475
20911.0000 1064 582 0.5470
20922.6000 1064 583 0.5479
20922.6000 1064 584 0.5489
20931.0000 1065 584 0.5484
20947.8000 1065 585 0.5493
20952.0000 1066 585 0.5488
20968.0000 1067 585 0.5483
20968.5000 1067 586 0.5492
20982.3000 1067 587 0.5501
20987.6000 1067 588 0.5511
20988.9000 1067 589 0.5520
20990.0000 1068 589 0.5515
21007.0000 1069 589 0.5510
21008.6000 1069 590 0.5519
21031.0000 1070 590 0.5514
21041.1000 1070 591 0.5523
21055.0000 1071 591 0.5518
21072.3000 1071 592 0.5528
21077.0000 1072 592 0.5522
21092.0000 1073 592 0.5517
21097.1000 1073 593 0.5527
21116.0000 1074 593 0.5521
21122.7000 1074 594 0.5531
21132.0000 1075 594 0.5526
21148.0000 1076 594 0.5520
21166.0000 1077 594 0.5515
21184.0000 1078 594 0.5510
21184.8000 1078 595 0.5519
21189.4000 1078 596 0.5529
21189.7000 1078 597 0.5538
21204.0000 1079 597 0.5533
21214.9000 1079 598 0.5542
21223.0000 1080 598 0.5537
21225.8000 1080 599 0.5546
21235.3000 1080 600 0.5556
21247.0000 1081 600 0.5550
21250.6000 1081 601 0.5560
21271.0000 1082 601 0.5555
21275.3000 1082 602 0.5564
21292.0000 1083 602 0.5559
21309.0000 1084 602 0.5554
21325.4000 1084 603 0.5563
21327.0000 1085 603 0.5558
21350.8000 1085 604 0.5567
21351.0000 1086 604 0.5562
21368.0000 1086 605 0.5571
21368.0000 1087 605 0.5566
21369.9000 1087 606 0.5575
21370.7000 1087 607 0.5584
21376.0000 1087 608 0.5593
21387.0000 1088 608 0.5588
21407.0000 1089 608 0.5583
21424.0000 1090 608 0.5578
21443.4000 1090 609 0.5587
21444.0000 1091 609 0.5582
21460.9000 1091 610 0.5591
21463.0000 1091 611 0.5600
21463.0000 1092 611 0.5595
21474.9000 1092 612 0.5604
21479.4000 1092 613 0.5614
21483.0000 1093 613 0.5608
21497.5000 1093 614 0.5618
21501.7000 1093 615 0.5627
21505.0000 1094 615 0.5622
21523.0000 1095 615 0.5616
21539.0000 1096 615 0.5611
21544.5000 1096 616 0.5620
21556.0000 1097 616 0.5615
21565.7000 1097 617 0.5624
21577.0000 1098 617 0.5619
21592.1000 1098 618 0.5628
21599.0000 1099 618 0.5623
21615.0000 1100 618 0.5618
21623.6000 1100 619 0.5627
21632.0000 1101 619 0.5622
21648.0000 1102 619 0.5617
21665.0000 1103 619 0.5612
21689.0000 1104 619 0.5607
21692.1000 1104 620 0.5616
21707.0000 1105 620 0.5611
21713.3000 1105 621 0.5620
21714.3000 1105 622 0.5629
21715.9000 1105 623 0.5638
21718.9000 1105 624 0.5647
21731.0000 1106 624 0.5642
21742.4000 1106 625 0.5651
21755.0000 1107 625 0.5646
21755.7000 1107 626 0.5655
21777.0000 1108 626 0.5650
21794.0000 1109 626 0.5645
21799.1000 1109 627 0.5654
21807.1000 1109 628 0.5663
21818.0000 1110 628 0.5658
21837.0000 1111 628 0.5653
21847.5000 1111 629 0.5662
21860.0000 1112 629 0.5656
21872.6000 1112 630 0.5665
21883.0000 1113 630 0.5660
21885.7000 1113 631 0.5669
21898.0000 1114 631 0.5664
21916.0000 1115 631 0.5659
21939.0000 1116 631 0.5654
21941.3000 1116 632 0.5663
21949.4000 1116 633 0.5672
21951.3000 1116 634 0.5681
21953.9000 1116 635 0.5690
21960.0000 1117 635 0.5685
21963.9000 1117 636 0.5694
21971.6000 1117 637 0.5703
21976.0000 1118 637 0.5698
21992.6000 1118 638 0.5707
21999.0000 1119 638 0.5702
22022.0000 1120 638 0.5696
22038.4000 1120 639 0.5705
22041.0000 1121 639 0.5700
22044.3000 1121 640 0.5709
22050.4000 1121 641 0.5718
22051.2000 1121 642 0.5727
22051.5000 1121 643 0.5736
22061.0000 1122 643 0.5731
22078.0000 1123 643 0.5726
22093.3000 1123 644 0.5735
22101.0000 1124 644 0.5730
22121.0000 1125 644 0.5724
22140.0000 1126 644 0.5719
22143.1000 1126 645 0.5728
22159.0000 1127 645 0.5723
22165.7000 1127 646 0.5732
22167.5000 1127 647 0.5741
22172.5000 1127 648 0.5750
22183.0000 1128 648 0.5745
22199.0000 1129 648 0.5740
22211.4000 1129 649 0.5748
22213.3000 1129 650 0.5757
22217.2000 1129 651 0.5766
22218.0000 1130 651 0.5761
22227.0000 1130 652 0.5770
22234.9000 1130 653 0.5779
22242.0000 1131 653 0.5774
22259.5000 1131 654 0.5782
22263.0000 1132 654 0.5777
22281.0000 1133 654 0.5772
22304.0000 1134 654 0.5767
22310.8000 1134 655 0.5776
22312.6000 1134 656 0.5785
22314.8000 1134 657 0.5794
22318.0000 1134 658 0.5802
22322.0000 1135 658 0.5797
22337.5000 1135 659 0.5806
22346.0000 1136 659 0.5801
22363.0000 1137 659 0.5796
22370.8000 1137 660 0.5805
22385.0000 1138 660 0.5800
22405.0000 1139 660 0.5795
22420.0000 1140 660 0.5789
22444.0000 1141 660 0.5784
22445.7000 1141 661 0.5793
22456.3000 1141 662 0.5802
22464.0000 1142 662 0.5797
22471.8000 1142 663 0.5806
22482.0000 1143 663 0.5801
22486.0000 1143 664 0.5809
22500.0000 1144 664 0.5804
22513.6000 1144 665 0.5813
22521.0000 1145 665 0.5808
22521.9000 1145 666 0.5817
22543.6000 1145 667 0.5825
22544.0000 1146 667 0.5820
22546.3000 1146 668 0.5829
22552.0000 1146 669 0.5838
22560.0000 1147 669 0.5833
22568.3000 1147 670 0.5841
22578.0000 1148 670 0.5836
22583.2000 1148 671 0.5845
22595.0000 1149 671 0.5840
22596.4000 1149 672 0.5849
22613.0000 1150 672 0.5843
22628.0000 1151 672 0.5838
22630.1000 1151 673 0.5847
22648.0000 1152 673 0.5842
22648.7000 1152 674 0.5851
22666.0000 1153 674 0.5846
22677.3000 1153 675 0.5854
22682.0000 1154 675 0.5849
22682.4000 1154 676 0.5858
22695.8000 1154 677 0.5867
22697.0000 1154 678 0.5875
22698.0000 1155 678 0.5870
22713.0000 1156 678 0.5865
22717.4000 1156 679 0.5874
22729.0000 1156 680 0.5882
22735.0000 1157 680 0.5877
22751.7000 1157 681 0.5886
22752.3000 1157 682 0.5895
22758.0000 1158 682 0.5889
22779.0000 1159 682 0.5884
22790.9000 1159 683 0.5893
22799.0000 1160 683 0.5888
22802.8000 1160 684 0.5897
22805.7000 1160 685 0.5905
22820.0000 1161 685 0.5900
22824.3000 1161 686 0.5909
22835.0000 1162 686 0.5904
22850.0000 1163 686 0.5899
22866.3000 1163 687 0.5907
22869.0000 1164 687 0.5902
22891.0000 1165 687 0.5897
22913.0000 1166 687 0.5892
22916.0000 1166 688 0.5901
22917.4000 1166 689 0.5909
22917.9000 1166 690 0.5918
22931.0000 1167 690 0.5913
22944.6000 1167 691 0.5921
22954.0000 1168 691 0.5916
22957.4000 1168 692 0.5925
22959.7000 1168 693 0.5933
22971.0000 1169 693 0.5928
22978.7000 1169 694 0.5937
22980.1000 1169 695 0.5945
22991.0000 1170 695 0.5940
23007.0000 1171 695 0.5935
23010.1000 1171 696 0.5944
23031.0000 1172 696 0.5939
23047.0000 1173 696 0.5934
23047.9000 1173 697 0.5942
23051.2000 1173 698 0.5951
23065.1000 1173 699 0.5959
23070.0000 1174 699 0.5954
23085.0000 1175 699 0.5949
23102.2000 1175 700 0.5957
23106.0000 1176 700 0.5952
23127.0000 1177 700 0.5947
23142.0000 1177 701 0.5956
23149.0000 1178 701 0.5951
23153.3000 1178 702 0.5959
23154.8000 1178 703 0.5968
23165.0000 1179 703 0.5963
23179.9000 1179 704 0.5971
23180.0000 1180 704 0.5966
23182.8000 1180 705 0.5975
23184.3000 1180 706 0.5983
23185.2000 1180 707 0.5992
23198.0000 1181 707 0.5986
23214.0000 1182 707 0.5981
23238.0000 1183 707 0.5976
23252.6000 1183 708 0.5985
23256.3000 1183 709 0.5993
23258.0000 1184 709 0.5988
23260.4000 1184 710 0.5997
23261.9000 1184 711 0.6005
23268.5000 1184 712 0.6014
23272.4000 1184 713 0.6022
23280.0000 1185 713 0.6017
23293.8000 1185 714 0.6025
23295.0000 1186 714 0.6020
23304.1000 1186 715 0.6029
23319.0000 1187 715 0.6024
23339.0000 1188 715 0.6019
23360.0000 1189 715 0.6013
23377.0000 1190 715 0.6008
23393.0000 1191 715 0.6003
23409.0000 1192 715 0.5998
23428.0000 1193 715 0.5993
23445.0000 1194 715 0.5988
23451.3000 1194 716 0.5997
23463.8000 1194 717 0.6005
23464.0000 1195 717 0.6000
23466.7000 1195 718 0.6008
23471.5000 1195 719 0.6017
23475.0000 1195 720 0.6025
23482.0000 1196 720 0.6020
23498.0000 1197 720 0.6015
23501.9000 1197 721 0.6023
23516.0000 1198 721 0.6018
23532.0000 1199 721 0.6013
23541.0000 1199 722 0.6022
23547.0000 1200 722 0.6017
23558.7000 1200 723 0.6025
23565.9000 1200 724 0.6033
23568.0000 1201 724 0.6028
23571.4000 1201 725 0.6037
23574.6000 1201 726 0.6045
23582.3000 1201 727 0.6053
23589.0000 1202 727 0.6048
23590.4000 1202 728 0.6057
23613.0000 1203 728 0.6052
23629.0000 1204 728 0.6047
23647.0000 1205 728 0.6041
23662.0000 1206 728 0.6036
23663.9000 1206 729 0.6045
23678.0000 1206 730 0.6053
23681.0000 1207 730 0.6048
23681.1000 1207 731 0.6056
23689.1000 1207 732 0.6065
23702.0000 1208 732 0.6060
23710.9000 1208 733 0.6068
23712.8000 1208 734 0.6076
23713.1000 1208 735 0.6084
23726.0000 1209 735 0.6079
23726.3000 1209 736 0.6088
23735.9000 1209 737 0.6096
23741.0000 1210 737 0.6091
23752.3000 1210 738 0.6099
23760.0000 1211 738 0.6094
23764.6000 1211 739 0.6102
23765.7000 1211 740 0.6111
23768.0000 1211 741 0.6119
23778.0000 1212 741 0.6114
23798.0000 1213 741 0.6109
23817.0000 1214 741 0.6104
23836.9000 1214 742 0.6112
23837.0000 1215 742 0.6107
23843.7000 1215 743 0.6115
23859.0000 1216 743 0.6110
23866.6000 1216 744 0.6118
23874.0000 1217 744 0.6113
23895.0000 1218 744 0.6108
23906.0000 1218 745 0.6117
23906.9000 1218 746 0.6125
23909.0000 1218 747 0.6133
23916.0000 1219 747 0.6128
23917.6000 1219 748 0.6136
23925.7000 1219 749 0.6144
23926.1000 1219 750 0.6153
23927.6000 1219 751 0.6161
23937.0000 1220 751 0.6156
23961.0000 1221 751 0.6151
23981.0000 1222 751 0.6146
23986.6000 1222 752 0.6154
23988.1000 1222 753 0.6162
23990.6000 1222 754 0.6170
23992.2000 1222 755 0.6178
24004.0000 1223 755 0.6173
24011.7000 1223 756 0.6182
24011.7000 1223 757 0.6190
24026.0000 1224 757 0.6185
24030.7000 1224 758 0.6193
24037.4000 1224 759 0.6201
24043.0000 1225 759 0.6196
24062.0000 1226 759 0.6191
24077.5000 1226 760 0.6199
24079.0000 1227 760 0.6194
24095.0000 1228 760 0.6189
24110.0000 1229 760 0.6184
24134.0000 1230 760 0.6179
24140.5000 1230 761 0.6187
24147.6000 1230 762 0.6195
24157.0000 1231 762 0.6190
24179.0000 1232 762 0.6185
24189.3000 1232 763 0.6193
24203.0000 1233 763 0.6188
24222.0000 1234 763 0.6183
24245.0000 1235 763 0.6178
24251.5000 1235 764 0.6186
24262.0000 1236 764 0.6181
24274.8000 1236 765 0.6189
24286.0000 1237 765 0.6184
24305.0000 1238 765 0.6179
24309.0000 1238 766 0.6187
24311.9000 1238 767 0.6195
24312.3000 1238 768 0.6204
24326.0000 1239 768 0.6199
24341.7000 1239 769 0.6207
24349.0000 1240 769 0.6202
24368.0000 1241 769 0.6197
24369.3000 1241 770 0.6205
24377.5000 1241 771 0.6213
24379.5000 1241 772 0.6221
24383.0000 1242 772 0.6216
24407.0000 1243 772 0.6211
24412.1000 1243 773 0.6219
24427.0000 1244 773 0.6214
24444.1000 1244 774 0.6222
24445.2000 1244 775 0.6230
24447.0000 1245 775 0.6225
24468.0000 1246 775 0.6220
24471.4000 1246 776 0.6228
24474.2000 1246 777 0.6236
24482.9000 1246 778 0.6244
24490.0000 1247 778 0.6239
24514.0000 1248 778 0.6234
24526.9000 1248 779 0.6242
24530.0000 1249 779 0.6237
24553.0000 1250 779 0.6232
24568.0000 1251 779 0.6227
24572.1000 1251 780 0.6235
24591.0000 1252 780 0.6230
24607.0000 1253 780 0.6225
24624.0000 1254 780 0.6220
24633.0000 1254 781 0.6228
24641.0000 1255 781 0.6223
24652.6000 1255 782 0.6231
24655.0000 1255 783 0.6239
24656.0000 1256 783 0.6234
24667.1000 1256 784 0.6242
24670.1000 1256 785 0.6250
24677.0000 1257 785 0.6245
24687.8000 1257 786 0.6253
24693.0000 1258 786 0.6248
24712.0000 1259 786 0.6243
24736.0000 1260 786 0.6238
24751.0000 1261 786 0.6233
24752.5000 1261 787 0.6241
24753.2000 1261 788 0.6249
24768.0000 1262 788 0.6244
24790.0000 1262 789 0.6252
24790.0000 1263 789 0.6247
24809.0000 1264 789 0.6242
24824.0000 1265 789 0.6237
24844.0000 1266 789 0.6232
24859.0000 1266 790 0.6240
24867.0000 1267 790 0.6235
24870.4000 1267 791 0.6243
24883.0000 1268 791 0.6238
24905.0000 1268 792 0.6246
24906.0000 1269 792 0.6241
24909.8000 1269 793 0.6249
24921.0000 1270 793 0.6244
24923.3000 1270 794 0.6252
24923.9000 1270 795 0.6260
24945.0000 1271 795 0.6255
24963.0000 1272 795 0.6250
24980.0000 1273 795 0.6245
24999.0000 1274 795 0.6240
25015.0000 1275 795 0.6235
25021.2000 1275 796 0.6243
25034.0000 1276 796 0.6238
25055.0000 1277 796 0.6233
25073.8000 1277 797 0.6241
25074.0000 1278 797 0.6236
25087.6000 1278 798 0.6244
25094.1000 1278 799 0.6252
25095.0000 1279 799 0.6247
25107.0000 1279 800 0.6255
25116.1000 1279 801 0.6263
25119.0000 1280 801 0.6258
25123.9000 1280 802 0.6266
25138.0000 1281 802 0.6261
25162.0000 1282 802 0.6256
25168.8000 1282 803 0.6264
25183.0000 1283 803 0.6259
