# time  created  delivered  delivered/created
22.0000 1 0 0.0000
38.0000 2 0 0.0000
54.0000 3 0 0.0000
72.0000 4 0 0.0000
94.0000 5 0 0.0000
110.0000 6 0 0.0000
133.0000 7 0 0.0000
153.0000 8 0 0.0000
175.0000 9 0 0.0000
191.0000 10 0 0.0000
210.0000 11 0 0.0000
225.0000 12 0 0.0000
249.0000 13 0 0.0000
265.0000 14 0 0.0000
281.0000 15 0 0.0000
304.0000 16 0 0.0000
328.0000 17 0 0.0000
343.0000 18 0 0.0000
367.0000 19 0 0.0000
382.0000 20 0 0.0000
399.0000 21 0 0.0000
420.0000 22 0 0.0000
439.0000 23 0 0.0000
458.0000 24 0 0.0000
480.0000 25 0 0.0000
497.0000 26 0 0.0000
515.0000 27 0 0.0000
538.0000 28 0 0.0000
562.0000 29 0 0.0000
581.0000 30 0 0.0000
581.2000 30 1 0.0333
603.0000 31 1 0.0323
625.0000 32 1 0.0313
640.9000 32 2 0.0625
646.0000 33 2 0.0606
658.2000 33 3 0.0909
661.6000 33 4 0.1212
667.0000 34 4 0.1176
685.0000 35 4 0.1143
691.0000 35 5 0.1429
700.0000 36 5 0.1389
722.0000 37 5 0.1351
741.0000 38 5 0.1316
764.0000 39 5 0.1282
775.8000 39 6 0.1538
784.0000 40 6 0.1500
806.0000 41 6 0.1463
829.0000 42 6 0.1429
851.0000 43 6 0.1395
873.0000 44 6 0.1364
895.0000 45 6 0.1333
918.0000 46 6 0.1304
935.7000 46 7 0.1522
941.0000 47 7 0.1489
957.0000 48 7 0.1458
975.0000 49 7 0.1429
998.0000 50 7 0.1400
1018.0000 51 7 0.1373
1040.0000 52 7 0.1346
1056.0000 53 7 0.1321
1077.0000 54 7 0.1296
1096.0000 55 7 0.1273
1117.0000 56 7 0.1250
1137.0000 57 7 0.1228
1159.0000 58 7 0.1207
1179.0000 59 7 0.1186
1193.3000 59 8 0.1356
1201.0000 60 8 0.1333
1216.0000 61 8 0.1311
1225.1000 61 9 0.1475
1226.1000 61 10 0.1639
1232.0000 62 10 0.1613
1251.0000 63 10 0.1587
1268.0000 64 10 0.1563
1287.0000 65 10 0.1538
1308.0000 66 10 0.1515
1327.0000 67 10 0.1493
1342.0000 68 10 0.1471
1364.0000 69 10 0.1449
1388.0000 70 10 0.1429
1397.1000 70 11 0.1571
1407.0000 71 11 0.1549
1422.0000 72 11 0.1528
1442.0000 73 11 0.1507
1464.0000 74 11 0.1486
1475.9000 74 12 0.1622
1478.4000 74 13 0.1757
1479.0000 75 13 0.1733
1483.1000 75 14 0.1867
1500.0000 76 14 0.1842
1518.0000 77 14 0.1818
1542.0000 78 14 0.1795
1560.8000 78 15 0.1923
1562.0000 79 15 0.1899
1577.0000 80 15 0.1875
1595.4000 80 16 0.2000
1600.0000 81 16 0.1975
1620.0000 82 16 0.1951
1637.0000 83 16 0.1928
1652.0000 84 16 0.1905
1673.0000 85 16 0.1882
1695.0000 86 16 0.1860
1713.0000 87 16 0.1839
1737.0000 88 16 0.1818
1739.8000 88 17 0.1932
1760.0000 89 17 0.1910
1781.0000 90 17 0.1889
1804.0000 91 17 0.1868
1826.0000 92 17 0.1848
1849.0000 93 17 0.1828
1870.0000 94 17 0.1809
1881.2000 94 18 0.1915
1890.0000 95 18 0.1895
1911.0000 96 18 0.1875
1929.0000 97 18 0.1856
1948.0000 98 18 0.1837
1965.0000 99 18 0.1818
1980.0000 100 18 0.1800
2002.0000 101 18 0.1782
2024.0000 102 18 0.1765
2035.6000 102 19 0.1863
2041.0000 103 19 0.1845
2064.0000 104 19 0.1827
2080.0000 105 19 0.1810
2095.0000 106 19 0.1792
2119.0000 107 19 0.1776
2139.0000 108 19 0.1759
2142.8000 108 20 0.1852
2161.0000 109 20 0.1835
2178.0000 110 20 0.1818
2199.0000 111 20 0.1802
2222.0000 112 20 0.1786
2240.0000 113 20 0.1770
2259.0000 114 20 0.1754
2275.0000 115 20 0.1739
2295.0000 116 20 0.1724
2314.0000 117 20 0.1709
2324.2000 117 21 0.1795
2335.0000 118 21 0.1780
2354.0000 119 21 0.1765
2377.0000 120 21 0.1750
2396.0000 121 21 0.1736
2411.0000 122 21 0.1721
2412.0000 122 22 0.1803
2433.0000 123 22 0.1789
2452.0000 124 22 0.1774
2460.7000 124 23 0.1855
2474.0000 125 23 0.1840
2496.0000 126 23 0.1825
2509.7000 126 24 0.1905
2511.0000 127 24 0.1890
2526.0000 128 24 0.1875
2546.0000 129 24 0.1860
2563.0000 130 24 0.1846
2586.0000 131 24 0.1832
2601.0000 132 24 0.1818
2621.0000 133 24 0.1805
2641.0000 134 24 0.1791
2662.0000 135 24 0.1778
2678.0000 136 24 0.1765
2689.6000 136 25 0.1838
2690.0000 136 26 0.1912
2693.0000 137 26 0.1898
2697.3000 137 27 0.1971
2716.0000 138 27 0.1957
2735.0000 139 27 0.1942
2754.0000 140 27 0.1929
2771.0000 141 27 0.1915
2788.0000 142 27 0.1901
2807.0000 143 27 0.1888
2823.1000 143 28 0.1958
2826.1000 143 29 0.2028
2831.0000 144 29 0.2014
2853.0000 145 29 0.2000
2868.0000 146 29 0.1986
2872.7000 146 30 0.2055
2891.0000 147 30 0.2041
2911.0000 148 30 0.2027
2926.0000 149 30 0.2013
2942.0000 150 30 0.2000
2962.0000 151 30 0.1987
2979.0000 152 30 0.1974
3003.0000 153 30 0.1961
3024.0000 154 30 0.1948
3040.0000 155 30 0.1935
3064.0000 156 30 0.1923
3065.8000 156 31 0.1987
3086.0000 157 31 0.1975
3100.9000 157 32 0.2038
3110.0000 158 32 0.2025
3129.0000 159 32 0.2013
3147.0000 160 32 0.2000
3166.0000 161 32 0.1988
3190.0000 162 32 0.1975
3210.0000 163 32 0.1963
3225.0000 164 32 0.1951
3243.0000 165 32 0.1939
3260.0000 166 32 0.1928
3283.0000 167 32 0.1916
3289.8000 167 33 0.1976
3305.0000 168 33 0.1964
3321.0000 169 33 0.1953
3344.0000 170 33 0.1941
3365.0000 171 33 0.1930
3385.0000 172 33 0.1919
3408.0000 173 33 0.1908
3410.3000 173 34 0.1965
3428.0000 174 34 0.1954
3449.0000 175 34 0.1943
3472.0000 176 34 0.1932
3488.0000 177 34 0.1921
3511.0000 178 34 0.1910
3535.0000 179 34 0.1899
3552.0000 180 34 0.1889
3570.0000 181 34 0.1878
3589.0000 182 34 0.1868
