# time  created  delivered  delivered/created
22.0000 1 0 0.0000
38.0000 2 0 0.0000
54.0000 3 0 0.0000
72.0000 4 0 0.0000
94.0000 5 0 0.0000
110.0000 6 0 0.0000
133.0000 7 0 0.0000
153.0000 8 0 0.0000
175.0000 9 0 0.0000
191.0000 10 0 0.0000
210.0000 11 0 0.0000
225.0000 12 0 0.0000
249.0000 13 0 0.0000
265.0000 14 0 0.0000
281.0000 15 0 0.0000
304.0000 16 0 0.0000
328.0000 17 0 0.0000
343.0000 18 0 0.0000
367.0000 19 0 0.0000
382.0000 20 0 0.0000
399.0000 21 0 0.0000
420.0000 22 0 0.0000
439.0000 23 0 0.0000
458.0000 24 0 0.0000
480.0000 25 0 0.0000
497.0000 26 0 0.0000
515.0000 27 0 0.0000
538.0000 28 0 0.0000
562.0000 29 0 0.0000
581.0000 30 0 0.0000
581.2000 30 1 0.0333
603.0000 31 1 0.0323
625.0000 32 1 0.0313
642.8000 32 2 0.0625
646.0000 33 2 0.0606
661.6000 33 3 0.0909
667.0000 34 3 0.0882
685.0000 35 3 0.0857
691.0000 35 4 0.1143
700.0000 36 4 0.1111
714.9000 36 5 0.1389
722.0000 37 5 0.1351
741.0000 38 5 0.1316
764.0000 39 5 0.1282
773.6000 39 6 0.1538
784.0000 40 6 0.1500
806.0000 41 6 0.1463
829.0000 42 6 0.1429
851.0000 43 6 0.1395
873.0000 44 6 0.1364
895.0000 45 6 0.1333
918.0000 46 6 0.1304
935.7000 46 7 0.1522
941.0000 47 7 0.1489
957.0000 48 7 0.1458
975.0000 49 7 0.1429
998.0000 50 7 0.1400
1018.0000 51 7 0.1373
1040.0000 52 7 0.1346
1056.0000 53 7 0.1321
1077.0000 54 7 0.1296
1096.0000 55 7 0.1273
1117.0000 56 7 0.1250
1137.0000 57 7 0.1228
1159.0000 58 7 0.1207
1179.0000 59 7 0.1186
1193.3000 59 8 0.1356
1201.0000 60 8 0.1333
1216.0000 61 8 0.1311
1225.2000 61 9 0.1475
1226.1000 61 10 0.1639
1232.0000 62 10 0.1613
1251.0000 63 10 0.1587
1268.0000 64 10 0.1563
1287.0000 65 10 0.1538
1308.0000 66 10 0.1515
1327.0000 67 10 0.1493
1342.0000 68 10 0.1471
1364.0000 69 10 0.1449
1381.1000 69 11 0.1594
1388.0000 70 11 0.1571
1397.1000 70 12 0.1714
1407.0000 71 12 0.1690
1408.5000 71 13 0.1831
1422.0000 72 13 0.1806
1442.0000 73 13 0.1781
1464.0000 74 13 0.1757
1475.9000 74 14 0.1892
1478.4000 74 15 0.2027
1479.0000 75 15 0.2000
1483.1000 75 16 0.2133
1500.0000 76 16 0.2105
1518.0000 77 16 0.2078
1542.0000 78 16 0.2051
1562.0000 79 16 0.2025
1577.0000 80 16 0.2000
1600.0000 81 16 0.1975
1620.0000 82 16 0.1951
1637.0000 83 16 0.1928
1652.0000 84 16 0.1905
1673.0000 85 16 0.1882
1695.0000 86 16 0.1860
1702.5000 86 17 0.1977
1706.4000 86 18 0.2093
1713.0000 87 18 0.2069
1736.2000 87 19 0.2184
1737.0000 87 20 0.2299
1737.0000 88 20 0.2273
1739.4000 88 21 0.2386
1739.8000 88 22 0.2500
1760.0000 89 22 0.2472
1781.0000 90 22 0.2444
1804.0000 91 22 0.2418
1826.0000 92 22 0.2391
1849.0000 93 22 0.2366
1870.0000 94 22 0.2340
1880.0000 94 23 0.2447
1882.8000 94 24 0.2553
1890.0000 95 24 0.2526
1911.0000 96 24 0.2500
1929.0000 97 24 0.2474
1948.0000 98 24 0.2449
1965.0000 99 24 0.2424
1980.0000 100 24 0.2400
1991.4000 100 25 0.2500
2002.0000 101 25 0.2475
2024.0000 102 25 0.2451
2035.6000 102 26 0.2549
2041.0000 103 26 0.2524
2064.0000 104 26 0.2500
2080.0000 105 26 0.2476
2095.0000 106 26 0.2453
2119.0000 107 26 0.2430
2139.0000 108 26 0.2407
2143.6000 108 27 0.2500
2161.0000 109 27 0.2477
2178.0000 110 27 0.2455
2199.0000 111 27 0.2432
2217.0000 111 28 0.2523
2222.0000 112 28 0.2500
2240.0000 113 28 0.2478
2259.0000 114 28 0.2456
2275.0000 115 28 0.2435
2295.0000 116 28 0.2414
2314.0000 117 28 0.2393
2325.3000 117 29 0.2479
2335.0000 118 29 0.2458
2354.0000 119 29 0.2437
2377.0000 120 29 0.2417
2396.0000 121 29 0.2397
2411.0000 122 29 0.2377
2412.0000 122 30 0.2459
2433.0000 123 30 0.2439
2452.0000 124 30 0.2419
2460.7000 124 31 0.2500
2470.4000 124 32 0.2581
2474.0000 125 32 0.2560
2490.0000 125 33 0.2640
2496.0000 126 33 0.2619
2511.0000 127 33 0.2598
2526.0000 128 33 0.2578
2546.0000 129 33 0.2558
2554.8000 129 34 0.2636
2557.6000 129 35 0.2713
2563.0000 130 35 0.2692
2586.0000 131 35 0.2672
2592.3000 131 36 0.2748
2601.0000 132 36 0.2727
2621.0000 133 36 0.2707
2641.0000 134 36 0.2687
2662.0000 135 36 0.2667
2678.0000 136 36 0.2647
2689.6000 136 37 0.2721
2690.0000 136 38 0.2794
2690.9000 136 39 0.2868
2693.0000 137 39 0.2847
2716.0000 138 39 0.2826
2729.2000 138 40 0.2899
2735.0000 139 40 0.2878
2741.3000 139 41 0.2950
2742.9000 139 42 0.3022
2754.0000 140 42 0.3000
2771.0000 141 42 0.2979
2788.0000 142 42 0.2958
2800.0000 142 43 0.3028
2803.7000 142 44 0.3099
2807.0000 143 44 0.3077
2823.2000 143 45 0.3147
2831.0000 144 45 0.3125
2840.1000 144 46 0.3194
2853.0000 145 46 0.3172
2868.0000 146 46 0.3151
2891.0000 147 46 0.3129
2899.2000 147 47 0.3197
2911.0000 148 47 0.3176
2926.0000 149 47 0.3154
2942.0000 150 47 0.3133
2947.3000 150 48 0.3200
2954.4000 150 49 0.3267
2962.0000 151 49 0.3245
2979.0000 152 49 0.3224
3003.0000 153 49 0.3203
3024.0000 154 49 0.3182
3040.0000 155 49 0.3161
3059.0000 155 50 0.3226
3064.0000 156 50 0.3205
3065.8000 156 51 0.3269
3072.5000 156 52 0.3333
3084.5000 156 53 0.3397
3086.0000 157 53 0.3376
3110.0000 158 53 0.3354
3129.0000 159 53 0.3333
3131.0000 159 54 0.3396
3147.0000 160 54 0.3375
3166.0000 161 54 0.3354
3190.0000 162 54 0.3333
3204.1000 162 55 0.3395
3210.0000 163 55 0.3374
3225.0000 164 55 0.3354
3243.0000 165 55 0.3333
3260.0000 166 55 0.3313
3271.5000 166 56 0.3373
3275.4000 166 57 0.3434
3283.0000 167 57 0.3413
3288.4000 167 58 0.3473
3305.0000 168 58 0.3452
3321.0000 169 58 0.3432
3344.0000 170 58 0.3412
3363.5000 170 59 0.3471
3365.0000 171 59 0.3450
3385.0000 172 59 0.3430
3396.5000 172 60 0.3488
3408.0000 173 60 0.3468
3414.1000 173 61 0.3526
3414.4000 173 62 0.3584
3423.8000 173 63 0.3642
3426.6000 173 64 0.3699
3428.0000 174 64 0.3678
3449.0000 175 64 0.3657
3456.6000 175 65 0.3714
3472.0000 176 65 0.3693
3488.0000 177 65 0.3672
3511.0000 178 65 0.3652
3512.4000 178 66 0.3708
3513.7000 178 67 0.3764
3530.6000 178 68 0.3820
3535.0000 179 68 0.3799
3547.0000 179 69 0.3855
3550.1000 179 70 0.3911
3552.0000 180 70 0.3889
3565.2000 180 71 0.3944
3570.0000 181 71 0.3923
3578.0000 181 72 0.3978
3589.0000 182 72 0.3956
3604.0000 183 72 0.3934
3619.0000 184 72 0.3913
3638.0000 185 72 0.3892
3653.0000 186 72 0.3871
3669.0000 187 72 0.3850
3689.0000 188 72 0.3830
3712.0000 189 72 0.3810
3730.0000 190 72 0.3789
3754.0000 191 72 0.3770
3771.0000 192 72 0.3750
3787.0000 193 72 0.3731
3809.0000 194 72 0.3711
3814.0000 194 73 0.3763
3827.1000 194 74 0.3814
3832.0000 195 74 0.3795
3848.6000 195 75 0.3846
3854.0000 196 75 0.3827
3867.6000 196 76 0.3878
3873.0000 197 76 0.3858
3895.0000 198 76 0.3838
3919.0000 199 76 0.3819
3938.0000 200 76 0.3800
3946.1000 200 77 0.3850
3946.7000 200 78 0.3900
3955.0000 201 78 0.3881
3975.0000 202 78 0.3861
3987.9000 202 79 0.3911
3996.0000 203 79 0.3892
4012.0000 204 79 0.3873
4018.5000 204 80 0.3922
4031.0000 205 80 0.3902
4052.0000 206 80 0.3883
4054.9000 206 81 0.3932
4070.0000 207 81 0.3913
4094.0000 208 81 0.3894
4115.0000 209 81 0.3876
4134.0000 210 81 0.3857
4153.0000 211 81 0.3839
4171.0000 212 81 0.3821
4175.9000 212 82 0.3868
4187.1000 212 83 0.3915
4194.0000 213 83 0.3897
4205.9000 213 84 0.3944
4214.0000 214 84 0.3925
4235.0000 215 84 0.3907
4235.9000 215 85 0.3953
4245.6000 215 86 0.4000
4251.0000 216 86 0.3981
4256.7000 216 87 0.4028
4268.6000 216 88 0.4074
4272.0000 217 88 0.4055
4287.3000 217 89 0.4101
4290.0000 218 89 0.4083
4308.6000 218 90 0.4128
4314.0000 219 90 0.4110
4338.0000 220 90 0.4091
4360.0000 221 90 0.4072
4381.0000 222 90 0.4054
4400.0000 223 90 0.4036
4419.0000 224 90 0.4018
4419.1000 224 91 0.4063
4434.0000 225 91 0.4044
4435.5000 225 92 0.4089
4452.4000 225 93 0.4133
4454.5000 225 94 0.4178
4458.0000 226 94 0.4159
4463.0000 226 95 0.4204
4476.0000 227 95 0.4185
4497.0000 228 95 0.4167
4515.0000 229 95 0.4148
4525.6000 229 96 0.4192
4537.0000 230 96 0.4174
4556.0000 231 96 0.4156
4561.4000 231 97 0.4199
4580.0000 232 97 0.4181
4597.0000 233 97 0.4163
4606.3000 233 98 0.4206
4609.0000 233 99 0.4249
4611.8000 233 100 0.4292
4614.0000 234 100 0.4274
4634.0000 235 100 0.4255
4655.0000 236 100 0.4237
4665.1000 236 101 0.4280
4672.0000 237 101 0.4262
4689.0000 238 101 0.4244
4706.0000 239 101 0.4226
4729.0000 240 101 0.4208
4743.7000 240 102 0.4250
4747.0000 241 102 0.4232
4762.0000 242 102 0.4215
4783.0000 243 102 0.4198
4795.2000 243 103 0.4239
4799.4000 243 104 0.4280
4807.0000 244 104 0.4262
4824.0000 245 104 0.4245
4848.0000 246 104 0.4228
4867.0000 247 104 0.4211
4886.0000 248 104 0.4194
4909.0000 249 104 0.4177
4928.0000 250 104 0.4160
4951.0000 251 104 0.4143
4966.0000 252 104 0.4127
4973.2000 252 105 0.4167
4977.6000 252 106 0.4206
4986.0000 253 106 0.4190
4988.1000 253 107 0.4229
4991.0000 253 108 0.4269
5010.0000 254 108 0.4252
5033.0000 255 108 0.4235
5048.0000 256 108 0.4219
5072.0000 257 108 0.4202
5076.2000 257 109 0.4241
5086.0000 257 110 0.4280
5089.0000 258 110 0.4264
5112.0000 259 110 0.4247
5130.5000 259 111 0.4286
5131.0000 260 111 0.4269
5151.0000 261 111 0.4253
5175.0000 262 111 0.4237
5194.0000 263 111 0.4221
5212.5000 263 112 0.4259
5215.0000 264 112 0.4242
5237.0000 265 112 0.4226
5240.6000 265 113 0.4264
5254.0000 266 113 0.4248
5269.0000 267 113 0.4232
5291.0000 268 113 0.4216
5307.0000 269 113 0.4201
5324.0000 270 113 0.4185
5339.0000 271 113 0.4170
5356.0000 272 113 0.4154
5371.0000 273 113 0.4139
5387.0000 274 113 0.4124
5410.0000 275 113 0.4109
5426.0000 276 113 0.4094
5430.3000 276 114 0.4130
5447.0000 277 114 0.4116
5464.5000 277 115 0.4152
5470.0000 278 115 0.4137
5490.0000 279 115 0.4122
5507.0000 280 115 0.4107
5518.2000 280 116 0.4143
5528.0000 281 116 0.4128
5542.9000 281 117 0.4164
5546.0000 282 117 0.4149
5564.0000 283 117 0.4134
5565.1000 283 118 0.4170
5584.0000 284 118 0.4155
5607.0000 285 118 0.4140
5622.0000 285 119 0.4175
5625.0000 286 119 0.4161
5643.0000 287 119 0.4146
5665.0000 288 119 0.4132
5673.7000 288 120 0.4167
5685.0000 289 120 0.4152
5704.0000 290 120 0.4138
5724.0000 291 120 0.4124
5727.8000 291 121 0.4158
5745.0000 292 121 0.4144
5755.6000 292 122 0.4178
5760.0000 293 122 0.4164
5778.9000 293 123 0.4198
5784.0000 294 123 0.4184
5805.0000 295 123 0.4169
5807.1000 295 124 0.4203
5821.8000 295 125 0.4237
5822.0000 296 125 0.4223
5841.0000 297 125 0.4209
5855.7000 297 126 0.4242
5859.0000 298 126 0.4228
5860.0000 298 127 0.4262
5860.3000 298 128 0.4295
5862.4000 298 129 0.4329
5873.7000 298 130 0.4362
5874.0000 299 130 0.4348
5893.0000 300 130 0.4333
5896.4000 300 131 0.4367
5906.5000 300 132 0.4400
5914.0000 301 132 0.4385
5914.4000 301 133 0.4419
5932.0000 302 133 0.4404
5953.0000 303 133 0.4389
5968.2000 303 134 0.4422
5971.0000 304 134 0.4408
5986.0000 305 134 0.4393
6003.8000 305 135 0.4426
6006.0000 305 136 0.4459
6008.0000 306 136 0.4444
6008.9000 306 137 0.4477
6011.0000 306 138 0.4510
6024.0000 307 138 0.4495
6029.0000 307 139 0.4528
6031.2000 307 140 0.4560
6037.7000 307 141 0.4593
6041.0000 308 141 0.4578
6063.0000 309 141 0.4563
6087.0000 310 141 0.4548
6105.0000 311 141 0.4534
6114.3000 311 142 0.4566
6124.0000 312 142 0.4551
6145.0000 313 142 0.4537
6166.0000 314 142 0.4522
6177.5000 314 143 0.4554
6182.0000 315 143 0.4540
6201.0000 316 143 0.4525
6216.0000 317 143 0.4511
6231.0000 318 143 0.4497
6239.3000 318 144 0.4528
6241.2000 318 145 0.4560
6243.6000 318 146 0.4591
6245.2000 318 147 0.4623
6245.5000 318 148 0.4654
6248.0000 319 148 0.4639
6248.4000 319 149 0.4671
6261.7000 319 150 0.4702
6267.0000 320 150 0.4688
6288.3000 320 151 0.4719
6289.0000 321 151 0.4704
6298.4000 321 152 0.4735
6308.0000 322 152 0.4720
6320.5000 322 153 0.4752
6332.0000 323 153 0.4737
6355.0000 324 153 0.4722
6372.0000 325 153 0.4708
6374.6000 325 154 0.4738
6376.7000 325 155 0.4769
6378.5000 325 156 0.4800
6393.0000 326 156 0.4785
6417.0000 327 156 0.4771
6431.8000 327 157 0.4801
6441.0000 328 157 0.4787
6457.3000 328 158 0.4817
6460.0000 328 159 0.4848
6464.7000 328 160 0.4878
6465.0000 329 160 0.4863
6467.3000 329 161 0.4894
6467.6000 329 162 0.4924
6486.0000 330 162 0.4909
6502.0000 331 162 0.4894
6518.0000 332 162 0.4880
6536.0000 333 162 0.4865
6555.0000 334 162 0.4850
6572.0000 335 162 0.4836
6591.0000 336 162 0.4821
6608.0000 337 162 0.4807
6631.0000 338 162 0.4793
6646.0000 339 162 0.4779
6665.0000 340 162 0.4765
6684.0000 341 162 0.4751
6696.4000 341 163 0.4780
6708.0000 342 163 0.4766
6725.0000 343 163 0.4752
6743.9000 343 164 0.4781
6745.0000 344 164 0.4767
6752.4000 344 165 0.4797
6753.6000 344 166 0.4826
6755.4000 344 167 0.4855
6760.0000 345 167 0.4841
6765.3000 345 168 0.4870
6776.9000 345 169 0.4899
6781.0000 346 169 0.4884
6795.3000 346 170 0.4913
6800.0000 347 170 0.4899
6816.0000 348 170 0.4885
6826.5000 348 171 0.4914
6839.0000 349 171 0.4900
6854.0000 350 171 0.4886
6874.0000 351 171 0.4872
6889.0000 352 171 0.4858
6893.6000 352 172 0.4886
6897.1000 352 173 0.4915
6898.3000 352 174 0.4943
6900.6000 352 175 0.4972
6909.0000 353 175 0.4958
6930.0000 354 175 0.4944
6951.0000 355 175 0.4930
6951.3000 355 176 0.4958
6952.1000 355 177 0.4986
6954.0000 355 178 0.5014
6971.0000 356 178 0.5000
6973.7000 356 179 0.5028
6995.0000 357 179 0.5014
7008.2000 357 180 0.5042
7010.0000 358 180 0.5028
7011.0000 358 181 0.5056
7013.2000 358 182 0.5084
7014.6000 358 183 0.5112
7029.0000 359 183 0.5097
7043.2000 359 184 0.5125
7048.0000 360 184 0.5111
7071.0000 361 184 0.5097
7093.0000 362 184 0.5083
7093.3000 362 185 0.5110
7108.0000 363 185 0.5096
7109.5000 363 186 0.5124
7130.0000 364 186 0.5110
7147.0000 365 186 0.5096
7163.0000 366 186 0.5082
7173.5000 366 187 0.5109
7175.0000 366 188 0.5137
7177.4000 366 189 0.5164
7179.6000 366 190 0.5191
7180.0000 367 190 0.5177
7197.0000 368 190 0.5163
7218.9000 368 191 0.5190
7220.8000 368 192 0.5217
7221.0000 369 192 0.5203
7229.8000 369 193 0.5230
7240.0000 370 193 0.5216
7245.1000 370 194 0.5243
7254.2000 370 195 0.5270
7255.0000 371 195 0.5256
7272.0000 372 195 0.5242
7290.8000 372 196 0.5269
7296.0000 373 196 0.5255
7314.6000 373 197 0.5282
7319.0000 374 197 0.5267
7333.2000 374 198 0.5294
7335.0000 375 198 0.5280
7338.6000 375 199 0.5307
7358.0000 376 199 0.5293
7378.0000 377 199 0.5279
7381.1000 377 200 0.5305
7389.9000 377 201 0.5332
7394.0000 378 201 0.5317
7411.0000 379 201 0.5303
7435.0000 380 201 0.5289
7455.5000 380 202 0.5316
7459.0000 381 202 0.5302
7472.9000 381 203 0.5328
7480.0000 382 203 0.5314
7481.3000 382 204 0.5340
7498.0000 383 204 0.5326
7498.8000 383 205 0.5352
7514.0000 384 205 0.5339
7536.0000 385 205 0.5325
7545.8000 385 206 0.5351
7559.0000 386 206 0.5337
7566.1000 386 207 0.5363
7574.0000 387 207 0.5349
7590.5000 387 208 0.5375
7595.0000 388 208 0.5361
7600.5000 388 209 0.5387
7610.5000 388 210 0.5412
7613.0000 389 210 0.5398
7621.5000 389 211 0.5424
7623.4000 389 212 0.5450
7625.0000 389 213 0.5476
7632.0000 390 213 0.5462
7650.2000 390 214 0.5487
7656.0000 391 214 0.5473
7666.1000 391 215 0.5499
7673.0000 392 215 0.5485
7677.6000 392 216 0.5510
7696.0000 393 216 0.5496
7713.0000 394 216 0.5482
7730.0000 395 216 0.5468
7745.0000 396 216 0.5455
7758.9000 396 217 0.5480
7762.0000 397 217 0.5466
7769.2000 397 218 0.5491
7784.0000 398 218 0.5477
7784.0000 398 219 0.5503
7804.0000 399 219 0.5489
7816.4000 399 220 0.5514
7822.0000 400 220 0.5500
7840.0000 401 220 0.5486
7858.0000 402 220 0.5473
7874.0000 403 220 0.5459
7883.6000 403 221 0.5484
7889.8000 403 222 0.5509
7891.2000 403 223 0.5533
7895.0000 404 223 0.5520
7914.0000 405 223 0.5506
7922.2000 405 224 0.5531
7931.0000 406 224 0.5517
7931.7000 406 225 0.5542
7935.9000 406 226 0.5567
7948.0000 407 226 0.5553
7960.8000 407 227 0.5577
7972.0000 408 227 0.5564
7973.5000 408 228 0.5588
7987.0000 409 228 0.5575
8002.0000 410 228 0.5561
8017.4000 410 229 0.5585
8024.0000 411 229 0.5572
8040.0000 412 229 0.5558
8041.7000 412 230 0.5583
8059.0000 413 230 0.5569
8082.0000 414 230 0.5556
8099.0000 415 230 0.5542
8106.7000 415 231 0.5566
8116.0000 416 231 0.5553
8137.0000 417 231 0.5540
8144.6000 417 232 0.5564
8158.0000 418 232 0.5550
8168.9000 418 233 0.5574
8173.0000 419 233 0.5561
8190.0000 420 233 0.5548
8193.3000 420 234 0.5571
8205.0000 421 234 0.5558
8205.7000 421 235 0.5582
8227.0000 422 235 0.5569
8235.0000 422 236 0.5592
8251.0000 423 236 0.5579
8269.7000 423 237 0.5603
8270.0000 423 238 0.5626
8272.4000 423 239 0.5650
8273.2000 423 240 0.5674
8275.0000 424 240 0.5660
8284.1000 424 241 0.5684
8284.6000 424 242 0.5708
8285.9000 424 243 0.5731
8297.0000 425 243 0.5718
8310.5000 425 244 0.5741
8317.0000 426 244 0.5728
8326.7000 426 245 0.5751
8336.0000 427 245 0.5738
8359.0000 428 245 0.5724
8363.8000 428 246 0.5748
8375.0000 429 246 0.5734
8396.0000 430 246 0.5721
8404.7000 430 247 0.5744
8414.0000 431 247 0.5731
8428.2000 431 248 0.5754
8437.0000 432 248 0.5741
8440.8000 432 249 0.5764
8453.0000 433 249 0.5751
8455.2000 433 250 0.5774
8455.9000 433 251 0.5797
8468.0000 434 251 0.5783
8492.0000 435 251 0.5770
8510.0000 436 251 0.5757
8525.0000 437 251 0.5744
8528.5000 437 252 0.5767
8544.0000 438 252 0.5753
8548.0000 438 253 0.5776
8556.0000 438 254 0.5799
8566.0000 439 254 0.5786
8570.0000 439 255 0.5809
8578.2000 439 256 0.5831
8586.0000 440 256 0.5818
8593.1000 440 257 0.5841
8609.0000 441 257 0.5828
8625.0000 442 257 0.5814
8641.0000 442 258 0.5837
8642.2000 442 259 0.5860
8644.0000 443 259 0.5847
8652.3000 443 260 0.5869
8654.7000 443 261 0.5892
8663.0000 444 261 0.5878
8663.0000 444 262 0.5901
8681.0000 445 262 0.5888
8697.0000 446 262 0.5874
8699.3000 446 263 0.5897
8705.9000 446 264 0.5919
8719.0000 447 264 0.5906
8727.2000 447 265 0.5928
8737.7000 447 266 0.5951
8743.0000 448 266 0.5938
8767.0000 449 266 0.5924
8768.0000 449 267 0.5947
8778.0000 449 268 0.5969
8784.0000 450 268 0.5956
8793.6000 450 269 0.5978
8800.0000 451 269 0.5965
8823.0000 452 269 0.5951
8839.0000 453 269 0.5938
8854.0000 454 269 0.5925
8869.0000 455 269 0.5912
8882.6000 455 270 0.5934
8889.5000 455 271 0.5956
8892.0000 456 271 0.5943
8911.0000 457 271 0.5930
8924.5000 457 272 0.5952
8929.0000 458 272 0.5939
8944.0000 459 272 0.5926
8955.3000 459 273 0.5948
8955.8000 459 274 0.5969
8961.0000 460 274 0.5957
8964.4000 460 275 0.5978
8979.0000 461 275 0.5965
8997.0000 462 275 0.5952
9010.1000 462 276 0.5974
9013.0000 463 276 0.5961
9026.4000 463 277 0.5983
9035.0000 464 277 0.5970
9035.7000 464 278 0.5991
9058.0000 465 278 0.5978
9067.9000 465 279 0.6000
9073.0000 466 279 0.5987
9095.0000 467 279 0.5974
9099.9000 467 280 0.5996
9119.0000 468 280 0.5983
9143.0000 469 280 0.5970
9143.5000 469 281 0.5991
9162.0000 470 281 0.5979
9171.6000 470 282 0.6000
9174.0000 470 283 0.6021
9176.6000 470 284 0.6043
9184.4000 470 285 0.6064
9186.0000 471 285 0.6051
9187.6000 471 286 0.6072
9208.4000 471 287 0.6093
9209.0000 472 287 0.6081
9220.4000 472 288 0.6102
9220.8000 472 289 0.6123
9224.0000 473 289 0.6110
9225.3000 473 290 0.6131
9245.0000 474 290 0.6118
9253.4000 474 291 0.6139
9264.0000 475 291 0.6126
9277.3000 475 292 0.6147
9288.0000 476 292 0.6134
9305.3000 476 293 0.6155
9306.5000 476 294 0.6176
9310.0000 477 294 0.6164
9315.8000 477 295 0.6184
9324.2000 477 296 0.6205
9326.0000 478 296 0.6192
9341.0000 479 296 0.6180
9365.0000 480 296 0.6167
9387.0000 481 296 0.6154
9392.3000 481 297 0.6175
9403.0000 482 297 0.6162
9426.0000 483 297 0.6149
9431.4000 483 298 0.6170
9444.0000 484 298 0.6157
9448.7000 484 299 0.6178
9455.8000 484 300 0.6198
9468.0000 485 300 0.6186
9485.0000 486 300 0.6173
9501.9000 486 301 0.6193
9503.0000 487 301 0.6181
9527.0000 488 301 0.6168
9538.8000 488 302 0.6189
9550.0000 489 302 0.6176
9573.0000 490 302 0.6163
9591.0000 491 302 0.6151
9614.0000 492 302 0.6138
9632.0000 493 302 0.6126
9653.0000 494 302 0.6113
9664.3000 494 303 0.6134
9673.6000 494 304 0.6154
9674.1000 494 305 0.6174
9676.0000 495 305 0.6162
9690.5000 495 306 0.6182
9693.0000 496 306 0.6169
9715.0000 497 306 0.6157
9736.0000 498 306 0.6145
9738.5000 498 307 0.6165
9750.0000 498 308 0.6185
9751.4000 498 309 0.6205
9752.0000 499 309 0.6192
9761.5000 499 310 0.6212
9768.7000 499 311 0.6232
9776.0000 500 311 0.6220
9791.7000 500 312 0.6240
9799.0000 501 312 0.6228
9805.7000 501 313 0.6248
9806.2000 501 314 0.6267
9821.0000 502 314 0.6255
9837.0000 503 314 0.6243
9844.5000 503 315 0.6262
9846.7000 503 316 0.6282
9861.0000 504 316 0.6270
9879.0000 505 316 0.6257
9887.5000 505 317 0.6277
9894.0000 506 317 0.6265
9905.9000 506 318 0.6285
9909.0000 507 318 0.6272
9927.0000 508 318 0.6260
9936.4000 508 319 0.6280
9941.8000 508 320 0.6299
9946.0000 509 320 0.6287
9969.0000 510 320 0.6275
9975.9000 510 321 0.6294
9977.3000 510 322 0.6314
9988.0000 511 322 0.6301
9995.7000 511 323 0.6321
10007.0000 512 323 0.6309
10013.2000 512 324 0.6328
10024.0000 513 324 0.6316
10028.4000 513 325 0.6335
10044.0000 514 325 0.6323
10067.0000 515 325 0.6311
10087.0000 516 325 0.6298
10111.0000 517 325 0.6286
10123.9000 517 326 0.6306
10132.0000 518 326 0.6293
10154.0000 519 326 0.6281
10176.1000 519 327 0.6301
10177.0000 520 327 0.6288
10194.0000 521 327 0.6276
10216.0000 522 327 0.6264
10235.0000 523 327 0.6252
10257.0000 524 327 0.6240
10265.1000 524 328 0.6260
10281.0000 525 328 0.6248
10284.7000 525 329 0.6267
10292.1000 525 330 0.6286
10300.0000 526 330 0.6274
10320.0000 527 330 0.6262
10343.0000 528 330 0.6250
10366.0000 529 330 0.6238
10379.4000 529 331 0.6257
10382.0000 530 331 0.6245
10394.3000 530 332 0.6264
10394.8000 530 333 0.6283
10402.0000 531 333 0.6271
10403.5000 531 334 0.6290
10411.0000 531 335 0.6309
10423.0000 532 335 0.6297
10424.8000 532 336 0.6316
10441.0000 533 336 0.6304
10441.0000 533 337 0.6323
10443.4000 533 338 0.6341
10458.3000 533 339 0.6360
10461.0000 534 339 0.6348
10480.0000 535 339 0.6336
10497.0000 536 339 0.6325
10504.9000 536 340 0.6343
10505.5000 536 341 0.6362
10507.4000 536 342 0.6381
10518.0000 537 342 0.6369
10524.1000 537 343 0.6387
10537.0000 538 343 0.6375
10537.2000 538 344 0.6394
10539.3000 538 345 0.6413
10550.9000 538 346 0.6431
10552.7000 538 347 0.6450
10555.0000 539 347 0.6438
10570.8000 539 348 0.6456
10571.0000 540 348 0.6444
10591.0000 541 348 0.6433
10595.7000 541 349 0.6451
10610.3000 541 350 0.6470
10615.0000 542 350 0.6458
10621.8000 542 351 0.6476
10637.0000 543 351 0.6464
10641.0000 543 352 0.6483
10644.4000 543 353 0.6501
10645.7000 543 354 0.6519
10648.9000 543 355 0.6538
10657.0000 544 355 0.6526
10665.2000 544 356 0.6544
10667.4000 544 357 0.6563
10681.0000 545 357 0.6550
10703.0000 546 357 0.6538
10713.5000 546 358 0.6557
10716.5000 546 359 0.6575
10726.0000 547 359 0.6563
10748.0000 548 359 0.6551
10768.0000 549 359 0.6539
10781.7000 549 360 0.6557
10788.0000 550 360 0.6545
10808.0000 551 360 0.6534
10823.0000 552 360 0.6522
10842.0000 553 360 0.6510
10862.3000 553 361 0.6528
10866.0000 554 361 0.6516
10876.9000 554 362 0.6534
10877.9000 554 363 0.6552
10884.2000 554 364 0.6570
10885.0000 555 364 0.6559
10907.0000 556 364 0.6547
10925.0000 557 364 0.6535
10941.0000 557 365 0.6553
10942.0000 558 365 0.6541
10957.2000 558 366 0.6559
10966.0000 559 366 0.6547
10983.0000 560 366 0.6536
11006.0000 561 366 0.6524
11023.0000 562 366 0.6512
11046.0000 563 366 0.6501
11058.1000 563 367 0.6519
11068.0000 564 367 0.6507
11084.0000 565 367 0.6496
11097.9000 565 368 0.6513
11098.4000 565 369 0.6531
11102.0000 566 369 0.6519
11109.1000 566 370 0.6537
11120.0000 567 370 0.6526
11131.7000 567 371 0.6543
11136.4000 567 372 0.6561
11137.9000 567 373 0.6578
11143.0000 568 373 0.6567
11146.7000 568 374 0.6585
11154.6000 568 375 0.6602
11165.1000 568 376 0.6620
11166.0000 569 376 0.6608
11170.9000 569 377 0.6626
11182.0000 570 377 0.6614
11191.1000 570 378 0.6632
11201.0000 571 378 0.6620
11210.6000 571 379 0.6637
11218.0000 572 379 0.6626
11238.0000 573 379 0.6614
11250.8000 573 380 0.6632
11253.1000 573 381 0.6649
11260.0000 574 381 0.6638
11280.0000 575 381 0.6626
11291.4000 575 382 0.6643
11298.0000 576 382 0.6632
11308.0000 576 383 0.6649
11319.0000 577 383 0.6638
11320.7000 577 384 0.6655
11322.3000 577 385 0.6672
11324.8000 577 386 0.6690
11343.0000 578 386 0.6678
11363.0000 579 386 0.6667
11381.0000 580 386 0.6655
11391.2000 580 387 0.6672
11405.0000 581 387 0.6661
11424.0000 582 387 0.6649
11432.5000 582 388 0.6667
11433.4000 582 389 0.6684
11443.0000 583 389 0.6672
11443.5000 583 390 0.6690
11459.6000 583 391 0.6707
11467.0000 584 391 0.6695
11491.0000 585 391 0.6684
11511.0000 586 391 0.6672
11514.3000 586 392 0.6689
11529.0000 587 392 0.6678
11547.0000 588 392 0.6667
11562.9000 588 393 0.6684
11566.0000 589 393 0.6672
11586.0000 590 393 0.6661
11610.0000 591 393 0.6650
11626.0000 592 393 0.6639
11640.2000 592 394 0.6655
11650.0000 593 394 0.6644
11665.0000 594 394 0.6633
11680.0000 595 394 0.6622
11696.0000 596 394 0.6611
11708.3000 596 395 0.6628
11711.0000 597 395 0.6616
11715.9000 597 396 0.6633
11731.0000 598 396 0.6622
11755.0000 599 396 0.6611
11771.0000 600 396 0.6600
11774.2000 600 397 0.6617
11789.2000 600 398 0.6633
11790.0000 601 398 0.6622
11805.5000 601 399 0.6639
11809.0000 602 399 0.6628
11809.0000 602 400 0.6645
11809.9000 602 401 0.6661
11827.0000 603 401 0.6650
11831.1000 603 402 0.6667
11833.7000 603 403 0.6683
11842.3000 603 404 0.6700
11851.0000 604 404 0.6689
11867.0000 605 404 0.6678
11870.0000 605 405 0.6694
11885.0000 606 405 0.6683
11907.0000 607 405 0.6672
11929.0000 608 405 0.6661
11929.3000 608 406 0.6678
11937.7000 608 407 0.6694
11947.9000 608 408 0.6711
11948.0000 609 408 0.6700
11950.3000 609 409 0.6716
11959.7000 609 410 0.6732
11971.0000 610 410 0.6721
11989.6000 610 411 0.6738
11995.0000 611 411 0.6727
12012.0000 612 411 0.6716
12033.0000 613 411 0.6705
12048.0000 614 411 0.6694
12051.8000 614 412 0.6710
12070.0000 615 412 0.6699
12073.0000 615 413 0.6715
12079.6000 615 414 0.6732
12088.0000 616 414 0.6721
12091.1000 616 415 0.6737
12092.1000 616 416 0.6753
12101.4000 616 417 0.6769
12104.0000 617 417 0.6759
12122.3000 617 418 0.6775
12124.0000 618 418 0.6764
12145.0000 619 418 0.6753
12146.4000 619 419 0.6769
12153.5000 619 420 0.6785
12165.0000 620 420 0.6774
12189.0000 621 420 0.6763
12209.0000 622 420 0.6752
12211.8000 622 421 0.6768
12216.6000 622 422 0.6785
12217.1000 622 423 0.6801
12218.2000 622 424 0.6817
12220.5000 622 425 0.6833
12226.0000 623 425 0.6822
12249.0000 624 425 0.6811
12249.5000 624 426 0.6827
12270.0000 625 426 0.6816
12287.0000 626 426 0.6805
12304.8000 626 427 0.6821
12305.0000 627 427 0.6810
12306.7000 627 428 0.6826
12306.9000 627 429 0.6842
12315.3000 627 430 0.6858
12323.0000 628 430 0.6847
12329.7000 628 431 0.6863
12332.7000 628 432 0.6879
12339.0000 629 432 0.6868
12350.2000 629 433 0.6884
12353.2000 629 434 0.6900
12358.0000 630 434 0.6889
12359.2000 630 435 0.6905
12377.0000 631 435 0.6894
12389.5000 631 436 0.6910
12399.0000 632 436 0.6899
12402.7000 632 437 0.6915
12421.0000 633 437 0.6904
12438.0000 633 438 0.6919
12444.0000 634 438 0.6909
12444.3000 634 439 0.6924
12463.0000 635 439 0.6913
12474.8000 635 440 0.6929
12479.0000 636 440 0.6918
12483.1000 636 441 0.6934
12496.4000 636 442 0.6950
12497.0000 637 442 0.6939
12518.0000 638 442 0.6928
12535.5000 638 443 0.6944
12538.0000 639 443 0.6933
12556.0000 640 443 0.6922
12556.6000 640 444 0.6938
12574.2000 640 445 0.6953
12575.0000 641 445 0.6942
12581.8000 641 446 0.6958
12596.0000 642 446 0.6947
12611.0000 643 446 0.6936
12635.0000 644 446 0.6925
12642.9000 644 447 0.6941
12652.0000 644 448 0.6957
12655.0000 645 448 0.6946
12668.6000 645 449 0.6961
12672.0000 646 449 0.6950
12691.0000 647 449 0.6940
12713.0000 648 449 0.6929
12726.0000 648 450 0.6944
12727.4000 648 451 0.6960
12730.7000 648 452 0.6975
12737.0000 649 452 0.6965
12746.5000 649 453 0.6980
12761.0000 650 453 0.6969
12781.0000 651 453 0.6959
12798.0000 652 453 0.6948
12818.0000 653 453 0.6937
12830.3000 653 454 0.6953
12836.3000 653 455 0.6968
12839.0000 654 455 0.6957
12855.5000 654 456 0.6972
12863.0000 655 456 0.6962
12884.0000 656 456 0.6951
12895.5000 656 457 0.6966
12901.0000 657 457 0.6956
12919.0000 658 457 0.6945
12936.0000 659 457 0.6935
12945.0000 659 458 0.6950
12946.5000 659 459 0.6965
12954.0000 660 459 0.6955
12971.0000 661 459 0.6944
12976.7000 661 460 0.6959
12986.0000 662 460 0.6949
12997.0000 662 461 0.6964
13009.0000 663 461 0.6953
13029.0000 664 461 0.6943
13048.0000 665 461 0.6932
13069.0000 666 461 0.6922
13080.5000 666 462 0.6937
13081.1000 666 463 0.6952
13090.0000 667 463 0.6942
13103.9000 667 464 0.6957
13112.0000 668 464 0.6946
13132.3000 668 465 0.6961
13135.0000 669 465 0.6951
13137.1000 669 466 0.6966
13146.6000 669 467 0.6981
13148.4000 669 468 0.6996
13149.3000 669 469 0.7010
13157.0000 670 469 0.7000
13172.9000 670 470 0.7015
13175.0000 671 470 0.7004
13196.2000 671 471 0.7019
13198.0000 672 471 0.7009
13200.2000 672 472 0.7024
13222.0000 673 472 0.7013
13236.3000 673 473 0.7028
13237.0000 674 473 0.7018
13261.0000 675 473 0.7007
13262.9000 675 474 0.7022
13279.0000 676 474 0.7012
13288.8000 676 475 0.7027
13303.0000 677 475 0.7016
13327.0000 678 475 0.7006
13344.0000 679 475 0.6996
13344.0000 679 476 0.7010
13367.0000 680 476 0.7000
13370.8000 680 477 0.7015
13379.5000 680 478 0.7029
13383.0000 680 479 0.7044
13385.0000 681 479 0.7034
13400.0000 682 479 0.7023
13420.1000 682 480 0.7038
13422.0000 683 480 0.7028
13439.0000 684 480 0.7018
13463.0000 685 480 0.7007
13485.0000 686 480 0.6997
13501.0000 687 480 0.6987
13512.4000 687 481 0.7001
13522.0000 688 481 0.6991
13534.7000 688 482 0.7006
13535.9000 688 483 0.7020
13543.0000 689 483 0.7010
13558.0000 690 483 0.7000
13574.1000 690 484 0.7014
13578.0000 691 484 0.7004
13579.3000 691 485 0.7019
13597.0000 692 485 0.7009
13600.2000 692 486 0.7023
13601.2000 692 487 0.7038
13605.2000 692 488 0.7052
13605.9000 692 489 0.7066
13607.6000 692 490 0.7081
13612.0000 693 490 0.7071
13633.0000 694 490 0.7061
13636.8000 694 491 0.7075
13639.8000 694 492 0.7089
13640.2000 694 493 0.7104
13654.0000 695 493 0.7094
13662.9000 695 494 0.7108
13674.0000 696 494 0.7098
13689.0000 697 494 0.7088
13713.0000 698 494 0.7077
13732.6000 698 495 0.7092
13733.0000 699 495 0.7082
13735.7000 699 496 0.7096
13743.2000 699 497 0.7110
13750.0000 700 497 0.7100
13771.0000 701 497 0.7090
13771.9000 701 498 0.7104
13773.0000 701 499 0.7118
13787.0000 702 499 0.7108
13808.0000 703 499 0.7098
13831.0000 704 499 0.7088
13853.0000 705 499 0.7078
13874.0000 706 499 0.7068
13894.0000 707 499 0.7058
13915.0000 708 499 0.7048
13930.0000 708 500 0.7062
13937.0000 709 500 0.7052
13952.0000 710 500 0.7042
13953.7000 710 501 0.7056
13955.8000 710 502 0.7070
13976.0000 711 502 0.7060
13994.0000 712 502 0.7051
14007.7000 712 503 0.7065
14011.0000 713 503 0.7055
14016.7000 713 504 0.7069
14028.3000 713 505 0.7083
14032.0000 714 505 0.7073
14039.9000 714 506 0.7087
14056.0000 715 506 0.7077
14067.0000 715 507 0.7091
14077.0000 716 507 0.7081
14092.0000 717 507 0.7071
14106.9000 717 508 0.7085
14107.0000 718 508 0.7075
14108.7000 718 509 0.7089
14123.0000 719 509 0.7079
14147.0000 720 509 0.7069
14167.0000 721 509 0.7060
14186.0000 722 509 0.7050
14204.0000 723 509 0.7040
14208.3000 723 510 0.7054
14224.2000 723 511 0.7068
14225.0000 724 511 0.7058
14231.4000 724 512 0.7072
14240.1000 724 513 0.7086
14242.6000 724 514 0.7099
14245.0000 725 514 0.7090
14267.0000 726 514 0.7080
14279.3000 726 515 0.7094
14286.0000 727 515 0.7084
14304.0000 728 515 0.7074
14313.7000 728 516 0.7088
14314.7000 728 517 0.7102
14323.0000 729 517 0.7092
14338.7000 729 518 0.7106
14343.0000 730 518 0.7096
14363.0000 731 518 0.7086
14367.9000 731 519 0.7100
14379.4000 731 520 0.7114
14385.0000 732 520 0.7104
14404.0000 733 520 0.7094
14420.0000 734 520 0.7084
14434.2000 734 521 0.7098
14441.0000 735 521 0.7088
14441.2000 735 522 0.7102
14456.0000 736 522 0.7092
14466.4000 736 523 0.7106
14475.0000 737 523 0.7096
14499.0000 738 523 0.7087
14504.4000 738 524 0.7100
14523.0000 739 524 0.7091
14544.0000 740 524 0.7081
14568.0000 741 524 0.7072
14569.4000 741 525 0.7085
14572.4000 741 526 0.7099
14588.0000 742 526 0.7089
14603.0000 743 526 0.7079
14618.0000 744 526 0.7070
14618.1000 744 527 0.7083
14629.4000 744 528 0.7097
14632.8000 744 529 0.7110
14639.0000 745 529 0.7101
14655.0000 746 529 0.7091
14676.0000 747 529 0.7082
14696.0000 748 529 0.7072
14701.7000 748 530 0.7086
14705.8000 748 531 0.7099
14718.0000 749 531 0.7089
14724.0000 749 532 0.7103
14727.3000 749 533 0.7116
14736.0000 750 533 0.7107
14739.3000 750 534 0.7120
14746.0000 750 535 0.7133
14753.9000 750 536 0.7147
14756.0000 751 536 0.7137
14773.0000 752 536 0.7128
14790.0000 753 536 0.7118
14809.0000 754 536 0.7109
14831.0000 755 536 0.7099
14848.0000 756 536 0.7090
14860.2000 756 537 0.7103
14867.0000 757 537 0.7094
14889.0000 758 537 0.7084
14905.0000 759 537 0.7075
14914.1000 759 538 0.7088
14916.4000 759 539 0.7101
14921.8000 759 540 0.7115
14926.9000 759 541 0.7128
14927.0000 760 541 0.7118
14937.1000 760 542 0.7132
14942.0000 761 542 0.7122
14960.3000 761 543 0.7135
14961.0000 762 543 0.7126
14975.8000 762 544 0.7139
14976.2000 762 545 0.7152
14984.0000 763 545 0.7143
14999.0000 764 545 0.7134
15016.0000 764 546 0.7147
15021.0000 765 546 0.7137
15031.8000 765 547 0.7150
15034.7000 765 548 0.7163
15039.7000 765 549 0.7176
15041.0000 766 549 0.7167
15058.0000 767 549 0.7158
15074.0000 768 549 0.7148
15093.0000 769 549 0.7139
15114.0000 770 549 0.7130
15132.0000 771 549 0.7121
15149.0000 772 549 0.7111
15159.2000 772 550 0.7124
15170.3000 772 551 0.7137
15172.0000 773 551 0.7128
15190.0000 774 551 0.7119
15212.0000 775 551 0.7110
15235.0000 776 551 0.7101
15256.0000 777 551 0.7091
15280.0000 778 551 0.7082
15290.0000 778 552 0.7095
15297.0000 779 552 0.7086
15318.0000 780 552 0.7077
15336.0000 781 552 0.7068
15360.0000 782 552 0.7059
15381.0000 783 552 0.7050
15399.0000 784 552 0.7041
15419.0000 785 552 0.7032
15425.5000 785 553 0.7045
15439.2000 785 554 0.7057
15441.0000 786 554 0.7048
15442.1000 786 555 0.7061
15465.0000 787 555 0.7052
15474.2000 787 556 0.7065
15482.0000 788 556 0.7056
15494.7000 788 557 0.7069
15500.8000 788 558 0.7081
15504.0000 789 558 0.7072
15517.9000 789 559 0.7085
15526.0000 790 559 0.7076
15536.2000 790 560 0.7089
15538.7000 790 561 0.7101
15539.3000 790 562 0.7114
15547.0000 791 562 0.7105
15569.0000 792 562 0.7096
15591.0000 793 562 0.7087
15602.7000 793 563 0.7100
15615.0000 794 563 0.7091
15632.0000 795 563 0.7082
15651.0000 796 563 0.7073
15666.0000 797 563 0.7064
15679.6000 797 564 0.7077
15684.0000 798 564 0.7068
15708.0000 799 564 0.7059
15724.0000 800 564 0.7050
15746.0000 801 564 0.7041
15764.0000 802 564 0.7032
15780.2000 802 565 0.7045
15782.0000 803 565 0.7036
15793.3000 803 566 0.7049
15795.4000 803 567 0.7061
15799.0000 804 567 0.7052
15803.0000 804 568 0.7065
15815.0000 805 568 0.7056
15838.0000 806 568 0.7047
15854.0000 807 568 0.7038
15873.0000 808 568 0.7030
15880.0000 808 569 0.7042
15882.3000 808 570 0.7054
15891.0000 808 571 0.7067
15894.0000 809 571 0.7058
15909.0000 810 571 0.7049
15927.0000 811 571 0.7041
15948.0000 812 571 0.7032
15953.3000 812 572 0.7044
15967.0000 813 572 0.7036
15981.4000 813 573 0.7048
15990.0000 814 573 0.7039
15990.1000 814 574 0.7052
15996.6000 814 575 0.7064
16006.3000 814 576 0.7076
16006.3000 814 577 0.7088
16010.0000 815 577 0.7080
16019.2000 815 578 0.7092
16027.0000 816 578 0.7083
16042.0000 817 578 0.7075
16048.6000 817 579 0.7087
16056.2000 817 580 0.7099
16060.9000 817 581 0.7111
16061.0000 818 581 0.7103
16080.0000 819 581 0.7094
16083.4000 819 582 0.7106
16084.3000 819 583 0.7118
16101.1000 819 584 0.7131
16104.0000 820 584 0.7122
16124.0000 821 584 0.7113
16139.0000 822 584 0.7105
16155.0000 823 584 0.7096
16175.0000 824 584 0.7087
16196.0000 825 584 0.7079
16212.0000 826 584 0.7070
16220.0000 826 585 0.7082
16230.0000 827 585 0.7074
16245.0000 828 585 0.7065
16251.0000 828 586 0.7077
16261.0000 829 586 0.7069
16276.9000 829 587 0.7081
16281.0000 830 587 0.7072
16295.8000 830 588 0.7084
16301.0000 831 588 0.7076
16322.0000 832 588 0.7067
16330.8000 832 589 0.7079
16336.1000 832 590 0.7091
16336.5000 832 591 0.7103
16338.0000 833 591 0.7095
16344.3000 833 592 0.7107
16357.0000 834 592 0.7098
16365.8000 834 593 0.7110
16380.0000 835 593 0.7102
16386.8000 835 594 0.7114
16388.8000 835 595 0.7126
16399.0000 836 595 0.7117
16411.2000 836 596 0.7129
16411.7000 836 597 0.7141
16415.6000 836 598 0.7153
16416.0000 837 598 0.7145
16433.0000 838 598 0.7136
16439.3000 838 599 0.7148
16455.0000 839 599 0.7139
16458.4000 839 600 0.7151
16479.0000 840 600 0.7143
16491.8000 840 601 0.7155
16503.0000 841 601 0.7146
16520.1000 841 602 0.7158
16526.0000 842 602 0.7150
16543.7000 842 603 0.7162
16547.0000 843 603 0.7153
16568.0000 844 603 0.7145
16589.0000 845 603 0.7136
16610.0000 846 603 0.7128
16628.0000 847 603 0.7119
16630.6000 847 604 0.7131
16646.0000 848 604 0.7123
16662.0000 849 604 0.7114
16682.0000 850 604 0.7106
16686.4000 850 605 0.7118
16694.9000 850 606 0.7129
16699.0000 851 606 0.7121
16721.7000 851 607 0.7133
16723.0000 852 607 0.7124
16736.1000 852 608 0.7136
16745.0000 853 608 0.7128
16760.0000 854 608 0.7119
16783.0000 855 608 0.7111
16800.0000 856 608 0.7103
16818.0000 857 608 0.7095
16835.0000 858 608 0.7086
16850.9000 858 609 0.7098
16852.1000 858 610 0.7110
16858.0000 859 610 0.7101
16881.0000 860 610 0.7093
16901.0000 861 610 0.7085
16917.0000 862 610 0.7077
16928.9000 862 611 0.7088
16935.0000 863 611 0.7080
16959.0000 864 611 0.7072
16977.1000 864 612 0.7083
16980.0000 865 612 0.7075
16997.0000 866 612 0.7067
17021.0000 867 612 0.7059
17024.9000 867 613 0.7070
17034.1000 867 614 0.7082
17040.0000 868 614 0.7074
17047.6000 868 615 0.7085
17063.0000 869 615 0.7077
17082.0000 870 615 0.7069
17086.0000 870 616 0.7080
17105.0000 871 616 0.7072
17126.0000 872 616 0.7064
17143.0000 873 616 0.7056
17162.0000 874 616 0.7048
17177.6000 874 617 0.7059
17181.0000 875 617 0.7051
17202.0000 876 617 0.7043
17225.0000 877 617 0.7035
17225.4000 877 618 0.7047
17227.5000 877 619 0.7058
17238.1000 877 620 0.7070
17240.0000 878 620 0.7062
17251.3000 878 621 0.7073
17259.0000 879 621 0.7065
17278.0000 880 621 0.7057
17299.0000 881 621 0.7049
17318.0000 882 621 0.7041
17321.7000 882 622 0.7052
17336.0000 883 622 0.7044
17338.6000 883 623 0.7055
17353.0000 884 623 0.7048
17357.6000 884 624 0.7059
17365.7000 884 625 0.7070
17366.9000 884 626 0.7081
17370.0000 885 626 0.7073
17371.3000 885 627 0.7085
17393.6000 885 628 0.7096
17394.0000 886 628 0.7088
17416.0000 887 628 0.7080
17425.9000 887 629 0.7091
17439.0000 888 629 0.7083
17454.0000 889 629 0.7075
17458.4000 889 630 0.7087
17469.2000 889 631 0.7098
17473.7000 889 632 0.7109
17477.0000 890 632 0.7101
17493.9000 890 633 0.7112
17497.0000 891 633 0.7104
17515.0000 892 633 0.7096
17535.0000 893 633 0.7088
17558.0000 894 633 0.7081
17574.0000 895 633 0.7073
17582.3000 895 634 0.7084
17598.0000 896 634 0.7076
17619.0000 897 634 0.7068
17632.9000 897 635 0.7079
17639.0000 898 635 0.7071
17654.0000 899 635 0.7063
17654.1000 899 636 0.7075
17655.2000 899 637 0.7086
17672.0000 900 637 0.7078
17690.0000 901 637 0.7070
17710.0000 902 637 0.7062
17729.9000 902 638 0.7073
17734.0000 903 638 0.7065
17751.0000 904 638 0.7058
17758.4000 904 639 0.7069
17774.0000 905 639 0.7061
17785.2000 905 640 0.7072
17791.1000 905 641 0.7083
17793.0000 906 641 0.7075
17808.0000 907 641 0.7067
17816.2000 907 642 0.7078
17826.0000 908 642 0.7070
17835.5000 908 643 0.7081
17846.0000 909 643 0.7074
17864.0000 910 643 0.7066
17877.4000 910 644 0.7077
17883.6000 910 645 0.7088
17884.0000 911 645 0.7080
17899.0000 912 645 0.7072
17917.0000 913 645 0.7065
17934.5000 913 646 0.7076
17936.0000 914 646 0.7068
17953.7000 914 647 0.7079
17958.0000 915 647 0.7071
17973.3000 915 648 0.7082
17976.0000 916 648 0.7074
17976.3000 916 649 0.7085
18000.0000 917 649 0.7077
18011.3000 917 650 0.7088
18021.0000 918 650 0.7081
18040.0000 919 650 0.7073
18053.6000 919 651 0.7084
18057.4000 919 652 0.7095
18059.0000 920 652 0.7087
18077.0000 921 652 0.7079
18077.2000 921 653 0.7090
18092.0000 922 653 0.7082
18095.9000 922 654 0.7093
18104.0000 922 655 0.7104
18104.8000 922 656 0.7115
18112.1000 922 657 0.7126
18113.0000 923 657 0.7118
18132.0000 924 657 0.7110
18134.8000 924 658 0.7121
18140.2000 924 659 0.7132
18143.4000 924 660 0.7143
18147.7000 924 661 0.7154
18151.7000 924 662 0.7165
18153.4000 924 663 0.7175
18155.0000 925 663 0.7168
18170.8000 925 664 0.7178
18173.5000 925 665 0.7189
18177.0000 926 665 0.7181
18190.3000 926 666 0.7192
18192.0000 927 666 0.7184
18207.8000 927 667 0.7195
18214.0000 928 667 0.7188
18221.6000 928 668 0.7198
18225.3000 928 669 0.7209
18236.0000 929 669 0.7201
18259.0000 930 669 0.7194
18275.0000 931 669 0.7186
18298.0000 932 669 0.7178
18321.0000 933 669 0.7170
18330.6000 933 670 0.7181
18340.0000 934 670 0.7173
18353.1000 934 671 0.7184
18364.0000 935 671 0.7176
18383.0000 936 671 0.7169
18402.0000 937 671 0.7161
18425.0000 938 671 0.7154
18436.1000 938 672 0.7164
18449.0000 939 672 0.7157
18463.3000 939 673 0.7167
18464.6000 939 674 0.7178
18471.3000 939 675 0.7188
18473.0000 940 675 0.7181
18488.0000 941 675 0.7173
18490.6000 941 676 0.7184
18512.0000 942 676 0.7176
18534.0000 943 676 0.7169
18536.1000 943 677 0.7179
18549.0000 944 677 0.7172
18563.6000 944 678 0.7182
18570.0000 945 678 0.7175
18575.4000 945 679 0.7185
18577.6000 945 680 0.7196
18587.2000 945 681 0.7206
18590.0000 946 681 0.7199
18596.0000 946 682 0.7209
18613.0000 947 682 0.7202
18625.6000 947 683 0.7212
18632.0000 948 683 0.7205
18650.6000 948 684 0.7215
18653.0000 949 684 0.7208
18677.0000 950 684 0.7200
18696.0000 951 684 0.7192
18714.6000 951 685 0.7203
18715.0000 952 685 0.7195
18723.6000 952 686 0.7206
18738.0000 953 686 0.7198
18753.0000 954 686 0.7191
18768.0000 955 686 0.7183
18784.0000 955 687 0.7194
18786.0000 956 687 0.7186
18799.2000 956 688 0.7197
18800.7000 956 689 0.7207
18801.5000 956 690 0.7218
18809.0000 957 690 0.7210
18828.0000 958 690 0.7203
18844.1000 958 691 0.7213
18845.0000 959 691 0.7205
18862.0000 960 691 0.7198
18884.0000 961 691 0.7190
18893.4000 961 692 0.7201
18894.5000 961 693 0.7211
18894.6000 961 694 0.7222
18899.0000 962 694 0.7214
18922.0000 963 694 0.7207
18939.0000 964 694 0.7199
18955.0000 964 695 0.7210
18956.0000 965 695 0.7202
18964.9000 965 696 0.7212
18977.0000 966 696 0.7205
18990.3000 966 697 0.7215
18993.0000 967 697 0.7208
19015.0000 968 697 0.7200
19037.0000 969 697 0.7193
19044.3000 969 698 0.7203
19055.0000 970 698 0.7196
19072.0000 971 698 0.7188
19072.3000 971 699 0.7199
19082.8000 971 700 0.7209
19087.0000 972 700 0.7202
19095.5000 972 701 0.7212
19100.4000 972 702 0.7222
19108.0000 973 702 0.7215
19110.4000 973 703 0.7225
19120.2000 973 704 0.7235
19129.0000 974 704 0.7228
19151.0000 975 704 0.7221
19161.8000 975 705 0.7231
19173.0000 976 705 0.7223
19192.0000 977 705 0.7216
19211.0000 978 705 0.7209
19231.0000 979 705 0.7201
19242.3000 979 706 0.7211
19253.4000 979 707 0.7222
19254.0000 980 707 0.7214
19259.7000 980 708 0.7224
19277.0000 981 708 0.7217
19293.0000 981 709 0.7227
19301.0000 982 709 0.7220
19310.4000 982 710 0.7230
19313.4000 982 711 0.7240
19315.7000 982 712 0.7251
19316.0000 983 712 0.7243
19318.4000 983 713 0.7253
19340.0000 984 713 0.7246
19350.2000 984 714 0.7256
19355.0000 985 714 0.7249
19373.0000 986 714 0.7241
19391.0000 987 714 0.7234
19406.0000 988 714 0.7227
19415.9000 988 715 0.7237
19418.6000 988 716 0.7247
19423.0000 989 716 0.7240
19439.0000 990 716 0.7232
19455.0000 991 716 0.7225
19475.4000 991 717 0.7235
19479.0000 992 717 0.7228
19497.0000 993 717 0.7221
19502.9000 993 718 0.7231
19521.0000 994 718 0.7223
19539.3000 994 719 0.7233
19542.0000 995 719 0.7226
19547.1000 995 720 0.7236
19556.3000 995 721 0.7246
19559.1000 995 722 0.7256
19565.0000 996 722 0.7249
19586.0000 997 722 0.7242
19601.0000 998 722 0.7234
19622.0000 999 722 0.7227
19641.0000 1000 722 0.7220
19660.0000 1001 722 0.7213
19669.0000 1001 723 0.7223
19677.0000 1002 723 0.7216
19692.0000 1003 723 0.7208
19716.0000 1004 723 0.7201
19739.0000 1005 723 0.7194
19755.0000 1006 723 0.7187
19756.2000 1006 724 0.7197
19770.0000 1007 724 0.7190
19783.2000 1007 725 0.7200
19786.0000 1007 726 0.7210
19792.0000 1008 726 0.7202
19815.0000 1009 726 0.7195
19816.1000 1009 727 0.7205
19826.5000 1009 728 0.7215
19833.0000 1010 728 0.7208
19848.4000 1010 729 0.7218
19852.0000 1011 729 0.7211
19876.0000 1012 729 0.7204
19891.0000 1013 729 0.7196
19894.8000 1013 730 0.7206
19908.0000 1014 730 0.7199
19924.7000 1014 731 0.7209
19924.9000 1014 732 0.7219
19932.0000 1015 732 0.7212
19945.5000 1015 733 0.7222
19953.7000 1015 734 0.7232
19956.0000 1016 734 0.7224
19970.9000 1016 735 0.7234
19975.0000 1016 736 0.7244
19976.0000 1017 736 0.7237
19987.9000 1017 737 0.7247
19998.0000 1018 737 0.7240
20007.6000 1018 738 0.7250
20019.0000 1019 738 0.7242
20027.8000 1019 739 0.7252
20034.0000 1020 739 0.7245
20039.7000 1020 740 0.7255
20053.8000 1020 741 0.7265
20054.8000 1020 742 0.7275
20054.9000 1020 743 0.7284
20057.0000 1021 743 0.7277
20075.0000 1022 743 0.7270
20082.4000 1022 744 0.7280
20088.8000 1022 745 0.7290
20094.0000 1023 745 0.7283
20095.5000 1023 746 0.7292
20108.1000 1023 747 0.7302
20109.3000 1023 748 0.7312
20118.0000 1024 748 0.7305
20127.8000 1024 749 0.7314
20128.4000 1024 750 0.7324
20135.0000 1025 750 0.7317
20141.0000 1025 751 0.7327
20157.0000 1026 751 0.7320
20175.2000 1026 752 0.7329
20179.0000 1027 752 0.7322
20179.3000 1027 753 0.7332
20197.0000 1028 753 0.7325
20204.0000 1028 754 0.7335
20204.5000 1028 755 0.7344
20221.0000 1029 755 0.7337
20231.5000 1029 756 0.7347
20237.0000 1030 756 0.7340
20257.5000 1030 757 0.7350
20259.0000 1031 757 0.7342
20276.0000 1032 757 0.7335
20287.3000 1032 758 0.7345
20293.0000 1033 758 0.7338
20307.6000 1033 759 0.7348
20308.0000 1034 759 0.7340
20327.0000 1035 759 0.7333
20345.9000 1035 760 0.7343
20349.5000 1035 761 0.7353
20350.0000 1036 761 0.7346
20366.0000 1037 761 0.7338
20372.7000 1037 762 0.7348
20385.0000 1038 762 0.7341
20401.0000 1039 762 0.7334
20421.0000 1040 762 0.7327
20437.0000 1041 762 0.7320
20461.0000 1042 762 0.7313
20476.0000 1042 763 0.7322
20485.0000 1043 763 0.7315
20499.0000 1043 764 0.7325
20506.4000 1043 765 0.7335
20508.0000 1044 765 0.7328
20532.0000 1045 765 0.7321
20551.2000 1045 766 0.7330
20554.0000 1046 766 0.7323
20576.0000 1047 766 0.7316
20594.0000 1048 766 0.7309
20611.0000 1049 766 0.7302
20612.1000 1049 767 0.7312
20635.0000 1050 767 0.7305
20653.5000 1050 768 0.7314
20655.0000 1051 768 0.7307
20673.0000 1052 768 0.7300
20691.0000 1053 768 0.7293
20698.3000 1053 769 0.7303
20706.0000 1054 769 0.7296
20713.5000 1054 770 0.7306
20724.0000 1055 770 0.7299
20734.8000 1055 771 0.7308
20744.0000 1056 771 0.7301
20746.4000 1056 772 0.7311
20756.1000 1056 773 0.7320
20756.8000 1056 774 0.7330
20759.8000 1056 775 0.7339
20766.0000 1057 775 0.7332
20776.2000 1057 776 0.7342
20782.0000 1058 776 0.7335
20797.6000 1058 777 0.7344
20800.0000 1059 777 0.7337
20801.3000 1059 778 0.7347
20821.0000 1060 778 0.7340
20837.7000 1060 779 0.7349
20839.1000 1060 780 0.7358
20844.0000 1061 780 0.7352
20855.4000 1061 781 0.7361
20857.6000 1061 782 0.7370
20864.0000 1062 782 0.7363
20888.0000 1063 782 0.7357
20911.0000 1064 782 0.7350
20931.0000 1065 782 0.7343
20952.0000 1066 782 0.7336
20968.0000 1067 782 0.7329
20970.5000 1067 783 0.7338
20971.2000 1067 784 0.7348
20979.2000 1067 785 0.7357
20990.0000 1068 785 0.7350
20991.0000 1068 786 0.7360
21007.0000 1069 786 0.7353
21008.6000 1069 787 0.7362
21009.8000 1069 788 0.7371
21018.1000 1069 789 0.7381
21031.0000 1070 789 0.7374
21055.0000 1071 789 0.7367
21068.2000 1071 790 0.7376
21077.0000 1072 790 0.7369
21078.1000 1072 791 0.7379
21092.0000 1073 791 0.7372
21096.9000 1073 792 0.7381
21116.0000 1074 792 0.7374
21125.4000 1074 793 0.7384
21132.0000 1075 793 0.7377
21148.0000 1076 793 0.7370
21166.0000 1077 793 0.7363
21184.0000 1078 793 0.7356
21189.3000 1078 794 0.7365
21190.5000 1078 795 0.7375
21204.0000 1079 795 0.7368
21213.8000 1079 796 0.7377
21223.0000 1080 796 0.7370
21225.8000 1080 797 0.7380
21239.3000 1080 798 0.7389
21247.0000 1081 798 0.7382
21271.0000 1082 798 0.7375
21288.6000 1082 799 0.7384
21292.0000 1083 799 0.7378
21295.6000 1083 800 0.7387
21296.5000 1083 801 0.7396
21309.0000 1084 801 0.7389
21319.4000 1084 802 0.7399
21327.0000 1085 802 0.7392
21331.3000 1085 803 0.7401
21332.3000 1085 804 0.7410
21334.0000 1085 805 0.7419
21351.0000 1086 805 0.7413
21352.7000 1086 806 0.7422
21367.7000 1086 807 0.7431
21368.0000 1087 807 0.7424
21387.0000 1088 807 0.7417
21388.8000 1088 808 0.7426
21389.5000 1088 809 0.7436
21394.2000 1088 810 0.7445
21407.0000 1089 810 0.7438
21412.0000 1089 811 0.7447
21424.0000 1090 811 0.7440
21428.3000 1090 812 0.7450
21432.4000 1090 813 0.7459
21444.0000 1091 813 0.7452
21459.5000 1091 814 0.7461
21463.0000 1092 814 0.7454
21483.0000 1093 814 0.7447
21505.0000 1094 814 0.7441
21523.0000 1095 814 0.7434
21539.0000 1096 814 0.7427
21541.3000 1096 815 0.7436
21556.0000 1097 815 0.7429
21577.0000 1098 815 0.7423
21599.0000 1099 815 0.7416
21615.0000 1100 815 0.7409
21623.9000 1100 816 0.7418
21632.0000 1101 816 0.7411
21648.0000 1102 816 0.7405
21648.8000 1102 817 0.7414
21651.4000 1102 818 0.7423
21652.1000 1102 819 0.7432
21655.5000 1102 820 0.7441
21665.0000 1103 820 0.7434
21689.0000 1104 820 0.7428
21707.0000 1105 820 0.7421
21713.3000 1105 821 0.7430
21731.0000 1106 821 0.7423
21740.1000 1106 822 0.7432
21755.0000 1107 822 0.7425
21757.3000 1107 823 0.7435
21769.5000 1107 824 0.7444
21777.0000 1108 824 0.7437
21794.0000 1109 824 0.7430
21799.1000 1109 825 0.7439
21806.3000 1109 826 0.7448
21818.0000 1110 826 0.7441
21837.0000 1111 826 0.7435
21851.8000 1111 827 0.7444
21860.0000 1112 827 0.7437
21872.6000 1112 828 0.7446
21883.0000 1113 828 0.7439
21898.0000 1114 828 0.7433
21916.0000 1115 828 0.7426
21939.0000 1116 828 0.7419
21949.4000 1116 829 0.7428
21953.0000 1116 830 0.7437
21960.0000 1117 830 0.7431
21976.0000 1118 830 0.7424
21999.0000 1119 830 0.7417
22017.0000 1119 831 0.7426
22022.0000 1120 831 0.7420
22034.2000 1120 832 0.7429
22041.0000 1121 832 0.7422
22052.4000 1121 833 0.7431
22061.0000 1122 833 0.7424
22073.6000 1122 834 0.7433
22078.0000 1123 834 0.7427
22101.0000 1124 834 0.7420
22106.7000 1124 835 0.7429
22121.0000 1125 835 0.7422
22124.3000 1125 836 0.7431
22134.2000 1125 837 0.7440
22140.0000 1126 837 0.7433
22152.5000 1126 838 0.7442
22159.0000 1127 838 0.7436
22165.8000 1127 839 0.7445
22183.0000 1128 839 0.7438
22199.0000 1129 839 0.7431
22212.7000 1129 840 0.7440
22213.1000 1129 841 0.7449
22218.0000 1130 841 0.7442
22228.1000 1130 842 0.7451
22242.0000 1131 842 0.7445
22263.0000 1132 842 0.7438
22267.3000 1132 843 0.7447
22281.0000 1133 843 0.7440
22286.0000 1133 844 0.7449
22291.8000 1133 845 0.7458
22304.0000 1134 845 0.7451
22310.8000 1134 846 0.7460
22318.4000 1134 847 0.7469
22322.0000 1135 847 0.7463
22337.7000 1135 848 0.7471
22344.1000 1135 849 0.7480
22346.0000 1136 849 0.7474
22358.1000 1136 850 0.7482
22363.0000 1137 850 0.7476
22385.0000 1138 850 0.7469
22388.9000 1138 851 0.7478
22405.0000 1139 851 0.7471
22420.0000 1140 851 0.7465
22444.0000 1141 851 0.7458
22445.7000 1141 852 0.7467
22464.0000 1142 852 0.7461
22482.0000 1143 852 0.7454
22486.0000 1143 853 0.7463
22490.5000 1143 854 0.7472
22500.0000 1144 854 0.7465
22503.4000 1144 855 0.7474
22521.0000 1145 855 0.7467
22543.6000 1145 856 0.7476
22544.0000 1146 856 0.7469
22560.0000 1147 856 0.7463
22571.5000 1147 857 0.7472
22574.7000 1147 858 0.7480
22578.0000 1148 858 0.7474
22595.0000 1149 858 0.7467
22613.0000 1150 858 0.7461
22627.3000 1150 859 0.7470
22628.0000 1151 859 0.7463
22648.0000 1152 859 0.7457
22660.7000 1152 860 0.7465
22666.0000 1153 860 0.7459
22669.8000 1153 861 0.7467
22670.2000 1153 862 0.7476
22682.0000 1154 862 0.7470
22698.0000 1155 862 0.7463
22713.0000 1156 862 0.7457
22717.4000 1156 863 0.7465
22735.0000 1157 863 0.7459
22744.0000 1157 864 0.7468
22758.0000 1158 864 0.7461
22779.0000 1159 864 0.7455
22781.5000 1159 865 0.7463
22799.0000 1160 865 0.7457
22811.2000 1160 866 0.7466
22820.0000 1161 866 0.7459
22822.5000 1161 867 0.7468
22826.9000 1161 868 0.7476
22835.0000 1162 868 0.7470
22846.2000 1162 869 0.7478
22850.0000 1163 869 0.7472
22858.2000 1163 870 0.7481
22866.1000 1163 871 0.7489
22869.0000 1164 871 0.7483
22891.0000 1165 871 0.7476
22913.0000 1166 871 0.7470
22913.1000 1166 872 0.7479
22925.5000 1166 873 0.7487
22931.0000 1167 873 0.7481
22954.0000 1168 873 0.7474
22957.7000 1168 874 0.7483
22971.0000 1169 874 0.7476
22991.0000 1170 874 0.7470
23007.0000 1171 874 0.7464
23031.0000 1172 874 0.7457
23047.0000 1173 874 0.7451
23047.9000 1173 875 0.7460
23054.0000 1173 876 0.7468
23064.0000 1173 877 0.7477
23070.0000 1174 877 0.7470
23085.0000 1175 877 0.7464
23106.0000 1176 877 0.7457
23113.0000 1176 878 0.7466
23127.0000 1177 878 0.7460
23143.8000 1177 879 0.7468
23149.0000 1178 879 0.7462
23165.0000 1179 879 0.7455
23180.0000 1180 879 0.7449
23185.2000 1180 880 0.7458
23187.9000 1180 881 0.7466
23198.0000 1181 881 0.7460
23214.0000 1182 881 0.7453
23220.3000 1182 882 0.7462
23238.0000 1183 882 0.7456
23252.6000 1183 883 0.7464
23258.0000 1184 883 0.7458
23272.4000 1184 884 0.7466
23280.0000 1185 884 0.7460
23295.0000 1186 884 0.7454
23319.0000 1187 884 0.7447
23339.0000 1188 884 0.7441
23354.2000 1188 885 0.7449
23360.0000 1189 885 0.7443
23377.0000 1190 885 0.7437
23393.0000 1191 885 0.7431
23394.4000 1191 886 0.7439
23409.0000 1192 886 0.7433
23428.0000 1193 886 0.7427
23435.6000 1193 887 0.7435
23445.0000 1194 887 0.7429
23455.5000 1194 888 0.7437
23463.8000 1194 889 0.7446
23464.0000 1195 889 0.7439
23466.7000 1195 890 0.7448
23482.0000 1196 890 0.7441
23498.0000 1197 890 0.7435
23499.9000 1197 891 0.7444
23516.0000 1198 891 0.7437
23532.0000 1199 891 0.7431
23547.0000 1200 891 0.7425
23558.7000 1200 892 0.7433
23559.3000 1200 893 0.7442
23565.9000 1200 894 0.7450
23568.0000 1201 894 0.7444
23589.0000 1202 894 0.7438
23613.0000 1203 894 0.7431
23629.0000 1204 894 0.7425
23641.9000 1204 895 0.7434
23647.0000 1205 895 0.7427
23653.6000 1205 896 0.7436
23653.9000 1205 897 0.7444
23662.0000 1206 897 0.7438
23678.4000 1206 898 0.7446
23681.0000 1207 898 0.7440
23689.1000 1207 899 0.7448
23698.1000 1207 900 0.7457
23702.0000 1208 900 0.7450
23702.1000 1208 901 0.7459
23710.9000 1208 902 0.7467
23713.1000 1208 903 0.7475
23724.0000 1208 904 0.7483
23726.0000 1209 904 0.7477
23732.1000 1209 905 0.7486
23741.0000 1210 905 0.7479
23760.0000 1211 905 0.7473
23771.5000 1211 906 0.7481
23772.0000 1211 907 0.7490
23778.0000 1212 907 0.7483
23798.0000 1213 907 0.7477
23817.0000 1214 907 0.7471
23823.0000 1214 908 0.7479
23826.3000 1214 909 0.7488
23829.0000 1214 910 0.7496
23837.0000 1215 910 0.7490
23843.7000 1215 911 0.7498
23844.7000 1215 912 0.7506
23846.7000 1215 913 0.7514
23859.0000 1216 913 0.7508
23874.0000 1217 913 0.7502
23895.0000 1218 913 0.7496
23909.7000 1218 914 0.7504
23916.0000 1219 914 0.7498
23937.0000 1220 914 0.7492
23944.7000 1220 915 0.7500
23961.0000 1221 915 0.7494
23967.9000 1221 916 0.7502
23981.0000 1222 916 0.7496
23984.0000 1222 917 0.7504
23985.5000 1222 918 0.7512
24004.0000 1223 918 0.7506
24026.0000 1224 918 0.7500
24037.5000 1224 919 0.7508
24043.0000 1225 919 0.7502
24045.4000 1225 920 0.7510
24047.0000 1225 921 0.7518
24062.0000 1226 921 0.7512
24077.5000 1226 922 0.7520
24079.0000 1227 922 0.7514
24095.0000 1228 922 0.7508
24110.0000 1229 922 0.7502
24134.0000 1230 922 0.7496
24157.0000 1231 922 0.7490
24179.0000 1232 922 0.7484
24192.1000 1232 923 0.7492
24203.0000 1233 923 0.7486
24222.0000 1234 923 0.7480
24225.8000 1234 924 0.7488
24235.3000 1234 925 0.7496
24242.4000 1234 926 0.7504
24245.0000 1235 926 0.7498
24252.3000 1235 927 0.7506
24262.0000 1236 927 0.7500
24286.0000 1237 927 0.7494
24305.0000 1238 927 0.7488
24314.1000 1238 928 0.7496
24326.0000 1239 928 0.7490
24349.0000 1240 928 0.7484
24368.0000 1241 928 0.7478
24379.5000 1241 929 0.7486
24380.6000 1241 930 0.7494
24383.0000 1242 930 0.7488
24407.0000 1243 930 0.7482
24422.4000 1243 931 0.7490
24427.0000 1244 931 0.7484
24443.4000 1244 932 0.7492
24445.2000 1244 933 0.7500
24447.0000 1245 933 0.7494
24468.0000 1246 933 0.7488
24473.7000 1246 934 0.7496
24475.7000 1246 935 0.7504
24482.9000 1246 936 0.7512
24490.0000 1247 936 0.7506
24494.9000 1247 937 0.7514
24514.0000 1248 937 0.7508
24530.0000 1249 937 0.7502
24539.7000 1249 938 0.7510
24553.0000 1250 938 0.7504
24568.0000 1251 938 0.7498
24591.0000 1252 938 0.7492
24607.0000 1253 938 0.7486
24624.0000 1254 938 0.7480
24641.0000 1255 938 0.7474
24652.9000 1255 939 0.7482
24656.0000 1256 939 0.7476
24656.4000 1256 940 0.7484
24663.0000 1256 941 0.7492
24677.0000 1257 941 0.7486
24693.0000 1258 941 0.7480
24702.9000 1258 942 0.7488
24712.0000 1259 942 0.7482
24736.0000 1260 942 0.7476
24751.0000 1261 942 0.7470
24768.0000 1262 942 0.7464
24790.0000 1263 942 0.7458
24809.0000 1264 942 0.7453
24818.6000 1264 943 0.7460
24824.0000 1265 943 0.7455
24828.3000 1265 944 0.7462
24844.0000 1266 944 0.7457
24857.2000 1266 945 0.7464
24860.2000 1266 946 0.7472
24867.0000 1267 946 0.7466
24883.0000 1268 946 0.7461
24894.8000 1268 947 0.7468
24906.0000 1269 947 0.7463
24921.0000 1270 947 0.7457
24945.0000 1271 947 0.7451
24963.0000 1272 947 0.7445
24980.0000 1273 947 0.7439
24999.0000 1274 947 0.7433
25015.0000 1275 947 0.7427
25023.3000 1275 948 0.7435
25034.0000 1276 948 0.7429
25041.8000 1276 949 0.7437
25055.0000 1277 949 0.7431
25068.6000 1277 950 0.7439
25074.0000 1278 950 0.7433
25078.3000 1278 951 0.7441
25095.0000 1279 951 0.7435
25107.0000 1279 952 0.7443
25116.1000 1279 953 0.7451
25119.0000 1280 953 0.7445
25138.0000 1281 953 0.7440
25162.0000 1282 953 0.7434
25183.0000 1283 953 0.7428
