# time  created  delivered  delivered/created
22.0000 1 0 0.0000
38.0000 2 0 0.0000
54.0000 3 0 0.0000
72.0000 4 0 0.0000
94.0000 5 0 0.0000
110.0000 6 0 0.0000
133.0000 7 0 0.0000
153.0000 8 0 0.0000
175.0000 9 0 0.0000
191.0000 10 0 0.0000
210.0000 11 0 0.0000
225.0000 12 0 0.0000
249.0000 13 0 0.0000
265.0000 14 0 0.0000
281.0000 15 0 0.0000
304.0000 16 0 0.0000
328.0000 17 0 0.0000
343.0000 18 0 0.0000
367.0000 19 0 0.0000
382.0000 20 0 0.0000
399.0000 21 0 0.0000
420.0000 22 0 0.0000
439.0000 23 0 0.0000
458.0000 24 0 0.0000
480.0000 25 0 0.0000
497.0000 26 0 0.0000
515.0000 27 0 0.0000
538.0000 28 0 0.0000
562.0000 29 0 0.0000
581.0000 30 0 0.0000
581.2000 30 1 0.0333
603.0000 31 1 0.0323
625.0000 32 1 0.0313
640.9000 32 2 0.0625
646.0000 33 2 0.0606
661.6000 33 3 0.0909
667.0000 34 3 0.0882
685.0000 35 3 0.0857
691.0000 35 4 0.1143
700.0000 36 4 0.1111
714.7000 36 5 0.1389
722.0000 37 5 0.1351
741.0000 38 5 0.1316
764.0000 39 5 0.1282
784.0000 40 5 0.1250
786.4000 40 6 0.1500
806.0000 41 6 0.1463
829.0000 42 6 0.1429
851.0000 43 6 0.1395
873.0000 44 6 0.1364
895.0000 45 6 0.1333
918.0000 46 6 0.1304
935.7000 46 7 0.1522
941.0000 47 7 0.1489
957.0000 48 7 0.1458
975.0000 49 7 0.1429
998.0000 50 7 0.1400
1018.0000 51 7 0.1373
1040.0000 52 7 0.1346
1056.0000 53 7 0.1321
1077.0000 54 7 0.1296
1096.0000 55 7 0.1273
1117.0000 56 7 0.1250
1137.0000 57 7 0.1228
1159.0000 58 7 0.1207
1179.0000 59 7 0.1186
1193.3000 59 8 0.1356
1201.0000 60 8 0.1333
1216.0000 61 8 0.1311
1225.2000 61 9 0.1475
1226.1000 61 10 0.1639
1232.0000 62 10 0.1613
1251.0000 63 10 0.1587
1268.0000 64 10 0.1563
1287.0000 65 10 0.1538
1308.0000 66 10 0.1515
1327.0000 67 10 0.1493
1342.0000 68 10 0.1471
1364.0000 69 10 0.1449
1381.1000 69 11 0.1594
1388.0000 70 11 0.1571
1397.1000 70 12 0.1714
1407.0000 71 12 0.1690
1408.4000 71 13 0.1831
1422.0000 72 13 0.1806
1442.0000 73 13 0.1781
1464.0000 74 13 0.1757
1475.9000 74 14 0.1892
1478.4000 74 15 0.2027
1479.0000 75 15 0.2000
1483.1000 75 16 0.2133
1500.0000 76 16 0.2105
1518.0000 77 16 0.2078
1542.0000 78 16 0.2051
1560.8000 78 17 0.2179
1562.0000 79 17 0.2152
1577.0000 80 17 0.2125
1594.5000 80 18 0.2250
1594.6000 80 19 0.2375
1600.0000 81 19 0.2346
1620.0000 82 19 0.2317
1637.0000 83 19 0.2289
1652.0000 84 19 0.2262
1673.0000 85 19 0.2235
1695.0000 86 19 0.2209
1707.0000 86 20 0.2326
1709.8000 86 21 0.2442
1713.0000 87 21 0.2414
1737.0000 88 21 0.2386
1739.4000 88 22 0.2500
1739.8000 88 23 0.2614
1760.0000 89 23 0.2584
1781.0000 90 23 0.2556
1804.0000 91 23 0.2527
1812.7000 91 24 0.2637
1826.0000 92 24 0.2609
1849.0000 93 24 0.2581
1870.0000 94 24 0.2553
1881.2000 94 25 0.2660
1882.8000 94 26 0.2766
1890.0000 95 26 0.2737
1911.0000 96 26 0.2708
1929.0000 97 26 0.2680
1948.0000 98 26 0.2653
1965.0000 99 26 0.2626
1980.0000 100 26 0.2600
2002.0000 101 26 0.2574
2024.0000 102 26 0.2549
2035.6000 102 27 0.2647
2041.0000 103 27 0.2621
2064.0000 104 27 0.2596
2080.0000 105 27 0.2571
2095.0000 106 27 0.2547
2119.0000 107 27 0.2523
2139.0000 108 27 0.2500
2144.5000 108 28 0.2593
2161.0000 109 28 0.2569
2178.0000 110 28 0.2545
2199.0000 111 28 0.2523
2217.0000 111 29 0.2613
2222.0000 112 29 0.2589
2240.0000 113 29 0.2566
2259.0000 114 29 0.2544
2275.0000 115 29 0.2522
2295.0000 116 29 0.2500
2314.0000 117 29 0.2479
2324.9000 117 30 0.2564
2335.0000 118 30 0.2542
2354.0000 119 30 0.2521
2377.0000 120 30 0.2500
2396.0000 121 30 0.2479
2411.0000 122 30 0.2459
2412.0000 122 31 0.2541
2433.0000 123 31 0.2520
2452.0000 124 31 0.2500
2460.7000 124 32 0.2581
2464.9000 124 33 0.2661
2470.6000 124 34 0.2742
2474.0000 125 34 0.2720
2496.0000 126 34 0.2698
2496.5000 126 35 0.2778
2511.0000 127 35 0.2756
2526.0000 128 35 0.2734
2531.5000 128 36 0.2813
2546.0000 129 36 0.2791
2554.6000 129 37 0.2868
2557.5000 129 38 0.2946
2563.0000 130 38 0.2923
2586.0000 131 38 0.2901
2601.0000 132 38 0.2879
2621.0000 133 38 0.2857
2641.0000 134 38 0.2836
2662.0000 135 38 0.2815
2678.0000 136 38 0.2794
2681.7000 136 39 0.2868
2689.6000 136 40 0.2941
2690.0000 136 41 0.3015
2693.0000 137 41 0.2993
2716.0000 138 41 0.2971
2735.0000 139 41 0.2950
2737.9000 139 42 0.3022
2741.3000 139 43 0.3094
2742.9000 139 44 0.3165
2754.0000 140 44 0.3143
2771.0000 141 44 0.3121
2788.0000 142 44 0.3099
2800.0000 142 45 0.3169
2802.0000 142 46 0.3239
2807.0000 143 46 0.3217
2825.7000 143 47 0.3287
2831.0000 144 47 0.3264
2853.0000 145 47 0.3241
2868.0000 146 47 0.3219
2872.2000 146 48 0.3288
2891.0000 147 48 0.3265
2911.0000 148 48 0.3243
2926.0000 149 48 0.3221
2942.0000 150 48 0.3200
2947.3000 150 49 0.3267
2962.0000 151 49 0.3245
2979.0000 152 49 0.3224
3003.0000 153 49 0.3203
3019.9000 153 50 0.3268
3024.0000 154 50 0.3247
3040.0000 155 50 0.3226
3064.0000 156 50 0.3205
3065.8000 156 51 0.3269
3072.5000 156 52 0.3333
3084.5000 156 53 0.3397
3086.0000 157 53 0.3376
3110.0000 158 53 0.3354
3120.1000 158 54 0.3418
3129.0000 159 54 0.3396
3147.0000 160 54 0.3375
3166.0000 161 54 0.3354
3190.0000 162 54 0.3333
3205.3000 162 55 0.3395
3210.0000 163 55 0.3374
3225.0000 164 55 0.3354
3234.2000 164 56 0.3415
3243.0000 165 56 0.3394
3260.0000 166 56 0.3373
3261.2000 166 57 0.3434
3271.5000 166 58 0.3494
3272.4000 166 59 0.3554
3274.2000 166 60 0.3614
3283.0000 167 60 0.3593
3305.0000 168 60 0.3571
3321.0000 169 60 0.3550
3344.0000 170 60 0.3529
3365.0000 171 60 0.3509
3385.0000 172 60 0.3488
3408.0000 173 60 0.3468
3410.8000 173 61 0.3526
3413.8000 173 62 0.3584
3428.0000 174 62 0.3563
3449.0000 175 62 0.3543
3472.0000 176 62 0.3523
3488.0000 177 62 0.3503
3510.8000 177 63 0.3559
3511.0000 178 63 0.3539
3527.2000 178 64 0.3596
3530.6000 178 65 0.3652
3535.0000 179 65 0.3631
3548.5000 179 66 0.3687
3551.5000 179 67 0.3743
3552.0000 180 67 0.3722
3567.4000 180 68 0.3778
3570.0000 181 68 0.3757
3571.9000 181 69 0.3812
3576.0000 181 70 0.3867
3589.0000 182 70 0.3846
3604.0000 183 70 0.3825
3619.0000 184 70 0.3804
3638.0000 185 70 0.3784
3641.8000 185 71 0.3838
3653.0000 186 71 0.3817
3669.0000 187 71 0.3797
3689.0000 188 71 0.3777
3712.0000 189 71 0.3757
3730.0000 190 71 0.3737
3754.0000 191 71 0.3717
3771.0000 192 71 0.3698
3787.0000 193 71 0.3679
3809.0000 194 71 0.3660
3822.2000 194 72 0.3711
3832.0000 195 72 0.3692
3848.6000 195 73 0.3744
3854.0000 196 73 0.3724
3873.0000 197 73 0.3706
3895.0000 198 73 0.3687
3919.0000 199 73 0.3668
3927.7000 199 74 0.3719
3938.0000 200 74 0.3700
3946.3000 200 75 0.3750
3950.8000 200 76 0.3800
3953.0000 200 77 0.3850
3955.0000 201 77 0.3831
3975.0000 202 77 0.3812
3996.0000 203 77 0.3793
4012.0000 204 77 0.3775
4031.0000 205 77 0.3756
4052.0000 206 77 0.3738
4061.3000 206 78 0.3786
4062.3000 206 79 0.3835
4070.0000 207 79 0.3816
4094.0000 208 79 0.3798
4115.0000 209 79 0.3780
4134.0000 210 79 0.3762
4153.0000 211 79 0.3744
4171.0000 212 79 0.3726
4187.7000 212 80 0.3774
4194.0000 213 80 0.3756
4214.0000 214 80 0.3738
4223.6000 214 81 0.3785
4235.0000 215 81 0.3767
4245.4000 215 82 0.3814
4251.0000 216 82 0.3796
4268.6000 216 83 0.3843
4272.0000 217 83 0.3825
4287.3000 217 84 0.3871
4288.3000 217 85 0.3917
4290.0000 218 85 0.3899
4308.6000 218 86 0.3945
4314.0000 219 86 0.3927
4315.4000 219 87 0.3973
4338.0000 220 87 0.3955
4352.2000 220 88 0.4000
4360.0000 221 88 0.3982
4381.0000 222 88 0.3964
4400.0000 223 88 0.3946
4419.0000 224 88 0.3929
4419.1000 224 89 0.3973
4434.0000 225 89 0.3956
4452.4000 225 90 0.4000
4458.0000 226 90 0.3982
4463.0000 226 91 0.4027
4472.8000 226 92 0.4071
4476.0000 227 92 0.4053
4497.0000 228 92 0.4035
4505.4000 228 93 0.4079
4515.0000 229 93 0.4061
4527.7000 229 94 0.4105
4537.0000 230 94 0.4087
4556.0000 231 94 0.4069
4580.0000 232 94 0.4052
4597.0000 233 94 0.4034
4608.6000 233 95 0.4077
4610.6000 233 96 0.4120
4614.0000 234 96 0.4103
4634.0000 235 96 0.4085
4655.0000 236 96 0.4068
4665.1000 236 97 0.4110
4672.0000 237 97 0.4093
4689.0000 238 97 0.4076
4699.4000 238 98 0.4118
4706.0000 239 98 0.4100
4729.0000 240 98 0.4083
4744.5000 240 99 0.4125
4747.0000 241 99 0.4108
4762.0000 242 99 0.4091
4766.5000 242 100 0.4132
4783.0000 243 100 0.4115
4807.0000 244 100 0.4098
4824.0000 245 100 0.4082
4848.0000 246 100 0.4065
4867.0000 247 100 0.4049
4886.0000 248 100 0.4032
4895.7000 248 101 0.4073
4909.0000 249 101 0.4056
4914.5000 249 102 0.4096
4928.0000 250 102 0.4080
4951.0000 251 102 0.4064
4966.0000 252 102 0.4048
4986.0000 253 102 0.4032
4995.1000 253 103 0.4071
4995.5000 253 104 0.4111
5010.0000 254 104 0.4094
5033.0000 255 104 0.4078
5048.0000 256 104 0.4063
5072.0000 257 104 0.4047
5089.0000 258 104 0.4031
5092.8000 258 105 0.4070
5112.0000 259 105 0.4054
5131.0000 260 105 0.4038
5151.0000 261 105 0.4023
5175.0000 262 105 0.4008
5180.2000 262 106 0.4046
5194.0000 263 106 0.4030
5215.0000 264 106 0.4015
5237.0000 265 106 0.4000
5254.0000 266 106 0.3985
5263.5000 266 107 0.4023
5269.0000 267 107 0.4007
5291.0000 268 107 0.3993
5307.0000 269 107 0.3978
5324.0000 270 107 0.3963
5339.0000 271 107 0.3948
5356.0000 272 107 0.3934
5371.0000 273 107 0.3919
5387.0000 274 107 0.3905
5395.6000 274 108 0.3942
5410.0000 275 108 0.3927
5426.0000 276 108 0.3913
5427.4000 276 109 0.3949
5447.0000 277 109 0.3935
5470.0000 278 109 0.3921
5490.0000 279 109 0.3907
5504.6000 279 110 0.3943
5507.0000 280 110 0.3929
5516.4000 280 111 0.3964
5528.0000 281 111 0.3950
5542.9000 281 112 0.3986
5546.0000 282 112 0.3972
5564.0000 283 112 0.3958
5566.2000 283 113 0.3993
5584.0000 284 113 0.3979
5607.0000 285 113 0.3965
5625.0000 286 113 0.3951
5643.0000 287 113 0.3937
5665.0000 288 113 0.3924
5673.7000 288 114 0.3958
5685.0000 289 114 0.3945
5704.0000 290 114 0.3931
5724.0000 291 114 0.3918
5740.5000 291 115 0.3952
5745.0000 292 115 0.3938
5745.2000 292 116 0.3973
5760.0000 293 116 0.3959
5784.0000 294 116 0.3946
5805.0000 295 116 0.3932
5813.1000 295 117 0.3966
5822.0000 296 117 0.3953
5841.0000 297 117 0.3939
5859.0000 298 117 0.3926
5863.7000 298 118 0.3960
5874.0000 299 118 0.3946
5883.5000 299 119 0.3980
5893.0000 300 119 0.3967
5895.4000 300 120 0.4000
5896.1000 300 121 0.4033
5914.0000 301 121 0.4020
5914.2000 301 122 0.4053
5932.0000 302 122 0.4040
5953.0000 303 122 0.4026
5971.0000 304 122 0.4013
5986.0000 305 122 0.4000
5987.9000 305 123 0.4033
5996.8000 305 124 0.4066
5997.6000 305 125 0.4098
6003.8000 305 126 0.4131
6007.7000 305 127 0.4164
6008.0000 306 127 0.4150
6010.3000 306 128 0.4183
6024.0000 307 128 0.4169
6029.0000 307 129 0.4202
6041.0000 308 129 0.4188
6063.0000 309 129 0.4175
6068.1000 309 130 0.4207
6074.6000 309 131 0.4239
6087.0000 310 131 0.4226
6105.0000 311 131 0.4212
6114.3000 311 132 0.4244
6124.0000 312 132 0.4231
6129.8000 312 133 0.4263
6145.0000 313 133 0.4249
6166.0000 314 133 0.4236
6182.0000 315 133 0.4222
6201.0000 316 133 0.4209
6203.5000 316 134 0.4241
6216.0000 317 134 0.4227
6216.8000 317 135 0.4259
6231.0000 318 135 0.4245
6237.7000 318 136 0.4277
6248.0000 319 136 0.4263
6261.7000 319 137 0.4295
6267.0000 320 137 0.4281
6286.0000 320 138 0.4313
6288.2000 320 139 0.4344
6289.0000 321 139 0.4330
6308.0000 322 139 0.4317
6312.4000 322 140 0.4348
6332.0000 323 140 0.4334
6338.7000 323 141 0.4365
6355.0000 324 141 0.4352
6372.0000 325 141 0.4338
6374.6000 325 142 0.4369
6377.1000 325 143 0.4400
6384.9000 325 144 0.4431
6392.4000 325 145 0.4462
6393.0000 326 145 0.4448
6393.1000 326 146 0.4479
6417.0000 327 146 0.4465
6423.7000 327 147 0.4495
6425.0000 327 148 0.4526
6425.4000 327 149 0.4557
6441.0000 328 149 0.4543
6465.0000 329 149 0.4529
6467.3000 329 150 0.4559
6486.0000 330 150 0.4545
6502.0000 331 150 0.4532
6518.0000 332 150 0.4518
6536.0000 333 150 0.4505
6548.1000 333 151 0.4535
6553.5000 333 152 0.4565
6554.1000 333 153 0.4595
6555.0000 334 153 0.4581
6572.0000 335 153 0.4567
6591.0000 336 153 0.4554
6608.0000 337 153 0.4540
6631.0000 338 153 0.4527
6646.0000 339 153 0.4513
6649.1000 339 154 0.4543
6665.0000 340 154 0.4529
6669.1000 340 155 0.4559
6684.0000 341 155 0.4545
6687.9000 341 156 0.4575
6691.0000 341 157 0.4604
6696.4000 341 158 0.4633
6708.0000 342 158 0.4620
6725.0000 343 158 0.4606
6745.0000 344 158 0.4593
6760.0000 345 158 0.4580
6770.7000 345 159 0.4609
6776.9000 345 160 0.4638
6781.0000 346 160 0.4624
6795.3000 346 161 0.4653
6800.0000 347 161 0.4640
6816.0000 348 161 0.4626
6827.4000 348 162 0.4655
6839.0000 349 162 0.4642
6854.0000 350 162 0.4629
6874.0000 351 162 0.4615
6889.0000 352 162 0.4602
6893.6000 352 163 0.4631
6900.6000 352 164 0.4659
6903.4000 352 165 0.4688
6909.0000 353 165 0.4674
6921.3000 353 166 0.4703
6930.0000 354 166 0.4689
6951.0000 355 166 0.4676
6951.6000 355 167 0.4704
6971.0000 356 167 0.4691
6978.5000 356 168 0.4719
6995.0000 357 168 0.4706
7010.0000 358 168 0.4693
7020.1000 358 169 0.4721
7029.0000 359 169 0.4708
7043.5000 359 170 0.4735
7048.0000 360 170 0.4722
7071.0000 361 170 0.4709
7091.3000 361 171 0.4737
7093.0000 362 171 0.4724
7108.0000 363 171 0.4711
7111.5000 363 172 0.4738
7130.0000 364 172 0.4725
7147.0000 365 172 0.4712
7163.0000 366 172 0.4699
7172.4000 366 173 0.4727
7176.4000 366 174 0.4754
7180.0000 367 174 0.4741
7189.3000 367 175 0.4768
7197.0000 368 175 0.4755
7197.8000 368 176 0.4783
7221.0000 369 176 0.4770
7240.0000 370 176 0.4757
7245.1000 370 177 0.4784
7255.0000 371 177 0.4771
7272.0000 372 177 0.4758
7290.4000 372 178 0.4785
7296.0000 373 178 0.4772
7314.6000 373 179 0.4799
7316.7000 373 180 0.4826
7319.0000 374 180 0.4813
7333.2000 374 181 0.4840
7335.0000 375 181 0.4827
7352.5000 375 182 0.4853
7358.0000 376 182 0.4840
7378.0000 377 182 0.4828
7394.0000 378 182 0.4815
7411.0000 379 182 0.4802
7412.8000 379 183 0.4828
7435.0000 380 183 0.4816
7436.5000 380 184 0.4842
7455.1000 380 185 0.4868
7459.0000 381 185 0.4856
7480.0000 382 185 0.4843
7493.2000 382 186 0.4869
7498.0000 383 186 0.4856
7498.8000 383 187 0.4883
7514.0000 384 187 0.4870
7533.3000 384 188 0.4896
7536.0000 385 188 0.4883
7559.0000 386 188 0.4870
7574.0000 387 188 0.4858
7583.5000 387 189 0.4884
7589.1000 387 190 0.4910
7595.0000 388 190 0.4897
7613.0000 389 190 0.4884
7621.5000 389 191 0.4910
7632.0000 390 191 0.4897
7649.4000 390 192 0.4923
7650.3000 390 193 0.4949
7656.0000 391 193 0.4936
7673.0000 392 193 0.4923
7696.0000 393 193 0.4911
7710.1000 393 194 0.4936
7713.0000 394 194 0.4924
7730.0000 395 194 0.4911
7745.0000 396 194 0.4899
7762.0000 397 194 0.4887
7784.0000 398 194 0.4874
7804.0000 399 194 0.4862
7822.0000 400 194 0.4850
7823.7000 400 195 0.4875
7840.0000 401 195 0.4863
7858.0000 402 195 0.4851
7874.0000 403 195 0.4839
7876.9000 403 196 0.4864
7883.5000 403 197 0.4888
7891.0000 403 198 0.4913
7895.0000 404 198 0.4901
7914.0000 405 198 0.4889
7931.0000 406 198 0.4877
7934.8000 406 199 0.4901
7948.0000 407 199 0.4889
7961.4000 407 200 0.4914
7972.0000 408 200 0.4902
7987.0000 409 200 0.4890
7992.4000 409 201 0.4914
8002.0000 410 201 0.4902
8018.9000 410 202 0.4927
8024.0000 411 202 0.4915
8040.0000 412 202 0.4903
8041.7000 412 203 0.4927
8048.2000 412 204 0.4951
8059.0000 413 204 0.4939
8061.2000 413 205 0.4964
8082.0000 414 205 0.4952
8085.4000 414 206 0.4976
8099.0000 415 206 0.4964
8116.0000 416 206 0.4952
8137.0000 417 206 0.4940
8158.0000 418 206 0.4928
8173.0000 419 206 0.4916
8190.0000 420 206 0.4905
8205.0000 421 206 0.4893
8205.7000 421 207 0.4917
8227.0000 422 207 0.4905
8251.0000 423 207 0.4894
8270.0000 423 208 0.4917
8272.4000 423 209 0.4941
8275.0000 424 209 0.4929
8297.0000 425 209 0.4918
8317.0000 426 209 0.4906
8336.0000 427 209 0.4895
8353.7000 427 210 0.4918
8359.0000 428 210 0.4907
8375.0000 429 210 0.4895
8396.0000 430 210 0.4884
8408.0000 430 211 0.4907
8414.0000 431 211 0.4896
8437.0000 432 211 0.4884
8453.0000 433 211 0.4873
8468.0000 434 211 0.4862
8492.0000 435 211 0.4851
8505.9000 435 212 0.4874
8510.0000 436 212 0.4862
8525.0000 437 212 0.4851
8544.0000 438 212 0.4840
8555.2000 438 213 0.4863
8566.0000 439 213 0.4852
8578.2000 439 214 0.4875
8586.0000 440 214 0.4864
8609.0000 441 214 0.4853
8625.0000 442 214 0.4842
8631.1000 442 215 0.4864
8631.6000 442 216 0.4887
8641.0000 442 217 0.4910
8644.0000 443 217 0.4898
8650.6000 443 218 0.4921
8663.0000 444 218 0.4910
8681.0000 445 218 0.4899
8697.0000 446 218 0.4888
8712.6000 446 219 0.4910
8719.0000 447 219 0.4899
8743.0000 448 219 0.4888
8767.0000 449 219 0.4878
8784.0000 450 219 0.4867
8790.7000 450 220 0.4889
8800.0000 451 220 0.4878
8806.3000 451 221 0.4900
8823.0000 452 221 0.4889
8824.9000 452 222 0.4912
8839.0000 453 222 0.4901
8854.0000 454 222 0.4890
8869.0000 455 222 0.4879
8888.6000 455 223 0.4901
8892.0000 456 223 0.4890
8911.0000 457 223 0.4880
8928.7000 457 224 0.4902
8929.0000 458 224 0.4891
8944.0000 459 224 0.4880
8955.3000 459 225 0.4902
8961.0000 460 225 0.4891
8979.0000 461 225 0.4881
8997.0000 462 225 0.4870
9006.3000 462 226 0.4892
9011.3000 462 227 0.4913
9013.0000 463 227 0.4903
9025.2000 463 228 0.4924
9035.0000 464 228 0.4914
9058.0000 465 228 0.4903
9067.0000 465 229 0.4925
9073.0000 466 229 0.4914
9075.4000 466 230 0.4936
9084.5000 466 231 0.4957
9092.1000 466 232 0.4979
9093.5000 466 233 0.5000
9095.0000 467 233 0.4989
9101.0000 467 234 0.5011
9119.0000 468 234 0.5000
9124.0000 468 235 0.5021
9143.0000 469 235 0.5011
9162.0000 470 235 0.5000
9174.0000 470 236 0.5021
9185.2000 470 237 0.5043
9186.0000 471 237 0.5032
9209.0000 472 237 0.5021
9209.2000 472 238 0.5042
9224.0000 473 238 0.5032
9245.0000 474 238 0.5021
9264.0000 475 238 0.5011
9288.0000 476 238 0.5000
9305.4000 476 239 0.5021
9306.5000 476 240 0.5042
9310.0000 477 240 0.5031
9315.8000 477 241 0.5052
9326.0000 478 241 0.5042
9337.1000 478 242 0.5063
9338.7000 478 243 0.5084
9341.0000 479 243 0.5073
9355.6000 479 244 0.5094
9365.0000 480 244 0.5083
9387.0000 481 244 0.5073
9403.0000 482 244 0.5062
9426.0000 483 244 0.5052
9434.3000 483 245 0.5072
9444.0000 484 245 0.5062
9451.3000 484 246 0.5083
9468.0000 485 246 0.5072
9485.0000 486 246 0.5062
9503.0000 487 246 0.5051
9527.0000 488 246 0.5041
9539.2000 488 247 0.5061
9550.0000 489 247 0.5051
9557.3000 489 248 0.5072
9570.6000 489 249 0.5092
9573.0000 490 249 0.5082
9591.0000 491 249 0.5071
9614.0000 492 249 0.5061
9614.9000 492 250 0.5081
9632.0000 493 250 0.5071
9653.0000 494 250 0.5061
9676.0000 495 250 0.5051
9693.0000 496 250 0.5040
9715.0000 497 250 0.5030
9736.0000 498 250 0.5020
9750.0000 498 251 0.5040
9752.0000 499 251 0.5030
9776.0000 500 251 0.5020
9791.7000 500 252 0.5040
9791.7000 500 253 0.5060
9799.0000 501 253 0.5050
9821.0000 502 253 0.5040
9837.0000 503 253 0.5030
9837.6000 503 254 0.5050
9846.7000 503 255 0.5070
9861.0000 504 255 0.5060
9879.0000 505 255 0.5050
9894.0000 506 255 0.5040
9904.5000 506 256 0.5059
9909.0000 507 256 0.5049
9927.0000 508 256 0.5039
9946.0000 509 256 0.5029
9950.9000 509 257 0.5049
9952.0000 509 258 0.5069
9967.7000 509 259 0.5088
9969.0000 510 259 0.5078
9988.0000 511 259 0.5068
10007.0000 512 259 0.5059
10024.0000 513 259 0.5049
10044.0000 514 259 0.5039
10067.0000 515 259 0.5029
10087.0000 516 259 0.5019
10108.2000 516 260 0.5039
10111.0000 517 260 0.5029
10113.8000 517 261 0.5048
10116.4000 517 262 0.5068
10132.0000 518 262 0.5058
10151.2000 518 263 0.5077
10151.7000 518 264 0.5097
10154.0000 519 264 0.5087
10163.5000 519 265 0.5106
10177.0000 520 265 0.5096
10194.0000 521 265 0.5086
10216.0000 522 265 0.5077
10233.6000 522 266 0.5096
10235.0000 523 266 0.5086
10257.0000 524 266 0.5076
10257.5000 524 267 0.5095
10281.0000 525 267 0.5086
10292.1000 525 268 0.5105
10300.0000 526 268 0.5095
10320.0000 527 268 0.5085
10333.5000 527 269 0.5104
10343.0000 528 269 0.5095
10366.0000 529 269 0.5085
10382.0000 530 269 0.5075
10394.6000 530 270 0.5094
10402.0000 531 270 0.5085
10423.0000 532 270 0.5075
10423.4000 532 271 0.5094
10424.8000 532 272 0.5113
10433.6000 532 273 0.5132
10441.0000 533 273 0.5122
10461.0000 534 273 0.5112
10480.0000 535 273 0.5103
10496.9000 535 274 0.5121
10497.0000 536 274 0.5112
10518.0000 537 274 0.5102
10536.8000 537 275 0.5121
10537.0000 538 275 0.5112
10537.1000 538 276 0.5130
10555.0000 539 276 0.5121
10571.0000 540 276 0.5111
10591.0000 541 276 0.5102
10614.6000 541 277 0.5120
10615.0000 542 277 0.5111
10616.4000 542 278 0.5129
10637.0000 543 278 0.5120
10644.4000 543 279 0.5138
10645.7000 543 280 0.5157
10657.0000 544 280 0.5147
10681.0000 545 280 0.5138
10703.0000 546 280 0.5128
10726.0000 547 280 0.5119
10748.0000 548 280 0.5109
10768.0000 549 280 0.5100
10781.7000 549 281 0.5118
10788.0000 550 281 0.5109
10808.0000 551 281 0.5100
10823.0000 552 281 0.5091
10842.0000 553 281 0.5081
10866.0000 554 281 0.5072
10875.6000 554 282 0.5090
10885.0000 555 282 0.5081
10885.4000 555 283 0.5099
10907.0000 556 283 0.5090
10915.0000 556 284 0.5108
10925.0000 557 284 0.5099
10942.0000 558 284 0.5090
10959.8000 558 285 0.5108
10961.1000 558 286 0.5125
10961.6000 558 287 0.5143
10966.0000 559 287 0.5134
10968.1000 559 288 0.5152
10983.0000 560 288 0.5143
11006.0000 561 288 0.5134
11019.7000 561 289 0.5152
11021.3000 561 290 0.5169
11023.0000 562 290 0.5160
11040.2000 562 291 0.5178
11046.0000 563 291 0.5169
11056.6000 563 292 0.5187
11068.0000 564 292 0.5177
11084.0000 565 292 0.5168
11097.6000 565 293 0.5186
11102.0000 566 293 0.5177
11120.0000 567 293 0.5168
11123.6000 567 294 0.5185
11126.6000 567 295 0.5203
11127.8000 567 296 0.5220
11143.0000 568 296 0.5211
11163.9000 568 297 0.5229
11166.0000 569 297 0.5220
11182.0000 570 297 0.5211
11182.5000 570 298 0.5228
11191.1000 570 299 0.5246
11197.6000 570 300 0.5263
11201.0000 571 300 0.5254
11207.5000 571 301 0.5271
11218.0000 572 301 0.5262
11238.0000 573 301 0.5253
11249.5000 573 302 0.5271
11252.6000 573 303 0.5288
11260.0000 574 303 0.5279
11265.5000 574 304 0.5296
11280.0000 575 304 0.5287
11298.0000 576 304 0.5278
11308.0000 576 305 0.5295
11314.1000 576 306 0.5313
11319.0000 577 306 0.5303
11321.8000 577 307 0.5321
11343.0000 578 307 0.5311
11360.6000 578 308 0.5329
11363.0000 579 308 0.5320
11381.0000 580 308 0.5310
11384.8000 580 309 0.5328
11405.0000 581 309 0.5318
11411.1000 581 310 0.5336
11424.0000 582 310 0.5326
11435.0000 582 311 0.5344
11443.0000 583 311 0.5334
11449.9000 583 312 0.5352
11450.2000 583 313 0.5369
11460.4000 583 314 0.5386
11467.0000 584 314 0.5377
11491.0000 585 314 0.5368
11511.0000 586 314 0.5358
11524.9000 586 315 0.5375
11529.0000 587 315 0.5366
11534.4000 587 316 0.5383
11547.0000 588 316 0.5374
11566.0000 589 316 0.5365
11575.9000 589 317 0.5382
11586.0000 590 317 0.5373
11599.2000 590 318 0.5390
11610.0000 591 318 0.5381
11613.1000 591 319 0.5398
11626.0000 592 319 0.5389
11634.0000 592 320 0.5405
11640.2000 592 321 0.5422
11640.7000 592 322 0.5439
11646.4000 592 323 0.5456
11646.8000 592 324 0.5473
11650.0000 593 324 0.5464
11665.0000 594 324 0.5455
11680.0000 595 324 0.5445
11685.7000 595 325 0.5462
11696.0000 596 325 0.5453
11711.0000 597 325 0.5444
11731.0000 598 325 0.5435
11755.0000 599 325 0.5426
11771.0000 600 325 0.5417
11790.0000 601 325 0.5408
11805.5000 601 326 0.5424
11809.0000 602 326 0.5415
11809.2000 602 327 0.5432
11809.6000 602 328 0.5449
11827.0000 603 328 0.5439
11851.0000 604 328 0.5430
11867.0000 605 328 0.5421
11872.4000 605 329 0.5438
11885.0000 606 329 0.5429
11907.0000 607 329 0.5420
11929.0000 608 329 0.5411
11933.2000 608 330 0.5428
11935.8000 608 331 0.5444
11940.3000 608 332 0.5461
11948.0000 609 332 0.5452
11959.7000 609 333 0.5468
11971.0000 610 333 0.5459
11995.0000 611 333 0.5450
12005.8000 611 334 0.5466
12012.0000 612 334 0.5458
12018.3000 612 335 0.5474
12033.0000 613 335 0.5465
12048.0000 614 335 0.5456
12070.0000 615 335 0.5447
12072.7000 615 336 0.5463
12075.7000 615 337 0.5480
12088.0000 616 337 0.5471
12104.0000 617 337 0.5462
12124.0000 618 337 0.5453
12136.5000 618 338 0.5469
12145.0000 619 338 0.5460
12151.5000 619 339 0.5477
12154.5000 619 340 0.5493
12163.0000 619 341 0.5509
12165.0000 620 341 0.5500
12189.0000 621 341 0.5491
12209.0000 622 341 0.5482
12210.0000 622 342 0.5498
12218.2000 622 343 0.5514
12226.0000 623 343 0.5506
12249.0000 624 343 0.5497
12270.0000 625 343 0.5488
12287.0000 626 343 0.5479
12288.8000 626 344 0.5495
12304.8000 626 345 0.5511
12305.0000 627 345 0.5502
12314.0000 627 346 0.5518
12323.0000 628 346 0.5510
12329.4000 628 347 0.5525
12339.0000 629 347 0.5517
12345.6000 629 348 0.5533
12358.0000 630 348 0.5524
12377.0000 631 348 0.5515
12399.0000 632 348 0.5506
12421.0000 633 348 0.5498
12444.0000 634 348 0.5489
12461.4000 634 349 0.5505
12463.0000 635 349 0.5496
12474.8000 635 350 0.5512
12479.0000 636 350 0.5503
12497.0000 637 350 0.5495
12518.0000 638 350 0.5486
12538.0000 639 350 0.5477
12538.0000 639 351 0.5493
12548.2000 639 352 0.5509
12556.0000 640 352 0.5500
12575.0000 641 352 0.5491
12586.0000 641 353 0.5507
12596.0000 642 353 0.5498
12611.0000 643 353 0.5490
12627.5000 643 354 0.5505
12635.0000 644 354 0.5497
12651.6000 644 355 0.5512
12655.0000 645 355 0.5504
12670.9000 645 356 0.5519
12672.0000 646 356 0.5511
12682.0000 646 357 0.5526
12689.5000 646 358 0.5542
12691.0000 647 358 0.5533
12713.0000 648 358 0.5525
12725.0000 648 359 0.5540
12725.8000 648 360 0.5556
12727.4000 648 361 0.5571
12729.0000 648 362 0.5586
12737.0000 649 362 0.5578
12761.0000 650 362 0.5569
12781.0000 651 362 0.5561
12798.0000 652 362 0.5552
12808.8000 652 363 0.5567
12818.0000 653 363 0.5559
12830.3000 653 364 0.5574
12836.3000 653 365 0.5590
12837.0000 653 366 0.5605
12839.0000 654 366 0.5596
12857.8000 654 367 0.5612
12863.0000 655 367 0.5603
12884.0000 656 367 0.5595
12901.0000 657 367 0.5586
12919.0000 658 367 0.5578
12935.3000 658 368 0.5593
12936.0000 659 368 0.5584
12954.0000 660 368 0.5576
12971.0000 661 368 0.5567
12986.0000 662 368 0.5559
12989.4000 662 369 0.5574
12993.7000 662 370 0.5589
13009.0000 663 370 0.5581
13024.0000 663 371 0.5596
13029.0000 664 371 0.5587
13048.0000 665 371 0.5579
13069.0000 666 371 0.5571
13080.5000 666 372 0.5586
13090.0000 667 372 0.5577
13092.7000 667 373 0.5592
13112.0000 668 373 0.5584
13128.1000 668 374 0.5599
13133.2000 668 375 0.5614
13135.0000 669 375 0.5605
13137.7000 669 376 0.5620
13146.6000 669 377 0.5635
13156.0000 669 378 0.5650
13157.0000 670 378 0.5642
13175.0000 671 378 0.5633
13182.3000 671 379 0.5648
13198.0000 672 379 0.5640
13222.0000 673 379 0.5632
13237.0000 674 379 0.5623
13250.3000 674 380 0.5638
13261.0000 675 380 0.5630
13279.0000 676 380 0.5621
13293.8000 676 381 0.5636
13303.0000 677 381 0.5628
13313.7000 677 382 0.5643
13317.6000 677 383 0.5657
13327.0000 678 383 0.5649
13344.0000 679 383 0.5641
13358.6000 679 384 0.5655
13367.0000 680 384 0.5647
13370.8000 680 385 0.5662
13384.9000 680 386 0.5676
13385.0000 681 386 0.5668
13400.0000 682 386 0.5660
13422.0000 683 386 0.5652
13434.4000 683 387 0.5666
13439.0000 684 387 0.5658
13463.0000 685 387 0.5650
13483.5000 685 388 0.5664
13485.0000 686 388 0.5656
13501.0000 687 388 0.5648
13522.0000 688 388 0.5640
13543.0000 689 388 0.5631
13553.6000 689 389 0.5646
13558.0000 690 389 0.5638
13578.0000 691 389 0.5630
13582.3000 691 390 0.5644
13589.2000 691 391 0.5658
13597.0000 692 391 0.5650
13601.2000 692 392 0.5665
13606.1000 692 393 0.5679
13606.8000 692 394 0.5694
13607.8000 692 395 0.5708
13612.0000 693 395 0.5700
13622.2000 693 396 0.5714
13633.0000 694 396 0.5706
13635.6000 694 397 0.5720
13654.0000 695 397 0.5712
13669.9000 695 398 0.5727
13674.0000 696 398 0.5718
13680.5000 696 399 0.5733
13689.0000 697 399 0.5725
13713.0000 698 399 0.5716
13732.6000 698 400 0.5731
13733.0000 699 400 0.5722
13750.0000 700 400 0.5714
13770.6000 700 401 0.5729
13771.0000 701 401 0.5720
13771.1000 701 402 0.5735
13787.0000 702 402 0.5726
13808.0000 703 402 0.5718
13831.0000 704 402 0.5710
13853.0000 705 402 0.5702
13874.0000 706 402 0.5694
13894.0000 707 402 0.5686
13915.0000 708 402 0.5678
13930.0000 708 403 0.5692
13937.0000 709 403 0.5684
13952.0000 710 403 0.5676
13955.8000 710 404 0.5690
13956.0000 710 405 0.5704
13957.1000 710 406 0.5718
13976.0000 711 406 0.5710
13994.0000 712 406 0.5702
14011.0000 713 406 0.5694
14013.2000 713 407 0.5708
14032.0000 714 407 0.5700
14046.8000 714 408 0.5714
14056.0000 715 408 0.5706
14077.0000 716 408 0.5698
14086.0000 716 409 0.5712
14092.0000 717 409 0.5704
14107.0000 718 409 0.5696
14108.3000 718 410 0.5710
14123.0000 719 410 0.5702
14147.0000 720 410 0.5694
14150.0000 720 411 0.5708
14167.0000 721 411 0.5700
14186.0000 722 411 0.5693
14204.0000 723 411 0.5685
14220.8000 723 412 0.5698
14224.5000 723 413 0.5712
14225.0000 724 413 0.5704
14225.6000 724 414 0.5718
14232.8000 724 415 0.5732
14245.0000 725 415 0.5724
14267.0000 726 415 0.5716
14283.7000 726 416 0.5730
14285.9000 726 417 0.5744
14286.0000 727 417 0.5736
14290.4000 727 418 0.5750
14304.0000 728 418 0.5742
14323.0000 729 418 0.5734
14342.0000 729 419 0.5748
14343.0000 730 419 0.5740
14363.0000 731 419 0.5732
14385.0000 732 419 0.5724
14404.0000 733 419 0.5716
14420.0000 734 419 0.5708
14433.2000 734 420 0.5722
14441.0000 735 420 0.5714
14456.0000 736 420 0.5707
14466.4000 736 421 0.5720
14475.0000 737 421 0.5712
14499.0000 738 421 0.5705
14508.8000 738 422 0.5718
14523.0000 739 422 0.5710
14544.0000 740 422 0.5703
14547.4000 740 423 0.5716
14568.0000 741 423 0.5709
14588.0000 742 423 0.5701
14603.0000 743 423 0.5693
14618.0000 744 423 0.5685
14629.7000 744 424 0.5699
14638.0000 744 425 0.5712
14639.0000 745 425 0.5705
14655.0000 746 425 0.5697
14676.0000 747 425 0.5689
14689.2000 747 426 0.5703
14696.0000 748 426 0.5695
14718.0000 749 426 0.5688
14733.2000 749 427 0.5701
14736.0000 750 427 0.5693
14746.0000 750 428 0.5707
14756.0000 751 428 0.5699
14760.9000 751 429 0.5712
14773.0000 752 429 0.5705
14790.0000 753 429 0.5697
14798.6000 753 430 0.5710
14809.0000 754 430 0.5703
14831.0000 755 430 0.5695
14848.0000 756 430 0.5688
14867.0000 757 430 0.5680
14880.3000 757 431 0.5694
14884.7000 757 432 0.5707
14889.0000 758 432 0.5699
14905.0000 759 432 0.5692
14920.5000 759 433 0.5705
14927.0000 760 433 0.5697
14942.0000 761 433 0.5690
14961.0000 762 433 0.5682
14975.8000 762 434 0.5696
14984.0000 763 434 0.5688
14999.0000 764 434 0.5681
15021.0000 765 434 0.5673
15028.4000 765 435 0.5686
15041.0000 766 435 0.5679
15058.0000 767 435 0.5671
15074.0000 768 435 0.5664
15093.0000 769 435 0.5657
15101.5000 769 436 0.5670
15114.0000 770 436 0.5662
15132.0000 771 436 0.5655
15149.0000 772 436 0.5648
15172.0000 773 436 0.5640
15182.2000 773 437 0.5653
15190.0000 774 437 0.5646
15212.0000 775 437 0.5639
15235.0000 776 437 0.5631
15256.0000 777 437 0.5624
15258.3000 777 438 0.5637
15280.0000 778 438 0.5630
15297.0000 779 438 0.5623
15299.3000 779 439 0.5635
15313.0000 779 440 0.5648
15318.0000 780 440 0.5641
15336.0000 781 440 0.5634
15360.0000 782 440 0.5627
15381.0000 783 440 0.5619
15391.2000 783 441 0.5632
15399.0000 784 441 0.5625
15419.0000 785 441 0.5618
15439.2000 785 442 0.5631
15440.0000 785 443 0.5643
15441.0000 786 443 0.5636
15459.3000 786 444 0.5649
15465.0000 787 444 0.5642
15482.0000 788 444 0.5635
15504.0000 789 444 0.5627
15517.2000 789 445 0.5640
15526.0000 790 445 0.5633
15538.1000 790 446 0.5646
15538.7000 790 447 0.5658
15547.0000 791 447 0.5651
15569.0000 792 447 0.5644
15583.0000 792 448 0.5657
15591.0000 793 448 0.5649
15615.0000 794 448 0.5642
15632.0000 795 448 0.5635
15651.0000 796 448 0.5628
15666.0000 797 448 0.5621
15684.0000 798 448 0.5614
15704.8000 798 449 0.5627
15708.0000 799 449 0.5620
15724.0000 800 449 0.5613
15745.4000 800 450 0.5625
15746.0000 801 450 0.5618
15764.0000 802 450 0.5611
15766.2000 802 451 0.5623
15780.2000 802 452 0.5636
15782.0000 803 452 0.5629
15793.3000 803 453 0.5641
15799.0000 804 453 0.5634
15815.0000 805 453 0.5627
15838.0000 806 453 0.5620
15854.0000 807 453 0.5613
15873.0000 808 453 0.5606
15891.0000 808 454 0.5619
15894.0000 809 454 0.5612
15909.0000 810 454 0.5605
15927.0000 811 454 0.5598
15948.0000 812 454 0.5591
15953.1000 812 455 0.5603
15956.3000 812 456 0.5616
15958.5000 812 457 0.5628
15967.0000 813 457 0.5621
15982.0000 813 458 0.5633
15990.0000 814 458 0.5627
16006.1000 814 459 0.5639
16010.0000 815 459 0.5632
16027.0000 816 459 0.5625
16029.1000 816 460 0.5637
16042.0000 817 460 0.5630
16061.0000 818 460 0.5623
16061.0000 818 461 0.5636
16080.0000 819 461 0.5629
16104.0000 820 461 0.5622
16124.0000 821 461 0.5615
16139.0000 822 461 0.5608
16155.0000 823 461 0.5601
16175.0000 824 461 0.5595
16185.4000 824 462 0.5607
16196.0000 825 462 0.5600
16200.9000 825 463 0.5612
16212.0000 826 463 0.5605
16220.0000 826 464 0.5617
16230.0000 827 464 0.5611
16245.0000 828 464 0.5604
16261.0000 829 464 0.5597
16281.0000 830 464 0.5590
16301.0000 831 464 0.5584
16322.0000 832 464 0.5577
16338.0000 833 464 0.5570
16357.0000 834 464 0.5564
16377.7000 834 465 0.5576
16380.0000 835 465 0.5569
16399.0000 836 465 0.5562
16416.0000 837 465 0.5556
16433.0000 838 465 0.5549
16455.0000 839 465 0.5542
16479.0000 840 465 0.5536
16479.3000 840 466 0.5548
16481.0000 840 467 0.5560
16503.0000 841 467 0.5553
16520.1000 841 468 0.5565
16526.0000 842 468 0.5558
16547.0000 843 468 0.5552
16568.0000 844 468 0.5545
16588.9000 844 469 0.5557
16589.0000 845 469 0.5550
16601.1000 845 470 0.5562
16610.0000 846 470 0.5556
16613.0000 846 471 0.5567
16627.8000 846 472 0.5579
16628.0000 847 472 0.5573
16629.7000 847 473 0.5584
16630.6000 847 474 0.5596
16646.0000 848 474 0.5590
16662.0000 849 474 0.5583
16682.0000 850 474 0.5576
16694.9000 850 475 0.5588
16699.0000 851 475 0.5582
16721.7000 851 476 0.5593
16723.0000 852 476 0.5587
16745.0000 853 476 0.5580
16760.0000 854 476 0.5574
16783.0000 855 476 0.5567
16800.0000 856 476 0.5561
16805.0000 856 477 0.5572
16818.0000 857 477 0.5566
16835.0000 858 477 0.5559
16849.4000 858 478 0.5571
16852.1000 858 479 0.5583
16858.0000 859 479 0.5576
16862.2000 859 480 0.5588
16881.0000 860 480 0.5581
16901.0000 861 480 0.5575
16904.9000 861 481 0.5587
16917.0000 862 481 0.5580
16935.0000 863 481 0.5574
16936.9000 863 482 0.5585
16937.4000 863 483 0.5597
16959.0000 864 483 0.5590
16964.5000 864 484 0.5602
16980.0000 865 484 0.5595
16987.7000 865 485 0.5607
16997.0000 866 485 0.5600
17021.0000 867 485 0.5594
17040.0000 868 485 0.5588
17063.0000 869 485 0.5581
17082.0000 870 485 0.5575
17105.0000 871 485 0.5568
17126.0000 872 485 0.5562
17143.0000 873 485 0.5556
17162.0000 874 485 0.5549
17181.0000 875 485 0.5543
17202.0000 876 485 0.5537
17225.0000 877 485 0.5530
17240.0000 878 485 0.5524
17259.0000 879 485 0.5518
17278.0000 880 485 0.5511
17299.0000 881 485 0.5505
17318.0000 882 485 0.5499
17336.0000 883 485 0.5493
17353.0000 884 485 0.5486
17354.6000 884 486 0.5498
17356.9000 884 487 0.5509
17357.6000 884 488 0.5520
17370.0000 885 488 0.5514
17371.3000 885 489 0.5525
17376.0000 885 490 0.5537
17393.9000 885 491 0.5548
17394.0000 886 491 0.5542
17416.0000 887 491 0.5536
17428.3000 887 492 0.5547
17430.4000 887 493 0.5558
17439.0000 888 493 0.5552
17454.0000 889 493 0.5546
17469.2000 889 494 0.5557
17477.0000 890 494 0.5551
17493.9000 890 495 0.5562
17497.0000 891 495 0.5556
17515.0000 892 495 0.5549
17525.0000 892 496 0.5561
17535.0000 893 496 0.5554
17552.1000 893 497 0.5566
17558.0000 894 497 0.5559
17574.0000 895 497 0.5553
17598.0000 896 497 0.5547
17619.0000 897 497 0.5541
17639.0000 898 497 0.5535
17654.0000 899 497 0.5528
17655.9000 899 498 0.5539
17672.0000 900 498 0.5533
17690.0000 901 498 0.5527
17710.0000 902 498 0.5521
17734.0000 903 498 0.5515
17751.0000 904 498 0.5509
17772.7000 904 499 0.5520
17773.8000 904 500 0.5531
17774.0000 905 500 0.5525
17793.0000 906 500 0.5519
17808.0000 907 500 0.5513
17816.2000 907 501 0.5524
17816.2000 907 502 0.5535
17826.0000 908 502 0.5529
17846.0000 909 502 0.5523
17864.0000 910 502 0.5516
17884.0000 911 502 0.5510
17899.0000 912 502 0.5504
17916.1000 912 503 0.5515
17917.0000 913 503 0.5509
17934.5000 913 504 0.5520
17934.7000 913 505 0.5531
17936.0000 914 505 0.5525
17950.5000 914 506 0.5536
17951.9000 914 507 0.5547
17953.7000 914 508 0.5558
17958.0000 915 508 0.5552
17960.0000 915 509 0.5563
17973.5000 915 510 0.5574
17976.0000 916 510 0.5568
18000.0000 917 510 0.5562
18021.0000 918 510 0.5556
18031.1000 918 511 0.5566
18040.0000 919 511 0.5560
18059.0000 920 511 0.5554
18077.0000 921 511 0.5548
18077.2000 921 512 0.5559
18091.0000 921 513 0.5570
18091.7000 921 514 0.5581
18092.0000 922 514 0.5575
18093.7000 922 515 0.5586
18112.1000 922 516 0.5597
18113.0000 923 516 0.5590
18124.5000 923 517 0.5601
18132.0000 924 517 0.5595
18147.7000 924 518 0.5606
18155.0000 925 518 0.5600
18165.2000 925 519 0.5611
18169.3000 925 520 0.5622
18177.0000 926 520 0.5616
18192.0000 927 520 0.5609
18206.3000 927 521 0.5620
18214.0000 928 521 0.5614
18221.6000 928 522 0.5625
18236.0000 929 522 0.5619
18259.0000 930 522 0.5613
18275.0000 931 522 0.5607
18298.0000 932 522 0.5601
18321.0000 933 522 0.5595
18328.6000 933 523 0.5606
18340.0000 934 523 0.5600
18342.8000 934 524 0.5610
18353.1000 934 525 0.5621
18364.0000 935 525 0.5615
18374.6000 935 526 0.5626
18383.0000 936 526 0.5620
18398.5000 936 527 0.5630
18402.0000 937 527 0.5624
18425.0000 938 527 0.5618
18449.0000 939 527 0.5612
18457.4000 939 528 0.5623
18462.0000 939 529 0.5634
18473.0000 940 529 0.5628
18488.0000 941 529 0.5622
18512.0000 942 529 0.5616
18534.0000 943 529 0.5610
18544.6000 943 530 0.5620
18549.0000 944 530 0.5614
18570.0000 945 530 0.5608
18574.1000 945 531 0.5619
18590.0000 946 531 0.5613
18613.0000 947 531 0.5607
18632.0000 948 531 0.5601
18649.6000 948 532 0.5612
18653.0000 949 532 0.5606
18677.0000 950 532 0.5600
18696.0000 951 532 0.5594
18715.0000 952 532 0.5588
18735.6000 952 533 0.5599
18738.0000 953 533 0.5593
18753.0000 954 533 0.5587
18768.0000 955 533 0.5581
18770.5000 955 534 0.5592
18784.0000 955 535 0.5602
18786.0000 956 535 0.5596
18809.0000 957 535 0.5590
18828.0000 958 535 0.5585
18841.5000 958 536 0.5595
18845.0000 959 536 0.5589
18862.0000 960 536 0.5583
18884.0000 961 536 0.5578
18894.5000 961 537 0.5588
18898.1000 961 538 0.5598
18899.0000 962 538 0.5593
18922.0000 963 538 0.5587
18939.0000 964 538 0.5581
18945.0000 964 539 0.5591
18948.0000 964 540 0.5602
18956.0000 965 540 0.5596
18972.8000 965 541 0.5606
18977.0000 966 541 0.5600
18990.3000 966 542 0.5611
18993.0000 967 542 0.5605
19015.0000 968 542 0.5599
19037.0000 969 542 0.5593
19043.9000 969 543 0.5604
19055.0000 970 543 0.5598
19072.0000 971 543 0.5592
19087.0000 972 543 0.5586
19095.3000 972 544 0.5597
19096.6000 972 545 0.5607
19108.0000 973 545 0.5601
19111.3000 973 546 0.5612
19120.7000 973 547 0.5622
19129.0000 974 547 0.5616
19151.0000 975 547 0.5610
19161.8000 975 548 0.5621
19173.0000 976 548 0.5615
19192.0000 977 548 0.5609
19211.0000 978 548 0.5603
19231.0000 979 548 0.5598
19233.1000 979 549 0.5608
19236.7000 979 550 0.5618
19254.0000 980 550 0.5612
19277.0000 981 550 0.5607
19284.5000 981 551 0.5617
19297.4000 981 552 0.5627
19301.0000 982 552 0.5621
19313.4000 982 553 0.5631
19316.0000 983 553 0.5626
19340.0000 984 553 0.5620
19355.0000 985 553 0.5614
19373.0000 986 553 0.5609
19391.0000 987 553 0.5603
19406.0000 988 553 0.5597
19418.6000 988 554 0.5607
19423.0000 989 554 0.5602
19439.0000 990 554 0.5596
19455.0000 991 554 0.5590
19463.1000 991 555 0.5600
19468.6000 991 556 0.5610
19476.2000 991 557 0.5621
19479.0000 992 557 0.5615
19497.0000 993 557 0.5609
19521.0000 994 557 0.5604
19542.0000 995 557 0.5598
19565.0000 996 557 0.5592
19586.0000 997 557 0.5587
19595.7000 997 558 0.5597
19601.0000 998 558 0.5591
19622.0000 999 558 0.5586
19622.4000 999 559 0.5596
19628.5000 999 560 0.5606
19632.8000 999 561 0.5616
19641.0000 1000 561 0.5610
19660.0000 1001 561 0.5604
19677.0000 1002 561 0.5599
19687.4000 1002 562 0.5609
19692.0000 1003 562 0.5603
19716.0000 1004 562 0.5598
19739.0000 1005 562 0.5592
19745.9000 1005 563 0.5602
19755.0000 1006 563 0.5596
19770.0000 1007 563 0.5591
19771.4000 1007 564 0.5601
19784.4000 1007 565 0.5611
19786.5000 1007 566 0.5621
19792.0000 1008 566 0.5615
19807.7000 1008 567 0.5625
19815.0000 1009 567 0.5619
19816.1000 1009 568 0.5629
19825.5000 1009 569 0.5639
19833.0000 1010 569 0.5634
19852.0000 1011 569 0.5628
19854.8000 1011 570 0.5638
19866.9000 1011 571 0.5648
19868.3000 1011 572 0.5658
19868.8000 1011 573 0.5668
19876.0000 1012 573 0.5662
19891.0000 1013 573 0.5656
19908.0000 1014 573 0.5651
19924.9000 1014 574 0.5661
19932.0000 1015 574 0.5655
19944.7000 1015 575 0.5665
19956.0000 1016 575 0.5659
19968.8000 1016 576 0.5669
19970.9000 1016 577 0.5679
19976.0000 1017 577 0.5674
19984.6000 1017 578 0.5683
19998.0000 1018 578 0.5678
20019.0000 1019 578 0.5672
20025.6000 1019 579 0.5682
20034.0000 1020 579 0.5676
20039.7000 1020 580 0.5686
20054.8000 1020 581 0.5696
20057.0000 1021 581 0.5690
20071.2000 1021 582 0.5700
20075.0000 1022 582 0.5695
20094.0000 1023 582 0.5689
20095.2000 1023 583 0.5699
20097.5000 1023 584 0.5709
20118.0000 1024 584 0.5703
20132.1000 1024 585 0.5713
20135.0000 1025 585 0.5707
20139.9000 1025 586 0.5717
20157.0000 1026 586 0.5712
20179.0000 1027 586 0.5706
20179.3000 1027 587 0.5716
20185.1000 1027 588 0.5725
20197.0000 1028 588 0.5720
20201.3000 1028 589 0.5730
20221.0000 1029 589 0.5724
20237.0000 1030 589 0.5718
20258.1000 1030 590 0.5728
20259.0000 1031 590 0.5723
20276.0000 1032 590 0.5717
20293.0000 1033 590 0.5712
20308.0000 1034 590 0.5706
20321.5000 1034 591 0.5716
20322.9000 1034 592 0.5725
20327.0000 1035 592 0.5720
20340.1000 1035 593 0.5729
20350.0000 1036 593 0.5724
20351.1000 1036 594 0.5734
20366.0000 1037 594 0.5728
20373.6000 1037 595 0.5738
20385.0000 1038 595 0.5732
20401.0000 1039 595 0.5727
20421.0000 1040 595 0.5721
20437.0000 1041 595 0.5716
20461.0000 1042 595 0.5710
20475.9000 1042 596 0.5720
20485.0000 1043 596 0.5714
20508.0000 1044 596 0.5709
20523.1000 1044 597 0.5718
20531.2000 1044 598 0.5728
20532.0000 1045 598 0.5722
20533.7000 1045 599 0.5732
20550.5000 1045 600 0.5742
20554.0000 1046 600 0.5736
20576.0000 1047 600 0.5731
20594.0000 1048 600 0.5725
20611.0000 1049 600 0.5720
20635.0000 1050 600 0.5714
20653.5000 1050 601 0.5724
20655.0000 1051 601 0.5718
20663.9000 1051 602 0.5728
20673.0000 1052 602 0.5722
20691.0000 1053 602 0.5717
20706.0000 1054 602 0.5712
20724.0000 1055 602 0.5706
20744.0000 1056 602 0.5701
20766.0000 1057 602 0.5695
20782.0000 1058 602 0.5690
20786.9000 1058 603 0.5699
20794.3000 1058 604 0.5709
20796.8000 1058 605 0.5718
20800.0000 1059 605 0.5713
20801.3000 1059 606 0.5722
20803.6000 1059 607 0.5732
20821.0000 1060 607 0.5726
20839.1000 1060 608 0.5736
20844.0000 1061 608 0.5730
20855.0000 1061 609 0.5740
20857.6000 1061 610 0.5749
20858.3000 1061 611 0.5759
20864.0000 1062 611 0.5753
20888.0000 1063 611 0.5748
20911.0000 1064 611 0.5742
20931.0000 1065 611 0.5737
20952.0000 1066 611 0.5732
20956.6000 1066 612 0.5741
20965.5000 1066 613 0.5750
20968.0000 1067 613 0.5745
20980.7000 1067 614 0.5754
20987.8000 1067 615 0.5764
20989.0000 1067 616 0.5773
20990.0000 1068 616 0.5768
20990.6000 1068 617 0.5777
21007.0000 1069 617 0.5772
21008.6000 1069 618 0.5781
21014.8000 1069 619 0.5790
21021.5000 1069 620 0.5800
21031.0000 1070 620 0.5794
21053.9000 1070 621 0.5804
21055.0000 1071 621 0.5798
21065.4000 1071 622 0.5808
21072.3000 1071 623 0.5817
21077.0000 1072 623 0.5812
21081.9000 1072 624 0.5821
21092.0000 1073 624 0.5815
21097.1000 1073 625 0.5825
21116.0000 1074 625 0.5819
21132.0000 1075 625 0.5814
21147.4000 1075 626 0.5823
21148.0000 1076 626 0.5818
21166.0000 1077 626 0.5812
21184.0000 1078 626 0.5807
21184.8000 1078 627 0.5816
21189.4000 1078 628 0.5826
21189.7000 1078 629 0.5835
21204.0000 1079 629 0.5829
21214.0000 1079 630 0.5839
21223.0000 1080 630 0.5833
21226.4000 1080 631 0.5843
21228.8000 1080 632 0.5852
21235.3000 1080 633 0.5861
21247.0000 1081 633 0.5856
21271.0000 1082 633 0.5850
21292.0000 1083 633 0.5845
21306.0000 1083 634 0.5854
21306.1000 1083 635 0.5863
21309.0000 1084 635 0.5858
21319.6000 1084 636 0.5867
21321.0000 1084 637 0.5876
21327.0000 1085 637 0.5871
21328.0000 1085 638 0.5880
21334.6000 1085 639 0.5889
21335.2000 1085 640 0.5899
21350.8000 1085 641 0.5908
21351.0000 1086 641 0.5902
21367.7000 1086 642 0.5912
21368.0000 1087 642 0.5906
21370.7000 1087 643 0.5915
21375.3000 1087 644 0.5925
21387.0000 1088 644 0.5919
21407.0000 1089 644 0.5914
21424.0000 1090 644 0.5908
21444.0000 1091 644 0.5903
21460.9000 1091 645 0.5912
21463.0000 1092 645 0.5907
21483.0000 1093 645 0.5901
21487.3000 1093 646 0.5910
21505.0000 1094 646 0.5905
21523.0000 1095 646 0.5900
21530.8000 1095 647 0.5909
21539.0000 1096 647 0.5903
21544.5000 1096 648 0.5912
21553.5000 1096 649 0.5922
21556.0000 1097 649 0.5916
21562.8000 1097 650 0.5925
21577.0000 1098 650 0.5920
21599.0000 1099 650 0.5914
21615.0000 1100 650 0.5909
21632.0000 1101 650 0.5904
21648.0000 1102 650 0.5898
21655.5000 1102 651 0.5907
21665.0000 1103 651 0.5902
21667.0000 1103 652 0.5911
21689.0000 1104 652 0.5906
21707.0000 1105 652 0.5900
21711.8000 1105 653 0.5910
21714.0000 1105 654 0.5919
21731.0000 1106 654 0.5913
21740.1000 1106 655 0.5922
21741.0000 1106 656 0.5931
21741.8000 1106 657 0.5940
21755.0000 1107 657 0.5935
21777.0000 1108 657 0.5930
21782.3000 1108 658 0.5939
21794.0000 1109 658 0.5933
21818.0000 1110 658 0.5928
21837.0000 1111 658 0.5923
21860.0000 1112 658 0.5917
21883.0000 1113 658 0.5912
21898.0000 1114 658 0.5907
21907.4000 1114 659 0.5916
21916.0000 1115 659 0.5910
21939.0000 1116 659 0.5905
21941.3000 1116 660 0.5914
21949.4000 1116 661 0.5923
21953.0000 1116 662 0.5932
21960.0000 1117 662 0.5927
21974.5000 1117 663 0.5936
21976.0000 1118 663 0.5930
21994.2000 1118 664 0.5939
21999.0000 1119 664 0.5934
22022.0000 1120 664 0.5929
22041.0000 1121 664 0.5923
22051.2000 1121 665 0.5932
22051.5000 1121 666 0.5941
22052.4000 1121 667 0.5950
22061.0000 1122 667 0.5945
22078.0000 1123 667 0.5939
22101.0000 1124 667 0.5934
22106.6000 1124 668 0.5943
22121.0000 1125 668 0.5938
22126.1000 1125 669 0.5947
22140.0000 1126 669 0.5941
22143.1000 1126 670 0.5950
22159.0000 1127 670 0.5945
22164.5000 1127 671 0.5954
22166.3000 1127 672 0.5963
22173.0000 1127 673 0.5972
22183.0000 1128 673 0.5966
22183.9000 1128 674 0.5975
22184.9000 1128 675 0.5984
22190.2000 1128 676 0.5993
22199.0000 1129 676 0.5988
22212.9000 1129 677 0.5996
22213.2000 1129 678 0.6005
22213.7000 1129 679 0.6014
22217.2000 1129 680 0.6023
22218.0000 1130 680 0.6018
22242.0000 1131 680 0.6012
22254.0000 1131 681 0.6021
22257.5000 1131 682 0.6030
22257.9000 1131 683 0.6039
22260.1000 1131 684 0.6048
22263.0000 1132 684 0.6042
22281.0000 1133 684 0.6037
22293.1000 1133 685 0.6046
22304.0000 1134 685 0.6041
22322.0000 1135 685 0.6035
22329.9000 1135 686 0.6044
22339.3000 1135 687 0.6053
22346.0000 1136 687 0.6048
22346.5000 1136 688 0.6056
22363.0000 1137 688 0.6051
22385.0000 1138 688 0.6046
22405.0000 1139 688 0.6040
22415.3000 1139 689 0.6049
22420.0000 1140 689 0.6044
22444.0000 1141 689 0.6039
22445.7000 1141 690 0.6047
22456.3000 1141 691 0.6056
22464.0000 1142 691 0.6051
22482.0000 1143 691 0.6045
22500.0000 1144 691 0.6040
22521.0000 1145 691 0.6035
22521.9000 1145 692 0.6044
22543.6000 1145 693 0.6052
22544.0000 1146 693 0.6047
22560.0000 1147 693 0.6042
22568.3000 1147 694 0.6051
22575.6000 1147 695 0.6059
22578.0000 1148 695 0.6054
22595.0000 1149 695 0.6049
22613.0000 1150 695 0.6043
22628.0000 1151 695 0.6038
22648.0000 1152 695 0.6033
22666.0000 1153 695 0.6028
22682.0000 1154 695 0.6023
22698.0000 1155 695 0.6017
22706.5000 1155 696 0.6026
22713.0000 1156 696 0.6021
22717.4000 1156 697 0.6029
22729.0000 1156 698 0.6038
22735.0000 1157 698 0.6033
22742.7000 1157 699 0.6041
22748.5000 1157 700 0.6050
22752.3000 1157 701 0.6059
22758.0000 1158 701 0.6054
22771.2000 1158 702 0.6062
22779.0000 1159 702 0.6057
22799.0000 1160 702 0.6052
22802.8000 1160 703 0.6060
22805.7000 1160 704 0.6069
22820.0000 1161 704 0.6064
22824.5000 1161 705 0.6072
22835.0000 1162 705 0.6067
22850.0000 1163 705 0.6062
22869.0000 1164 705 0.6057
22891.0000 1165 705 0.6052
22913.0000 1166 705 0.6046
22917.2000 1166 706 0.6055
22925.6000 1166 707 0.6063
22931.0000 1167 707 0.6058
22954.0000 1168 707 0.6053
22971.0000 1169 707 0.6048
22991.0000 1170 707 0.6043
23006.7000 1170 708 0.6051
23007.0000 1171 708 0.6046
23031.0000 1172 708 0.6041
23047.0000 1173 708 0.6036
23047.9000 1173 709 0.6044
23051.2000 1173 710 0.6053
23070.0000 1174 710 0.6048
23079.4000 1174 711 0.6056
23085.0000 1175 711 0.6051
23106.0000 1176 711 0.6046
23118.3000 1176 712 0.6054
23127.0000 1177 712 0.6049
23149.0000 1178 712 0.6044
23154.4000 1178 713 0.6053
23165.0000 1179 713 0.6047
23179.9000 1179 714 0.6056
23180.0000 1180 714 0.6051
23183.0000 1180 715 0.6059
23198.0000 1181 715 0.6054
23214.0000 1182 715 0.6049
23220.3000 1182 716 0.6058
23233.0000 1182 717 0.6066
23238.0000 1183 717 0.6061
23252.6000 1183 718 0.6069
23255.4000 1183 719 0.6078
23256.3000 1183 720 0.6086
23258.0000 1184 720 0.6081
23261.9000 1184 721 0.6090
23268.5000 1184 722 0.6098
23280.0000 1185 722 0.6093
23295.0000 1186 722 0.6088
23304.1000 1186 723 0.6096
23316.4000 1186 724 0.6105
23319.0000 1187 724 0.6099
23339.0000 1188 724 0.6094
23339.1000 1188 725 0.6103
23360.0000 1189 725 0.6098
23375.6000 1189 726 0.6106
23377.0000 1190 726 0.6101
23393.0000 1191 726 0.6096
23396.6000 1191 727 0.6104
23404.1000 1191 728 0.6113
23409.0000 1192 728 0.6107
23428.0000 1193 728 0.6102
23433.1000 1193 729 0.6111
23445.0000 1194 729 0.6106
23463.8000 1194 730 0.6114
23464.0000 1195 730 0.6109
23466.7000 1195 731 0.6117
23475.1000 1195 732 0.6126
23482.0000 1196 732 0.6120
23498.0000 1197 732 0.6115
23501.9000 1197 733 0.6124
23516.0000 1198 733 0.6119
23532.0000 1199 733 0.6113
23542.4000 1199 734 0.6122
23547.0000 1200 734 0.6117
23558.7000 1200 735 0.6125
23566.7000 1200 736 0.6133
23568.0000 1201 736 0.6128
23589.0000 1202 736 0.6123
23613.0000 1203 736 0.6118
23629.0000 1204 736 0.6113
23633.1000 1204 737 0.6121
23641.9000 1204 738 0.6130
23647.0000 1205 738 0.6124
23658.3000 1205 739 0.6133
23662.0000 1206 739 0.6128
23663.9000 1206 740 0.6136
23681.0000 1207 740 0.6131
23702.0000 1208 740 0.6126
23702.4000 1208 741 0.6134
23705.0000 1208 742 0.6142
23710.9000 1208 743 0.6151
23712.8000 1208 744 0.6159
23726.0000 1209 744 0.6154
23726.3000 1209 745 0.6162
23741.0000 1210 745 0.6157
23752.3000 1210 746 0.6165
23758.8000 1210 747 0.6174
23760.0000 1211 747 0.6168
23769.3000 1211 748 0.6177
23776.0000 1211 749 0.6185
23776.5000 1211 750 0.6193
23778.0000 1212 750 0.6188
23798.0000 1213 750 0.6183
23817.0000 1214 750 0.6178
23823.4000 1214 751 0.6186
23837.0000 1215 751 0.6181
23837.6000 1215 752 0.6189
23843.7000 1215 753 0.6198
23859.0000 1216 753 0.6192
23874.0000 1217 753 0.6187
23895.0000 1218 753 0.6182
23895.4000 1218 754 0.6190
23905.6000 1218 755 0.6199
23916.0000 1219 755 0.6194
23937.0000 1220 755 0.6189
23961.0000 1221 755 0.6183
23981.0000 1222 755 0.6178
23985.1000 1222 756 0.6187
23991.2000 1222 757 0.6195
24004.0000 1223 757 0.6190
24011.7000 1223 758 0.6198
24026.0000 1224 758 0.6193
24028.9000 1224 759 0.6201
24032.9000 1224 760 0.6209
24037.4000 1224 761 0.6217
24043.0000 1225 761 0.6212
24051.3000 1225 762 0.6220
24062.0000 1226 762 0.6215
24077.5000 1226 763 0.6223
24079.0000 1227 763 0.6218
24080.0000 1227 764 0.6227
24095.0000 1228 764 0.6221
24110.0000 1229 764 0.6216
24134.0000 1230 764 0.6211
24140.5000 1230 765 0.6220
24157.0000 1231 765 0.6214
24179.0000 1232 765 0.6209
24189.3000 1232 766 0.6218
24189.8000 1232 767 0.6226
24203.0000 1233 767 0.6221
24222.0000 1234 767 0.6216
24226.5000 1234 768 0.6224
24227.5000 1234 769 0.6232
24235.3000 1234 770 0.6240
24245.0000 1235 770 0.6235
24262.0000 1236 770 0.6230
24264.6000 1236 771 0.6238
24266.9000 1236 772 0.6246
24271.7000 1236 773 0.6254
24284.3000 1236 774 0.6262
24286.0000 1237 774 0.6257
24305.0000 1238 774 0.6252
24326.0000 1239 774 0.6247
24341.7000 1239 775 0.6255
24349.0000 1240 775 0.6250
24368.0000 1241 775 0.6245
24369.3000 1241 776 0.6253
24379.5000 1241 777 0.6261
24383.0000 1242 777 0.6256
24407.0000 1243 777 0.6251
24427.0000 1244 777 0.6246
24444.1000 1244 778 0.6254
24445.2000 1244 779 0.6262
24447.0000 1245 779 0.6257
24468.0000 1246 779 0.6252
24473.7000 1246 780 0.6260
24483.1000 1246 781 0.6268
24484.4000 1246 782 0.6276
24488.8000 1246 783 0.6284
24490.0000 1247 783 0.6279
24514.0000 1248 783 0.6274
24530.0000 1249 783 0.6269
24548.6000 1249 784 0.6277
24553.0000 1250 784 0.6272
24563.2000 1250 785 0.6280
24568.0000 1251 785 0.6275
24591.0000 1252 785 0.6270
24607.0000 1253 785 0.6265
24624.0000 1254 785 0.6260
24641.0000 1255 785 0.6255
24652.4000 1255 786 0.6263
24656.0000 1256 786 0.6258
24667.1000 1256 787 0.6266
24677.0000 1257 787 0.6261
24682.3000 1257 788 0.6269
24693.0000 1258 788 0.6264
24712.0000 1259 788 0.6259
24736.0000 1260 788 0.6254
24744.4000 1260 789 0.6262
24751.0000 1261 789 0.6257
24768.0000 1262 789 0.6252
24780.2000 1262 790 0.6260
24781.3000 1262 791 0.6268
24790.0000 1262 792 0.6276
24790.0000 1263 792 0.6271
24809.0000 1264 792 0.6266
24824.0000 1265 792 0.6261
24828.3000 1265 793 0.6269
24844.0000 1266 793 0.6264
24867.0000 1267 793 0.6259
24870.4000 1267 794 0.6267
24883.0000 1268 794 0.6262
24901.4000 1268 795 0.6270
24906.0000 1269 795 0.6265
24921.0000 1270 795 0.6260
24922.3000 1270 796 0.6268
24942.0000 1270 797 0.6276
24944.7000 1270 798 0.6283
24945.0000 1271 798 0.6279
24949.3000 1271 799 0.6286
24963.0000 1272 799 0.6281
24980.0000 1273 799 0.6277
24996.4000 1273 800 0.6284
24998.5000 1273 801 0.6292
24999.0000 1274 801 0.6287
25015.0000 1275 801 0.6282
25023.7000 1275 802 0.6290
25027.0000 1275 803 0.6298
25029.7000 1275 804 0.6306
25034.0000 1276 804 0.6301
25055.0000 1277 804 0.6296
25067.8000 1277 805 0.6304
25068.4000 1277 806 0.6312
25070.0000 1277 807 0.6319
25074.0000 1278 807 0.6315
25094.1000 1278 808 0.6322
25095.0000 1279 808 0.6317
25107.0000 1279 809 0.6325
25116.1000 1279 810 0.6333
25119.0000 1280 810 0.6328
25123.9000 1280 811 0.6336
25138.0000 1281 811 0.6331
25148.0000 1281 812 0.6339
25162.0000 1282 812 0.6334
25178.0000 1282 813 0.6342
25183.0000 1283 813 0.6337
