# time  created  delivered  delivered/created
22.0000 1 0 0.0000
38.0000 2 0 0.0000
54.0000 3 0 0.0000
72.0000 4 0 0.0000
94.0000 5 0 0.0000
110.0000 6 0 0.0000
133.0000 7 0 0.0000
153.0000 8 0 0.0000
175.0000 9 0 0.0000
191.0000 10 0 0.0000
210.0000 11 0 0.0000
225.0000 12 0 0.0000
249.0000 13 0 0.0000
265.0000 14 0 0.0000
281.0000 15 0 0.0000
304.0000 16 0 0.0000
328.0000 17 0 0.0000
343.0000 18 0 0.0000
367.0000 19 0 0.0000
382.0000 20 0 0.0000
399.0000 21 0 0.0000
420.0000 22 0 0.0000
439.0000 23 0 0.0000
458.0000 24 0 0.0000
480.0000 25 0 0.0000
497.0000 26 0 0.0000
515.0000 27 0 0.0000
538.0000 28 0 0.0000
562.0000 29 0 0.0000
581.0000 30 0 0.0000
581.2000 30 1 0.0333
603.0000 31 1 0.0323
625.0000 32 1 0.0313
641.2000 32 2 0.0625
646.0000 33 2 0.0606
661.6000 33 3 0.0909
667.0000 34 3 0.0882
685.0000 35 3 0.0857
691.0000 35 4 0.1143
700.0000 36 4 0.1111
713.4000 36 5 0.1389
722.0000 37 5 0.1351
741.0000 38 5 0.1316
764.0000 39 5 0.1282
773.6000 39 6 0.1538
784.0000 40 6 0.1500
806.0000 41 6 0.1463
829.0000 42 6 0.1429
851.0000 43 6 0.1395
873.0000 44 6 0.1364
895.0000 45 6 0.1333
918.0000 46 6 0.1304
935.7000 46 7 0.1522
941.0000 47 7 0.1489
957.0000 48 7 0.1458
975.0000 49 7 0.1429
998.0000 50 7 0.1400
1018.0000 51 7 0.1373
1040.0000 52 7 0.1346
1056.0000 53 7 0.1321
1077.0000 54 7 0.1296
1096.0000 55 7 0.1273
1117.0000 56 7 0.1250
1137.0000 57 7 0.1228
1159.0000 58 7 0.1207
1179.0000 59 7 0.1186
1193.3000 59 8 0.1356
1201.0000 60 8 0.1333
1216.0000 61 8 0.1311
1225.1000 61 9 0.1475
1226.1000 61 10 0.1639
1232.0000 62 10 0.1613
1251.0000 63 10 0.1587
1268.0000 64 10 0.1563
1287.0000 65 10 0.1538
1308.0000 66 10 0.1515
1327.0000 67 10 0.1493
1342.0000 68 10 0.1471
1364.0000 69 10 0.1449
1381.1000 69 11 0.1594
1388.0000 70 11 0.1571
1397.1000 70 12 0.1714
1407.0000 71 12 0.1690
1422.0000 72 12 0.1667
1442.0000 73 12 0.1644
1464.0000 74 12 0.1622
1475.9000 74 13 0.1757
1479.0000 75 13 0.1733
1479.2000 75 14 0.1867
1483.1000 75 15 0.2000
1500.0000 76 15 0.1974
1518.0000 77 15 0.1948
1542.0000 78 15 0.1923
1562.0000 79 15 0.1899
1577.0000 80 15 0.1875
1585.3000 80 16 0.2000
1594.5000 80 17 0.2125
1595.4000 80 18 0.2250
1600.0000 81 18 0.2222
1620.0000 82 18 0.2195
1637.0000 83 18 0.2169
1652.0000 84 18 0.2143
1673.0000 85 18 0.2118
1695.0000 86 18 0.2093
1706.4000 86 19 0.2209
1713.0000 87 19 0.2184
1736.2000 87 20 0.2299
1737.0000 88 20 0.2273
1739.4000 88 21 0.2386
1739.8000 88 22 0.2500
1760.0000 89 22 0.2472
1781.0000 90 22 0.2444
1804.0000 91 22 0.2418
1826.0000 92 22 0.2391
1849.0000 93 22 0.2366
1870.0000 94 22 0.2340
1880.0000 94 23 0.2447
1890.0000 95 23 0.2421
1911.0000 96 23 0.2396
1929.0000 97 23 0.2371
1948.0000 98 23 0.2347
1965.0000 99 23 0.2323
1980.0000 100 23 0.2300
1992.3000 100 24 0.2400
2002.0000 101 24 0.2376
2019.9000 101 25 0.2475
2024.0000 102 25 0.2451
2035.6000 102 26 0.2549
2041.0000 103 26 0.2524
2064.0000 104 26 0.2500
2080.0000 105 26 0.2476
2095.0000 106 26 0.2453
2119.0000 107 26 0.2430
2139.0000 108 26 0.2407
2144.2000 108 27 0.2500
2161.0000 109 27 0.2477
2178.0000 110 27 0.2455
2199.0000 111 27 0.2432
2217.0000 111 28 0.2523
2222.0000 112 28 0.2500
2240.0000 113 28 0.2478
2259.0000 114 28 0.2456
2275.0000 115 28 0.2435
2295.0000 116 28 0.2414
2314.0000 117 28 0.2393
2325.9000 117 29 0.2479
2335.0000 118 29 0.2458
2354.0000 119 29 0.2437
2373.1000 119 30 0.2521
2377.0000 120 30 0.2500
2396.0000 121 30 0.2479
2411.0000 122 30 0.2459
2412.0000 122 31 0.2541
2433.0000 123 31 0.2520
2452.0000 124 31 0.2500
2460.7000 124 32 0.2581
2464.9000 124 33 0.2661
2470.6000 124 34 0.2742
2474.0000 125 34 0.2720
2494.6000 125 35 0.2800
2496.0000 126 35 0.2778
2511.0000 127 35 0.2756
2526.0000 128 35 0.2734
2546.0000 129 35 0.2713
2553.5000 129 36 0.2791
2556.4000 129 37 0.2868
2563.0000 130 37 0.2846
2586.0000 131 37 0.2824
2592.3000 131 38 0.2901
2601.0000 132 38 0.2879
2621.0000 133 38 0.2857
2641.0000 134 38 0.2836
2662.0000 135 38 0.2815
2678.0000 136 38 0.2794
2680.6000 136 39 0.2868
2681.8000 136 40 0.2941
2689.6000 136 41 0.3015
2690.9000 136 42 0.3088
2693.0000 137 42 0.3066
2716.0000 138 42 0.3043
2735.0000 139 42 0.3022
2741.3000 139 43 0.3094
2742.9000 139 44 0.3165
2754.0000 140 44 0.3143
2771.0000 141 44 0.3121
2788.0000 142 44 0.3099
2800.0000 142 45 0.3169
2803.7000 142 46 0.3239
2807.0000 143 46 0.3217
2816.2000 143 47 0.3287
2824.6000 143 48 0.3357
2831.0000 144 48 0.3333
2853.0000 145 48 0.3310
2868.0000 146 48 0.3288
2891.0000 147 48 0.3265
2911.0000 148 48 0.3243
2911.3000 148 49 0.3311
2926.0000 149 49 0.3289
2942.0000 150 49 0.3267
2954.4000 150 50 0.3333
2955.6000 150 51 0.3400
2962.0000 151 51 0.3377
2979.0000 152 51 0.3355
3003.0000 153 51 0.3333
3004.4000 153 52 0.3399
3023.1000 153 53 0.3464
3024.0000 154 53 0.3442
3040.0000 155 53 0.3419
3064.0000 156 53 0.3397
3065.8000 156 54 0.3462
3084.5000 156 55 0.3526
3086.0000 157 55 0.3503
3110.0000 158 55 0.3481
3118.8000 158 56 0.3544
3129.0000 159 56 0.3522
3147.0000 160 56 0.3500
3166.0000 161 56 0.3478
3166.7000 161 57 0.3540
3190.0000 162 57 0.3519
3210.0000 163 57 0.3497
3225.0000 164 57 0.3476
3243.0000 165 57 0.3455
3260.0000 166 57 0.3434
3261.2000 166 58 0.3494
3273.4000 166 59 0.3554
3274.3000 166 60 0.3614
3276.1000 166 61 0.3675
3283.0000 167 61 0.3653
3305.0000 168 61 0.3631
3321.0000 169 61 0.3609
3344.0000 170 61 0.3588
3363.0000 170 62 0.3647
3365.0000 171 62 0.3626
3385.0000 172 62 0.3605
3396.5000 172 63 0.3663
3408.0000 173 63 0.3642
3420.8000 173 64 0.3699
3423.8000 173 65 0.3757
3428.0000 174 65 0.3736
3447.8000 174 66 0.3793
3449.0000 175 66 0.3771
3472.0000 176 66 0.3750
3488.0000 177 66 0.3729
3510.8000 177 67 0.3785
3511.0000 178 67 0.3764
3530.6000 178 68 0.3820
3535.0000 179 68 0.3799
3550.1000 179 69 0.3855
3552.0000 180 69 0.3833
3569.7000 180 70 0.3889
3570.0000 181 70 0.3867
3576.3000 181 71 0.3923
3589.0000 182 71 0.3901
3604.0000 183 71 0.3880
3619.0000 184 71 0.3859
3638.0000 185 71 0.3838
3653.0000 186 71 0.3817
3669.0000 187 71 0.3797
3689.0000 188 71 0.3777
3712.0000 189 71 0.3757
3730.0000 190 71 0.3737
3754.0000 191 71 0.3717
3771.0000 192 71 0.3698
3787.0000 193 71 0.3679
3809.0000 194 71 0.3660
3816.0000 194 72 0.3711
3822.2000 194 73 0.3763
3831.8000 194 74 0.3814
3832.0000 195 74 0.3795
3854.0000 196 74 0.3776
3873.0000 197 74 0.3756
3881.8000 197 75 0.3807
3895.0000 198 75 0.3788
3919.0000 199 75 0.3769
3938.0000 200 75 0.3750
3944.4000 200 76 0.3800
3953.0000 200 77 0.3850
3955.0000 201 77 0.3831
3975.0000 202 77 0.3812
3996.0000 203 77 0.3793
4008.2000 203 78 0.3842
4012.0000 204 78 0.3824
4031.0000 205 78 0.3805
4052.0000 206 78 0.3786
4054.9000 206 79 0.3835
4059.2000 206 80 0.3883
4060.5000 206 81 0.3932
4070.0000 207 81 0.3913
4094.0000 208 81 0.3894
4115.0000 209 81 0.3876
4127.5000 209 82 0.3923
4134.0000 210 82 0.3905
4153.0000 211 82 0.3886
4171.0000 212 82 0.3868
4194.0000 213 82 0.3850
4214.0000 214 82 0.3832
4235.0000 215 82 0.3814
4245.2000 215 83 0.3860
4251.0000 216 83 0.3843
4256.7000 216 84 0.3889
4268.6000 216 85 0.3935
4272.0000 217 85 0.3917
4287.3000 217 86 0.3963
4290.0000 218 86 0.3945
4306.4000 218 87 0.3991
4314.0000 219 87 0.3973
4338.0000 220 87 0.3955
4360.0000 221 87 0.3937
4364.2000 221 88 0.3982
4381.0000 222 88 0.3964
4400.0000 223 88 0.3946
4419.0000 224 88 0.3929
4419.1000 224 89 0.3973
4434.0000 225 89 0.3956
4452.4000 225 90 0.4000
4458.0000 226 90 0.3982
4463.0000 226 91 0.4027
4476.0000 227 91 0.4009
4497.0000 228 91 0.3991
4505.4000 228 92 0.4035
4515.0000 229 92 0.4017
4537.0000 230 92 0.4000
4556.0000 231 92 0.3983
4580.0000 232 92 0.3966
4597.0000 233 92 0.3948
4607.3000 233 93 0.3991
4614.0000 234 93 0.3974
4634.0000 235 93 0.3957
4655.0000 236 93 0.3941
4665.1000 236 94 0.3983
4672.0000 237 94 0.3966
4684.4000 237 95 0.4008
4689.0000 238 95 0.3992
4706.0000 239 95 0.3975
4729.0000 240 95 0.3958
4741.9000 240 96 0.4000
4747.0000 241 96 0.3983
4762.0000 242 96 0.3967
4764.8000 242 97 0.4008
4773.3000 242 98 0.4050
4783.0000 243 98 0.4033
4793.4000 243 99 0.4074
4796.3000 243 100 0.4115
4807.0000 244 100 0.4098
4824.0000 245 100 0.4082
4848.0000 246 100 0.4065
4867.0000 247 100 0.4049
4886.0000 248 100 0.4032
4909.0000 249 100 0.4016
4928.0000 250 100 0.4000
4951.0000 251 100 0.3984
4966.0000 252 100 0.3968
4986.0000 253 100 0.3953
4991.1000 253 101 0.3992
4995.1000 253 102 0.4032
5010.0000 254 102 0.4016
5033.0000 255 102 0.4000
5048.0000 256 102 0.3984
5072.0000 257 102 0.3969
5089.0000 258 102 0.3953
5089.4000 258 103 0.3992
5112.0000 259 103 0.3977
5131.0000 260 103 0.3962
5145.2000 260 104 0.4000
5151.0000 261 104 0.3985
5169.6000 261 105 0.4023
5175.0000 262 105 0.4008
5194.0000 263 105 0.3992
5215.0000 264 105 0.3977
5237.0000 265 105 0.3962
5254.0000 266 105 0.3947
5263.8000 266 106 0.3985
5269.0000 267 106 0.3970
5291.0000 268 106 0.3955
5307.0000 269 106 0.3941
5309.6000 269 107 0.3978
5324.0000 270 107 0.3963
5339.0000 271 107 0.3948
5356.0000 272 107 0.3934
5371.0000 273 107 0.3919
5387.0000 274 107 0.3905
5395.6000 274 108 0.3942
5410.0000 275 108 0.3927
5410.3000 275 109 0.3964
5426.0000 276 109 0.3949
5430.3000 276 110 0.3986
5447.0000 277 110 0.3971
5470.0000 278 110 0.3957
5490.0000 279 110 0.3943
5507.0000 280 110 0.3929
5516.7000 280 111 0.3964
5528.0000 281 111 0.3950
5546.0000 282 111 0.3936
5564.0000 283 111 0.3922
5584.0000 284 111 0.3908
5607.0000 285 111 0.3895
5625.0000 286 111 0.3881
5643.0000 287 111 0.3868
5665.0000 288 111 0.3854
5685.0000 289 111 0.3841
5704.0000 290 111 0.3828
5724.0000 291 111 0.3814
5745.0000 292 111 0.3801
5745.2000 292 112 0.3836
5760.0000 293 112 0.3823
5778.9000 293 113 0.3857
5784.0000 294 113 0.3844
5805.0000 295 113 0.3831
5807.1000 295 114 0.3864
5822.0000 296 114 0.3851
5841.0000 297 114 0.3838
5855.7000 297 115 0.3872
5859.0000 298 115 0.3859
5869.8000 298 116 0.3893
5871.1000 298 117 0.3926
5874.0000 299 117 0.3913
5893.0000 300 117 0.3900
5898.0000 300 118 0.3933
5905.8000 300 119 0.3967
5914.0000 301 119 0.3953
5932.0000 302 119 0.3940
5953.0000 303 119 0.3927
5969.5000 303 120 0.3960
5971.0000 304 120 0.3947
5986.0000 305 120 0.3934
5996.8000 305 121 0.3967
6003.8000 305 122 0.4000
6008.0000 306 122 0.3987
6024.0000 307 122 0.3974
6029.0000 307 123 0.4007
6037.2000 307 124 0.4039
6041.0000 308 124 0.4026
6063.0000 309 124 0.4013
6068.1000 309 125 0.4045
6074.6000 309 126 0.4078
6082.5000 309 127 0.4110
6087.0000 310 127 0.4097
6105.0000 311 127 0.4084
6124.0000 312 127 0.4071
6145.0000 313 127 0.4058
6166.0000 314 127 0.4045
6182.0000 315 127 0.4032
6201.0000 316 127 0.4019
6216.0000 317 127 0.4006
6225.5000 317 128 0.4038
6231.0000 318 128 0.4025
6248.0000 319 128 0.4013
6261.7000 319 129 0.4044
6267.0000 320 129 0.4031
6283.4000 320 130 0.4063
6289.0000 321 130 0.4050
6289.3000 321 131 0.4081
6291.7000 321 132 0.4112
6308.0000 322 132 0.4099
6332.0000 323 132 0.4087
6338.7000 323 133 0.4118
6355.0000 324 133 0.4105
6372.0000 325 133 0.4092
6374.8000 325 134 0.4123
6391.9000 325 135 0.4154
6393.0000 326 135 0.4141
6417.0000 327 135 0.4128
6424.2000 327 136 0.4159
6431.8000 327 137 0.4190
6441.0000 328 137 0.4177
6465.0000 329 137 0.4164
6467.2000 329 138 0.4195
6474.5000 329 139 0.4225
6486.0000 330 139 0.4212
6502.0000 331 139 0.4199
6518.0000 332 139 0.4187
6536.0000 333 139 0.4174
6555.0000 334 139 0.4162
6572.0000 335 139 0.4149
6591.0000 336 139 0.4137
6607.5000 336 140 0.4167
6608.0000 337 140 0.4154
6617.1000 337 141 0.4184
6631.0000 338 141 0.4172
6646.0000 339 141 0.4159
6665.0000 340 141 0.4147
6684.0000 341 141 0.4135
6696.4000 341 142 0.4164
6708.0000 342 142 0.4152
6725.0000 343 142 0.4140
6745.0000 344 142 0.4128
6760.0000 345 142 0.4116
6776.9000 345 143 0.4145
6781.0000 346 143 0.4133
6793.4000 346 144 0.4162
6800.0000 347 144 0.4150
6816.0000 348 144 0.4138
6827.4000 348 145 0.4167
6839.0000 349 145 0.4155
6853.3000 349 146 0.4183
6854.0000 350 146 0.4171
6874.0000 351 146 0.4160
6889.0000 352 146 0.4148
6893.6000 352 147 0.4176
6900.6000 352 148 0.4205
6909.0000 353 148 0.4193
6930.0000 354 148 0.4181
6951.0000 355 148 0.4169
6971.0000 356 148 0.4157
6978.5000 356 149 0.4185
6995.0000 357 149 0.4174
7010.0000 358 149 0.4162
7016.2000 358 150 0.4190
7029.0000 359 150 0.4178
7043.5000 359 151 0.4206
7048.0000 360 151 0.4194
7071.0000 361 151 0.4183
7091.1000 361 152 0.4211
7093.0000 362 152 0.4199
7108.0000 363 152 0.4187
7111.5000 363 153 0.4215
7130.0000 364 153 0.4203
7147.0000 365 153 0.4192
7154.3000 365 154 0.4219
7163.0000 366 154 0.4208
7175.0000 366 155 0.4235
7177.4000 366 156 0.4262
7180.0000 367 156 0.4251
7197.0000 368 156 0.4239
7205.7000 368 157 0.4266
7218.3000 368 158 0.4293
7221.0000 369 158 0.4282
7240.0000 370 158 0.4270
7243.4000 370 159 0.4297
7255.0000 371 159 0.4286
7272.0000 372 159 0.4274
7296.0000 373 159 0.4263
7304.4000 373 160 0.4290
7314.6000 373 161 0.4316
7315.8000 373 162 0.4343
7319.0000 374 162 0.4332
7333.2000 374 163 0.4358
7335.0000 375 163 0.4347
7358.0000 376 163 0.4335
7378.0000 377 163 0.4324
7394.0000 378 163 0.4312
7411.0000 379 163 0.4301
7435.0000 380 163 0.4289
7436.5000 380 164 0.4316
7445.8000 380 165 0.4342
7459.0000 381 165 0.4331
7468.4000 381 166 0.4357
7480.0000 382 166 0.4346
7498.0000 383 166 0.4334
7514.0000 384 166 0.4323
7533.1000 384 167 0.4349
7536.0000 385 167 0.4338
7549.9000 385 168 0.4364
7559.0000 386 168 0.4352
7574.0000 387 168 0.4341
7583.5000 387 169 0.4367
7595.0000 388 169 0.4356
7600.2000 388 170 0.4381
7610.5000 388 171 0.4407
7613.0000 389 171 0.4396
7632.0000 390 171 0.4385
7649.1000 390 172 0.4410
7652.3000 390 173 0.4436
7656.0000 391 173 0.4425
7673.0000 392 173 0.4413
7679.1000 392 174 0.4439
7696.0000 393 174 0.4427
7713.0000 394 174 0.4416
7730.0000 395 174 0.4405
7745.0000 396 174 0.4394
7762.0000 397 174 0.4383
7784.0000 398 174 0.4372
7804.0000 399 174 0.4361
7822.0000 400 174 0.4350
7823.5000 400 175 0.4375
7840.0000 401 175 0.4364
7858.0000 402 175 0.4353
7874.0000 403 175 0.4342
7895.0000 404 175 0.4332
7914.0000 405 175 0.4321
7922.2000 405 176 0.4346
7931.0000 406 176 0.4335
7948.0000 407 176 0.4324
7958.8000 407 177 0.4349
7960.8000 407 178 0.4373
7972.0000 408 178 0.4363
7987.0000 409 178 0.4352
7992.4000 409 179 0.4377
8002.0000 410 179 0.4366
8024.0000 411 179 0.4355
8040.0000 412 179 0.4345
8041.7000 412 180 0.4369
8059.0000 413 180 0.4358
8066.2000 413 181 0.4383
8082.0000 414 181 0.4372
8099.0000 415 181 0.4361
8116.0000 416 181 0.4351
8137.0000 417 181 0.4341
8158.0000 418 181 0.4330
8173.0000 419 181 0.4320
8190.0000 420 181 0.4310
8205.0000 421 181 0.4299
8205.7000 421 182 0.4323
8220.6000 421 183 0.4347
8227.0000 422 183 0.4336
8237.1000 422 184 0.4360
8251.0000 423 184 0.4350
8270.0000 423 185 0.4374
8272.4000 423 186 0.4397
8275.0000 424 186 0.4387
8297.0000 425 186 0.4376
8317.0000 426 186 0.4366
8336.0000 427 186 0.4356
8359.0000 428 186 0.4346
8375.0000 429 186 0.4336
8392.9000 429 187 0.4359
8396.0000 430 187 0.4349
8414.0000 431 187 0.4339
8437.0000 432 187 0.4329
8438.6000 432 188 0.4352
8444.8000 432 189 0.4375
8453.0000 433 189 0.4365
8468.0000 434 189 0.4355
8489.9000 434 190 0.4378
8492.0000 435 190 0.4368
8510.0000 436 190 0.4358
8525.0000 437 190 0.4348
8544.0000 438 190 0.4338
8556.2000 438 191 0.4361
8566.0000 439 191 0.4351
8569.2000 439 192 0.4374
8578.2000 439 193 0.4396
8586.0000 440 193 0.4386
8609.0000 441 193 0.4376
8625.0000 442 193 0.4367
8630.3000 442 194 0.4389
8641.3000 442 195 0.4412
8644.0000 443 195 0.4402
8663.0000 444 195 0.4392
8681.0000 445 195 0.4382
8697.0000 446 195 0.4372
8703.7000 446 196 0.4395
8703.9000 446 197 0.4417
8705.2000 446 198 0.4439
8719.0000 447 198 0.4430
8727.2000 447 199 0.4452
8736.3000 447 200 0.4474
8743.0000 448 200 0.4464
8748.8000 448 201 0.4487
8767.0000 449 201 0.4477
8778.0000 449 202 0.4499
8784.0000 450 202 0.4489
8791.6000 450 203 0.4511
8800.0000 451 203 0.4501
8807.5000 451 204 0.4523
8823.0000 452 204 0.4513
8824.9000 452 205 0.4535
8839.0000 453 205 0.4525
8854.0000 454 205 0.4515
8869.0000 455 205 0.4505
8880.2000 455 206 0.4527
8888.6000 455 207 0.4549
8892.0000 456 207 0.4539
8911.0000 457 207 0.4530
8923.5000 457 208 0.4551
8929.0000 458 208 0.4541
8944.0000 459 208 0.4532
8955.3000 459 209 0.4553
8961.0000 460 209 0.4543
8968.6000 460 210 0.4565
8979.0000 461 210 0.4555
8997.0000 462 210 0.4545
9013.0000 463 210 0.4536
9013.5000 463 211 0.4557
9027.6000 463 212 0.4579
9035.0000 464 212 0.4569
9056.3000 464 213 0.4591
9058.0000 465 213 0.4581
9073.0000 466 213 0.4571
9095.0000 467 213 0.4561
9113.8000 467 214 0.4582
9119.0000 468 214 0.4573
9129.2000 468 215 0.4594
9142.8000 468 216 0.4615
9143.0000 469 216 0.4606
9162.0000 470 216 0.4596
9171.4000 470 217 0.4617
9184.4000 470 218 0.4638
9186.0000 471 218 0.4628
9196.5000 471 219 0.4650
9209.0000 472 219 0.4640
9220.4000 472 220 0.4661
9224.0000 473 220 0.4651
9229.3000 473 221 0.4672
9245.0000 474 221 0.4662
9264.0000 475 221 0.4653
9288.0000 476 221 0.4643
9294.6000 476 222 0.4664
9306.5000 476 223 0.4685
9310.0000 477 223 0.4675
9315.2000 477 224 0.4696
9326.0000 478 224 0.4686
9337.0000 478 225 0.4707
9338.1000 478 226 0.4728
9341.0000 479 226 0.4718
9365.0000 480 226 0.4708
9382.6000 480 227 0.4729
9387.0000 481 227 0.4719
9403.0000 482 227 0.4710
9426.0000 483 227 0.4700
9433.1000 483 228 0.4720
9435.0000 483 229 0.4741
9444.0000 484 229 0.4731
9468.0000 485 229 0.4722
9485.0000 486 229 0.4712
9503.0000 487 229 0.4702
9510.0000 487 230 0.4723
9527.0000 488 230 0.4713
9550.0000 489 230 0.4703
9570.6000 489 231 0.4724
9573.0000 490 231 0.4714
9591.0000 491 231 0.4705
9614.0000 492 231 0.4695
9632.0000 493 231 0.4686
9653.0000 494 231 0.4676
9669.5000 494 232 0.4696
9676.0000 495 232 0.4687
9693.0000 496 232 0.4677
9703.8000 496 233 0.4698
9715.0000 497 233 0.4688
9736.0000 498 233 0.4679
9739.1000 498 234 0.4699
9745.7000 498 235 0.4719
9748.3000 498 236 0.4739
9750.0000 498 237 0.4759
9751.4000 498 238 0.4779
9752.0000 499 238 0.4770
9756.4000 499 239 0.4790
9776.0000 500 239 0.4780
9789.7000 500 240 0.4800
9799.0000 501 240 0.4790
9804.4000 501 241 0.4810
9805.1000 501 242 0.4830
9821.0000 502 242 0.4821
9837.0000 503 242 0.4811
9853.5000 503 243 0.4831
9861.0000 504 243 0.4821
9879.0000 505 243 0.4812
9894.0000 506 243 0.4802
9903.7000 506 244 0.4822
9906.9000 506 245 0.4842
9909.0000 507 245 0.4832
9927.0000 508 245 0.4823
9946.0000 509 245 0.4813
9965.4000 509 246 0.4833
9969.0000 510 246 0.4824
9988.0000 511 246 0.4814
10007.0000 512 246 0.4805
10016.0000 512 247 0.4824
10024.0000 513 247 0.4815
10038.9000 513 248 0.4834
10044.0000 514 248 0.4825
10067.0000 515 248 0.4816
10078.3000 515 249 0.4835
10087.0000 516 249 0.4826
10101.9000 516 250 0.4845
10111.0000 517 250 0.4836
10113.4000 517 251 0.4855
10132.0000 518 251 0.4846
10154.0000 519 251 0.4836
10177.0000 520 251 0.4827
10184.3000 520 252 0.4846
10194.0000 521 252 0.4837
10216.0000 522 252 0.4828
10235.0000 523 252 0.4818
10242.1000 523 253 0.4837
10257.0000 524 253 0.4828
10262.8000 524 254 0.4847
10276.0000 524 255 0.4866
10281.0000 525 255 0.4857
10284.6000 525 256 0.4876
10300.0000 526 256 0.4867
10320.0000 527 256 0.4858
10343.0000 528 256 0.4848
10366.0000 529 256 0.4839
10382.0000 530 256 0.4830
10402.0000 531 256 0.4821
10416.5000 531 257 0.4840
10423.0000 532 257 0.4831
10441.0000 533 257 0.4822
10442.8000 533 258 0.4841
10444.9000 533 259 0.4859
10461.0000 534 259 0.4850
10480.0000 535 259 0.4841
10486.7000 535 260 0.4860
10496.9000 535 261 0.4879
10497.0000 536 261 0.4869
10498.0000 536 262 0.4888
10518.0000 537 262 0.4879
10524.1000 537 263 0.4898
10530.5000 537 264 0.4916
10537.0000 538 264 0.4907
10552.3000 538 265 0.4926
10555.0000 539 265 0.4917
10571.0000 540 265 0.4907
10591.0000 541 265 0.4898
10615.0000 542 265 0.4889
10637.0000 543 265 0.4880
10644.4000 543 266 0.4899
10645.7000 543 267 0.4917
10652.2000 543 268 0.4936
10657.0000 544 268 0.4926
10665.2000 544 269 0.4945
10681.0000 545 269 0.4936
10703.0000 546 269 0.4927
10726.0000 547 269 0.4918
10748.0000 548 269 0.4909
10768.0000 549 269 0.4900
10781.7000 549 270 0.4918
10787.8000 549 271 0.4936
10788.0000 550 271 0.4927
10801.3000 550 272 0.4945
10808.0000 551 272 0.4936
10817.6000 551 273 0.4955
10823.0000 552 273 0.4946
10842.0000 553 273 0.4937
10866.0000 554 273 0.4928
10875.7000 554 274 0.4946
10884.2000 554 275 0.4964
10885.0000 555 275 0.4955
10907.0000 556 275 0.4946
10917.0000 556 276 0.4964
10920.1000 556 277 0.4982
10925.0000 557 277 0.4973
10942.0000 558 277 0.4964
10966.0000 559 277 0.4955
10983.0000 560 277 0.4946
11006.0000 561 277 0.4938
11019.4000 561 278 0.4955
11023.0000 562 278 0.4947
11046.0000 563 278 0.4938
11058.5000 563 279 0.4956
11064.3000 563 280 0.4973
11068.0000 564 280 0.4965
11084.0000 565 280 0.4956
11102.0000 566 280 0.4947
11116.8000 566 281 0.4965
11120.0000 567 281 0.4956
11126.6000 567 282 0.4974
11143.0000 568 282 0.4965
11164.6000 568 283 0.4982
11165.2000 568 284 0.5000
11166.0000 569 284 0.4991
11173.0000 569 285 0.5009
11175.2000 569 286 0.5026
11177.1000 569 287 0.5044
11182.0000 570 287 0.5035
11197.6000 570 288 0.5053
11201.0000 571 288 0.5044
11218.0000 572 288 0.5035
11238.0000 573 288 0.5026
11250.8000 573 289 0.5044
11253.1000 573 290 0.5061
11260.0000 574 290 0.5052
11280.0000 575 290 0.5043
11290.4000 575 291 0.5061
11298.0000 576 291 0.5052
11308.0000 576 292 0.5069
11315.7000 576 293 0.5087
11319.0000 577 293 0.5078
11319.9000 577 294 0.5095
11323.3000 577 295 0.5113
11343.0000 578 295 0.5104
11363.0000 579 295 0.5095
11381.0000 580 295 0.5086
11405.0000 581 295 0.5077
11424.0000 582 295 0.5069
11432.3000 582 296 0.5086
11443.0000 583 296 0.5077
11443.3000 583 297 0.5094
11459.6000 583 298 0.5111
11467.0000 584 298 0.5103
11491.0000 585 298 0.5094
11511.0000 586 298 0.5085
11529.0000 587 298 0.5077
11547.0000 588 298 0.5068
11566.0000 589 298 0.5059
11586.0000 590 298 0.5051
11598.9000 590 299 0.5068
11610.0000 591 299 0.5059
11611.8000 591 300 0.5076
11619.7000 591 301 0.5093
11626.0000 592 301 0.5084
11640.2000 592 302 0.5101
11650.0000 593 302 0.5093
11665.0000 594 302 0.5084
11680.0000 595 302 0.5076
11688.1000 595 303 0.5092
11696.0000 596 303 0.5084
11711.0000 597 303 0.5075
11715.5000 597 304 0.5092
11731.0000 598 304 0.5084
11746.2000 598 305 0.5100
11755.0000 599 305 0.5092
11771.0000 600 305 0.5083
11790.0000 601 305 0.5075
11805.5000 601 306 0.5092
11809.0000 602 306 0.5083
11827.0000 603 306 0.5075
11830.8000 603 307 0.5091
11851.0000 604 307 0.5083
11867.0000 605 307 0.5074
11885.0000 606 307 0.5066
11885.6000 606 308 0.5083
11887.5000 606 309 0.5099
11907.0000 607 309 0.5091
11929.0000 608 309 0.5082
11939.9000 608 310 0.5099
11948.0000 609 310 0.5090
11959.7000 609 311 0.5107
11971.0000 610 311 0.5098
11995.0000 611 311 0.5090
12012.0000 612 311 0.5082
12033.0000 613 311 0.5073
12048.0000 614 311 0.5065
12070.0000 615 311 0.5057
12071.5000 615 312 0.5073
12072.9000 615 313 0.5089
12073.0000 615 314 0.5106
12088.0000 616 314 0.5097
12104.0000 617 314 0.5089
12124.0000 618 314 0.5081
12145.0000 619 314 0.5073
12153.5000 619 315 0.5089
12155.1000 619 316 0.5105
12165.0000 620 316 0.5097
12189.0000 621 316 0.5089
12209.0000 622 316 0.5080
12210.0000 622 317 0.5096
12212.6000 622 318 0.5113
12216.6000 622 319 0.5129
12218.2000 622 320 0.5145
12220.5000 622 321 0.5161
12226.0000 623 321 0.5152
12249.0000 624 321 0.5144
12270.0000 625 321 0.5136
12287.0000 626 321 0.5128
12297.2000 626 322 0.5144
12304.8000 626 323 0.5160
12305.0000 627 323 0.5152
12323.0000 628 323 0.5143
12329.4000 628 324 0.5159
12332.7000 628 325 0.5175
12335.4000 628 326 0.5191
12339.0000 629 326 0.5183
12358.0000 630 326 0.5175
12377.0000 631 326 0.5166
12399.0000 632 326 0.5158
12421.0000 633 326 0.5150
12444.0000 634 326 0.5142
12444.3000 634 327 0.5158
12456.0000 634 328 0.5174
12463.0000 635 328 0.5165
12479.0000 636 328 0.5157
12497.0000 637 328 0.5149
12515.3000 637 329 0.5165
12518.0000 638 329 0.5157
12530.0000 638 330 0.5172
12538.0000 639 330 0.5164
12556.0000 640 330 0.5156
12569.6000 640 331 0.5172
12575.0000 641 331 0.5164
12582.4000 641 332 0.5179
12596.0000 642 332 0.5171
12611.0000 643 332 0.5163
12635.0000 644 332 0.5155
12655.0000 645 332 0.5147
12669.5000 645 333 0.5163
12672.0000 646 333 0.5155
12689.5000 646 334 0.5170
12691.0000 647 334 0.5162
12713.0000 648 334 0.5154
12725.8000 648 335 0.5170
12727.4000 648 336 0.5185
12737.0000 649 336 0.5177
12749.9000 649 337 0.5193
12761.0000 650 337 0.5185
12781.0000 651 337 0.5177
12798.0000 652 337 0.5169
12818.0000 653 337 0.5161
12830.3000 653 338 0.5176
12836.9000 653 339 0.5191
12839.0000 654 339 0.5183
12863.0000 655 339 0.5176
12884.0000 656 339 0.5168
12901.0000 657 339 0.5160
12919.0000 658 339 0.5152
12936.0000 659 339 0.5144
12954.0000 660 339 0.5136
12971.0000 661 339 0.5129
12986.0000 662 339 0.5121
12994.2000 662 340 0.5136
12996.7000 662 341 0.5151
13004.5000 662 342 0.5166
13009.0000 663 342 0.5158
13029.0000 664 342 0.5151
13048.0000 665 342 0.5143
13049.7000 665 343 0.5158
13050.6000 665 344 0.5173
13069.0000 666 344 0.5165
13071.4000 666 345 0.5180
13080.5000 666 346 0.5195
13090.0000 667 346 0.5187
13112.0000 668 346 0.5180
13124.6000 668 347 0.5195
13135.0000 669 347 0.5187
13146.6000 669 348 0.5202
13157.0000 670 348 0.5194
13175.0000 671 348 0.5186
13198.0000 672 348 0.5179
13202.0000 672 349 0.5193
13222.0000 673 349 0.5186
13237.0000 674 349 0.5178
13238.8000 674 350 0.5193
13250.8000 674 351 0.5208
13261.0000 675 351 0.5200
13279.0000 676 351 0.5192
13290.8000 676 352 0.5207
13298.8000 676 353 0.5222
13303.0000 677 353 0.5214
13313.1000 677 354 0.5229
13327.0000 678 354 0.5221
13344.0000 679 354 0.5214
13344.0000 679 355 0.5228
13367.0000 680 355 0.5221
13385.0000 681 355 0.5213
13387.8000 681 356 0.5228
13400.0000 682 356 0.5220
13422.0000 683 356 0.5212
13422.2000 683 357 0.5227
13429.5000 683 358 0.5242
13431.0000 683 359 0.5256
13439.0000 684 359 0.5249
13463.0000 685 359 0.5241
13485.0000 686 359 0.5233
13501.0000 687 359 0.5226
13522.0000 688 359 0.5218
13543.0000 689 359 0.5210
13550.5000 689 360 0.5225
13558.0000 690 360 0.5217
13578.0000 691 360 0.5210
13597.0000 692 360 0.5202
13601.2000 692 361 0.5217
13603.8000 692 362 0.5231
13605.2000 692 363 0.5246
13612.0000 693 363 0.5238
13622.2000 693 364 0.5253
13633.0000 694 364 0.5245
13642.3000 694 365 0.5259
13654.0000 695 365 0.5252
13674.0000 696 365 0.5244
13689.0000 697 365 0.5237
13710.3000 697 366 0.5251
13713.0000 698 366 0.5244
13733.0000 699 366 0.5236
13735.4000 699 367 0.5250
13750.0000 700 367 0.5243
13770.6000 700 368 0.5257
13771.0000 701 368 0.5250
13787.0000 702 368 0.5242
13808.0000 703 368 0.5235
13831.0000 704 368 0.5227
13853.0000 705 368 0.5220
13874.0000 706 368 0.5212
13894.0000 707 368 0.5205
13915.0000 708 368 0.5198
13937.0000 709 368 0.5190
13952.0000 710 368 0.5183
13954.6000 710 369 0.5197
13976.0000 711 369 0.5190
13979.8000 711 370 0.5204
13994.0000 712 370 0.5197
14011.0000 713 370 0.5189
14016.7000 713 371 0.5203
14032.0000 714 371 0.5196
14046.8000 714 372 0.5210
14048.1000 714 373 0.5224
14056.0000 715 373 0.5217
14077.0000 716 373 0.5209
14092.0000 717 373 0.5202
14107.0000 718 373 0.5195
14108.3000 718 374 0.5209
14123.0000 719 374 0.5202
14147.0000 720 374 0.5194
14167.0000 721 374 0.5187
14179.8000 721 375 0.5201
14186.0000 722 375 0.5194
14193.4000 722 376 0.5208
14204.0000 723 376 0.5201
14208.3000 723 377 0.5214
14225.0000 724 377 0.5207
14240.6000 724 378 0.5221
14245.0000 725 378 0.5214
14267.0000 726 378 0.5207
14286.0000 727 378 0.5199
14304.0000 728 378 0.5192
14323.0000 729 378 0.5185
14327.6000 729 379 0.5199
14333.8000 729 380 0.5213
14343.0000 730 380 0.5205
14363.0000 731 380 0.5198
14385.0000 732 380 0.5191
14404.0000 733 380 0.5184
14406.1000 733 381 0.5198
14420.0000 734 381 0.5191
14441.0000 735 381 0.5184
14456.0000 736 381 0.5177
14466.4000 736 382 0.5190
14475.0000 737 382 0.5183
14499.0000 738 382 0.5176
14507.7000 738 383 0.5190
14523.0000 739 383 0.5183
14533.8000 739 384 0.5196
14544.0000 740 384 0.5189
14547.0000 740 385 0.5203
14568.0000 741 385 0.5196
14588.0000 742 385 0.5189
14603.0000 743 385 0.5182
14618.0000 744 385 0.5175
14618.2000 744 386 0.5188
14629.5000 744 387 0.5202
14631.8000 744 388 0.5215
14639.0000 745 388 0.5208
14655.0000 746 388 0.5201
14676.0000 747 388 0.5194
14696.0000 748 388 0.5187
14706.0000 748 389 0.5201
14718.0000 749 389 0.5194
14733.2000 749 390 0.5207
14736.0000 750 390 0.5200
14746.0000 750 391 0.5213
14748.6000 750 392 0.5227
14756.0000 751 392 0.5220
14773.0000 752 392 0.5213
14790.0000 753 392 0.5206
14797.1000 753 393 0.5219
14809.0000 754 393 0.5212
14828.8000 754 394 0.5225
14831.0000 755 394 0.5219
14848.0000 756 394 0.5212
14867.0000 757 394 0.5205
14889.0000 758 394 0.5198
14905.0000 759 394 0.5191
14910.8000 759 395 0.5204
14927.0000 760 395 0.5197
14942.0000 761 395 0.5191
14961.0000 762 395 0.5184
14975.8000 762 396 0.5197
14984.0000 763 396 0.5190
14999.0000 764 396 0.5183
15001.4000 764 397 0.5196
15021.0000 765 397 0.5190
15022.6000 765 398 0.5203
15030.2000 765 399 0.5216
15041.0000 766 399 0.5209
15058.0000 767 399 0.5202
15064.1000 767 400 0.5215
15074.0000 768 400 0.5208
15089.2000 768 401 0.5221
15093.0000 769 401 0.5215
15101.5000 769 402 0.5228
15113.6000 769 403 0.5241
15114.0000 770 403 0.5234
15132.0000 771 403 0.5227
15149.0000 772 403 0.5220
15172.0000 773 403 0.5213
15190.0000 774 403 0.5207
15190.6000 774 404 0.5220
15212.0000 775 404 0.5213
15235.0000 776 404 0.5206
15256.0000 777 404 0.5199
15280.0000 778 404 0.5193
15288.6000 778 405 0.5206
15297.0000 779 405 0.5199
15299.3000 779 406 0.5212
15318.0000 780 406 0.5205
15336.0000 781 406 0.5198
15360.0000 782 406 0.5192
15381.0000 783 406 0.5185
15392.2000 783 407 0.5198
15399.0000 784 407 0.5191
15419.0000 785 407 0.5185
15439.2000 785 408 0.5197
15441.0000 786 408 0.5191
15442.1000 786 409 0.5204
15465.0000 787 409 0.5197
15482.0000 788 409 0.5190
15494.7000 788 410 0.5203
15504.0000 789 410 0.5196
15517.2000 789 411 0.5209
15526.0000 790 411 0.5203
15538.7000 790 412 0.5215
15539.5000 790 413 0.5228
15547.0000 791 413 0.5221
15569.0000 792 413 0.5215
15583.0000 792 414 0.5227
15591.0000 793 414 0.5221
15615.0000 794 414 0.5214
15632.0000 795 414 0.5208
15640.2000 795 415 0.5220
15647.0000 795 416 0.5233
15651.0000 796 416 0.5226
15666.0000 797 416 0.5220
15680.0000 797 417 0.5232
15684.0000 798 417 0.5226
15708.0000 799 417 0.5219
15724.0000 800 417 0.5213
15746.0000 801 417 0.5206
15764.0000 802 417 0.5200
15764.5000 802 418 0.5212
15772.1000 802 419 0.5224
15780.2000 802 420 0.5237
15782.0000 803 420 0.5230
15793.3000 803 421 0.5243
15799.0000 804 421 0.5236
15815.0000 805 421 0.5230
15838.0000 806 421 0.5223
15854.0000 807 421 0.5217
15857.4000 807 422 0.5229
15873.0000 808 422 0.5223
15880.0000 808 423 0.5235
15894.0000 809 423 0.5229
15909.0000 810 423 0.5222
15927.0000 811 423 0.5216
15948.0000 812 423 0.5209
15953.1000 812 424 0.5222
15953.6000 812 425 0.5234
15957.2000 812 426 0.5246
15967.0000 813 426 0.5240
15981.4000 813 427 0.5252
15990.0000 814 427 0.5246
16005.4000 814 428 0.5258
16010.0000 815 428 0.5252
16027.0000 816 428 0.5245
16042.0000 817 428 0.5239
16050.0000 817 429 0.5251
16061.0000 818 429 0.5244
16061.0000 818 430 0.5257
16080.0000 819 430 0.5250
16104.0000 820 430 0.5244
16124.0000 821 430 0.5238
16139.0000 822 430 0.5231
16155.0000 823 430 0.5225
16175.0000 824 430 0.5218
16196.0000 825 430 0.5212
16202.8000 825 431 0.5224
16212.0000 826 431 0.5218
16220.0000 826 432 0.5230
16230.0000 827 432 0.5224
16245.0000 828 432 0.5217
16250.6000 828 433 0.5229
16261.0000 829 433 0.5223
16281.0000 830 433 0.5217
16301.0000 831 433 0.5211
16305.1000 831 434 0.5223
16306.3000 831 435 0.5235
16310.2000 831 436 0.5247
16319.0000 831 437 0.5259
16320.3000 831 438 0.5271
16322.0000 832 438 0.5264
16330.6000 832 439 0.5276
16338.0000 833 439 0.5270
16357.0000 834 439 0.5264
16374.0000 834 440 0.5276
16380.0000 835 440 0.5269
16386.7000 835 441 0.5281
16399.0000 836 441 0.5275
16408.7000 836 442 0.5287
16412.9000 836 443 0.5299
16416.0000 837 443 0.5293
16427.7000 837 444 0.5305
16433.0000 838 444 0.5298
16437.8000 838 445 0.5310
16439.8000 838 446 0.5322
16455.0000 839 446 0.5316
16479.0000 840 446 0.5310
16482.2000 840 447 0.5321
16503.0000 841 447 0.5315
16508.1000 841 448 0.5327
16520.1000 841 449 0.5339
16526.0000 842 449 0.5333
16547.0000 843 449 0.5326
16568.0000 844 449 0.5320
16589.0000 845 449 0.5314
16604.1000 845 450 0.5325
16610.0000 846 450 0.5319
16628.0000 847 450 0.5313
16646.0000 848 450 0.5307
16662.0000 849 450 0.5300
16682.0000 850 450 0.5294
16694.9000 850 451 0.5306
16699.0000 851 451 0.5300
16721.7000 851 452 0.5311
16723.0000 852 452 0.5305
16745.0000 853 452 0.5299
16760.0000 854 452 0.5293
16783.0000 855 452 0.5287
16800.0000 856 452 0.5280
16802.4000 856 453 0.5292
16818.0000 857 453 0.5286
16835.0000 858 453 0.5280
16849.4000 858 454 0.5291
16852.1000 858 455 0.5303
16858.0000 859 455 0.5297
16881.0000 860 455 0.5291
16895.6000 860 456 0.5302
16896.9000 860 457 0.5314
16901.0000 861 457 0.5308
16903.6000 861 458 0.5319
16917.0000 862 458 0.5313
16935.0000 863 458 0.5307
16959.0000 864 458 0.5301
16962.6000 864 459 0.5313
16980.0000 865 459 0.5306
16997.0000 866 459 0.5300
17021.0000 867 459 0.5294
17040.0000 868 459 0.5288
17063.0000 869 459 0.5282
17070.5000 869 460 0.5293
17082.0000 870 460 0.5287
17105.0000 871 460 0.5281
17126.0000 872 460 0.5275
17136.7000 872 461 0.5287
17137.7000 872 462 0.5298
17143.0000 873 462 0.5292
17162.0000 874 462 0.5286
17181.0000 875 462 0.5280
17202.0000 876 462 0.5274
17223.7000 876 463 0.5285
17225.0000 877 463 0.5279
17240.0000 878 463 0.5273
17259.0000 879 463 0.5267
17278.0000 880 463 0.5261
17299.0000 881 463 0.5255
17305.9000 881 464 0.5267
17318.0000 882 464 0.5261
17336.0000 883 464 0.5255
17338.6000 883 465 0.5266
17342.8000 883 466 0.5277
17353.0000 884 466 0.5271
17357.6000 884 467 0.5283
17370.0000 885 467 0.5277
17371.3000 885 468 0.5288
17393.6000 885 469 0.5299
17394.0000 886 469 0.5293
17405.5000 886 470 0.5305
17416.0000 887 470 0.5299
17439.0000 888 470 0.5293
17454.0000 889 470 0.5287
17469.2000 889 471 0.5298
17477.0000 890 471 0.5292
17480.2000 890 472 0.5303
17493.9000 890 473 0.5315
17497.0000 891 473 0.5309
17515.0000 892 473 0.5303
17535.0000 893 473 0.5297
17547.1000 893 474 0.5308
17558.0000 894 474 0.5302
17574.0000 895 474 0.5296
17579.8000 895 475 0.5307
17598.0000 896 475 0.5301
17619.0000 897 475 0.5295
17635.2000 897 476 0.5307
17639.0000 898 476 0.5301
17654.0000 899 476 0.5295
17672.0000 900 476 0.5289
17690.0000 901 476 0.5283
17710.0000 902 476 0.5277
17734.0000 903 476 0.5271
17751.0000 904 476 0.5265
17758.4000 904 477 0.5277
17774.0000 905 477 0.5271
17793.0000 906 477 0.5265
17808.0000 907 477 0.5259
17816.2000 907 478 0.5270
17826.0000 908 478 0.5264
17846.0000 909 478 0.5259
17864.0000 910 478 0.5253
17866.9000 910 479 0.5264
17884.0000 911 479 0.5258
17886.4000 911 480 0.5269
17899.0000 912 480 0.5263
17917.0000 913 480 0.5257
17934.5000 913 481 0.5268
17934.7000 913 482 0.5279
17936.0000 914 482 0.5274
17943.3000 914 483 0.5284
17951.1000 914 484 0.5295
17958.0000 915 484 0.5290
17971.8000 915 485 0.5301
17975.9000 915 486 0.5311
17976.0000 916 486 0.5306
17981.2000 916 487 0.5317
18000.0000 917 487 0.5311
18021.0000 918 487 0.5305
18030.7000 918 488 0.5316
18040.0000 919 488 0.5310
18057.4000 919 489 0.5321
18059.0000 920 489 0.5315
18077.0000 921 489 0.5309
18084.5000 921 490 0.5320
18092.0000 922 490 0.5315
18092.7000 922 491 0.5325
18096.4000 922 492 0.5336
18107.7000 922 493 0.5347
18112.1000 922 494 0.5358
18113.0000 923 494 0.5352
18132.0000 924 494 0.5346
18155.0000 925 494 0.5341
18166.8000 925 495 0.5351
18169.0000 925 496 0.5362
18169.3000 925 497 0.5373
18177.0000 926 497 0.5367
18192.0000 927 497 0.5361
18214.0000 928 497 0.5356
18221.6000 928 498 0.5366
18222.5000 928 499 0.5377
18226.1000 928 500 0.5388
18228.5000 928 501 0.5399
18236.0000 929 501 0.5393
18259.0000 930 501 0.5387
18275.0000 931 501 0.5381
18298.0000 932 501 0.5376
18302.2000 932 502 0.5386
18309.0000 932 503 0.5397
18316.7000 932 504 0.5408
18319.5000 932 505 0.5418
18321.0000 933 505 0.5413
18340.0000 934 505 0.5407
18353.1000 934 506 0.5418
18364.0000 935 506 0.5412
18383.0000 936 506 0.5406
18402.0000 937 506 0.5400
18425.0000 938 506 0.5394
18449.0000 939 506 0.5389
18473.0000 940 506 0.5383
18488.0000 941 506 0.5377
18512.0000 942 506 0.5372
18534.0000 943 506 0.5366
18549.0000 944 506 0.5360
18558.2000 944 507 0.5371
18570.0000 945 507 0.5365
18574.9000 945 508 0.5376
18587.2000 945 509 0.5386
18590.0000 946 509 0.5381
18613.0000 947 509 0.5375
18632.0000 948 509 0.5369
18653.0000 949 509 0.5364
18677.0000 950 509 0.5358
18696.0000 951 509 0.5352
18714.7000 951 510 0.5363
18715.0000 952 510 0.5357
18738.0000 953 510 0.5352
18753.0000 954 510 0.5346
18768.0000 955 510 0.5340
18784.0000 955 511 0.5351
18786.0000 956 511 0.5345
18806.2000 956 512 0.5356
18809.0000 957 512 0.5350
18828.0000 958 512 0.5344
18828.0000 958 513 0.5355
18841.2000 958 514 0.5365
18845.0000 959 514 0.5360
18848.6000 959 515 0.5370
18862.0000 960 515 0.5365
18884.0000 961 515 0.5359
18894.5000 961 516 0.5369
18894.6000 961 517 0.5380
18899.0000 962 517 0.5374
18922.0000 963 517 0.5369
18925.0000 963 518 0.5379
18939.0000 964 518 0.5373
18945.6000 964 519 0.5384
18949.4000 964 520 0.5394
18951.3000 964 521 0.5405
18956.0000 965 521 0.5399
18972.8000 965 522 0.5409
18977.0000 966 522 0.5404
18980.6000 966 523 0.5414
18993.0000 967 523 0.5408
19015.0000 968 523 0.5403
19037.0000 969 523 0.5397
19037.1000 969 524 0.5408
19045.0000 969 525 0.5418
19055.0000 970 525 0.5412
19072.0000 971 525 0.5407
19081.5000 971 526 0.5417
19082.8000 971 527 0.5427
19087.0000 972 527 0.5422
19095.5000 972 528 0.5432
19108.0000 973 528 0.5427
19120.7000 973 529 0.5437
19129.0000 974 529 0.5431
19151.0000 975 529 0.5426
19161.8000 975 530 0.5436
19173.0000 976 530 0.5430
19190.5000 976 531 0.5441
19192.0000 977 531 0.5435
19211.0000 978 531 0.5429
19231.0000 979 531 0.5424
19254.0000 980 531 0.5418
19254.3000 980 532 0.5429
19277.0000 981 532 0.5423
19297.4000 981 533 0.5433
19301.0000 982 533 0.5428
19302.9000 982 534 0.5438
19303.9000 982 535 0.5448
19310.4000 982 536 0.5458
19310.9000 982 537 0.5468
19313.4000 982 538 0.5479
19316.0000 983 538 0.5473
19340.0000 984 538 0.5467
19351.3000 984 539 0.5478
19355.0000 985 539 0.5472
19373.0000 986 539 0.5467
19374.3000 986 540 0.5477
19391.0000 987 540 0.5471
19406.0000 988 540 0.5466
19418.6000 988 541 0.5476
19423.0000 989 541 0.5470
19439.0000 990 541 0.5465
19455.0000 991 541 0.5459
19479.0000 992 541 0.5454
19497.0000 993 541 0.5448
19521.0000 994 541 0.5443
19542.0000 995 541 0.5437
19547.1000 995 542 0.5447
19565.0000 996 542 0.5442
19586.0000 997 542 0.5436
19601.0000 998 542 0.5431
19622.0000 999 542 0.5425
19623.0000 999 543 0.5435
19641.0000 1000 543 0.5430
19660.0000 1001 543 0.5425
19669.0000 1001 544 0.5435
19677.0000 1002 544 0.5429
19692.0000 1003 544 0.5424
19716.0000 1004 544 0.5418
19726.2000 1004 545 0.5428
19739.0000 1005 545 0.5423
19755.0000 1006 545 0.5417
19767.6000 1006 546 0.5427
19770.0000 1007 546 0.5422
19783.2000 1007 547 0.5432
19792.0000 1008 547 0.5427
19815.0000 1009 547 0.5421
19816.1000 1009 548 0.5431
19826.5000 1009 549 0.5441
19833.0000 1010 549 0.5436
19852.0000 1011 549 0.5430
19876.0000 1012 549 0.5425
19891.0000 1013 549 0.5420
19908.0000 1014 549 0.5414
19924.9000 1014 550 0.5424
19932.0000 1015 550 0.5419
19956.0000 1016 550 0.5413
19968.8000 1016 551 0.5423
19970.9000 1016 552 0.5433
19976.0000 1017 552 0.5428
19998.0000 1018 552 0.5422
20019.0000 1019 552 0.5417
20034.0000 1020 552 0.5412
20039.7000 1020 553 0.5422
20054.8000 1020 554 0.5431
20057.0000 1021 554 0.5426
20075.0000 1022 554 0.5421
20084.9000 1022 555 0.5431
20094.0000 1023 555 0.5425
20097.4000 1023 556 0.5435
20118.0000 1024 556 0.5430
20135.0000 1025 556 0.5424
20157.0000 1026 556 0.5419
20179.0000 1027 556 0.5414
20197.0000 1028 556 0.5409
20201.3000 1028 557 0.5418
20221.0000 1029 557 0.5413
20237.0000 1030 557 0.5408
20259.0000 1031 557 0.5403
20276.0000 1032 557 0.5397
20293.0000 1032 558 0.5407
20293.0000 1033 558 0.5402
20308.0000 1034 558 0.5397
20323.9000 1034 559 0.5406
20327.0000 1035 559 0.5401
20341.7000 1035 560 0.5411
20349.5000 1035 561 0.5420
20350.0000 1036 561 0.5415
20366.0000 1037 561 0.5410
20372.7000 1037 562 0.5419
20373.6000 1037 563 0.5429
20381.9000 1037 564 0.5439
20385.0000 1038 564 0.5434
20401.0000 1039 564 0.5428
20421.0000 1040 564 0.5423
20437.0000 1041 564 0.5418
20456.8000 1041 565 0.5427
20461.0000 1042 565 0.5422
20485.0000 1043 565 0.5417
20508.0000 1044 565 0.5412
20515.1000 1044 566 0.5421
20532.0000 1045 566 0.5416
20533.4000 1045 567 0.5426
20536.7000 1045 568 0.5435
20550.5000 1045 569 0.5445
20552.0000 1045 570 0.5455
20554.0000 1046 570 0.5449
20576.0000 1047 570 0.5444
20594.0000 1048 570 0.5439
20611.0000 1049 570 0.5434
20611.2000 1049 571 0.5443
20635.0000 1050 571 0.5438
20655.0000 1051 571 0.5433
20673.0000 1052 571 0.5428
20691.0000 1053 571 0.5423
20706.0000 1054 571 0.5417
20724.0000 1055 571 0.5412
20744.0000 1056 571 0.5407
20746.4000 1056 572 0.5417
20755.1000 1056 573 0.5426
20756.7000 1056 574 0.5436
20761.2000 1056 575 0.5445
20761.3000 1056 576 0.5455
20766.0000 1057 576 0.5449
20782.0000 1058 576 0.5444
20797.6000 1058 577 0.5454
20800.0000 1059 577 0.5449
20801.7000 1059 578 0.5458
20821.0000 1060 578 0.5453
20824.6000 1060 579 0.5462
20837.1000 1060 580 0.5472
20837.7000 1060 581 0.5481
20839.1000 1060 582 0.5491
20844.0000 1061 582 0.5485
20855.4000 1061 583 0.5495
20857.6000 1061 584 0.5504
20864.0000 1062 584 0.5499
20886.5000 1062 585 0.5508
20888.0000 1063 585 0.5503
20901.5000 1063 586 0.5513
20911.0000 1064 586 0.5508
20931.0000 1065 586 0.5502
20952.0000 1066 586 0.5497
20968.0000 1067 586 0.5492
20987.6000 1067 587 0.5501
20990.0000 1068 587 0.5496
21007.0000 1069 587 0.5491
21008.6000 1069 588 0.5500
21013.2000 1069 589 0.5510
21021.5000 1069 590 0.5519
21031.0000 1070 590 0.5514
21041.3000 1070 591 0.5523
21055.0000 1071 591 0.5518
21077.0000 1072 591 0.5513
21092.0000 1073 591 0.5508
21097.1000 1073 592 0.5517
21097.4000 1073 593 0.5527
21116.0000 1074 593 0.5521
21124.4000 1074 594 0.5531
21125.4000 1074 595 0.5540
21132.0000 1075 595 0.5535
21148.0000 1076 595 0.5530
21166.0000 1077 595 0.5525
21184.0000 1078 595 0.5519
21189.4000 1078 596 0.5529
21204.0000 1079 596 0.5524
21223.0000 1080 596 0.5519
21226.5000 1080 597 0.5528
21235.3000 1080 598 0.5537
21239.3000 1080 599 0.5546
21247.0000 1081 599 0.5541
21262.3000 1081 600 0.5550
21271.0000 1082 600 0.5545
21288.5000 1082 601 0.5555
21292.0000 1083 601 0.5549
21306.0000 1083 602 0.5559
21309.0000 1084 602 0.5554
21319.4000 1084 603 0.5563
21327.0000 1085 603 0.5558
21330.9000 1085 604 0.5567
21334.6000 1085 605 0.5576
21349.5000 1085 606 0.5585
21351.0000 1086 606 0.5580
21367.7000 1086 607 0.5589
21368.0000 1087 607 0.5584
21369.9000 1087 608 0.5593
21387.0000 1088 608 0.5588
21388.8000 1088 609 0.5597
21407.0000 1089 609 0.5592
21418.8000 1089 610 0.5601
21424.0000 1090 610 0.5596
21444.0000 1091 610 0.5591
21463.0000 1092 610 0.5586
21483.0000 1093 610 0.5581
21487.3000 1093 611 0.5590
21501.7000 1093 612 0.5599
21505.0000 1094 612 0.5594
21523.0000 1095 612 0.5589
21539.0000 1096 612 0.5584
21541.7000 1096 613 0.5593
21556.0000 1097 613 0.5588
21577.0000 1098 613 0.5583
21599.0000 1099 613 0.5578
21615.0000 1100 613 0.5573
21632.0000 1101 613 0.5568
21648.0000 1102 613 0.5563
21648.8000 1102 614 0.5572
21665.0000 1103 614 0.5567
21689.0000 1104 614 0.5562
21695.2000 1104 615 0.5571
21707.0000 1105 615 0.5566
21713.3000 1105 616 0.5575
21726.5000 1105 617 0.5584
21731.0000 1106 617 0.5579
21755.0000 1107 617 0.5574
21769.5000 1107 618 0.5583
21777.0000 1108 618 0.5578
21794.0000 1109 618 0.5573
21805.4000 1109 619 0.5582
21818.0000 1110 619 0.5577
21837.0000 1111 619 0.5572
21844.8000 1111 620 0.5581
21860.0000 1112 620 0.5576
21883.0000 1113 620 0.5571
21898.0000 1114 620 0.5566
21916.0000 1115 620 0.5561
21923.1000 1115 621 0.5570
21939.0000 1116 621 0.5565
21949.0000 1116 622 0.5573
21950.4000 1116 623 0.5582
21950.6000 1116 624 0.5591
21951.7000 1116 625 0.5600
21960.0000 1117 625 0.5595
21976.0000 1118 625 0.5590
21985.3000 1118 626 0.5599
21999.0000 1119 626 0.5594
22022.0000 1120 626 0.5589
22024.1000 1120 627 0.5598
22026.9000 1120 628 0.5607
22041.0000 1121 628 0.5602
22052.3000 1121 629 0.5611
22055.6000 1121 630 0.5620
22061.0000 1122 630 0.5615
22071.9000 1122 631 0.5624
22078.0000 1123 631 0.5619
22101.0000 1124 631 0.5614
22107.1000 1124 632 0.5623
22121.0000 1125 632 0.5618
22140.0000 1126 632 0.5613
22159.0000 1127 632 0.5608
22165.2000 1127 633 0.5617
22167.0000 1127 634 0.5626
22172.6000 1127 635 0.5634
22183.0000 1128 635 0.5629
22190.2000 1128 636 0.5638
22199.0000 1129 636 0.5633
22218.0000 1130 636 0.5628
22221.8000 1130 637 0.5637
22242.0000 1131 637 0.5632
22251.5000 1131 638 0.5641
22263.0000 1132 638 0.5636
22281.0000 1133 638 0.5631
22302.7000 1133 639 0.5640
22304.0000 1134 639 0.5635
22318.4000 1134 640 0.5644
22322.0000 1135 640 0.5639
22327.3000 1135 641 0.5648
22346.0000 1136 641 0.5643
22363.0000 1137 641 0.5638
22363.8000 1137 642 0.5646
22385.0000 1138 642 0.5641
22405.0000 1139 642 0.5637
22420.0000 1140 642 0.5632
22444.0000 1141 642 0.5627
22445.7000 1141 643 0.5635
22464.0000 1142 643 0.5630
22482.0000 1143 643 0.5626
22500.0000 1144 643 0.5621
22521.0000 1145 643 0.5616
22521.9000 1145 644 0.5624
22543.7000 1145 645 0.5633
22544.0000 1146 645 0.5628
22546.3000 1146 646 0.5637
22560.0000 1147 646 0.5632
22573.9000 1147 647 0.5641
22574.7000 1147 648 0.5650
22578.0000 1148 648 0.5645
22595.0000 1149 648 0.5640
22613.0000 1150 648 0.5635
22628.0000 1151 648 0.5630
22644.9000 1151 649 0.5639
22648.0000 1152 649 0.5634
22666.0000 1153 649 0.5629
22682.0000 1154 649 0.5624
22682.1000 1154 650 0.5633
22698.0000 1155 650 0.5628
22713.0000 1156 650 0.5623
22717.4000 1156 651 0.5631
22735.0000 1157 651 0.5627
22758.0000 1158 651 0.5622
22760.9000 1158 652 0.5630
22774.9000 1158 653 0.5639
22779.0000 1159 653 0.5634
22781.5000 1159 654 0.5643
22799.0000 1160 654 0.5638
22802.8000 1160 655 0.5647
22820.0000 1161 655 0.5642
22822.9000 1161 656 0.5650
22824.4000 1161 657 0.5659
22835.0000 1162 657 0.5654
22850.0000 1163 657 0.5649
22867.7000 1163 658 0.5658
22869.0000 1164 658 0.5653
22891.0000 1165 658 0.5648
22913.0000 1166 658 0.5643
22915.4000 1166 659 0.5652
22917.8000 1166 660 0.5660
22921.6000 1166 661 0.5669
22931.0000 1167 661 0.5664
22943.1000 1167 662 0.5673
22946.1000 1167 663 0.5681
22954.0000 1168 663 0.5676
22971.0000 1169 663 0.5672
22991.0000 1170 663 0.5667
23007.0000 1171 663 0.5662
23010.1000 1171 664 0.5670
23021.2000 1171 665 0.5679
23031.0000 1172 665 0.5674
23045.1000 1172 666 0.5683
23047.0000 1173 666 0.5678
23047.9000 1173 667 0.5686
23070.0000 1174 667 0.5681
23085.0000 1175 667 0.5677
23106.0000 1176 667 0.5672
23106.7000 1176 668 0.5680
23118.3000 1176 669 0.5689
23127.0000 1177 669 0.5684
23132.3000 1177 670 0.5692
23149.0000 1178 670 0.5688
23155.3000 1178 671 0.5696
23165.0000 1179 671 0.5691
23179.9000 1179 672 0.5700
23180.0000 1180 672 0.5695
23198.0000 1181 672 0.5690
23214.0000 1182 672 0.5685
23238.0000 1183 672 0.5680
23252.6000 1183 673 0.5689
23258.0000 1184 673 0.5684
23261.9000 1184 674 0.5693
23268.5000 1184 675 0.5701
23280.0000 1185 675 0.5696
23295.0000 1186 675 0.5691
23304.1000 1186 676 0.5700
23319.0000 1187 676 0.5695
23339.0000 1188 676 0.5690
23339.4000 1188 677 0.5699
23344.7000 1188 678 0.5707
23360.0000 1189 678 0.5702
23377.0000 1190 678 0.5697
23393.0000 1191 678 0.5693
23409.0000 1192 678 0.5688
23428.0000 1193 678 0.5683
23445.0000 1194 678 0.5678
23463.8000 1194 679 0.5687
23464.0000 1195 679 0.5682
23466.7000 1195 680 0.5690
23482.0000 1196 680 0.5686
23498.0000 1197 680 0.5681
23499.9000 1197 681 0.5689
23516.0000 1198 681 0.5684
23532.0000 1199 681 0.5680
23547.0000 1200 681 0.5675
23558.7000 1200 682 0.5683
23565.9000 1200 683 0.5692
23568.0000 1201 683 0.5687
23589.0000 1202 683 0.5682
23613.0000 1203 683 0.5677
23620.2000 1203 684 0.5686
23624.4000 1203 685 0.5694
23629.0000 1204 685 0.5689
23647.0000 1205 685 0.5685
23662.0000 1206 685 0.5680
23681.0000 1207 685 0.5675
23702.0000 1208 685 0.5671
23705.8000 1208 686 0.5679
23710.9000 1208 687 0.5687
23726.0000 1209 687 0.5682
23741.0000 1210 687 0.5678
23760.0000 1211 687 0.5673
23768.0000 1211 688 0.5681
23770.5000 1211 689 0.5690
23772.0000 1211 690 0.5698
23773.0000 1211 691 0.5706
23776.0000 1211 692 0.5714
23778.0000 1212 692 0.5710
23798.0000 1213 692 0.5705
23817.0000 1214 692 0.5700
23823.0000 1214 693 0.5708
23837.0000 1215 693 0.5704
23843.7000 1215 694 0.5712
23846.7000 1215 695 0.5720
23859.0000 1216 695 0.5715
23874.0000 1217 695 0.5711
23895.0000 1218 695 0.5706
23916.0000 1219 695 0.5701
23925.7000 1219 696 0.5710
23926.1000 1219 697 0.5718
23937.0000 1220 697 0.5713
23957.0000 1220 698 0.5721
23961.0000 1221 698 0.5717
23981.0000 1222 698 0.5712
23985.1000 1222 699 0.5720
24004.0000 1223 699 0.5715
24026.0000 1224 699 0.5711
24030.0000 1224 700 0.5719
24037.4000 1224 701 0.5727
24042.7000 1224 702 0.5735
24043.0000 1225 702 0.5731
24045.4000 1225 703 0.5739
24062.0000 1226 703 0.5734
24077.5000 1226 704 0.5742
24079.0000 1227 704 0.5738
24095.0000 1228 704 0.5733
24110.0000 1229 704 0.5728
24134.0000 1230 704 0.5724
24140.5000 1230 705 0.5732
24157.0000 1231 705 0.5727
24179.0000 1232 705 0.5722
24189.3000 1232 706 0.5731
24191.1000 1232 707 0.5739
24199.7000 1232 708 0.5747
24203.0000 1233 708 0.5742
24210.8000 1233 709 0.5750
24222.0000 1234 709 0.5746
24245.0000 1235 709 0.5741
24262.0000 1236 709 0.5736
24271.4000 1236 710 0.5744
24286.0000 1237 710 0.5740
24305.0000 1238 710 0.5735
24326.0000 1239 710 0.5730
24332.9000 1239 711 0.5738
24341.0000 1239 712 0.5747
24349.0000 1240 712 0.5742
24367.8000 1240 713 0.5750
24368.0000 1241 713 0.5745
24379.5000 1241 714 0.5753
24383.0000 1242 714 0.5749
24407.0000 1243 714 0.5744
24422.4000 1243 715 0.5752
24427.0000 1244 715 0.5748
24443.4000 1244 716 0.5756
24445.2000 1244 717 0.5764
24447.0000 1245 717 0.5759
24468.0000 1246 717 0.5754
24473.7000 1246 718 0.5762
24475.7000 1246 719 0.5770
24490.0000 1247 719 0.5766
24505.6000 1247 720 0.5774
24510.4000 1247 721 0.5782
24514.0000 1248 721 0.5777
24530.0000 1249 721 0.5773
24542.2000 1249 722 0.5781
24548.6000 1249 723 0.5789
24551.3000 1249 724 0.5797
24553.0000 1250 724 0.5792
24568.0000 1251 724 0.5787
24591.0000 1252 724 0.5783
24607.0000 1253 724 0.5778
24624.0000 1254 724 0.5774
24641.0000 1255 724 0.5769
24652.2000 1255 725 0.5777
24652.9000 1255 726 0.5785
24656.0000 1256 726 0.5780
24656.4000 1256 727 0.5788
24661.0000 1256 728 0.5796
24677.0000 1257 728 0.5792
24680.9000 1257 729 0.5800
24693.0000 1258 729 0.5795
24702.9000 1258 730 0.5803
24712.0000 1259 730 0.5798
24736.0000 1260 730 0.5794
24745.2000 1260 731 0.5802
24751.0000 1261 731 0.5797
24768.0000 1262 731 0.5792
24778.8000 1262 732 0.5800
24790.0000 1263 732 0.5796
24809.0000 1264 732 0.5791
24824.0000 1265 732 0.5787
24844.0000 1266 732 0.5782
24857.3000 1266 733 0.5790
24867.0000 1267 733 0.5785
24874.0000 1267 734 0.5793
24883.0000 1268 734 0.5789
24898.8000 1268 735 0.5797
24906.0000 1269 735 0.5792
24921.0000 1270 735 0.5787
24945.0000 1271 735 0.5783
24963.0000 1272 735 0.5778
24980.0000 1273 735 0.5774
24999.0000 1274 735 0.5769
25015.0000 1275 735 0.5765
25020.3000 1275 736 0.5773
25026.7000 1275 737 0.5780
25034.0000 1276 737 0.5776
25043.0000 1276 738 0.5784
25055.0000 1277 738 0.5779
25067.4000 1277 739 0.5787
25074.0000 1278 739 0.5782
25079.4000 1278 740 0.5790
25083.2000 1278 741 0.5798
25095.0000 1279 741 0.5794
25107.0000 1279 742 0.5801
25116.1000 1279 743 0.5809
25119.0000 1280 743 0.5805
25128.3000 1280 744 0.5813
25138.0000 1281 744 0.5808
25146.7000 1281 745 0.5816
25162.0000 1282 745 0.5811
25183.0000 1283 745 0.5807
