# time  created  delivered  delivered/created
22.0000 1 0 0.0000
38.0000 2 0 0.0000
54.0000 3 0 0.0000
72.0000 4 0 0.0000
94.0000 5 0 0.0000
110.0000 6 0 0.0000
133.0000 7 0 0.0000
153.0000 8 0 0.0000
175.0000 9 0 0.0000
191.0000 10 0 0.0000
210.0000 11 0 0.0000
225.0000 12 0 0.0000
249.0000 13 0 0.0000
265.0000 14 0 0.0000
281.0000 15 0 0.0000
304.0000 16 0 0.0000
328.0000 17 0 0.0000
343.0000 18 0 0.0000
367.0000 19 0 0.0000
382.0000 20 0 0.0000
399.0000 21 0 0.0000
420.0000 22 0 0.0000
439.0000 23 0 0.0000
458.0000 24 0 0.0000
480.0000 25 0 0.0000
497.0000 26 0 0.0000
515.0000 27 0 0.0000
538.0000 28 0 0.0000
562.0000 29 0 0.0000
581.0000 30 0 0.0000
581.2000 30 1 0.0333
603.0000 31 1 0.0323
625.0000 32 1 0.0313
641.5000 32 2 0.0625
646.0000 33 2 0.0606
661.6000 33 3 0.0909
667.0000 34 3 0.0882
685.0000 35 3 0.0857
691.0000 35 4 0.1143
700.0000 36 4 0.1111
713.7000 36 5 0.1389
722.0000 37 5 0.1351
741.0000 38 5 0.1316
764.0000 39 5 0.1282
784.0000 40 5 0.1250
786.4000 40 6 0.1500
806.0000 41 6 0.1463
829.0000 42 6 0.1429
851.0000 43 6 0.1395
873.0000 44 6 0.1364
895.0000 45 6 0.1333
905.2000 45 7 0.1556
918.0000 46 7 0.1522
941.0000 47 7 0.1489
957.0000 48 7 0.1458
975.0000 49 7 0.1429
998.0000 50 7 0.1400
1018.0000 51 7 0.1373
1040.0000 52 7 0.1346
1056.0000 53 7 0.1321
1077.0000 54 7 0.1296
1096.0000 55 7 0.1273
1117.0000 56 7 0.1250
1137.0000 57 7 0.1228
1159.0000 58 7 0.1207
1179.0000 59 7 0.1186
1193.3000 59 8 0.1356
1201.0000 60 8 0.1333
1216.0000 61 8 0.1311
1225.1000 61 9 0.1475
1226.1000 61 10 0.1639
1232.0000 62 10 0.1613
1251.0000 63 10 0.1587
1268.0000 64 10 0.1563
1287.0000 65 10 0.1538
1308.0000 66 10 0.1515
1327.0000 67 10 0.1493
1342.0000 68 10 0.1471
1364.0000 69 10 0.1449
1381.1000 69 11 0.1594
1388.0000 70 11 0.1571
1397.1000 70 12 0.1714
1407.0000 71 12 0.1690
1408.4000 71 13 0.1831
1422.0000 72 13 0.1806
1442.0000 73 13 0.1781
1464.0000 74 13 0.1757
1475.9000 74 14 0.1892
1478.4000 74 15 0.2027
1479.0000 75 15 0.2000
1483.1000 75 16 0.2133
1500.0000 76 16 0.2105
1518.0000 77 16 0.2078
1542.0000 78 16 0.2051
1560.8000 78 17 0.2179
1562.0000 79 17 0.2152
1577.0000 80 17 0.2125
1594.5000 80 18 0.2250
1594.6000 80 19 0.2375
1600.0000 81 19 0.2346
1620.0000 82 19 0.2317
1637.0000 83 19 0.2289
1652.0000 84 19 0.2262
1673.0000 85 19 0.2235
1695.0000 86 19 0.2209
1707.0000 86 20 0.2326
1709.8000 86 21 0.2442
1713.0000 87 21 0.2414
1737.0000 88 21 0.2386
1739.4000 88 22 0.2500
1739.8000 88 23 0.2614
1760.0000 89 23 0.2584
1781.0000 90 23 0.2556
1804.0000 91 23 0.2527
1812.7000 91 24 0.2637
1826.0000 92 24 0.2609
1849.0000 93 24 0.2581
1870.0000 94 24 0.2553
1881.2000 94 25 0.2660
1882.8000 94 26 0.2766
1890.0000 95 26 0.2737
1911.0000 96 26 0.2708
1929.0000 97 26 0.2680
1948.0000 98 26 0.2653
1965.0000 99 26 0.2626
1980.0000 100 26 0.2600
2002.0000 101 26 0.2574
2024.0000 102 26 0.2549
2035.6000 102 27 0.2647
2041.0000 103 27 0.2621
2064.0000 104 27 0.2596
2080.0000 105 27 0.2571
2095.0000 106 27 0.2547
2119.0000 107 27 0.2523
2139.0000 108 27 0.2500
2144.0000 108 28 0.2593
2161.0000 109 28 0.2569
2178.0000 110 28 0.2545
2199.0000 111 28 0.2523
2217.0000 111 29 0.2613
2222.0000 112 29 0.2589
2240.0000 113 29 0.2566
2259.0000 114 29 0.2544
2275.0000 115 29 0.2522
2295.0000 116 29 0.2500
2314.0000 117 29 0.2479
2324.5000 117 30 0.2564
2335.0000 118 30 0.2542
2354.0000 119 30 0.2521
2377.0000 120 30 0.2500
2396.0000 121 30 0.2479
2411.0000 122 30 0.2459
2412.0000 122 31 0.2541
2433.0000 123 31 0.2520
2452.0000 124 31 0.2500
2460.7000 124 32 0.2581
2464.9000 124 33 0.2661
2470.9000 124 34 0.2742
2474.0000 125 34 0.2720
2490.0000 125 35 0.2800
2496.0000 126 35 0.2778
2511.0000 127 35 0.2756
2526.0000 128 35 0.2734
2546.0000 129 35 0.2713
2554.3000 129 36 0.2791
2556.6000 129 37 0.2868
2557.2000 129 38 0.2946
2563.0000 130 38 0.2923
2586.0000 131 38 0.2901
2601.0000 132 38 0.2879
2621.0000 133 38 0.2857
2641.0000 134 38 0.2836
2662.0000 135 38 0.2815
2678.0000 136 38 0.2794
2681.6000 136 39 0.2868
2689.6000 136 40 0.2941
2690.0000 136 41 0.3015
2693.0000 137 41 0.2993
2716.0000 138 41 0.2971
2735.0000 139 41 0.2950
2741.3000 139 42 0.3022
2742.9000 139 43 0.3094
2754.0000 140 43 0.3071
2771.0000 141 43 0.3050
2788.0000 142 43 0.3028
2800.0000 142 44 0.3099
2807.0000 143 44 0.3077
2824.3000 143 45 0.3147
2831.0000 144 45 0.3125
2853.0000 145 45 0.3103
2868.0000 146 45 0.3082
2891.0000 147 45 0.3061
2911.0000 148 45 0.3041
2926.0000 149 45 0.3020
2942.0000 150 45 0.3000
2946.7000 150 46 0.3067
2954.4000 150 47 0.3133
2962.0000 151 47 0.3113
2979.0000 152 47 0.3092
3003.0000 153 47 0.3072
3021.5000 153 48 0.3137
3024.0000 154 48 0.3117
3040.0000 155 48 0.3097
3059.0000 155 49 0.3161
3064.0000 156 49 0.3141
3065.8000 156 50 0.3205
3084.5000 156 51 0.3269
3086.0000 157 51 0.3248
3110.0000 158 51 0.3228
3118.8000 158 52 0.3291
3129.0000 159 52 0.3270
3147.0000 160 52 0.3250
3166.0000 161 52 0.3230
3190.0000 162 52 0.3210
3210.0000 163 52 0.3190
3225.0000 164 52 0.3171
3243.0000 165 52 0.3152
3260.0000 166 52 0.3133
3261.2000 166 53 0.3193
3273.4000 166 54 0.3253
3273.8000 166 55 0.3313
3274.8000 166 56 0.3373
3275.6000 166 57 0.3434
3283.0000 167 57 0.3413
3289.8000 167 58 0.3473
3291.0000 167 59 0.3533
3291.5000 167 60 0.3593
3305.0000 168 60 0.3571
3321.0000 169 60 0.3550
3329.9000 169 61 0.3609
3344.0000 170 61 0.3588
3365.0000 171 61 0.3567
3385.0000 172 61 0.3547
3408.0000 173 61 0.3526
3410.7000 173 62 0.3584
3413.7000 173 63 0.3642
3414.4000 173 64 0.3699
3428.0000 174 64 0.3678
3449.0000 175 64 0.3657
3472.0000 176 64 0.3636
3488.0000 177 64 0.3616
3511.0000 178 64 0.3596
3528.7000 178 65 0.3652
3530.6000 178 66 0.3708
3535.0000 179 66 0.3687
3548.5000 179 67 0.3743
3551.5000 179 68 0.3799
3552.0000 180 68 0.3778
3570.0000 181 68 0.3757
3577.3000 181 69 0.3812
3589.0000 182 69 0.3791
3604.0000 183 69 0.3770
3619.0000 184 69 0.3750
3638.0000 185 69 0.3730
3653.0000 186 69 0.3710
3669.0000 187 69 0.3690
3683.4000 187 70 0.3743
3689.0000 188 70 0.3723
3712.0000 189 70 0.3704
3730.0000 190 70 0.3684
3754.0000 191 70 0.3665
3771.0000 192 70 0.3646
3787.0000 193 70 0.3627
3809.0000 194 70 0.3608
3831.8000 194 71 0.3660
3832.0000 195 71 0.3641
3854.0000 196 71 0.3622
3873.0000 197 71 0.3604
3876.0000 197 72 0.3655
3895.0000 198 72 0.3636
3919.0000 199 72 0.3618
3927.7000 199 73 0.3668
3938.0000 200 73 0.3650
3946.3000 200 74 0.3700
3953.0000 200 75 0.3750
3955.0000 201 75 0.3731
3975.0000 202 75 0.3713
3996.0000 203 75 0.3695
4005.8000 203 76 0.3744
4012.0000 204 76 0.3725
4022.7000 204 77 0.3775
4031.0000 205 77 0.3756
4052.0000 206 77 0.3738
4058.7000 206 78 0.3786
4060.0000 206 79 0.3835
4070.0000 207 79 0.3816
4094.0000 208 79 0.3798
4115.0000 209 79 0.3780
4134.0000 210 79 0.3762
4153.0000 211 79 0.3744
4171.0000 212 79 0.3726
4194.0000 213 79 0.3709
4214.0000 214 79 0.3692
4235.0000 215 79 0.3674
4251.0000 216 79 0.3657
4268.6000 216 80 0.3704
4272.0000 217 80 0.3687
4287.3000 217 81 0.3733
4290.0000 218 81 0.3716
4314.0000 219 81 0.3699
4338.0000 220 81 0.3682
4360.0000 221 81 0.3665
4381.0000 222 81 0.3649
4400.0000 223 81 0.3632
4417.6000 223 82 0.3677
4419.0000 224 82 0.3661
4419.1000 224 83 0.3705
4428.4000 224 84 0.3750
4434.0000 225 84 0.3733
4435.5000 225 85 0.3778
4451.4000 225 86 0.3822
4453.5000 225 87 0.3867
4458.0000 226 87 0.3850
4463.0000 226 88 0.3894
4475.6000 226 89 0.3938
4476.0000 227 89 0.3921
4497.0000 228 89 0.3904
4505.4000 228 90 0.3947
4515.0000 229 90 0.3930
4525.7000 229 91 0.3974
4537.0000 230 91 0.3957
4556.0000 231 91 0.3939
4580.0000 232 91 0.3922
4597.0000 233 91 0.3906
4607.1000 233 92 0.3948
4610.6000 233 93 0.3991
4614.0000 234 93 0.3974
4634.0000 235 93 0.3957
4655.0000 236 93 0.3941
4665.1000 236 94 0.3983
4672.0000 237 94 0.3966
4689.0000 238 94 0.3950
4706.0000 239 94 0.3933
4729.0000 240 94 0.3917
4741.9000 240 95 0.3958
4747.0000 241 95 0.3942
4762.0000 242 95 0.3926
4783.0000 243 95 0.3909
4807.0000 244 95 0.3893
4824.0000 245 95 0.3878
4848.0000 246 95 0.3862
4867.0000 247 95 0.3846
4886.0000 248 95 0.3831
4909.0000 249 95 0.3815
4928.0000 250 95 0.3800
4951.0000 251 95 0.3785
4966.0000 252 95 0.3770
4986.0000 253 95 0.3755
4991.9000 253 96 0.3794
5010.0000 254 96 0.3780
5033.0000 255 96 0.3765
5048.0000 256 96 0.3750
5072.0000 257 96 0.3735
5076.2000 257 97 0.3774
5089.0000 258 97 0.3760
5112.0000 259 97 0.3745
5131.0000 260 97 0.3731
5151.0000 261 97 0.3716
5169.6000 261 98 0.3755
5175.0000 262 98 0.3740
5194.0000 263 98 0.3726
5212.8000 263 99 0.3764
5215.0000 264 99 0.3750
5237.0000 265 99 0.3736
5254.0000 266 99 0.3722
5257.8000 266 100 0.3759
5263.5000 266 101 0.3797
5269.0000 267 101 0.3783
5291.0000 268 101 0.3769
5298.1000 268 102 0.3806
5307.0000 269 102 0.3792
5324.0000 270 102 0.3778
5339.0000 271 102 0.3764
5356.0000 272 102 0.3750
5371.0000 273 102 0.3736
5387.0000 274 102 0.3723
5410.0000 275 102 0.3709
5426.0000 276 102 0.3696
5438.7000 276 103 0.3732
5447.0000 277 103 0.3718
5470.0000 278 103 0.3705
5490.0000 279 103 0.3692
5504.6000 279 104 0.3728
5507.0000 280 104 0.3714
5518.8000 280 105 0.3750
5528.0000 281 105 0.3737
5546.0000 282 105 0.3723
5564.0000 283 105 0.3710
5566.2000 283 106 0.3746
5584.0000 284 106 0.3732
5589.1000 284 107 0.3768
5607.0000 285 107 0.3754
5625.0000 286 107 0.3741
5643.0000 287 107 0.3728
5665.0000 288 107 0.3715
5685.0000 289 107 0.3702
5693.8000 289 108 0.3737
5704.0000 290 108 0.3724
5724.0000 291 108 0.3711
5729.4000 291 109 0.3746
5745.0000 292 109 0.3733
5745.2000 292 110 0.3767
5747.9000 292 111 0.3801
5760.0000 293 111 0.3788
5784.0000 294 111 0.3776
5805.0000 295 111 0.3763
5807.1000 295 112 0.3797
5813.1000 295 113 0.3831
5822.0000 296 113 0.3818
5841.0000 297 113 0.3805
5854.4000 297 114 0.3838
5856.4000 297 115 0.3872
5859.0000 298 115 0.3859
5874.0000 299 115 0.3846
5893.0000 300 115 0.3833
5898.7000 300 116 0.3867
5914.0000 301 116 0.3854
5914.2000 301 117 0.3887
5932.0000 302 117 0.3874
5953.0000 303 117 0.3861
5971.0000 304 117 0.3849
5986.0000 305 117 0.3836
5996.4000 305 118 0.3869
5996.8000 305 119 0.3902
6003.8000 305 120 0.3934
6008.0000 306 120 0.3922
6012.3000 306 121 0.3954
6014.4000 306 122 0.3987
6024.0000 307 122 0.3974
6029.0000 307 123 0.4007
6041.0000 308 123 0.3994
6063.0000 309 123 0.3981
6068.1000 309 124 0.4013
6087.0000 310 124 0.4000
6105.0000 311 124 0.3987
6124.0000 312 124 0.3974
6129.8000 312 125 0.4006
6130.6000 312 126 0.4038
6145.0000 313 126 0.4026
6166.0000 314 126 0.4013
6182.0000 315 126 0.4000
6201.0000 316 126 0.3987
6216.0000 317 126 0.3975
6231.0000 318 126 0.3962
6237.4000 318 127 0.3994
6240.3000 318 128 0.4025
6248.0000 319 128 0.4013
6261.7000 319 129 0.4044
6267.0000 320 129 0.4031
6286.0000 320 130 0.4063
6289.0000 321 130 0.4050
6289.3000 321 131 0.4081
6308.0000 322 131 0.4068
6332.0000 323 131 0.4056
6355.0000 324 131 0.4043
6372.0000 325 131 0.4031
6390.2000 325 132 0.4062
6391.8000 325 133 0.4092
6392.4000 325 134 0.4123
6393.0000 326 134 0.4110
6417.0000 327 134 0.4098
6424.2000 327 135 0.4128
6431.8000 327 136 0.4159
6441.0000 328 136 0.4146
6465.0000 329 136 0.4134
6467.2000 329 137 0.4164
6486.0000 330 137 0.4152
6502.0000 331 137 0.4139
6518.0000 332 137 0.4127
6536.0000 333 137 0.4114
6548.1000 333 138 0.4144
6552.5000 333 139 0.4174
6555.0000 334 139 0.4162
6572.0000 335 139 0.4149
6591.0000 336 139 0.4137
6608.0000 337 139 0.4125
6631.0000 338 139 0.4112
6646.0000 339 139 0.4100
6665.0000 340 139 0.4088
6684.0000 341 139 0.4076
6696.4000 341 140 0.4106
6708.0000 342 140 0.4094
6725.0000 343 140 0.4082
6728.6000 343 141 0.4111
6733.4000 343 142 0.4140
6745.0000 344 142 0.4128
6760.0000 345 142 0.4116
6781.0000 346 142 0.4104
6795.4000 346 143 0.4133
6800.0000 347 143 0.4121
6816.0000 348 143 0.4109
6827.4000 348 144 0.4138
6839.0000 349 144 0.4126
6854.0000 350 144 0.4114
6874.0000 351 144 0.4103
6889.0000 352 144 0.4091
6893.6000 352 145 0.4119
6897.1000 352 146 0.4148
6900.6000 352 147 0.4176
6909.0000 353 147 0.4164
6930.0000 354 147 0.4153
6937.8000 354 148 0.4181
6940.2000 354 149 0.4209
6951.0000 355 149 0.4197
6971.0000 356 149 0.4185
6975.7000 356 150 0.4213
6978.5000 356 151 0.4242
6995.0000 357 151 0.4230
7010.0000 358 151 0.4218
7012.0000 358 152 0.4246
7019.2000 358 153 0.4274
7029.0000 359 153 0.4262
7043.1000 359 154 0.4290
7048.0000 360 154 0.4278
7061.9000 360 155 0.4306
7071.0000 361 155 0.4294
7093.0000 362 155 0.4282
7108.0000 363 155 0.4270
7112.7000 363 156 0.4298
7130.0000 364 156 0.4286
7147.0000 365 156 0.4274
7163.0000 366 156 0.4262
7176.4000 366 157 0.4290
7180.0000 367 157 0.4278
7189.3000 367 158 0.4305
7192.1000 367 159 0.4332
7197.0000 368 159 0.4321
7221.0000 369 159 0.4309
7240.0000 370 159 0.4297
7253.6000 370 160 0.4324
7255.0000 371 160 0.4313
7272.0000 372 160 0.4301
7296.0000 373 160 0.4290
7314.6000 373 161 0.4316
7316.3000 373 162 0.4343
7319.0000 374 162 0.4332
7333.2000 374 163 0.4358
7335.0000 375 163 0.4347
7358.0000 376 163 0.4335
7367.4000 376 164 0.4362
7378.0000 377 164 0.4350
7394.0000 378 164 0.4339
7411.0000 379 164 0.4327
7435.0000 380 164 0.4316
7436.5000 380 165 0.4342
7459.0000 381 165 0.4331
7472.9000 381 166 0.4357
7480.0000 382 166 0.4346
7498.0000 383 166 0.4334
7514.0000 384 166 0.4323
7536.0000 385 166 0.4312
7559.0000 386 166 0.4301
7574.0000 387 166 0.4289
7583.5000 387 167 0.4315
7592.2000 387 168 0.4341
7595.0000 388 168 0.4330
7613.0000 389 168 0.4319
7632.0000 390 168 0.4308
7648.6000 390 169 0.4333
7651.0000 390 170 0.4359
7654.2000 390 171 0.4385
7656.0000 391 171 0.4373
7673.0000 392 171 0.4362
7679.1000 392 172 0.4388
7696.0000 393 172 0.4377
7713.0000 394 172 0.4365
7723.1000 394 173 0.4391
7730.0000 395 173 0.4380
7745.0000 396 173 0.4369
7749.4000 396 174 0.4394
7762.0000 397 174 0.4383
7784.0000 398 174 0.4372
7804.0000 399 174 0.4361
7822.0000 400 174 0.4350
7840.0000 401 174 0.4339
7858.0000 402 174 0.4328
7874.0000 403 174 0.4318
7891.0000 403 175 0.4342
7895.0000 404 175 0.4332
7904.6000 404 176 0.4356
7907.7000 404 177 0.4381
7914.0000 405 177 0.4370
7922.2000 405 178 0.4395
7931.0000 406 178 0.4384
7948.0000 407 178 0.4373
7961.1000 407 179 0.4398
7972.0000 408 179 0.4387
7987.0000 409 179 0.4377
7992.4000 409 180 0.4401
8002.0000 410 180 0.4390
8024.0000 411 180 0.4380
8035.0000 411 181 0.4404
8040.0000 412 181 0.4393
8041.7000 412 182 0.4417
8059.0000 413 182 0.4407
8066.2000 413 183 0.4431
8082.0000 414 183 0.4420
8099.0000 415 183 0.4410
8105.0000 415 184 0.4434
8116.0000 416 184 0.4423
8137.0000 417 184 0.4412
8158.0000 418 184 0.4402
8173.0000 419 184 0.4391
8190.0000 420 184 0.4381
8205.0000 421 184 0.4371
8205.7000 421 185 0.4394
8227.0000 422 185 0.4384
8229.5000 422 186 0.4408
8251.0000 423 186 0.4397
8270.0000 423 187 0.4421
8270.3000 423 188 0.4444
8275.0000 424 188 0.4434
8297.0000 425 188 0.4424
8317.0000 426 188 0.4413
8336.0000 427 188 0.4403
8344.9000 427 189 0.4426
8359.0000 428 189 0.4416
8363.6000 428 190 0.4439
8375.0000 429 190 0.4429
8396.0000 430 190 0.4419
8414.0000 431 190 0.4408
8437.0000 432 190 0.4398
8453.0000 433 190 0.4388
8468.0000 434 190 0.4378
8492.0000 435 190 0.4368
8510.0000 436 190 0.4358
8525.0000 437 190 0.4348
8544.0000 438 190 0.4338
8566.0000 439 190 0.4328
8569.3000 439 191 0.4351
8570.0000 439 192 0.4374
8578.2000 439 193 0.4396
8586.0000 440 193 0.4386
8609.0000 441 193 0.4376
8625.0000 442 193 0.4367
8630.3000 442 194 0.4389
8641.3000 442 195 0.4412
8644.0000 443 195 0.4402
8663.0000 444 195 0.4392
8681.0000 445 195 0.4382
8697.0000 446 195 0.4372
8706.3000 446 196 0.4395
8719.0000 447 196 0.4385
8736.7000 447 197 0.4407
8743.0000 448 197 0.4397
8767.0000 449 197 0.4388
8778.0000 449 198 0.4410
8784.0000 450 198 0.4400
8790.7000 450 199 0.4422
8792.8000 450 200 0.4444
8793.7000 450 201 0.4467
8800.0000 451 201 0.4457
8806.6000 451 202 0.4479
8823.0000 452 202 0.4469
8839.0000 453 202 0.4459
8842.7000 453 203 0.4481
8854.0000 454 203 0.4471
8869.0000 455 203 0.4462
8882.6000 455 204 0.4484
8888.6000 455 205 0.4505
8892.0000 456 205 0.4496
8892.6000 456 206 0.4518
8911.0000 457 206 0.4508
8929.0000 458 206 0.4498
8944.0000 459 206 0.4488
8955.3000 459 207 0.4510
8961.0000 460 207 0.4500
8979.0000 461 207 0.4490
8997.0000 462 207 0.4481
9011.6000 462 208 0.4502
9013.0000 463 208 0.4492
9013.5000 463 209 0.4514
9035.0000 464 209 0.4504
9055.6000 464 210 0.4526
9058.0000 465 210 0.4516
9065.9000 465 211 0.4538
9073.0000 466 211 0.4528
9093.5000 466 212 0.4549
9095.0000 467 212 0.4540
9119.0000 468 212 0.4530
9142.8000 468 213 0.4551
9143.0000 469 213 0.4542
9162.0000 470 213 0.4532
9171.7000 470 214 0.4553
9185.2000 470 215 0.4574
9186.0000 471 215 0.4565
9196.5000 471 216 0.4586
9209.0000 472 216 0.4576
9224.0000 473 216 0.4567
9245.0000 474 216 0.4557
9264.0000 475 216 0.4547
9280.8000 475 217 0.4568
9288.0000 476 217 0.4559
9306.5000 476 218 0.4580
9310.0000 477 218 0.4570
9314.8000 477 219 0.4591
9326.0000 478 219 0.4582
9339.3000 478 220 0.4603
9340.9000 478 221 0.4623
9341.0000 479 221 0.4614
9365.0000 480 221 0.4604
9387.0000 481 221 0.4595
9403.0000 482 221 0.4585
9426.0000 483 221 0.4576
9444.0000 484 221 0.4566
9468.0000 485 221 0.4557
9485.0000 486 221 0.4547
9503.0000 487 221 0.4538
9527.0000 488 221 0.4529
9550.0000 489 221 0.4519
9573.0000 490 221 0.4510
9583.4000 490 222 0.4531
9591.0000 491 222 0.4521
9614.0000 492 222 0.4512
9614.9000 492 223 0.4533
9632.0000 493 223 0.4523
9652.9000 493 224 0.4544
9653.0000 494 224 0.4534
9669.5000 494 225 0.4555
9676.0000 495 225 0.4545
9693.0000 496 225 0.4536
9715.0000 497 225 0.4527
9736.0000 498 225 0.4518
9750.0000 498 226 0.4538
9751.4000 498 227 0.4558
9752.0000 499 227 0.4549
9772.0000 499 228 0.4569
9776.0000 500 228 0.4560
9799.0000 501 228 0.4551
9821.0000 502 228 0.4542
9837.0000 503 228 0.4533
9861.0000 504 228 0.4524
9879.0000 505 228 0.4515
9894.0000 506 228 0.4506
9909.0000 507 228 0.4497
9927.0000 508 228 0.4488
9946.0000 509 228 0.4479
9946.2000 509 229 0.4499
9952.0000 509 230 0.4519
9969.0000 510 230 0.4510
9988.0000 511 230 0.4501
10007.0000 512 230 0.4492
10024.0000 513 230 0.4483
10024.8000 513 231 0.4503
10026.8000 513 232 0.4522
10044.0000 514 232 0.4514
10067.0000 515 232 0.4505
10074.9000 515 233 0.4524
10087.0000 516 233 0.4516
10111.0000 517 233 0.4507
10132.0000 518 233 0.4498
10154.0000 519 233 0.4489
10177.0000 520 233 0.4481
10186.8000 520 234 0.4500
10194.0000 521 234 0.4491
10216.0000 522 234 0.4483
10233.6000 522 235 0.4502
10235.0000 523 235 0.4493
10257.0000 524 235 0.4485
10281.0000 525 235 0.4476
10300.0000 526 235 0.4468
10320.0000 527 235 0.4459
10343.0000 528 235 0.4451
10358.8000 528 236 0.4470
10366.0000 529 236 0.4461
10376.4000 529 237 0.4480
10379.4000 529 238 0.4499
10382.0000 530 238 0.4491
10402.0000 531 238 0.4482
10416.0000 531 239 0.4501
10423.0000 532 239 0.4492
10439.6000 532 240 0.4511
10441.0000 533 240 0.4503
10461.0000 534 240 0.4494
10480.0000 535 240 0.4486
10496.9000 535 241 0.4505
10497.0000 536 241 0.4496
10499.4000 536 242 0.4515
10512.9000 536 243 0.4534
10518.0000 537 243 0.4525
10536.0000 537 244 0.4544
10536.6000 537 245 0.4562
10537.0000 538 245 0.4554
10555.0000 539 245 0.4545
10571.0000 540 245 0.4537
10591.0000 541 245 0.4529
10615.0000 542 245 0.4520
10637.0000 543 245 0.4512
10644.4000 543 246 0.4530
10645.7000 543 247 0.4549
10657.0000 544 247 0.4540
10665.1000 544 248 0.4559
10666.1000 544 249 0.4577
10681.0000 545 249 0.4569
10703.0000 546 249 0.4560
10715.1000 546 250 0.4579
10726.0000 547 250 0.4570
10748.0000 548 250 0.4562
10768.0000 549 250 0.4554
10781.7000 549 251 0.4572
10788.0000 550 251 0.4564
10808.0000 551 251 0.4555
10823.0000 552 251 0.4547
10842.0000 553 251 0.4539
10866.0000 554 251 0.4531
10877.4000 554 252 0.4549
10884.1000 554 253 0.4567
10884.2000 554 254 0.4585
10885.0000 555 254 0.4577
10896.4000 555 255 0.4595
10907.0000 556 255 0.4586
10925.0000 557 255 0.4578
10942.0000 558 255 0.4570
10956.9000 558 256 0.4588
10966.0000 559 256 0.4580
10983.0000 560 256 0.4571
11006.0000 561 256 0.4563
11019.7000 561 257 0.4581
11021.3000 561 258 0.4599
11023.0000 562 258 0.4591
11046.0000 563 258 0.4583
11063.7000 563 259 0.4600
11068.0000 564 259 0.4592
11084.0000 565 259 0.4584
11098.4000 565 260 0.4602
11102.0000 566 260 0.4594
11120.0000 567 260 0.4586
11143.0000 568 260 0.4577
11166.0000 569 260 0.4569
11174.1000 569 261 0.4587
11182.0000 570 261 0.4579
11182.5000 570 262 0.4596
11197.6000 570 263 0.4614
11201.0000 571 263 0.4606
11209.0000 571 264 0.4623
11218.0000 572 264 0.4615
11238.0000 573 264 0.4607
11250.8000 573 265 0.4625
11252.6000 573 266 0.4642
11260.0000 574 266 0.4634
11265.3000 574 267 0.4652
11280.0000 575 267 0.4643
11284.8000 575 268 0.4661
11298.0000 576 268 0.4653
11308.0000 576 269 0.4670
11308.0000 576 270 0.4688
11319.0000 577 270 0.4679
11335.0000 577 271 0.4697
11343.0000 578 271 0.4689
11360.6000 578 272 0.4706
11363.0000 579 272 0.4698
11381.0000 580 272 0.4690
11405.0000 581 272 0.4682
11424.0000 582 272 0.4674
11426.6000 582 273 0.4691
11433.8000 582 274 0.4708
11436.5000 582 275 0.4725
11443.0000 583 275 0.4717
11450.2000 583 276 0.4734
11467.0000 584 276 0.4726
11483.9000 584 277 0.4743
11491.0000 585 277 0.4735
11511.0000 586 277 0.4727
11513.2000 586 278 0.4744
11529.0000 587 278 0.4736
11533.7000 587 279 0.4753
11540.0000 587 280 0.4770
11547.0000 588 280 0.4762
11564.3000 588 281 0.4779
11566.0000 589 281 0.4771
11586.0000 590 281 0.4763
11603.3000 590 282 0.4780
11610.0000 591 282 0.4772
11613.7000 591 283 0.4788
11626.0000 592 283 0.4780
11634.3000 592 284 0.4797
11640.2000 592 285 0.4814
11646.7000 592 286 0.4831
11650.0000 593 286 0.4823
11665.0000 594 286 0.4815
11668.6000 594 287 0.4832
11680.0000 595 287 0.4824
11687.5000 595 288 0.4840
11696.0000 596 288 0.4832
11711.0000 597 288 0.4824
11731.0000 598 288 0.4816
11755.0000 599 288 0.4808
11771.0000 600 288 0.4800
11790.0000 601 288 0.4792
11805.5000 601 289 0.4809
11809.0000 602 289 0.4801
11809.6000 602 290 0.4817
11826.4000 602 291 0.4834
11827.0000 603 291 0.4826
11828.2000 603 292 0.4842
11851.0000 604 292 0.4834
11851.7000 604 293 0.4851
11867.0000 605 293 0.4843
11885.0000 606 293 0.4835
11907.0000 607 293 0.4827
11929.0000 608 293 0.4819
11940.3000 608 294 0.4836
11948.0000 609 294 0.4828
11959.7000 609 295 0.4844
11966.5000 609 296 0.4860
11971.0000 610 296 0.4852
11995.0000 611 296 0.4845
12005.8000 611 297 0.4861
12012.0000 612 297 0.4853
12033.0000 613 297 0.4845
12048.0000 614 297 0.4837
12066.6000 614 298 0.4853
12070.0000 615 298 0.4846
12073.0000 615 299 0.4862
12088.0000 616 299 0.4854
12091.1000 616 300 0.4870
12102.1000 616 301 0.4886
12104.0000 617 301 0.4878
12124.0000 618 301 0.4871
12135.5000 618 302 0.4887
12145.0000 619 302 0.4879
12153.5000 619 303 0.4895
12155.1000 619 304 0.4911
12165.0000 620 304 0.4903
12165.7000 620 305 0.4919
12189.0000 621 305 0.4911
12209.0000 622 305 0.4904
12210.0000 622 306 0.4920
12216.4000 622 307 0.4936
12218.5000 622 308 0.4952
12220.5000 622 309 0.4968
12226.0000 623 309 0.4960
12244.4000 623 310 0.4976
12249.0000 624 310 0.4968
12270.0000 625 310 0.4960
12287.0000 626 310 0.4952
12304.8000 626 311 0.4968
12305.0000 627 311 0.4960
12315.3000 627 312 0.4976
12323.0000 628 312 0.4968
12330.6000 628 313 0.4984
12332.1000 628 314 0.5000
12339.0000 629 314 0.4992
12342.2000 629 315 0.5008
12345.6000 629 316 0.5024
12352.5000 629 317 0.5040
12358.0000 630 317 0.5032
12377.0000 631 317 0.5024
12399.0000 632 317 0.5016
12421.0000 633 317 0.5008
12444.0000 634 317 0.5000
12463.0000 635 317 0.4992
12479.0000 636 317 0.4984
12485.9000 636 318 0.5000
12492.0000 636 319 0.5016
12497.0000 637 319 0.5008
12505.9000 637 320 0.5024
12518.0000 638 320 0.5016
12538.0000 639 320 0.5008
12552.4000 639 321 0.5023
12556.0000 640 321 0.5016
12575.0000 641 321 0.5008
12582.6000 641 322 0.5023
12596.0000 642 322 0.5016
12603.2000 642 323 0.5031
12611.0000 643 323 0.5023
12635.0000 644 323 0.5016
12642.9000 644 324 0.5031
12655.0000 645 324 0.5023
12659.1000 645 325 0.5039
12670.6000 645 326 0.5054
12672.0000 646 326 0.5046
12689.5000 646 327 0.5062
12691.0000 647 327 0.5054
12694.3000 647 328 0.5070
12713.0000 648 328 0.5062
12725.8000 648 329 0.5077
12727.4000 648 330 0.5093
12737.0000 649 330 0.5085
12761.0000 650 330 0.5077
12781.0000 651 330 0.5069
12798.0000 652 330 0.5061
12818.0000 653 330 0.5054
12830.3000 653 331 0.5069
12836.3000 653 332 0.5084
12839.0000 654 332 0.5076
12863.0000 655 332 0.5069
12884.0000 656 332 0.5061
12901.0000 657 332 0.5053
12919.0000 658 332 0.5046
12936.0000 659 332 0.5038
12945.6000 659 333 0.5053
12954.0000 660 333 0.5045
12971.0000 661 333 0.5038
12986.0000 662 333 0.5030
12989.2000 662 334 0.5045
12993.5000 662 335 0.5060
13009.0000 663 335 0.5053
13021.6000 663 336 0.5068
13029.0000 664 336 0.5060
13042.0000 664 337 0.5075
13048.0000 665 337 0.5068
13069.0000 666 337 0.5060
13080.5000 666 338 0.5075
13090.0000 667 338 0.5067
13112.0000 668 338 0.5060
13135.0000 669 338 0.5052
13146.6000 669 339 0.5067
13147.5000 669 340 0.5082
13157.0000 670 340 0.5075
13175.0000 671 340 0.5067
13198.0000 672 340 0.5060
13222.0000 673 340 0.5052
13237.0000 674 340 0.5045
13261.0000 675 340 0.5037
13279.0000 676 340 0.5030
13303.0000 677 340 0.5022
13323.9000 677 341 0.5037
13327.0000 678 341 0.5029
13344.0000 679 341 0.5022
13367.0000 680 341 0.5015
13368.9000 680 342 0.5029
13385.0000 681 342 0.5022
13400.0000 682 342 0.5015
13422.0000 683 342 0.5007
13423.8000 683 343 0.5022
13429.5000 683 344 0.5037
13434.6000 683 345 0.5051
13439.0000 684 345 0.5044
13463.0000 685 345 0.5036
13485.0000 686 345 0.5029
13501.0000 687 345 0.5022
13512.8000 687 346 0.5036
13522.0000 688 346 0.5029
13534.7000 688 347 0.5044
13543.0000 689 347 0.5036
13558.0000 690 347 0.5029
13570.8000 690 348 0.5043
13578.0000 691 348 0.5036
13584.3000 691 349 0.5051
13597.0000 692 349 0.5043
13601.2000 692 350 0.5058
13605.2000 692 351 0.5072
13612.0000 693 351 0.5065
13622.2000 693 352 0.5079
13633.0000 694 352 0.5072
13639.9000 694 353 0.5086
13640.1000 694 354 0.5101
13654.0000 695 354 0.5094
13664.2000 695 355 0.5108
13674.0000 696 355 0.5101
13681.1000 696 356 0.5115
13689.0000 697 356 0.5108
13701.0000 697 357 0.5122
13713.0000 698 357 0.5115
13733.0000 699 357 0.5107
13750.0000 700 357 0.5100
13770.6000 700 358 0.5114
13771.0000 701 358 0.5107
13787.0000 702 358 0.5100
13808.0000 703 358 0.5092
13831.0000 704 358 0.5085
13853.0000 705 358 0.5078
13866.5000 705 359 0.5092
13874.0000 706 359 0.5085
13894.0000 707 359 0.5078
13915.0000 708 359 0.5071
13929.4000 708 360 0.5085
13929.7000 708 361 0.5099
13937.0000 709 361 0.5092
13952.0000 710 361 0.5085
13954.6000 710 362 0.5099
13955.8000 710 363 0.5113
13976.0000 711 363 0.5105
13994.0000 712 363 0.5098
14011.0000 713 363 0.5091
14032.0000 714 363 0.5084
14056.0000 715 363 0.5077
14077.0000 716 363 0.5070
14092.0000 717 363 0.5063
14107.0000 718 363 0.5056
14108.3000 718 364 0.5070
14123.0000 719 364 0.5063
14141.4000 719 365 0.5076
14143.5000 719 366 0.5090
14147.0000 720 366 0.5083
14167.0000 721 366 0.5076
14186.0000 722 366 0.5069
14204.0000 723 366 0.5062
14208.3000 723 367 0.5076
14225.0000 724 367 0.5069
14233.7000 724 368 0.5083
14245.0000 725 368 0.5076
14250.0000 725 369 0.5090
14267.0000 726 369 0.5083
14282.6000 726 370 0.5096
14286.0000 727 370 0.5089
14304.0000 728 370 0.5082
14323.0000 729 370 0.5075
14342.0000 729 371 0.5089
14343.0000 730 371 0.5082
14363.0000 731 371 0.5075
14385.0000 732 371 0.5068
14404.0000 733 371 0.5061
14420.0000 734 371 0.5054
14421.8000 734 372 0.5068
14433.2000 734 373 0.5082
14434.3000 734 374 0.5095
14440.5000 734 375 0.5109
14441.0000 735 375 0.5102
14444.2000 735 376 0.5116
14456.0000 736 376 0.5109
14466.4000 736 377 0.5122
14475.0000 737 377 0.5115
14499.0000 738 377 0.5108
14523.0000 739 377 0.5101
14544.0000 740 377 0.5095
14568.0000 741 377 0.5088
14588.0000 742 377 0.5081
14597.4000 742 378 0.5094
14603.0000 743 378 0.5087
14618.0000 744 378 0.5081
14631.4000 744 379 0.5094
14638.0000 744 380 0.5108
14639.0000 745 380 0.5101
14649.6000 745 381 0.5114
14655.0000 746 381 0.5107
14676.0000 747 381 0.5100
14696.0000 748 381 0.5094
14718.0000 749 381 0.5087
14725.3000 749 382 0.5100
14736.0000 750 382 0.5093
14746.0000 750 383 0.5107
14756.0000 751 383 0.5100
14773.0000 752 383 0.5093
14781.4000 752 384 0.5106
14790.0000 753 384 0.5100
14809.0000 754 384 0.5093
14830.5000 754 385 0.5106
14831.0000 755 385 0.5099
14848.0000 756 385 0.5093
14857.2000 756 386 0.5106
14867.0000 757 386 0.5099
14889.0000 758 386 0.5092
14905.0000 759 386 0.5086
14927.0000 760 386 0.5079
14942.0000 761 386 0.5072
14961.0000 762 386 0.5066
14975.8000 762 387 0.5079
14980.6000 762 388 0.5092
14984.0000 763 388 0.5085
14999.0000 764 388 0.5079
15000.7000 764 389 0.5092
15002.7000 764 390 0.5105
15003.4000 764 391 0.5118
15021.0000 765 391 0.5111
15032.7000 765 392 0.5124
15041.0000 766 392 0.5117
15058.0000 767 392 0.5111
15071.9000 767 393 0.5124
15074.0000 768 393 0.5117
15089.2000 768 394 0.5130
15093.0000 769 394 0.5124
15101.5000 769 395 0.5137
15114.0000 770 395 0.5130
15132.0000 771 395 0.5123
15132.8000 771 396 0.5136
15149.0000 772 396 0.5130
15172.0000 773 396 0.5123
15174.1000 773 397 0.5136
15190.0000 774 397 0.5129
15212.0000 775 397 0.5123
15235.0000 776 397 0.5116
15256.0000 777 397 0.5109
15266.0000 777 398 0.5122
15266.1000 777 399 0.5135
15280.0000 778 399 0.5129
15297.0000 779 399 0.5122
15318.0000 780 399 0.5115
15336.0000 781 399 0.5109
15360.0000 782 399 0.5102
15381.0000 783 399 0.5096
15399.0000 784 399 0.5089
15419.0000 785 399 0.5083
15439.2000 785 400 0.5096
15441.0000 786 400 0.5089
15442.1000 786 401 0.5102
15465.0000 787 401 0.5095
15482.0000 788 401 0.5089
15503.7000 788 402 0.5102
15504.0000 789 402 0.5095
15526.0000 790 402 0.5089
15536.2000 790 403 0.5101
15538.7000 790 404 0.5114
15547.0000 791 404 0.5107
15549.0000 791 405 0.5120
15569.0000 792 405 0.5114
15591.0000 793 405 0.5107
15615.0000 794 405 0.5101
15632.0000 795 405 0.5094
15651.0000 796 405 0.5088
15666.0000 797 405 0.5082
15684.0000 798 405 0.5075
15708.0000 799 405 0.5069
15724.0000 800 405 0.5063
15744.5000 800 406 0.5075
15746.0000 801 406 0.5069
15764.0000 802 406 0.5062
15764.3000 802 407 0.5075
15780.2000 802 408 0.5087
15782.0000 803 408 0.5081
15793.3000 803 409 0.5093
15799.0000 804 409 0.5087
15815.0000 805 409 0.5081
15816.9000 805 410 0.5093
15838.0000 806 410 0.5087
15854.0000 807 410 0.5081
15873.0000 808 410 0.5074
15880.8000 808 411 0.5087
15891.0000 808 412 0.5099
15894.0000 809 412 0.5093
15909.0000 810 412 0.5086
15927.0000 811 412 0.5080
15948.0000 812 412 0.5074
15953.1000 812 413 0.5086
15967.0000 813 413 0.5080
15990.0000 814 413 0.5074
16005.9000 814 414 0.5086
16010.0000 815 414 0.5080
16027.0000 816 414 0.5074
16042.0000 817 414 0.5067
16056.2000 817 415 0.5080
16061.0000 818 415 0.5073
16061.0000 818 416 0.5086
16080.0000 819 416 0.5079
16100.6000 819 417 0.5092
16104.0000 820 417 0.5085
16124.0000 821 417 0.5079
16139.0000 822 417 0.5073
16155.0000 823 417 0.5067
16159.9000 823 418 0.5079
16171.0000 823 419 0.5091
16175.0000 824 419 0.5085
16196.0000 825 419 0.5079
16201.6000 825 420 0.5091
16212.0000 826 420 0.5085
16220.0000 826 421 0.5097
16230.0000 827 421 0.5091
16232.5000 827 422 0.5103
16245.0000 828 422 0.5097
16258.9000 828 423 0.5109
16261.0000 829 423 0.5103
16281.0000 830 423 0.5096
16301.0000 831 423 0.5090
16310.2000 831 424 0.5102
16322.0000 832 424 0.5096
16328.2000 832 425 0.5108
16338.0000 833 425 0.5102
16357.0000 834 425 0.5096
16380.0000 835 425 0.5090
16399.0000 836 425 0.5084
16408.5000 836 426 0.5096
16416.0000 837 426 0.5090
16433.0000 838 426 0.5084
16455.0000 839 426 0.5077
16479.0000 840 426 0.5071
16503.0000 841 426 0.5065
16520.1000 841 427 0.5077
16526.0000 842 427 0.5071
16547.0000 843 427 0.5065
16568.0000 844 427 0.5059
16587.0000 844 428 0.5071
16588.9000 844 429 0.5083
16589.0000 845 429 0.5077
16610.0000 846 429 0.5071
16619.3000 846 430 0.5083
16628.0000 847 430 0.5077
16630.6000 847 431 0.5089
16646.0000 848 431 0.5083
16653.5000 848 432 0.5094
16662.0000 849 432 0.5088
16682.0000 850 432 0.5082
16687.1000 850 433 0.5094
16699.0000 851 433 0.5088
16721.7000 851 434 0.5100
16723.0000 852 434 0.5094
16745.0000 853 434 0.5088
16760.0000 854 434 0.5082
16772.0000 854 435 0.5094
16783.0000 855 435 0.5088
16800.0000 856 435 0.5082
16818.0000 857 435 0.5076
16835.0000 858 435 0.5070
16844.1000 858 436 0.5082
16852.1000 858 437 0.5093
16858.0000 859 437 0.5087
16881.0000 860 437 0.5081
16901.0000 861 437 0.5075
16917.0000 862 437 0.5070
16935.0000 863 437 0.5064
16959.0000 864 437 0.5058
16976.8000 864 438 0.5069
16979.0000 864 439 0.5081
16980.0000 865 439 0.5075
16997.0000 866 439 0.5069
17021.0000 867 439 0.5063
17040.0000 868 439 0.5058
17063.0000 869 439 0.5052
17082.0000 870 439 0.5046
17105.0000 871 439 0.5040
17126.0000 872 439 0.5034
17136.1000 872 440 0.5046
17136.1000 872 441 0.5057
17143.0000 873 441 0.5052
17162.0000 874 441 0.5046
17177.6000 874 442 0.5057
17181.0000 875 442 0.5051
17202.0000 876 442 0.5046
17225.0000 877 442 0.5040
17240.0000 878 442 0.5034
17259.0000 879 442 0.5028
17278.0000 880 442 0.5023
17279.7000 880 443 0.5034
17299.0000 881 443 0.5028
17318.0000 882 443 0.5023
17336.0000 883 443 0.5017
17353.0000 884 443 0.5011
17357.6000 884 444 0.5023
17370.0000 885 444 0.5017
17371.3000 885 445 0.5028
17394.0000 886 445 0.5023
17394.7000 886 446 0.5034
17396.8000 886 447 0.5045
17406.8000 886 448 0.5056
17416.0000 887 448 0.5051
17439.0000 888 448 0.5045
17454.0000 889 448 0.5039
17461.4000 889 449 0.5051
17469.2000 889 450 0.5062
17477.0000 890 450 0.5056
17497.0000 891 450 0.5051
17515.0000 892 450 0.5045
17535.0000 893 450 0.5039
17558.0000 894 450 0.5034
17574.0000 895 450 0.5028
17598.0000 896 450 0.5022
17619.0000 897 450 0.5017
17639.0000 898 450 0.5011
17653.1000 898 451 0.5022
17654.0000 899 451 0.5017
17672.0000 900 451 0.5011
17690.0000 901 451 0.5006
17701.0000 901 452 0.5017
17710.0000 902 452 0.5011
17734.0000 903 452 0.5006
17751.0000 904 452 0.5000
17756.3000 904 453 0.5011
17773.8000 904 454 0.5022
17774.0000 905 454 0.5017
17782.4000 905 455 0.5028
17793.0000 906 455 0.5022
17808.0000 907 455 0.5017
17814.0000 907 456 0.5028
17817.1000 907 457 0.5039
17826.0000 908 457 0.5033
17846.0000 909 457 0.5028
17864.0000 910 457 0.5022
17884.0000 911 457 0.5016
17886.4000 911 458 0.5027
17896.0000 911 459 0.5038
17899.0000 912 459 0.5033
17917.0000 913 459 0.5027
17934.5000 913 460 0.5038
17934.7000 913 461 0.5049
17936.0000 914 461 0.5044
17940.6000 914 462 0.5055
17952.5000 914 463 0.5066
17953.0000 914 464 0.5077
17958.0000 915 464 0.5071
17971.7000 915 465 0.5082
17976.0000 916 465 0.5076
18000.0000 917 465 0.5071
18020.6000 917 466 0.5082
18021.0000 918 466 0.5076
18040.0000 919 466 0.5071
18059.0000 920 466 0.5065
18075.4000 920 467 0.5076
18077.0000 921 467 0.5071
18091.0000 921 468 0.5081
18092.0000 922 468 0.5076
18112.1000 922 469 0.5087
18113.0000 923 469 0.5081
18124.5000 923 470 0.5092
18132.0000 924 470 0.5087
18147.4000 924 471 0.5097
18155.0000 925 471 0.5092
18161.0000 925 472 0.5103
18169.3000 925 473 0.5114
18177.0000 926 473 0.5108
18192.0000 927 473 0.5102
18214.0000 928 473 0.5097
18221.6000 928 474 0.5108
18236.0000 929 474 0.5102
18259.0000 930 474 0.5097
18275.0000 931 474 0.5091
18298.0000 932 474 0.5086
18304.4000 932 475 0.5097
18319.4000 932 476 0.5107
18321.0000 933 476 0.5102
18340.0000 934 476 0.5096
18353.1000 934 477 0.5107
18364.0000 935 477 0.5102
18374.6000 935 478 0.5112
18383.0000 936 478 0.5107
18402.0000 937 478 0.5101
18425.0000 938 478 0.5096
18449.0000 939 478 0.5091
18452.8000 939 479 0.5101
18473.0000 940 479 0.5096
18488.0000 941 479 0.5090
18512.0000 942 479 0.5085
18515.7000 942 480 0.5096
18534.0000 943 480 0.5090
18549.0000 944 480 0.5085
18570.0000 945 480 0.5079
18577.0000 945 481 0.5090
18579.2000 945 482 0.5101
18580.1000 945 483 0.5111
18590.0000 946 483 0.5106
18613.0000 947 483 0.5100
18632.0000 948 483 0.5095
18653.0000 949 483 0.5090
18661.2000 949 484 0.5100
18677.0000 950 484 0.5095
18696.0000 951 484 0.5089
18715.0000 952 484 0.5084
18735.6000 952 485 0.5095
18738.0000 953 485 0.5089
18753.0000 954 485 0.5084
18768.0000 955 485 0.5079
18770.5000 955 486 0.5089
18784.0000 955 487 0.5099
18786.0000 956 487 0.5094
18798.2000 956 488 0.5105
18809.0000 957 488 0.5099
18828.0000 958 488 0.5094
18841.7000 958 489 0.5104
18845.0000 959 489 0.5099
18862.0000 960 489 0.5094
18884.0000 961 489 0.5088
18894.5000 961 490 0.5099
18898.2000 961 491 0.5109
18899.0000 962 491 0.5104
18922.0000 963 491 0.5099
18939.0000 964 491 0.5093
18956.0000 965 491 0.5088
18956.2000 965 492 0.5098
18964.9000 965 493 0.5109
18977.0000 966 493 0.5104
18990.3000 966 494 0.5114
18993.0000 967 494 0.5109
19015.0000 968 494 0.5103
19019.7000 968 495 0.5114
19037.0000 969 495 0.5108
19055.0000 970 495 0.5103
19072.0000 971 495 0.5098
19087.0000 972 495 0.5093
19095.5000 972 496 0.5103
19108.0000 973 496 0.5098
19129.0000 974 496 0.5092
19151.0000 975 496 0.5087
19173.0000 976 496 0.5082
19192.0000 977 496 0.5077
19211.0000 978 496 0.5072
19231.0000 979 496 0.5066
19254.0000 980 496 0.5061
19277.0000 981 496 0.5056
19301.0000 982 496 0.5051
19310.4000 982 497 0.5061
19313.4000 982 498 0.5071
19316.0000 983 498 0.5066
19340.0000 984 498 0.5061
19355.0000 985 498 0.5056
19373.0000 986 498 0.5051
19391.0000 987 498 0.5046
19406.0000 988 498 0.5040
19411.7000 988 499 0.5051
19418.6000 988 500 0.5061
19423.0000 989 500 0.5056
19439.0000 990 500 0.5051
19455.0000 991 500 0.5045
19479.0000 992 500 0.5040
19495.0000 992 501 0.5050
19497.0000 993 501 0.5045
19520.4000 993 502 0.5055
19521.0000 994 502 0.5050
19542.0000 995 502 0.5045
19547.1000 995 503 0.5055
19565.0000 996 503 0.5050
19582.8000 996 504 0.5060
19586.0000 997 504 0.5055
19595.5000 997 505 0.5065
19601.0000 998 505 0.5060
19602.8000 998 506 0.5070
19622.0000 999 506 0.5065
19622.4000 999 507 0.5075
19641.0000 1000 507 0.5070
19660.0000 1001 507 0.5065
19677.0000 1002 507 0.5060
19692.0000 1003 507 0.5055
19716.0000 1004 507 0.5050
19739.0000 1005 507 0.5045
19745.9000 1005 508 0.5055
19755.0000 1006 508 0.5050
19770.0000 1007 508 0.5045
19783.2000 1007 509 0.5055
19792.0000 1008 509 0.5050
19815.0000 1009 509 0.5045
19815.7000 1009 510 0.5055
19816.7000 1009 511 0.5064
19825.2000 1009 512 0.5074
19833.0000 1010 512 0.5069
19849.9000 1010 513 0.5079
19852.0000 1011 513 0.5074
19876.0000 1012 513 0.5069
19891.0000 1013 513 0.5064
19908.0000 1014 513 0.5059
19909.5000 1014 514 0.5069
19920.1000 1014 515 0.5079
19924.9000 1014 516 0.5089
19932.0000 1015 516 0.5084
19956.0000 1016 516 0.5079
19968.5000 1016 517 0.5089
19968.8000 1016 518 0.5098
19970.9000 1016 519 0.5108
19976.0000 1017 519 0.5103
19994.8000 1017 520 0.5113
19998.0000 1018 520 0.5108
20019.0000 1019 520 0.5103
20034.0000 1020 520 0.5098
20039.7000 1020 521 0.5108
20053.8000 1020 522 0.5118
20054.8000 1020 523 0.5127
20057.0000 1021 523 0.5122
20075.0000 1022 523 0.5117
20087.1000 1022 524 0.5127
20094.0000 1023 524 0.5122
20095.8000 1023 525 0.5132
20118.0000 1024 525 0.5127
20128.4000 1024 526 0.5137
20135.0000 1025 526 0.5132
20157.0000 1026 526 0.5127
20163.6000 1026 527 0.5136
20179.0000 1027 527 0.5131
20197.0000 1028 527 0.5126
20201.3000 1028 528 0.5136
20213.6000 1028 529 0.5146
20221.0000 1029 529 0.5141
20237.0000 1030 529 0.5136
20259.0000 1031 529 0.5131
20276.0000 1032 529 0.5126
20293.0000 1032 530 0.5136
20293.0000 1033 530 0.5131
20297.9000 1033 531 0.5140
20308.0000 1034 531 0.5135
20327.0000 1035 531 0.5130
20341.5000 1035 532 0.5140
20350.0000 1036 532 0.5135
20366.0000 1037 532 0.5130
20373.6000 1037 533 0.5140
20375.4000 1037 534 0.5149
20376.5000 1037 535 0.5159
20385.0000 1038 535 0.5154
20401.0000 1039 535 0.5149
20401.3000 1039 536 0.5159
20421.0000 1040 536 0.5154
20437.0000 1041 536 0.5149
20461.0000 1042 536 0.5144
20485.0000 1043 536 0.5139
20508.0000 1044 536 0.5134
20532.0000 1045 536 0.5129
20554.0000 1046 536 0.5124
20576.0000 1047 536 0.5119
20594.0000 1048 536 0.5115
20611.0000 1049 536 0.5110
20628.1000 1049 537 0.5119
20635.0000 1050 537 0.5114
20635.9000 1050 538 0.5124
20655.0000 1051 538 0.5119
20672.4000 1051 539 0.5128
20673.0000 1052 539 0.5124
20691.0000 1053 539 0.5119
20706.0000 1054 539 0.5114
20724.0000 1055 539 0.5109
20741.6000 1055 540 0.5118
20744.0000 1055 541 0.5128
20744.0000 1056 541 0.5123
20754.7000 1056 542 0.5133
20755.2000 1056 543 0.5142
20756.0000 1056 544 0.5152
20764.7000 1056 545 0.5161
20766.0000 1057 545 0.5156
20782.0000 1058 545 0.5151
20791.9000 1058 546 0.5161
20800.0000 1059 546 0.5156
20801.3000 1059 547 0.5165
20821.0000 1060 547 0.5160
20839.1000 1060 548 0.5170
20844.0000 1061 548 0.5165
20847.2000 1061 549 0.5174
20847.2000 1061 550 0.5184
20857.6000 1061 551 0.5193
20860.6000 1061 552 0.5203
20864.0000 1062 552 0.5198
20888.0000 1063 552 0.5193
20911.0000 1064 552 0.5188
20931.0000 1065 552 0.5183
20948.8000 1065 553 0.5192
20952.0000 1066 553 0.5188
20968.0000 1067 553 0.5183
20977.4000 1067 554 0.5192
20980.3000 1067 555 0.5201
20987.6000 1067 556 0.5211
20989.0000 1067 557 0.5220
20990.0000 1068 557 0.5215
21007.0000 1069 557 0.5210
21008.6000 1069 558 0.5220
21021.5000 1069 559 0.5229
21031.0000 1070 559 0.5224
21055.0000 1071 559 0.5219
21077.0000 1072 559 0.5215
21092.0000 1073 559 0.5210
21116.0000 1074 559 0.5205
21122.7000 1074 560 0.5214
21132.0000 1075 560 0.5209
21139.8000 1075 561 0.5219
21148.0000 1076 561 0.5214
21166.0000 1077 561 0.5209
21168.7000 1077 562 0.5218
21184.0000 1078 562 0.5213
21184.8000 1078 563 0.5223
21189.4000 1078 564 0.5232
21190.0000 1078 565 0.5241
21190.5000 1078 566 0.5250
21204.0000 1079 566 0.5246
21214.0000 1079 567 0.5255
21223.0000 1080 567 0.5250
21225.8000 1080 568 0.5259
21235.3000 1080 569 0.5269
21247.0000 1081 569 0.5264
21262.3000 1081 570 0.5273
21271.0000 1082 570 0.5268
21275.3000 1082 571 0.5277
21283.8000 1082 572 0.5287
21292.0000 1083 572 0.5282
21294.2000 1083 573 0.5291
21309.0000 1084 573 0.5286
21327.0000 1085 573 0.5281
21334.2000 1085 574 0.5290
21348.1000 1085 575 0.5300
21351.0000 1086 575 0.5295
21359.0000 1086 576 0.5304
21368.0000 1087 576 0.5299
21369.0000 1087 577 0.5308
21387.0000 1088 577 0.5303
21407.0000 1089 577 0.5298
21424.0000 1090 577 0.5294
21444.0000 1091 577 0.5289
21460.9000 1091 578 0.5298
21463.0000 1092 578 0.5293
21483.0000 1093 578 0.5288
21501.7000 1093 579 0.5297
21505.0000 1094 579 0.5293
21523.0000 1095 579 0.5288
21539.0000 1096 579 0.5283
21553.0000 1096 580 0.5292
21556.0000 1097 580 0.5287
21563.3000 1097 581 0.5296
21577.0000 1098 581 0.5291
21582.0000 1098 582 0.5301
21592.1000 1098 583 0.5310
21599.0000 1099 583 0.5305
21599.4000 1099 584 0.5314
21615.0000 1100 584 0.5309
21632.0000 1101 584 0.5304
21648.0000 1102 584 0.5299
21665.0000 1103 584 0.5295
21667.3000 1103 585 0.5304
21689.0000 1104 585 0.5299
21707.0000 1105 585 0.5294
21713.3000 1105 586 0.5303
21726.5000 1105 587 0.5312
21731.0000 1106 587 0.5307
21755.0000 1107 587 0.5303
21777.0000 1108 587 0.5298
21794.0000 1109 587 0.5293
21807.1000 1109 588 0.5302
21818.0000 1110 588 0.5297
21837.0000 1111 588 0.5293
21860.0000 1112 588 0.5288
21883.0000 1113 588 0.5283
21897.8000 1113 589 0.5292
21898.0000 1114 589 0.5287
21908.2000 1114 590 0.5296
21916.0000 1115 590 0.5291
21939.0000 1116 590 0.5287
21941.3000 1116 591 0.5296
21949.4000 1116 592 0.5305
21950.6000 1116 593 0.5314
21960.0000 1117 593 0.5309
21971.6000 1117 594 0.5318
21976.0000 1118 594 0.5313
21999.0000 1119 594 0.5308
22022.0000 1120 594 0.5304
22026.5000 1120 595 0.5313
22037.4000 1120 596 0.5321
22041.0000 1121 596 0.5317
22050.4000 1121 597 0.5326
22061.0000 1122 597 0.5321
22078.0000 1123 597 0.5316
22101.0000 1124 597 0.5311
22107.0000 1124 598 0.5320
22121.0000 1125 598 0.5316
22140.0000 1126 598 0.5311
22143.1000 1126 599 0.5320
22159.0000 1127 599 0.5315
22165.2000 1127 600 0.5324
22167.0000 1127 601 0.5333
22172.5000 1127 602 0.5342
22183.0000 1128 602 0.5337
22190.2000 1128 603 0.5346
22199.0000 1129 603 0.5341
22217.2000 1129 604 0.5350
22218.0000 1130 604 0.5345
22228.1000 1130 605 0.5354
22242.0000 1131 605 0.5349
22263.0000 1132 605 0.5345
22265.9000 1132 606 0.5353
22281.0000 1133 606 0.5349
22304.0000 1134 606 0.5344
22322.0000 1135 606 0.5339
22329.9000 1135 607 0.5348
22336.2000 1135 608 0.5357
22344.1000 1135 609 0.5366
22344.3000 1135 610 0.5374
22345.2000 1135 611 0.5383
22346.0000 1136 611 0.5379
22363.0000 1137 611 0.5374
22385.0000 1138 611 0.5369
22405.0000 1138 612 0.5378
22405.0000 1139 612 0.5373
22420.0000 1140 612 0.5368
22444.0000 1141 612 0.5364
22445.7000 1141 613 0.5372
22454.8000 1141 614 0.5381
22456.3000 1141 615 0.5390
22464.0000 1142 615 0.5385
22473.4000 1142 616 0.5394
22482.0000 1143 616 0.5389
22486.0000 1143 617 0.5398
22500.0000 1144 617 0.5393
22521.0000 1145 617 0.5389
22543.6000 1145 618 0.5397
22544.0000 1146 618 0.5393
22545.1000 1146 619 0.5401
22560.0000 1147 619 0.5397
22578.0000 1148 619 0.5392
22595.0000 1149 619 0.5387
22613.0000 1150 619 0.5383
22628.0000 1151 619 0.5378
22648.0000 1152 619 0.5373
22666.0000 1153 619 0.5369
22677.8000 1153 620 0.5377
22682.0000 1153 621 0.5386
22682.0000 1154 621 0.5381
22693.8000 1154 622 0.5390
22698.0000 1155 622 0.5385
22713.0000 1156 622 0.5381
22717.4000 1156 623 0.5389
22735.0000 1157 623 0.5385
22742.7000 1157 624 0.5393
22751.7000 1157 625 0.5402
22758.0000 1158 625 0.5397
22778.0000 1158 626 0.5406
22779.0000 1159 626 0.5401
22792.1000 1159 627 0.5410
22799.0000 1160 627 0.5405
22802.8000 1160 628 0.5414
22820.0000 1161 628 0.5409
22822.6000 1161 629 0.5418
22830.3000 1161 630 0.5426
22835.0000 1162 630 0.5422
22844.1000 1162 631 0.5430
22850.0000 1163 631 0.5426
22869.0000 1164 631 0.5421
22888.3000 1164 632 0.5430
22891.0000 1165 632 0.5425
22894.8000 1165 633 0.5433
22910.7000 1165 634 0.5442
22913.0000 1166 634 0.5437
22915.5000 1166 635 0.5446
22920.6000 1166 636 0.5455
22931.0000 1167 636 0.5450
22954.0000 1168 636 0.5445
22971.0000 1169 636 0.5441
22991.0000 1170 636 0.5436
22991.3000 1170 637 0.5444
23007.0000 1171 637 0.5440
23031.0000 1172 637 0.5435
23047.0000 1173 637 0.5431
23047.9000 1173 638 0.5439
23070.0000 1174 638 0.5434
23080.9000 1174 639 0.5443
23085.0000 1175 639 0.5438
23106.0000 1176 639 0.5434
23118.3000 1176 640 0.5442
23127.0000 1177 640 0.5438
23149.0000 1178 640 0.5433
23155.4000 1178 641 0.5441
23165.0000 1179 641 0.5437
23179.9000 1179 642 0.5445
23180.0000 1180 642 0.5441
23183.0000 1180 643 0.5449
23198.0000 1181 643 0.5445
23214.0000 1182 643 0.5440
23236.0000 1182 644 0.5448
23238.0000 1183 644 0.5444
23252.6000 1183 645 0.5452
23256.3000 1183 646 0.5461
23258.0000 1184 646 0.5456
23268.5000 1184 647 0.5465
23278.5000 1184 648 0.5473
23280.0000 1185 648 0.5468
23295.0000 1186 648 0.5464
23301.3000 1186 649 0.5472
23319.0000 1187 649 0.5468
23339.0000 1188 649 0.5463
23339.4000 1188 650 0.5471
23360.0000 1189 650 0.5467
23377.0000 1190 650 0.5462
23393.0000 1191 650 0.5458
23409.0000 1192 650 0.5453
23428.0000 1193 650 0.5448
23433.5000 1193 651 0.5457
23445.0000 1194 651 0.5452
23463.8000 1194 652 0.5461
23464.0000 1195 652 0.5456
23466.7000 1195 653 0.5464
23472.5000 1195 654 0.5473
23482.0000 1196 654 0.5468
23498.0000 1197 654 0.5464
23516.0000 1198 654 0.5459
23528.3000 1198 655 0.5467
23532.0000 1199 655 0.5463
23547.0000 1200 655 0.5458
23559.1000 1200 656 0.5467
23559.3000 1200 657 0.5475
23560.1000 1200 658 0.5483
23565.9000 1200 659 0.5492
23568.0000 1201 659 0.5487
23589.0000 1202 659 0.5483
23595.6000 1202 660 0.5491
23603.9000 1202 661 0.5499
23613.0000 1203 661 0.5495
23619.7000 1203 662 0.5503
23623.8000 1203 663 0.5511
23629.0000 1204 663 0.5507
23647.0000 1205 663 0.5502
23660.2000 1205 664 0.5510
23662.0000 1206 664 0.5506
23681.0000 1207 664 0.5501
23696.2000 1207 665 0.5510
23702.0000 1208 665 0.5505
23710.9000 1208 666 0.5513
23713.1000 1208 667 0.5522
23726.0000 1209 667 0.5517
23726.8000 1209 668 0.5525
23741.0000 1210 668 0.5521
23760.0000 1211 668 0.5516
23767.5000 1211 669 0.5524
23769.1000 1211 670 0.5533
23772.0000 1211 671 0.5541
23776.0000 1211 672 0.5549
23778.0000 1212 672 0.5545
23798.0000 1213 672 0.5540
23817.0000 1214 672 0.5535
23823.0000 1214 673 0.5544
23837.0000 1215 673 0.5539
23843.7000 1215 674 0.5547
23846.4000 1215 675 0.5556
23847.1000 1215 676 0.5564
23859.0000 1216 676 0.5559
23874.0000 1217 676 0.5555
23880.2000 1217 677 0.5563
23895.0000 1218 677 0.5558
23916.0000 1219 677 0.5554
23937.0000 1220 677 0.5549
23937.7000 1220 678 0.5557
23961.0000 1221 678 0.5553
23972.4000 1221 679 0.5561
23981.0000 1222 679 0.5556
23986.6000 1222 680 0.5565
23987.0000 1222 681 0.5573
23988.5000 1222 682 0.5581
23991.1000 1222 683 0.5589
24004.0000 1223 683 0.5585
24011.7000 1223 684 0.5593
24017.6000 1223 685 0.5601
24026.0000 1224 685 0.5596
24032.9000 1224 686 0.5605
24043.0000 1225 686 0.5600
24062.0000 1226 686 0.5595
24077.5000 1226 687 0.5604
24079.0000 1227 687 0.5599
24095.0000 1228 687 0.5594
24110.0000 1229 687 0.5590
24134.0000 1230 687 0.5585
24140.5000 1230 688 0.5593
24140.5000 1230 689 0.5602
24148.3000 1230 690 0.5610
24157.0000 1231 690 0.5605
24179.0000 1232 690 0.5601
24189.3000 1232 691 0.5609
24195.0000 1232 692 0.5617
24203.0000 1233 692 0.5612
24222.0000 1234 692 0.5608
24240.5000 1234 693 0.5616
24241.5000 1234 694 0.5624
24245.0000 1235 694 0.5619
24252.2000 1235 695 0.5628
24262.0000 1236 695 0.5623
24286.0000 1237 695 0.5618
24305.0000 1238 695 0.5614
24326.0000 1239 695 0.5609
24338.3000 1239 696 0.5617
24341.7000 1239 697 0.5626
24349.0000 1240 697 0.5621
24368.0000 1241 697 0.5616
24369.3000 1241 698 0.5624
24379.5000 1241 699 0.5633
24383.0000 1242 699 0.5628
24407.0000 1243 699 0.5623
24422.4000 1243 700 0.5632
24427.0000 1244 700 0.5627
24445.2000 1244 701 0.5635
24447.0000 1245 701 0.5631
24468.0000 1246 701 0.5626
24473.7000 1246 702 0.5634
24483.9000 1246 703 0.5642
24490.0000 1247 703 0.5638
24490.3000 1247 704 0.5646
24496.7000 1247 705 0.5654
24514.0000 1248 705 0.5649
24515.6000 1248 706 0.5657
24530.0000 1249 706 0.5653
24538.0000 1249 707 0.5661
24553.0000 1250 707 0.5656
24568.0000 1251 707 0.5651
24568.7000 1251 708 0.5659
24591.0000 1252 708 0.5655
24594.1000 1252 709 0.5663
24600.9000 1252 710 0.5671
24607.0000 1253 710 0.5666
24624.0000 1254 710 0.5662
24641.0000 1255 710 0.5657
24656.0000 1256 710 0.5653
24670.0000 1256 711 0.5661
24677.0000 1257 711 0.5656
24693.0000 1258 711 0.5652
24702.5000 1258 712 0.5660
24712.0000 1259 712 0.5655
24736.0000 1260 712 0.5651
24744.4000 1260 713 0.5659
24748.7000 1260 714 0.5667
24751.0000 1261 714 0.5662
24768.0000 1262 714 0.5658
24781.3000 1262 715 0.5666
24790.0000 1263 715 0.5661
24791.2000 1263 716 0.5669
24794.0000 1263 717 0.5677
24809.0000 1264 717 0.5672
24824.0000 1265 717 0.5668
24844.0000 1266 717 0.5664
24867.0000 1267 717 0.5659
24870.4000 1267 718 0.5667
24878.5000 1267 719 0.5675
24883.0000 1268 719 0.5670
24903.3000 1268 720 0.5678
24906.0000 1269 720 0.5674
24918.5000 1269 721 0.5682
24921.0000 1270 721 0.5677
24924.3000 1270 722 0.5685
24945.0000 1271 722 0.5681
24963.0000 1272 722 0.5676
24980.0000 1273 722 0.5672
24990.4000 1273 723 0.5679
24999.0000 1274 723 0.5675
25015.0000 1275 723 0.5671
25026.8000 1275 724 0.5678
25034.0000 1276 724 0.5674
25042.8000 1276 725 0.5682
25055.0000 1277 725 0.5677
25074.0000 1278 725 0.5673
25078.3000 1278 726 0.5681
25095.0000 1279 726 0.5676
25108.9000 1279 727 0.5684
25109.4000 1279 728 0.5692
25116.1000 1279 729 0.5700
25119.0000 1280 729 0.5695
25138.0000 1281 729 0.5691
25146.7000 1281 730 0.5699
25162.0000 1282 730 0.5694
25183.0000 1283 730 0.5690
