# time  created  delivered  delivered/created
22.0000 1 0 0.0000
38.0000 2 0 0.0000
54.0000 3 0 0.0000
72.0000 4 0 0.0000
94.0000 5 0 0.0000
110.0000 6 0 0.0000
133.0000 7 0 0.0000
153.0000 8 0 0.0000
175.0000 9 0 0.0000
191.0000 10 0 0.0000
210.0000 11 0 0.0000
225.0000 12 0 0.0000
249.0000 13 0 0.0000
265.0000 14 0 0.0000
281.0000 15 0 0.0000
304.0000 16 0 0.0000
328.0000 17 0 0.0000
343.0000 18 0 0.0000
367.0000 19 0 0.0000
382.0000 20 0 0.0000
399.0000 21 0 0.0000
420.0000 22 0 0.0000
439.0000 23 0 0.0000
458.0000 24 0 0.0000
480.0000 25 0 0.0000
497.0000 26 0 0.0000
515.0000 27 0 0.0000
538.0000 28 0 0.0000
562.0000 29 0 0.0000
581.0000 30 0 0.0000
581.2000 30 1 0.0333
603.0000 31 1 0.0323
625.0000 32 1 0.0313
640.9000 32 2 0.0625
646.0000 33 2 0.0606
661.6000 33 3 0.0909
667.0000 34 3 0.0882
685.0000 35 3 0.0857
691.0000 35 4 0.1143
700.0000 36 4 0.1111
714.8000 36 5 0.1389
722.0000 37 5 0.1351
741.0000 38 5 0.1316
764.0000 39 5 0.1282
773.6000 39 6 0.1538
784.0000 40 6 0.1500
806.0000 41 6 0.1463
829.0000 42 6 0.1429
851.0000 43 6 0.1395
873.0000 44 6 0.1364
895.0000 45 6 0.1333
918.0000 46 6 0.1304
935.7000 46 7 0.1522
941.0000 47 7 0.1489
957.0000 48 7 0.1458
975.0000 49 7 0.1429
998.0000 50 7 0.1400
1018.0000 51 7 0.1373
1040.0000 52 7 0.1346
1056.0000 53 7 0.1321
1077.0000 54 7 0.1296
1096.0000 55 7 0.1273
1117.0000 56 7 0.1250
1137.0000 57 7 0.1228
1159.0000 58 7 0.1207
1179.0000 59 7 0.1186
1194.1000 59 8 0.1356
1201.0000 60 8 0.1333
1216.0000 61 8 0.1311
1225.2000 61 9 0.1475
1226.1000 61 10 0.1639
1232.0000 62 10 0.1613
1251.0000 63 10 0.1587
1268.0000 64 10 0.1563
1287.0000 65 10 0.1538
1308.0000 66 10 0.1515
1327.0000 67 10 0.1493
1342.0000 68 10 0.1471
1364.0000 69 10 0.1449
1381.1000 69 11 0.1594
1388.0000 70 11 0.1571
1397.1000 70 12 0.1714
1407.0000 71 12 0.1690
1422.0000 72 12 0.1667
1442.0000 73 12 0.1644
1464.0000 74 12 0.1622
1475.9000 74 13 0.1757
1478.4000 74 14 0.1892
1479.0000 75 14 0.1867
1483.1000 75 15 0.2000
1500.0000 76 15 0.1974
1518.0000 77 15 0.1948
1542.0000 78 15 0.1923
1562.0000 79 15 0.1899
1577.0000 80 15 0.1875
1595.4000 80 16 0.2000
1600.0000 81 16 0.1975
1620.0000 82 16 0.1951
1637.0000 83 16 0.1928
1652.0000 84 16 0.1905
1673.0000 85 16 0.1882
1695.0000 86 16 0.1860
1706.4000 86 17 0.1977
1713.0000 87 17 0.1954
1737.0000 88 17 0.1932
1739.4000 88 18 0.2045
1739.8000 88 19 0.2159
1760.0000 89 19 0.2135
1775.4000 89 20 0.2247
1781.0000 90 20 0.2222
1788.8000 90 21 0.2333
1804.0000 91 21 0.2308
1826.0000 92 21 0.2283
1849.0000 93 21 0.2258
1870.0000 94 21 0.2234
1880.0000 94 22 0.2340
1890.0000 95 22 0.2316
1911.0000 96 22 0.2292
1929.0000 97 22 0.2268
1948.0000 98 22 0.2245
1965.0000 99 22 0.2222
1980.0000 100 22 0.2200
2002.0000 101 22 0.2178
2019.9000 101 23 0.2277
2024.0000 102 23 0.2255
2035.6000 102 24 0.2353
2041.0000 103 24 0.2330
2064.0000 104 24 0.2308
2080.0000 105 24 0.2286
2095.0000 106 24 0.2264
2119.0000 107 24 0.2243
2139.0000 108 24 0.2222
2143.7000 108 25 0.2315
2161.0000 109 25 0.2294
2178.0000 110 25 0.2273
2199.0000 111 25 0.2252
2214.6000 111 26 0.2342
2217.0000 111 27 0.2432
2222.0000 112 27 0.2411
2240.0000 113 27 0.2389
2259.0000 114 27 0.2368
2275.0000 115 27 0.2348
2295.0000 116 27 0.2328
2314.0000 117 27 0.2308
2324.5000 117 28 0.2393
2335.0000 118 28 0.2373
2354.0000 119 28 0.2353
2373.1000 119 29 0.2437
2377.0000 120 29 0.2417
2396.0000 121 29 0.2397
2411.0000 122 29 0.2377
2412.0000 122 30 0.2459
2433.0000 123 30 0.2439
2452.0000 124 30 0.2419
2460.7000 124 31 0.2500
2464.9000 124 32 0.2581
2470.8000 124 33 0.2661
2474.0000 125 33 0.2640
2496.0000 126 33 0.2619
2511.0000 127 33 0.2598
2526.0000 128 33 0.2578
2546.0000 129 33 0.2558
2553.1000 129 34 0.2636
2556.0000 129 35 0.2713
2563.0000 130 35 0.2692
2586.0000 131 35 0.2672
2601.0000 132 35 0.2652
2621.0000 133 35 0.2632
2641.0000 134 35 0.2612
2662.0000 135 35 0.2593
2678.0000 136 35 0.2574
2682.1000 136 36 0.2647
2689.6000 136 37 0.2721
2693.0000 137 37 0.2701
2716.0000 138 37 0.2681
2735.0000 139 37 0.2662
2740.4000 139 38 0.2734
2754.0000 140 38 0.2714
2771.0000 141 38 0.2695
2788.0000 142 38 0.2676
2800.0000 142 39 0.2746
2803.7000 142 40 0.2817
2807.0000 143 40 0.2797
2823.3000 143 41 0.2867
2831.0000 144 41 0.2847
2853.0000 145 41 0.2828
2868.0000 146 41 0.2808
2872.2000 146 42 0.2877
2891.0000 147 42 0.2857
2899.2000 147 43 0.2925
2900.1000 147 44 0.2993
2911.0000 148 44 0.2973
2926.0000 149 44 0.2953
2942.0000 150 44 0.2933
2947.3000 150 45 0.3000
2954.7000 150 46 0.3067
2962.0000 151 46 0.3046
2979.0000 152 46 0.3026
3003.0000 153 46 0.3007
3024.0000 154 46 0.2987
3040.0000 155 46 0.2968
3064.0000 156 46 0.2949
3065.8000 156 47 0.3013
3086.0000 157 47 0.2994
3110.0000 158 47 0.2975
3129.0000 159 47 0.2956
3147.0000 160 47 0.2938
3166.0000 161 47 0.2919
3166.7000 161 48 0.2981
3190.0000 162 48 0.2963
3210.0000 163 48 0.2945
3225.0000 164 48 0.2927
3243.0000 165 48 0.2909
3260.0000 166 48 0.2892
3283.0000 167 48 0.2874
3289.8000 167 49 0.2934
3305.0000 168 49 0.2917
3321.0000 169 49 0.2899
3344.0000 170 49 0.2882
3365.0000 171 49 0.2865
3385.0000 172 49 0.2849
3408.0000 173 49 0.2832
3409.8000 173 50 0.2890
3425.8000 173 51 0.2948
3428.0000 174 51 0.2931
3449.0000 175 51 0.2914
3454.7000 175 52 0.2971
3472.0000 176 52 0.2955
3488.0000 177 52 0.2938
3511.0000 178 52 0.2921
3513.1000 178 53 0.2978
3535.0000 179 53 0.2961
3547.0000 179 54 0.3017
3552.0000 180 54 0.3000
3565.2000 180 55 0.3056
3569.2000 180 56 0.3111
3570.0000 181 56 0.3094
3575.9000 181 57 0.3149
3581.2000 181 58 0.3204
3589.0000 182 58 0.3187
3604.0000 183 58 0.3169
3619.0000 184 58 0.3152
3638.0000 185 58 0.3135
3653.0000 186 58 0.3118
3669.0000 187 58 0.3102
3689.0000 188 58 0.3085
3712.0000 189 58 0.3069
3730.0000 190 58 0.3053
3750.8000 190 59 0.3105
3754.0000 191 59 0.3089
3771.0000 192 59 0.3073
3787.0000 193 59 0.3057
3809.0000 194 59 0.3041
3831.8000 194 60 0.3093
3832.0000 195 60 0.3077
3854.0000 196 60 0.3061
3873.0000 197 60 0.3046
3895.0000 198 60 0.3030
3919.0000 199 60 0.3015
3938.0000 200 60 0.3000
3944.4000 200 61 0.3050
3953.0000 200 62 0.3100
3955.0000 201 62 0.3085
3975.0000 202 62 0.3069
3996.0000 203 62 0.3054
4012.0000 204 62 0.3039
4018.5000 204 63 0.3088
4031.0000 205 63 0.3073
4052.0000 206 63 0.3058
4058.8000 206 64 0.3107
4070.0000 207 64 0.3092
4094.0000 208 64 0.3077
4115.0000 209 64 0.3062
4129.3000 209 65 0.3110
4134.0000 210 65 0.3095
4153.0000 211 65 0.3081
4171.0000 212 65 0.3066
4194.0000 213 65 0.3052
4214.0000 214 65 0.3037
4214.5000 214 66 0.3084
4234.7000 214 67 0.3131
4235.0000 215 67 0.3116
4245.5000 215 68 0.3163
4251.0000 216 68 0.3148
4268.6000 216 69 0.3194
4272.0000 217 69 0.3180
4287.3000 217 70 0.3226
4290.0000 218 70 0.3211
4314.0000 219 70 0.3196
4315.4000 219 71 0.3242
4338.0000 220 71 0.3227
4360.0000 221 71 0.3213
4381.0000 222 71 0.3198
4400.0000 223 71 0.3184
4419.0000 224 71 0.3170
4419.1000 224 72 0.3214
4434.0000 225 72 0.3200
4452.4000 225 73 0.3244
4453.5000 225 74 0.3289
4458.0000 226 74 0.3274
4476.0000 227 74 0.3260
4497.0000 228 74 0.3246
4515.0000 229 74 0.3231
4537.0000 230 74 0.3217
4556.0000 231 74 0.3203
4580.0000 232 74 0.3190
4597.0000 233 74 0.3176
4614.0000 234 74 0.3162
4634.0000 235 74 0.3149
4655.0000 236 74 0.3136
4665.1000 236 75 0.3178
4670.2000 236 76 0.3220
4672.0000 237 76 0.3207
4688.2000 237 77 0.3249
4689.0000 238 77 0.3235
4699.4000 238 78 0.3277
4706.0000 239 78 0.3264
4729.0000 240 78 0.3250
4740.2000 240 79 0.3292
4742.1000 240 80 0.3333
4747.0000 241 80 0.3320
4751.3000 241 81 0.3361
4762.0000 242 81 0.3347
4783.0000 243 81 0.3333
4795.2000 243 82 0.3374
4807.0000 244 82 0.3361
4824.0000 245 82 0.3347
4848.0000 246 82 0.3333
4867.0000 247 82 0.3320
4880.8000 247 83 0.3360
4886.0000 248 83 0.3347
4896.5000 248 84 0.3387
4909.0000 249 84 0.3373
4928.0000 250 84 0.3360
4932.1000 250 85 0.3400
4939.9000 250 86 0.3440
4951.0000 251 86 0.3426
4966.0000 252 86 0.3413
4986.0000 253 86 0.3399
5010.0000 254 86 0.3386
5033.0000 255 86 0.3373
5048.0000 256 86 0.3359
5062.5000 256 87 0.3398
5072.0000 257 87 0.3385
5089.0000 258 87 0.3372
5089.5000 258 88 0.3411
5092.8000 258 89 0.3450
5112.0000 259 89 0.3436
5131.0000 260 89 0.3423
5145.2000 260 90 0.3462
5151.0000 261 90 0.3448
5175.0000 262 90 0.3435
5194.0000 263 90 0.3422
5215.0000 264 90 0.3409
5237.0000 265 90 0.3396
5254.0000 266 90 0.3383
5269.0000 267 90 0.3371
5291.0000 268 90 0.3358
5307.0000 269 90 0.3346
5324.0000 270 90 0.3333
5339.0000 271 90 0.3321
5356.0000 272 90 0.3309
5371.0000 273 90 0.3297
5387.0000 274 90 0.3285
5409.3000 274 91 0.3321
5410.0000 275 91 0.3309
5426.0000 276 91 0.3297
5447.0000 277 91 0.3285
5470.0000 278 91 0.3273
5490.0000 279 91 0.3262
5507.0000 280 91 0.3250
5514.6000 280 92 0.3286
5528.0000 281 92 0.3274
5546.0000 282 92 0.3262
5564.0000 283 92 0.3251
5584.0000 284 92 0.3239
5607.0000 285 92 0.3228
5625.0000 286 92 0.3217
5643.0000 287 92 0.3206
5665.0000 288 92 0.3194
5674.2000 288 93 0.3229
5685.0000 289 93 0.3218
5704.0000 290 93 0.3207
5724.0000 291 93 0.3196
5745.0000 292 93 0.3185
5760.0000 293 93 0.3174
5779.4000 293 94 0.3208
5784.0000 294 94 0.3197
5805.0000 295 94 0.3186
5822.0000 296 94 0.3176
5841.0000 297 94 0.3165
5859.0000 298 94 0.3154
5860.3000 298 95 0.3188
5874.0000 299 95 0.3177
5893.0000 300 95 0.3167
5914.0000 301 95 0.3156
5914.2000 301 96 0.3189
5932.0000 302 96 0.3179
5953.0000 303 96 0.3168
5969.3000 303 97 0.3201
5971.0000 304 97 0.3191
5986.0000 305 97 0.3180
6008.0000 306 97 0.3170
6012.5000 306 98 0.3203
6024.0000 307 98 0.3192
6035.0000 307 99 0.3225
6041.0000 308 99 0.3214
6063.0000 309 99 0.3204
6087.0000 310 99 0.3194
6105.0000 311 99 0.3183
6124.0000 312 99 0.3173
6145.0000 313 99 0.3163
6166.0000 314 99 0.3153
6182.0000 315 99 0.3143
6201.0000 316 99 0.3133
6211.5000 316 100 0.3165
6216.0000 317 100 0.3155
6231.0000 318 100 0.3145
6237.4000 318 101 0.3176
6248.0000 319 101 0.3166
6261.7000 319 102 0.3197
6267.0000 320 102 0.3188
6289.0000 321 102 0.3178
6308.0000 322 102 0.3168
6332.0000 323 102 0.3158
6355.0000 324 102 0.3148
6372.0000 325 102 0.3138
6376.7000 325 103 0.3169
6376.7000 325 104 0.3200
6393.0000 326 104 0.3190
6417.0000 327 104 0.3180
6441.0000 328 104 0.3171
6457.3000 328 105 0.3201
6465.0000 329 105 0.3191
6467.3000 329 106 0.3222
6469.3000 329 107 0.3252
6486.0000 330 107 0.3242
6502.0000 331 107 0.3233
6518.0000 332 107 0.3223
6536.0000 333 107 0.3213
6555.0000 334 107 0.3204
6572.0000 335 107 0.3194
6591.0000 336 107 0.3185
6608.0000 337 107 0.3175
6631.0000 338 107 0.3166
6646.0000 339 107 0.3156
6665.0000 340 107 0.3147
6684.0000 341 107 0.3138
6689.8000 341 108 0.3167
6696.4000 341 109 0.3196
6708.0000 342 109 0.3187
6725.0000 343 109 0.3178
6745.0000 344 109 0.3169
6760.0000 345 109 0.3159
6766.7000 345 110 0.3188
6781.0000 346 110 0.3179
6793.2000 346 111 0.3208
6800.0000 347 111 0.3199
6816.0000 348 111 0.3190
6839.0000 349 111 0.3181
6854.0000 350 111 0.3171
6869.4000 350 112 0.3200
6874.0000 351 112 0.3191
6889.0000 352 112 0.3182
6893.6000 352 113 0.3210
6909.0000 353 113 0.3201
6916.0000 353 114 0.3229
6930.0000 354 114 0.3220
6951.0000 355 114 0.3211
6971.0000 356 114 0.3202
6995.0000 357 114 0.3193
7008.1000 357 115 0.3221
7010.0000 358 115 0.3212
7010.2000 358 116 0.3240
7029.0000 359 116 0.3231
7042.8000 359 117 0.3259
7048.0000 360 117 0.3250
7071.0000 361 117 0.3241
7093.0000 362 117 0.3232
7093.3000 362 118 0.3260
7108.0000 363 118 0.3251
7111.4000 363 119 0.3278
7130.0000 364 119 0.3269
7147.0000 365 119 0.3260
7163.0000 366 119 0.3251
7175.0000 366 120 0.3279
7177.4000 366 121 0.3306
7180.0000 367 121 0.3297
7195.2000 367 122 0.3324
7197.0000 368 122 0.3315
7221.0000 369 122 0.3306
7240.0000 370 122 0.3297
7255.0000 371 122 0.3288
7272.0000 372 122 0.3280
7274.0000 372 123 0.3306
7296.0000 373 123 0.3298
7304.4000 373 124 0.3324
7314.6000 373 125 0.3351
7319.0000 374 125 0.3342
7333.2000 374 126 0.3369
7335.0000 375 126 0.3360
7358.0000 376 126 0.3351
7378.0000 377 126 0.3342
7388.7000 377 127 0.3369
7394.0000 378 127 0.3360
7406.4000 378 128 0.3386
7411.0000 379 128 0.3377
7435.0000 380 128 0.3368
7459.0000 381 128 0.3360
7480.0000 382 128 0.3351
7498.0000 383 128 0.3342
7505.0000 383 129 0.3368
7514.0000 384 129 0.3359
7536.0000 385 129 0.3351
7559.0000 386 129 0.3342
7566.1000 386 130 0.3368
7574.0000 387 130 0.3359
7589.1000 387 131 0.3385
7595.0000 388 131 0.3376
7613.0000 389 131 0.3368
7621.5000 389 132 0.3393
7632.0000 390 132 0.3385
7656.0000 391 132 0.3376
7667.4000 391 133 0.3402
7673.0000 392 133 0.3393
7678.6000 392 134 0.3418
7680.0000 392 135 0.3444
7680.2000 392 136 0.3469
7696.0000 393 136 0.3461
7713.0000 394 136 0.3452
7730.0000 395 136 0.3443
7745.0000 396 136 0.3434
7759.0000 396 137 0.3460
7762.0000 397 137 0.3451
7779.8000 397 138 0.3476
7784.0000 398 138 0.3467
7804.0000 399 138 0.3459
7816.4000 399 139 0.3484
7822.0000 400 139 0.3475
7831.9000 400 140 0.3500
7840.0000 401 140 0.3491
7858.0000 402 140 0.3483
7874.0000 403 140 0.3474
7895.0000 404 140 0.3465
7914.0000 405 140 0.3457
7931.0000 406 140 0.3448
7935.2000 406 141 0.3473
7948.0000 407 141 0.3464
7972.0000 408 141 0.3456
7973.5000 408 142 0.3480
7987.0000 409 142 0.3472
8002.0000 410 142 0.3463
8024.0000 411 142 0.3455
8040.0000 412 142 0.3447
8041.7000 412 143 0.3471
8047.7000 412 144 0.3495
8059.0000 413 144 0.3487
8059.2000 413 145 0.3511
8082.0000 414 145 0.3502
8084.2000 414 146 0.3527
8099.0000 415 146 0.3518
8116.0000 416 146 0.3510
8137.0000 417 146 0.3501
8158.0000 418 146 0.3493
8164.2000 418 147 0.3517
8173.0000 419 147 0.3508
8190.0000 420 147 0.3500
8205.0000 421 147 0.3492
8205.7000 421 148 0.3515
8220.6000 421 149 0.3539
8227.0000 422 149 0.3531
8233.7000 422 150 0.3555
8251.0000 423 150 0.3546
8269.7000 423 151 0.3570
8272.4000 423 152 0.3593
8275.0000 424 152 0.3585
8283.2000 424 153 0.3608
8297.0000 425 153 0.3600
8317.0000 426 153 0.3592
8321.4000 426 154 0.3615
8336.0000 427 154 0.3607
8359.0000 428 154 0.3598
8363.8000 428 155 0.3621
8375.0000 429 155 0.3613
8396.0000 430 155 0.3605
8414.0000 431 155 0.3596
8437.0000 432 155 0.3588
8453.0000 433 155 0.3580
8468.0000 434 155 0.3571
8492.0000 435 155 0.3563
8492.5000 435 156 0.3586
8510.0000 436 156 0.3578
8525.0000 437 156 0.3570
8544.0000 438 156 0.3562
8557.3000 438 157 0.3584
8566.0000 439 157 0.3576
8578.2000 439 158 0.3599
8586.0000 440 158 0.3591
8609.0000 441 158 0.3583
8625.0000 442 158 0.3575
8632.2000 442 159 0.3597
8641.4000 442 160 0.3620
8644.0000 443 160 0.3612
8650.9000 443 161 0.3634
8663.0000 444 161 0.3626
8681.0000 445 161 0.3618
8697.0000 446 161 0.3610
8719.0000 447 161 0.3602
8737.7000 447 162 0.3624
8743.0000 448 162 0.3616
8748.8000 448 163 0.3638
8767.0000 449 163 0.3630
8784.0000 450 163 0.3622
8790.7000 450 164 0.3644
8800.0000 451 164 0.3636
8807.2000 451 165 0.3659
8823.0000 452 165 0.3650
8829.0000 452 166 0.3673
8839.0000 453 166 0.3664
8842.7000 453 167 0.3687
8843.2000 453 168 0.3709
8846.2000 453 169 0.3731
8854.0000 454 169 0.3722
8869.0000 455 169 0.3714
8892.0000 456 169 0.3706
8911.0000 457 169 0.3698
8929.0000 458 169 0.3690
8944.0000 459 169 0.3682
8955.3000 459 170 0.3704
8961.0000 460 170 0.3696
8968.6000 460 171 0.3717
8979.0000 461 171 0.3709
8997.0000 462 171 0.3701
9008.9000 462 172 0.3723
9011.3000 462 173 0.3745
9013.0000 463 173 0.3737
9026.7000 463 174 0.3758
9035.0000 464 174 0.3750
9058.0000 465 174 0.3742
9073.0000 466 174 0.3734
9090.3000 466 175 0.3755
9095.0000 467 175 0.3747
9099.9000 467 176 0.3769
9119.0000 468 176 0.3761
9126.9000 468 177 0.3782
9143.0000 469 177 0.3774
9145.0000 469 178 0.3795
9162.0000 470 178 0.3787
9174.0000 470 179 0.3809
9174.0000 470 180 0.3830
9186.0000 471 180 0.3822
9209.0000 472 180 0.3814
9218.2000 472 181 0.3835
9224.0000 473 181 0.3827
9245.0000 474 181 0.3819
9252.8000 474 182 0.3840
9264.0000 475 182 0.3832
9265.5000 475 183 0.3853
9288.0000 476 183 0.3845
9304.3000 476 184 0.3866
9305.7000 476 185 0.3887
9306.5000 476 186 0.3908
9310.0000 477 186 0.3899
9326.0000 478 186 0.3891
9341.0000 479 186 0.3883
9365.0000 480 186 0.3875
9387.0000 481 186 0.3867
9396.7000 481 187 0.3888
9403.0000 482 187 0.3880
9426.0000 483 187 0.3872
9429.6000 483 188 0.3892
9434.3000 483 189 0.3913
9444.0000 484 189 0.3905
9448.7000 484 190 0.3926
9453.8000 484 191 0.3946
9468.0000 485 191 0.3938
9485.0000 486 191 0.3930
9502.2000 486 192 0.3951
9503.0000 487 192 0.3943
9527.0000 488 192 0.3934
9538.8000 488 193 0.3955
9550.0000 489 193 0.3947
9557.3000 489 194 0.3967
9566.1000 489 195 0.3988
9573.0000 490 195 0.3980
9591.0000 491 195 0.3971
9614.0000 492 195 0.3963
9632.0000 493 195 0.3955
9653.0000 494 195 0.3947
9676.0000 495 195 0.3939
9693.0000 496 195 0.3931
9695.2000 496 196 0.3952
9715.0000 497 196 0.3944
9736.0000 498 196 0.3936
9750.0000 498 197 0.3956
9752.0000 499 197 0.3948
9761.5000 499 198 0.3968
9776.0000 500 198 0.3960
9799.0000 501 198 0.3952
9805.7000 501 199 0.3972
9821.0000 502 199 0.3964
9837.0000 503 199 0.3956
9846.7000 503 200 0.3976
9861.0000 504 200 0.3968
9879.0000 505 200 0.3960
9894.0000 506 200 0.3953
9904.5000 506 201 0.3972
9909.0000 507 201 0.3964
9920.2000 507 202 0.3984
9927.0000 508 202 0.3976
9946.0000 509 202 0.3969
9969.0000 510 202 0.3961
9988.0000 511 202 0.3953
10007.0000 512 202 0.3945
10009.2000 512 203 0.3965
10024.0000 513 203 0.3957
10025.7000 513 204 0.3977
10025.8000 513 205 0.3996
10044.0000 514 205 0.3988
10050.2000 514 206 0.4008
10067.0000 515 206 0.4000
10069.0000 515 207 0.4019
10087.0000 516 207 0.4012
10111.0000 517 207 0.4004
10116.5000 517 208 0.4023
10132.0000 518 208 0.4015
10154.0000 519 208 0.4008
10177.0000 520 208 0.4000
10186.8000 520 209 0.4019
10194.0000 521 209 0.4012
10216.0000 522 209 0.4004
10235.0000 523 209 0.3996
10243.7000 523 210 0.4015
10257.0000 524 210 0.4008
10265.1000 524 211 0.4027
10281.0000 525 211 0.4019
10300.0000 526 211 0.4011
10302.5000 526 212 0.4030
10320.0000 527 212 0.4023
10335.1000 527 213 0.4042
10343.0000 528 213 0.4034
10343.6000 528 214 0.4053
10366.0000 529 214 0.4045
10382.0000 530 214 0.4038
10394.8000 530 215 0.4057
10402.0000 531 215 0.4049
10423.0000 532 215 0.4041
10424.8000 532 216 0.4060
10441.0000 533 216 0.4053
10443.4000 533 217 0.4071
10461.0000 534 217 0.4064
10480.0000 535 217 0.4056
10497.0000 536 217 0.4049
10511.8000 536 218 0.4067
10518.0000 537 218 0.4060
10525.1000 537 219 0.4078
10537.0000 538 219 0.4071
10537.2000 538 220 0.4089
10555.0000 539 220 0.4082
10571.0000 540 220 0.4074
10591.0000 541 220 0.4067
10615.0000 542 220 0.4059
10628.9000 542 221 0.4077
10637.0000 543 221 0.4070
10645.7000 543 222 0.4088
10657.0000 544 222 0.4081
10681.0000 545 222 0.4073
10691.9000 545 223 0.4092
10703.0000 546 223 0.4084
10726.0000 547 223 0.4077
10748.0000 548 223 0.4069
10768.0000 549 223 0.4062
10781.7000 549 224 0.4080
10788.0000 550 224 0.4073
10808.0000 551 224 0.4065
10823.0000 552 224 0.4058
10842.0000 553 224 0.4051
10866.0000 554 224 0.4043
10877.3000 554 225 0.4061
10884.2000 554 226 0.4079
10885.0000 555 226 0.4072
10907.0000 556 226 0.4065
10925.0000 557 226 0.4057
10942.0000 558 226 0.4050
10955.7000 558 227 0.4068
10966.0000 559 227 0.4061
10983.0000 560 227 0.4054
11006.0000 561 227 0.4046
11023.0000 562 227 0.4039
11046.0000 563 227 0.4032
11068.0000 564 227 0.4025
11084.0000 565 227 0.4018
11097.6000 565 228 0.4035
11102.0000 566 228 0.4028
11109.2000 566 229 0.4046
11119.8000 566 230 0.4064
11120.0000 567 230 0.4056
11120.2000 567 231 0.4074
11143.0000 568 231 0.4067
11164.6000 568 232 0.4085
11165.8000 568 233 0.4102
11166.0000 569 233 0.4095
11173.2000 569 234 0.4112
11181.4000 569 235 0.4130
11182.0000 570 235 0.4123
11191.1000 570 236 0.4140
11197.6000 570 237 0.4158
11201.0000 571 237 0.4151
11218.0000 572 237 0.4143
11238.0000 573 237 0.4136
11250.8000 573 238 0.4154
11260.0000 574 238 0.4146
11265.8000 574 239 0.4164
11280.0000 575 239 0.4157
11298.0000 576 239 0.4149
11319.0000 577 239 0.4142
11343.0000 578 239 0.4135
11363.0000 579 239 0.4128
11381.0000 580 239 0.4121
11405.0000 581 239 0.4114
11424.0000 582 239 0.4107
11432.3000 582 240 0.4124
11443.0000 583 240 0.4117
11454.8000 583 241 0.4134
11467.0000 584 241 0.4127
11491.0000 585 241 0.4120
11511.0000 586 241 0.4113
11529.0000 587 241 0.4106
11541.7000 587 242 0.4123
11547.0000 588 242 0.4116
11566.0000 589 242 0.4109
11586.0000 590 242 0.4102
11610.0000 591 242 0.4095
11617.8000 591 243 0.4112
11626.0000 592 243 0.4105
11640.2000 592 244 0.4122
11641.7000 592 245 0.4139
11650.0000 593 245 0.4132
11665.0000 594 245 0.4125
11680.0000 595 245 0.4118
11686.4000 595 246 0.4134
11696.0000 596 246 0.4128
11711.0000 597 246 0.4121
11731.0000 598 246 0.4114
11755.0000 599 246 0.4107
11771.0000 600 246 0.4100
11790.0000 601 246 0.4093
11794.9000 601 247 0.4110
11809.0000 602 247 0.4103
11809.0000 602 248 0.4120
11809.6000 602 249 0.4136
11827.0000 603 249 0.4129
11851.0000 604 249 0.4123
11867.0000 605 249 0.4116
11885.0000 606 249 0.4109
11885.6000 606 250 0.4125
11907.0000 607 250 0.4119
11920.4000 607 251 0.4135
11926.7000 607 252 0.4152
11929.0000 608 252 0.4145
11948.0000 609 252 0.4138
11971.0000 610 252 0.4131
11990.1000 610 253 0.4148
11995.0000 611 253 0.4141
12012.0000 612 253 0.4134
12018.5000 612 254 0.4150
12033.0000 613 254 0.4144
12048.0000 614 254 0.4137
12070.0000 615 254 0.4130
12073.2000 615 255 0.4146
12088.0000 616 255 0.4140
12089.4000 616 256 0.4156
12104.0000 617 256 0.4149
12124.0000 618 256 0.4142
12127.8000 618 257 0.4159
12145.0000 619 257 0.4152
12165.0000 620 257 0.4145
12189.0000 621 257 0.4138
12209.0000 622 257 0.4132
12210.0000 622 258 0.4148
12216.6000 622 259 0.4164
12218.2000 622 260 0.4180
12220.5000 622 261 0.4196
12226.0000 623 261 0.4189
12249.0000 624 261 0.4183
12270.0000 625 261 0.4176
12287.0000 626 261 0.4169
12304.8000 626 262 0.4185
12305.0000 627 262 0.4179
12314.1000 627 263 0.4195
12323.0000 628 263 0.4188
12330.6000 628 264 0.4204
12339.0000 629 264 0.4197
12358.0000 630 264 0.4190
12377.0000 631 264 0.4184
12399.0000 632 264 0.4177
12402.7000 632 265 0.4193
12421.0000 633 265 0.4186
12444.0000 634 265 0.4180
12463.0000 635 265 0.4173
12479.0000 636 265 0.4167
12483.1000 636 266 0.4182
12497.0000 637 266 0.4176
12518.0000 638 266 0.4169
12535.6000 638 267 0.4185
12538.0000 639 267 0.4178
12544.3000 639 268 0.4194
12556.0000 640 268 0.4188
12575.0000 641 268 0.4181
12588.6000 641 269 0.4197
12590.8000 641 270 0.4212
12596.0000 642 270 0.4206
12611.0000 643 270 0.4199
12614.7000 643 271 0.4215
12635.0000 644 271 0.4208
12642.9000 644 272 0.4224
12655.0000 645 272 0.4217
12659.1000 645 273 0.4233
12672.0000 646 273 0.4226
12689.5000 646 274 0.4241
12691.0000 647 274 0.4235
12713.0000 648 274 0.4228
12725.8000 648 275 0.4244
12727.4000 648 276 0.4259
12737.0000 649 276 0.4253
12761.0000 650 276 0.4246
12781.0000 651 276 0.4240
12784.8000 651 277 0.4255
12798.0000 652 277 0.4248
12818.0000 653 277 0.4242
12837.0000 653 278 0.4257
12839.0000 654 278 0.4251
12863.0000 655 278 0.4244
12884.0000 656 278 0.4238
12901.0000 657 278 0.4231
12919.0000 658 278 0.4225
12936.0000 659 278 0.4219
12940.4000 659 279 0.4234
12945.4000 659 280 0.4249
12946.3000 659 281 0.4264
12954.0000 660 281 0.4258
12968.6000 660 282 0.4273
12971.0000 661 282 0.4266
12977.3000 661 283 0.4281
12978.5000 661 284 0.4297
12986.0000 662 284 0.4290
13009.0000 663 284 0.4284
13021.9000 663 285 0.4299
13029.0000 664 285 0.4292
13042.4000 664 286 0.4307
13048.0000 665 286 0.4301
13069.0000 666 286 0.4294
13080.5000 666 287 0.4309
13090.0000 667 287 0.4303
13102.4000 667 288 0.4318
13109.7000 667 289 0.4333
13112.0000 668 289 0.4326
13135.0000 669 289 0.4320
13146.6000 669 290 0.4335
13148.9000 669 291 0.4350
13157.0000 670 291 0.4343
13175.0000 671 291 0.4337
13198.0000 672 291 0.4330
13222.0000 673 291 0.4324
13237.0000 674 291 0.4318
13261.0000 675 291 0.4311
13268.3000 675 292 0.4326
13279.0000 676 292 0.4320
13303.0000 677 292 0.4313
13327.0000 678 292 0.4307
13343.9000 678 293 0.4322
13344.0000 679 293 0.4315
13367.0000 680 293 0.4309
13385.0000 681 293 0.4302
13400.0000 682 293 0.4296
13420.1000 682 294 0.4311
13422.0000 683 294 0.4305
13439.0000 684 294 0.4298
13463.0000 685 294 0.4292
13463.8000 685 295 0.4307
13485.0000 686 295 0.4300
13501.0000 687 295 0.4294
13522.0000 688 295 0.4288
13543.0000 689 295 0.4282
13558.0000 690 295 0.4275
13578.0000 691 295 0.4269
13581.7000 691 296 0.4284
13597.0000 692 296 0.4277
13601.2000 692 297 0.4292
13605.2000 692 298 0.4306
13605.9000 692 299 0.4321
13608.0000 692 300 0.4335
13612.0000 693 300 0.4329
13633.0000 694 300 0.4323
13654.0000 695 300 0.4317
13662.9000 695 301 0.4331
13674.0000 696 301 0.4325
13689.0000 697 301 0.4319
13713.0000 698 301 0.4312
13733.0000 699 301 0.4306
13742.2000 699 302 0.4320
13750.0000 700 302 0.4314
13771.0000 701 302 0.4308
13787.0000 702 302 0.4302
13808.0000 703 302 0.4296
13812.0000 703 303 0.4310
13831.0000 704 303 0.4304
13836.3000 704 304 0.4318
13853.0000 705 304 0.4312
13874.0000 706 304 0.4306
13890.3000 706 305 0.4320
13894.0000 707 305 0.4314
13915.0000 708 305 0.4308
13937.0000 709 305 0.4302
13952.0000 710 305 0.4296
13976.0000 711 305 0.4290
13985.2000 711 306 0.4304
13994.0000 712 306 0.4298
14011.0000 713 306 0.4292
14032.0000 714 306 0.4286
14056.0000 715 306 0.4280
14060.1000 715 307 0.4294
14077.0000 716 307 0.4288
14092.0000 717 307 0.4282
14107.0000 718 307 0.4276
14123.0000 719 307 0.4270
14147.0000 720 307 0.4264
14167.0000 721 307 0.4258
14186.0000 722 307 0.4252
14204.0000 723 307 0.4246
14225.0000 724 307 0.4240
14229.3000 724 308 0.4254
14231.6000 724 309 0.4268
14245.0000 725 309 0.4262
14267.0000 726 309 0.4256
14286.0000 727 309 0.4250
14304.0000 728 309 0.4245
14313.7000 728 310 0.4258
14323.0000 729 310 0.4252
14335.0000 729 311 0.4266
14343.0000 730 311 0.4260
14363.0000 731 311 0.4254
14378.4000 731 312 0.4268
14385.0000 732 312 0.4262
14402.7000 732 313 0.4276
14404.0000 733 313 0.4270
14420.0000 734 313 0.4264
14420.9000 734 314 0.4278
14441.0000 735 314 0.4272
14456.0000 736 314 0.4266
14466.4000 736 315 0.4280
14475.0000 737 315 0.4274
14478.4000 737 316 0.4288
14499.0000 738 316 0.4282
14504.4000 738 317 0.4295
14523.0000 739 317 0.4290
14544.0000 740 317 0.4284
14568.0000 741 317 0.4278
14582.8000 741 318 0.4291
14588.0000 742 318 0.4286
14597.4000 742 319 0.4299
14601.2000 742 320 0.4313
14603.0000 743 320 0.4307
14618.0000 744 320 0.4301
14630.6000 744 321 0.4315
14639.0000 745 321 0.4309
14655.0000 746 321 0.4303
14676.0000 747 321 0.4297
14696.0000 748 321 0.4291
14718.0000 749 321 0.4286
14736.0000 750 321 0.4280
14746.0000 750 322 0.4293
14756.0000 751 322 0.4288
14773.0000 752 322 0.4282
14790.0000 753 322 0.4276
14805.6000 753 323 0.4290
14809.0000 754 323 0.4284
14831.0000 755 323 0.4278
14848.0000 756 323 0.4272
14856.6000 756 324 0.4286
14867.0000 757 324 0.4280
14889.0000 758 324 0.4274
14905.0000 759 324 0.4269
14921.8000 759 325 0.4282
14927.0000 760 325 0.4276
14942.0000 761 325 0.4271
14960.7000 761 326 0.4284
14961.0000 762 326 0.4278
14984.0000 763 326 0.4273
14990.4000 763 327 0.4286
14999.0000 764 327 0.4280
15016.0000 764 328 0.4293
15021.0000 765 328 0.4288
15030.2000 765 329 0.4301
15041.0000 766 329 0.4295
15058.0000 767 329 0.4289
15074.0000 768 329 0.4284
15093.0000 769 329 0.4278
15114.0000 770 329 0.4273
15132.0000 771 329 0.4267
15149.0000 772 329 0.4262
15172.0000 773 329 0.4256
15175.4000 773 330 0.4269
15190.0000 774 330 0.4264
15205.1000 774 331 0.4276
15212.0000 775 331 0.4271
15235.0000 776 331 0.4265
15256.0000 777 331 0.4260
15280.0000 778 331 0.4254
15297.0000 779 331 0.4249
15318.0000 780 331 0.4244
15336.0000 781 331 0.4238
15360.0000 782 331 0.4233
15381.0000 783 331 0.4227
15399.0000 784 331 0.4222
15419.0000 785 331 0.4217
15439.2000 785 332 0.4229
15441.0000 786 332 0.4224
15442.1000 786 333 0.4237
15465.0000 787 333 0.4231
15482.0000 788 333 0.4226
15502.9000 788 334 0.4239
15504.0000 789 334 0.4233
15526.0000 790 334 0.4228
15547.0000 791 334 0.4223
15569.0000 792 334 0.4217
15583.0000 792 335 0.4230
15591.0000 793 335 0.4224
15615.0000 794 335 0.4219
15632.0000 795 335 0.4214
15646.2000 795 336 0.4226
15651.0000 796 336 0.4221
15666.0000 797 336 0.4216
15681.0000 797 337 0.4228
15684.0000 798 337 0.4223
15708.0000 799 337 0.4218
15724.0000 800 337 0.4213
15743.0000 800 338 0.4225
15746.0000 801 338 0.4220
15764.0000 802 338 0.4214
15782.0000 803 338 0.4209
15793.3000 803 339 0.4222
15799.0000 804 339 0.4216
15806.4000 804 340 0.4229
15815.0000 805 340 0.4224
15838.0000 806 340 0.4218
15854.0000 807 340 0.4213
15873.0000 808 340 0.4208
15880.0000 808 341 0.4220
15894.0000 809 341 0.4215
15909.0000 810 341 0.4210
15920.8000 810 342 0.4222
15927.0000 811 342 0.4217
15948.0000 812 342 0.4212
15953.1000 812 343 0.4224
15967.0000 813 343 0.4219
15990.0000 814 343 0.4214
15990.0000 814 344 0.4226
15991.1000 814 345 0.4238
16004.8000 814 346 0.4251
16010.0000 815 346 0.4245
16027.0000 816 346 0.4240
16042.0000 817 346 0.4235
16056.0000 817 347 0.4247
16061.0000 818 347 0.4242
16080.0000 819 347 0.4237
16104.0000 820 347 0.4232
16124.0000 821 347 0.4227
16132.2000 821 348 0.4239
16139.0000 822 348 0.4234
16155.0000 823 348 0.4228
16175.0000 824 348 0.4223
16196.0000 825 348 0.4218
16212.0000 826 348 0.4213
16220.0000 826 349 0.4225
16230.0000 827 349 0.4220
16245.0000 828 349 0.4215
16257.6000 828 350 0.4227
16258.9000 828 351 0.4239
16261.0000 829 351 0.4234
16281.0000 830 351 0.4229
16301.0000 831 351 0.4224
16322.0000 832 351 0.4219
16330.4000 832 352 0.4231
16338.0000 833 352 0.4226
16344.3000 833 353 0.4238
16357.0000 834 353 0.4233
16380.0000 835 353 0.4228
16399.0000 836 353 0.4222
16410.7000 836 354 0.4234
16416.0000 837 354 0.4229
16433.0000 838 354 0.4224
16455.0000 839 354 0.4219
16479.0000 840 354 0.4214
16503.0000 841 354 0.4209
16505.1000 841 355 0.4221
16520.1000 841 356 0.4233
16526.0000 842 356 0.4228
16547.0000 843 356 0.4223
16568.0000 844 356 0.4218
16589.0000 845 356 0.4213
16610.0000 846 356 0.4208
16618.0000 846 357 0.4220
16628.0000 847 357 0.4215
16646.0000 848 357 0.4210
16662.0000 849 357 0.4205
16662.2000 849 358 0.4217
16682.0000 850 358 0.4212
16691.8000 850 359 0.4224
16694.9000 850 360 0.4235
16699.0000 851 360 0.4230
16721.7000 851 361 0.4242
16723.0000 852 361 0.4237
16745.0000 853 361 0.4232
16760.0000 854 361 0.4227
16783.0000 855 361 0.4222
16784.7000 855 362 0.4234
16800.0000 856 362 0.4229
16818.0000 857 362 0.4224
16835.0000 858 362 0.4219
16852.1000 858 363 0.4231
16858.0000 859 363 0.4226
16881.0000 860 363 0.4221
16895.6000 860 364 0.4233
16901.0000 861 364 0.4228
16917.0000 862 364 0.4223
16935.0000 863 364 0.4218
16959.0000 864 364 0.4213
16980.0000 865 364 0.4208
16997.0000 866 364 0.4203
17021.0000 867 364 0.4198
17040.0000 868 364 0.4194
17063.0000 869 364 0.4189
17076.8000 869 365 0.4200
17082.0000 870 365 0.4195
17097.2000 870 366 0.4207
17105.0000 871 366 0.4202
17114.5000 871 367 0.4214
17126.0000 872 367 0.4209
17143.0000 873 367 0.4204
17162.0000 874 367 0.4199
17181.0000 875 367 0.4194
17202.0000 876 367 0.4189
17205.3000 876 368 0.4201
17225.0000 877 368 0.4196
17225.7000 877 369 0.4208
17239.9000 877 370 0.4219
17240.0000 878 370 0.4214
17259.0000 879 370 0.4209
17278.0000 880 370 0.4205
17299.0000 881 370 0.4200
17318.0000 882 370 0.4195
17336.0000 883 370 0.4190
17342.5000 883 371 0.4202
17353.0000 884 371 0.4197
17357.6000 884 372 0.4208
17370.0000 885 372 0.4203
17370.2000 885 373 0.4215
17394.0000 886 373 0.4210
17394.4000 886 374 0.4221
17409.6000 886 375 0.4233
17416.0000 887 375 0.4228
17439.0000 888 375 0.4223
17454.0000 889 375 0.4218
17458.5000 889 376 0.4229
17469.2000 889 377 0.4241
17477.0000 890 377 0.4236
17497.0000 891 377 0.4231
17515.0000 892 377 0.4226
17535.0000 893 377 0.4222
17547.1000 893 378 0.4233
17550.4000 893 379 0.4244
17558.0000 894 379 0.4239
17574.0000 895 379 0.4235
17598.0000 896 379 0.4230
17619.0000 897 379 0.4225
17639.0000 898 379 0.4220
17651.9000 898 380 0.4232
17654.0000 899 380 0.4227
17655.2000 899 381 0.4238
17672.0000 900 381 0.4233
17690.0000 901 381 0.4229
17702.0000 901 382 0.4240
17710.0000 902 382 0.4235
17734.0000 903 382 0.4230
17751.0000 904 382 0.4226
17758.4000 904 383 0.4237
17774.0000 905 383 0.4232
17785.2000 905 384 0.4243
17793.0000 906 384 0.4238
17808.0000 907 384 0.4234
17813.6000 907 385 0.4245
17816.7000 907 386 0.4256
17826.0000 908 386 0.4251
17835.5000 908 387 0.4262
17846.0000 909 387 0.4257
17864.0000 910 387 0.4253
17884.0000 911 387 0.4248
17899.0000 912 387 0.4243
17917.0000 913 387 0.4239
17936.0000 914 387 0.4234
17958.0000 915 387 0.4230
17959.8000 915 388 0.4240
17976.0000 916 388 0.4236
17976.3000 916 389 0.4247
18000.0000 917 389 0.4242
18021.0000 918 389 0.4237
18040.0000 919 389 0.4233
18059.0000 920 389 0.4228
18077.0000 921 389 0.4224
18084.5000 921 390 0.4235
18092.0000 922 390 0.4230
18094.7000 922 391 0.4241
18097.9000 922 392 0.4252
18112.1000 922 393 0.4262
18113.0000 923 393 0.4258
18132.0000 924 393 0.4253
18139.1000 924 394 0.4264
18147.7000 924 395 0.4275
18151.7000 924 396 0.4286
18155.0000 925 396 0.4281
18166.1000 925 397 0.4292
18177.0000 926 397 0.4287
18192.0000 927 397 0.4283
18214.0000 928 397 0.4278
18221.6000 928 398 0.4289
18225.3000 928 399 0.4300
18236.0000 929 399 0.4295
18259.0000 930 399 0.4290
18275.0000 931 399 0.4286
18298.0000 932 399 0.4281
18316.7000 932 400 0.4292
18321.0000 933 400 0.4287
18340.0000 934 400 0.4283
18353.1000 934 401 0.4293
18364.0000 935 401 0.4289
18365.2000 935 402 0.4299
18383.0000 936 402 0.4295
18402.0000 937 402 0.4290
18425.0000 938 402 0.4286
18449.0000 939 402 0.4281
18460.6000 939 403 0.4292
18461.9000 939 404 0.4302
18470.1000 939 405 0.4313
18473.0000 940 405 0.4309
18488.0000 941 405 0.4304
18512.0000 942 405 0.4299
18534.0000 943 405 0.4295
18535.2000 943 406 0.4305
18549.0000 944 406 0.4301
18558.2000 944 407 0.4311
18570.0000 945 407 0.4307
18590.0000 946 407 0.4302
18613.0000 947 407 0.4298
18632.0000 948 407 0.4293
18642.5000 948 408 0.4304
18649.6000 948 409 0.4314
18653.0000 949 409 0.4310
18677.0000 950 409 0.4305
18696.0000 951 409 0.4301
18714.7000 951 410 0.4311
18715.0000 952 410 0.4307
18738.0000 953 410 0.4302
18753.0000 954 410 0.4298
18768.0000 955 410 0.4293
18784.0000 955 411 0.4304
18786.0000 956 411 0.4299
18809.0000 957 411 0.4295
18828.0000 958 411 0.4290
18841.5000 958 412 0.4301
18845.0000 959 412 0.4296
18862.0000 960 412 0.4292
18884.0000 961 412 0.4287
18894.5000 961 413 0.4298
18899.0000 962 413 0.4293
18922.0000 963 413 0.4289
18939.0000 964 413 0.4284
18956.0000 965 413 0.4280
18964.9000 965 414 0.4290
18977.0000 966 414 0.4286
18990.3000 966 415 0.4296
18993.0000 967 415 0.4292
19015.0000 968 415 0.4287
19036.1000 968 416 0.4298
19036.5000 968 417 0.4308
19037.0000 969 417 0.4303
19055.0000 970 417 0.4299
19060.5000 970 418 0.4309
19061.9000 970 419 0.4320
19072.0000 971 419 0.4315
19082.3000 971 420 0.4325
19087.0000 972 420 0.4321
19108.0000 973 420 0.4317
19117.5000 973 421 0.4327
19125.8000 973 422 0.4337
19129.0000 974 422 0.4333
19151.0000 975 422 0.4328
19161.8000 975 423 0.4338
19173.0000 976 423 0.4334
19192.0000 977 423 0.4330
19211.0000 978 423 0.4325
19229.8000 978 424 0.4335
19231.0000 979 424 0.4331
19254.0000 980 424 0.4327
19277.0000 981 424 0.4322
19293.0000 981 425 0.4332
19301.0000 982 425 0.4328
19303.9000 982 426 0.4338
19316.0000 983 426 0.4334
19340.0000 984 426 0.4329
19355.0000 985 426 0.4325
19373.0000 986 426 0.4320
19391.0000 987 426 0.4316
19404.6000 987 427 0.4326
19406.0000 988 427 0.4322
19418.6000 988 428 0.4332
19423.0000 989 428 0.4328
19439.0000 990 428 0.4323
19455.0000 991 428 0.4319
19466.9000 991 429 0.4329
19479.0000 992 429 0.4325
19497.0000 993 429 0.4320
19519.3000 993 430 0.4330
19521.0000 994 430 0.4326
19542.0000 995 430 0.4322
19565.0000 996 430 0.4317
19586.0000 997 430 0.4313
19601.0000 998 430 0.4309
19622.0000 999 430 0.4304
19641.0000 1000 430 0.4300
19660.0000 1001 430 0.4296
19669.0000 1001 431 0.4306
19677.0000 1002 431 0.4301
19692.0000 1003 431 0.4297
19716.0000 1004 431 0.4293
19739.0000 1005 431 0.4289
19755.0000 1006 431 0.4284
19770.0000 1007 431 0.4280
19783.2000 1007 432 0.4290
19792.0000 1008 432 0.4286
19815.0000 1009 432 0.4281
19816.1000 1009 433 0.4291
19826.7000 1009 434 0.4301
19833.0000 1010 434 0.4297
19852.0000 1011 434 0.4293
19876.0000 1012 434 0.4289
19891.0000 1013 434 0.4284
19908.0000 1014 434 0.4280
19924.9000 1014 435 0.4290
19932.0000 1015 435 0.4286
19956.0000 1016 435 0.4281
19970.9000 1016 436 0.4291
19976.0000 1017 436 0.4287
19998.0000 1018 436 0.4283
20019.0000 1019 436 0.4279
20027.8000 1019 437 0.4289
20034.0000 1020 437 0.4284
20039.7000 1020 438 0.4294
20044.8000 1020 439 0.4304
20057.0000 1021 439 0.4300
20068.8000 1021 440 0.4310
20075.0000 1022 440 0.4305
20086.0000 1022 441 0.4315
20094.0000 1023 441 0.4311
20095.9000 1023 442 0.4321
20118.0000 1024 442 0.4316
20135.0000 1025 442 0.4312
20137.7000 1025 443 0.4322
20141.0000 1025 444 0.4332
20157.0000 1026 444 0.4327
20173.7000 1026 445 0.4337
20179.0000 1027 445 0.4333
20197.0000 1028 445 0.4329
20207.6000 1028 446 0.4339
20221.0000 1029 446 0.4334
20237.0000 1030 446 0.4330
20259.0000 1031 446 0.4326
20276.0000 1032 446 0.4322
20293.0000 1033 446 0.4318
20308.0000 1034 446 0.4313
20327.0000 1035 446 0.4309
20349.5000 1035 447 0.4319
20350.0000 1036 447 0.4315
20351.0000 1036 448 0.4324
20366.0000 1037 448 0.4320
20372.7000 1037 449 0.4330
20378.4000 1037 450 0.4339
20385.0000 1038 450 0.4335
20401.0000 1039 450 0.4331
20421.0000 1040 450 0.4327
20426.1000 1040 451 0.4337
20437.0000 1041 451 0.4332
20461.0000 1042 451 0.4328
20485.0000 1043 451 0.4324
20499.4000 1043 452 0.4334
20508.0000 1044 452 0.4330
20515.1000 1044 453 0.4339
20532.0000 1045 453 0.4335
20554.0000 1046 453 0.4331
20576.0000 1047 453 0.4327
20583.5000 1047 454 0.4336
20593.4000 1047 455 0.4346
20594.0000 1048 455 0.4342
20611.0000 1049 455 0.4337
20635.0000 1050 455 0.4333
20655.0000 1050 456 0.4343
20655.0000 1051 456 0.4339
20673.0000 1052 456 0.4335
20675.9000 1052 457 0.4344
20691.0000 1053 457 0.4340
20706.0000 1054 457 0.4336
20724.0000 1055 457 0.4332
20744.0000 1056 457 0.4328
20755.1000 1056 458 0.4337
20755.8000 1056 459 0.4347
20766.0000 1057 459 0.4342
20767.2000 1057 460 0.4352
20776.6000 1057 461 0.4361
20782.0000 1058 461 0.4357
20797.6000 1058 462 0.4367
20800.0000 1059 462 0.4363
20801.3000 1059 463 0.4372
20821.0000 1060 463 0.4368
20844.0000 1061 463 0.4364
20864.0000 1062 463 0.4360
20888.0000 1063 463 0.4356
20911.0000 1064 463 0.4352
20931.0000 1065 463 0.4347
20952.0000 1066 463 0.4343
20968.0000 1067 463 0.4339
20990.0000 1068 463 0.4335
21007.0000 1069 463 0.4331
21017.1000 1069 464 0.4341
21031.0000 1070 464 0.4336
21055.0000 1071 464 0.4332
21077.0000 1072 464 0.4328
21092.0000 1073 464 0.4324
21096.6000 1073 465 0.4334
21098.4000 1073 466 0.4343
21116.0000 1074 466 0.4339
21127.7000 1074 467 0.4348
21132.0000 1075 467 0.4344
21148.0000 1076 467 0.4340
21166.0000 1077 467 0.4336
21184.0000 1078 467 0.4332
21204.0000 1079 467 0.4328
21221.8000 1079 468 0.4337
21223.0000 1080 468 0.4333
21239.3000 1080 469 0.4343
21247.0000 1081 469 0.4339
21271.0000 1082 469 0.4335
21292.0000 1083 469 0.4331
21309.0000 1084 469 0.4327
21327.0000 1085 469 0.4323
21331.3000 1085 470 0.4332
21351.0000 1086 470 0.4328
21368.0000 1087 470 0.4324
21387.0000 1088 470 0.4320
21407.0000 1089 470 0.4316
21424.0000 1090 470 0.4312
21444.0000 1091 470 0.4308
21463.0000 1092 470 0.4304
21483.0000 1093 470 0.4300
21505.0000 1094 470 0.4296
21508.4000 1094 471 0.4305
21523.0000 1095 471 0.4301
21539.0000 1096 471 0.4297
21551.4000 1096 472 0.4307
21556.0000 1097 472 0.4303
21577.0000 1098 472 0.4299
21599.0000 1099 472 0.4295
21612.2000 1099 473 0.4304
21615.0000 1100 473 0.4300
21632.0000 1101 473 0.4296
21648.0000 1102 473 0.4292
21665.0000 1103 473 0.4288
21689.0000 1104 473 0.4284
21707.0000 1105 473 0.4281
21713.3000 1105 474 0.4290
21731.0000 1106 474 0.4286
21741.2000 1106 475 0.4295
21755.0000 1107 475 0.4291
21777.0000 1108 475 0.4287
21794.0000 1109 475 0.4283
21818.0000 1110 475 0.4279
21837.0000 1111 475 0.4275
21847.3000 1111 476 0.4284
21847.5000 1111 477 0.4293
21860.0000 1112 477 0.4290
21872.6000 1112 478 0.4299
21883.0000 1113 478 0.4295
21898.0000 1114 478 0.4291
21916.0000 1115 478 0.4287
21939.0000 1116 478 0.4283
21949.7000 1116 479 0.4292
21960.0000 1117 479 0.4288
21976.0000 1118 479 0.4284
21999.0000 1119 479 0.4281
22022.0000 1120 479 0.4277
22041.0000 1121 479 0.4273
22061.0000 1122 479 0.4269
22078.0000 1123 479 0.4265
22078.9000 1123 480 0.4274
22101.0000 1124 480 0.4270
22107.8000 1124 481 0.4279
22121.0000 1125 481 0.4276
22140.0000 1126 481 0.4272
22159.0000 1127 481 0.4268
22165.8000 1127 482 0.4277
22183.0000 1128 482 0.4273
22199.0000 1129 482 0.4269
22207.6000 1129 483 0.4278
22218.0000 1130 483 0.4274
22242.0000 1131 483 0.4271
22263.0000 1132 483 0.4267
22281.0000 1133 483 0.4263
22285.6000 1133 484 0.4272
22304.0000 1134 484 0.4268
22306.7000 1134 485 0.4277
22310.8000 1134 486 0.4286
22322.0000 1135 486 0.4282
22342.7000 1135 487 0.4291
22346.0000 1136 487 0.4287
22363.0000 1137 487 0.4283
22385.0000 1138 487 0.4279
22405.0000 1139 487 0.4276
22420.0000 1140 487 0.4272
22444.0000 1141 487 0.4268
22464.0000 1142 487 0.4264
22482.0000 1143 487 0.4261
22500.0000 1144 487 0.4257
22521.0000 1145 487 0.4253
22521.9000 1145 488 0.4262
22544.0000 1146 488 0.4258
22560.0000 1147 488 0.4255
22574.7000 1147 489 0.4263
22578.0000 1148 489 0.4260
22595.0000 1149 489 0.4256
22613.0000 1150 489 0.4252
22628.0000 1151 489 0.4248
22647.5000 1151 490 0.4257
22648.0000 1152 490 0.4253
22666.0000 1153 490 0.4250
22669.8000 1153 491 0.4258
22671.8000 1153 492 0.4267
22681.4000 1153 493 0.4276
22682.0000 1154 493 0.4272
22698.0000 1155 493 0.4268
22713.0000 1156 493 0.4265
22722.4000 1156 494 0.4273
22725.4000 1156 495 0.4282
22735.0000 1157 495 0.4278
22758.0000 1158 495 0.4275
22764.8000 1158 496 0.4283
22779.0000 1159 496 0.4280
22799.0000 1160 496 0.4276
22820.0000 1161 496 0.4272
22823.2000 1161 497 0.4281
22835.0000 1162 497 0.4277
22850.0000 1163 497 0.4273
22851.3000 1163 498 0.4282
22869.0000 1164 498 0.4278
22891.0000 1165 498 0.4275
22898.6000 1165 499 0.4283
22902.7000 1165 500 0.4292
22913.0000 1166 500 0.4288
22918.6000 1166 501 0.4297
22931.0000 1167 501 0.4293
22954.0000 1168 501 0.4289
22971.0000 1169 501 0.4286
22991.0000 1169 502 0.4294
22991.0000 1170 502 0.4291
22991.6000 1170 503 0.4299
22993.2000 1170 504 0.4308
23007.0000 1171 504 0.4304
23031.0000 1172 504 0.4300
23047.0000 1173 504 0.4297
23047.9000 1173 505 0.4305
23048.6000 1173 506 0.4314
23070.0000 1174 506 0.4310
23079.4000 1174 507 0.4319
23085.0000 1175 507 0.4315
23106.0000 1176 507 0.4311
23106.7000 1176 508 0.4320
23127.0000 1177 508 0.4316
23132.3000 1177 509 0.4325
23147.8000 1177 510 0.4333
23149.0000 1178 510 0.4329
23165.0000 1179 510 0.4326
23179.9000 1179 511 0.4334
23180.0000 1180 511 0.4331
23182.6000 1180 512 0.4339
23198.0000 1181 512 0.4335
23214.0000 1182 512 0.4332
23238.0000 1183 512 0.4328
23252.6000 1183 513 0.4336
23258.0000 1184 513 0.4333
23262.9000 1184 514 0.4341
23280.0000 1185 514 0.4338
23295.0000 1186 514 0.4334
23319.0000 1187 514 0.4330
23339.0000 1188 514 0.4327
23340.6000 1188 515 0.4335
23359.8000 1188 516 0.4343
23360.0000 1189 516 0.4340
23377.0000 1190 516 0.4336
23393.0000 1191 516 0.4332
23409.0000 1192 516 0.4329
23428.0000 1193 516 0.4325
23429.1000 1193 517 0.4334
23445.0000 1194 517 0.4330
23463.4000 1194 518 0.4338
23464.0000 1195 518 0.4335
23471.4000 1195 519 0.4343
23482.0000 1196 519 0.4339
23498.0000 1197 519 0.4336
23504.0000 1197 520 0.4344
23516.0000 1198 520 0.4341
23531.0000 1198 521 0.4349
23532.0000 1199 521 0.4345
23547.0000 1200 521 0.4342
23558.7000 1200 522 0.4350
23565.9000 1200 523 0.4358
23568.0000 1201 523 0.4355
23589.0000 1202 523 0.4351
23613.0000 1203 523 0.4347
23629.0000 1204 523 0.4344
23643.1000 1204 524 0.4352
23647.0000 1205 524 0.4349
23662.0000 1206 524 0.4345
23681.0000 1207 524 0.4341
23702.0000 1208 524 0.4338
23726.0000 1209 524 0.4334
23741.0000 1210 524 0.4331
23758.4000 1210 525 0.4339
23760.0000 1211 525 0.4335
23771.5000 1211 526 0.4344
23774.8000 1211 527 0.4352
23778.0000 1212 527 0.4348
23779.8000 1212 528 0.4356
23798.0000 1213 528 0.4353
23817.0000 1214 528 0.4349
23837.0000 1215 528 0.4346
23859.0000 1216 528 0.4342
23874.0000 1217 528 0.4339
23895.0000 1218 528 0.4335
23916.0000 1219 528 0.4331
23937.0000 1220 528 0.4328
23961.0000 1221 528 0.4324
23981.0000 1222 528 0.4321
24004.0000 1223 528 0.4317
24026.0000 1224 528 0.4314
24031.8000 1224 529 0.4322
24037.4000 1224 530 0.4330
24043.0000 1225 530 0.4327
24062.0000 1226 530 0.4323
24079.0000 1227 530 0.4319
24095.0000 1228 530 0.4316
24110.0000 1229 530 0.4312
24134.0000 1230 530 0.4309
24157.0000 1231 530 0.4305
24179.0000 1232 530 0.4302
24192.1000 1232 531 0.4310
24203.0000 1233 531 0.4307
24210.8000 1233 532 0.4315
24222.0000 1234 532 0.4311
24242.4000 1234 533 0.4319
24245.0000 1235 533 0.4316
24262.0000 1236 533 0.4312
24286.0000 1237 533 0.4309
24305.0000 1238 533 0.4305
24326.0000 1239 533 0.4302
24346.5000 1239 534 0.4310
24349.0000 1240 534 0.4306
24362.1000 1240 535 0.4315
24365.0000 1240 536 0.4323
24368.0000 1241 536 0.4319
24379.5000 1241 537 0.4327
24383.0000 1242 537 0.4324
24402.7000 1242 538 0.4332
24407.0000 1243 538 0.4328
24422.4000 1243 539 0.4336
24427.0000 1244 539 0.4333
24445.2000 1244 540 0.4341
24447.0000 1245 540 0.4337
24468.0000 1246 540 0.4334
24468.8000 1246 541 0.4342
24473.7000 1246 542 0.4350
24490.0000 1247 542 0.4346
24490.3000 1247 543 0.4354
24514.0000 1248 543 0.4351
24515.3000 1248 544 0.4359
24530.0000 1249 544 0.4355
24553.0000 1250 544 0.4352
24568.0000 1251 544 0.4349
24591.0000 1252 544 0.4345
24607.0000 1253 544 0.4342
24624.0000 1254 544 0.4338
24632.1000 1254 545 0.4346
24641.0000 1255 545 0.4343
24652.9000 1255 546 0.4351
24656.0000 1256 546 0.4347
24677.0000 1257 546 0.4344
24693.0000 1258 546 0.4340
24712.0000 1259 546 0.4337
24736.0000 1260 546 0.4333
24751.0000 1261 546 0.4330
24768.0000 1262 546 0.4326
24790.0000 1263 546 0.4323
24794.2000 1263 547 0.4331
24809.0000 1264 547 0.4328
24824.0000 1265 547 0.4324
24844.0000 1266 547 0.4321
24867.0000 1267 547 0.4317
24883.0000 1268 547 0.4314
24894.8000 1268 548 0.4322
24906.0000 1269 548 0.4318
24921.0000 1270 548 0.4315
24945.0000 1271 548 0.4312
24963.0000 1272 548 0.4308
24980.0000 1273 548 0.4305
24999.0000 1274 548 0.4301
25015.0000 1275 548 0.4298
25023.3000 1275 549 0.4306
25025.0000 1275 550 0.4314
25026.5000 1275 551 0.4322
25034.0000 1276 551 0.4318
25036.6000 1276 552 0.4326
25055.0000 1277 552 0.4323
25067.4000 1277 553 0.4330
25074.0000 1278 553 0.4327
25094.7000 1278 554 0.4335
25095.0000 1279 554 0.4332
25107.0000 1279 555 0.4339
25116.1000 1279 556 0.4347
25119.0000 1280 556 0.4344
25138.0000 1281 556 0.4340
25146.8000 1281 557 0.4348
25162.0000 1282 557 0.4345
25179.1000 1282 558 0.4353
25183.0000 1283 558 0.4349
