# time  created  delivered  delivered/created
22.0000 1 0 0.0000
38.0000 2 0 0.0000
54.0000 3 0 0.0000
72.0000 4 0 0.0000
94.0000 5 0 0.0000
110.0000 6 0 0.0000
133.0000 7 0 0.0000
153.0000 8 0 0.0000
175.0000 9 0 0.0000
191.0000 10 0 0.0000
210.0000 11 0 0.0000
225.0000 12 0 0.0000
249.0000 13 0 0.0000
265.0000 14 0 0.0000
281.0000 15 0 0.0000
304.0000 16 0 0.0000
328.0000 17 0 0.0000
343.0000 18 0 0.0000
367.0000 19 0 0.0000
382.0000 20 0 0.0000
399.0000 21 0 0.0000
420.0000 22 0 0.0000
439.0000 23 0 0.0000
458.0000 24 0 0.0000
480.0000 25 0 0.0000
497.0000 26 0 0.0000
515.0000 27 0 0.0000
538.0000 28 0 0.0000
562.0000 29 0 0.0000
581.0000 30 0 0.0000
581.2000 30 1 0.0333
603.0000 31 1 0.0323
625.0000 32 1 0.0313
640.9000 32 2 0.0625
646.0000 33 2 0.0606
661.6000 33 3 0.0909
667.0000 34 3 0.0882
685.0000 35 3 0.0857
691.0000 35 4 0.1143
700.0000 36 4 0.1111
713.8000 36 5 0.1389
722.0000 37 5 0.1351
741.0000 38 5 0.1316
764.0000 39 5 0.1282
775.8000 39 6 0.1538
784.0000 40 6 0.1500
806.0000 41 6 0.1463
829.0000 42 6 0.1429
851.0000 43 6 0.1395
873.0000 44 6 0.1364
895.0000 45 6 0.1333
903.5000 45 7 0.1556
918.0000 46 7 0.1522
941.0000 47 7 0.1489
957.0000 48 7 0.1458
975.0000 49 7 0.1429
998.0000 50 7 0.1400
1018.0000 51 7 0.1373
1040.0000 52 7 0.1346
1056.0000 53 7 0.1321
1077.0000 54 7 0.1296
1096.0000 55 7 0.1273
1117.0000 56 7 0.1250
1137.0000 57 7 0.1228
1159.0000 58 7 0.1207
1179.0000 59 7 0.1186
1195.4000 59 8 0.1356
1201.0000 60 8 0.1333
1216.0000 61 8 0.1311
1225.1000 61 9 0.1475
1226.1000 61 10 0.1639
1232.0000 62 10 0.1613
1251.0000 63 10 0.1587
1268.0000 64 10 0.1563
1287.0000 65 10 0.1538
1308.0000 66 10 0.1515
1327.0000 67 10 0.1493
1342.0000 68 10 0.1471
1364.0000 69 10 0.1449
1382.5000 69 11 0.1594
1388.0000 70 11 0.1571
1397.1000 70 12 0.1714
1407.0000 71 12 0.1690
1422.0000 72 12 0.1667
1442.0000 73 12 0.1644
1464.0000 74 12 0.1622
1475.9000 74 13 0.1757
1478.4000 74 14 0.1892
1479.0000 75 14 0.1867
1483.1000 75 15 0.2000
1500.0000 76 15 0.1974
1518.0000 77 15 0.1948
1542.0000 78 15 0.1923
1562.0000 79 15 0.1899
1577.0000 80 15 0.1875
1585.3000 80 16 0.2000
1594.5000 80 17 0.2125
1600.0000 81 17 0.2099
1620.0000 82 17 0.2073
1637.0000 83 17 0.2048
1652.0000 84 17 0.2024
1673.0000 85 17 0.2000
1695.0000 86 17 0.1977
1706.4000 86 18 0.2093
1713.0000 87 18 0.2069
1735.2000 87 19 0.2184
1736.2000 87 20 0.2299
1737.0000 88 20 0.2273
1739.4000 88 21 0.2386
1739.8000 88 22 0.2500
1760.0000 89 22 0.2472
1781.0000 90 22 0.2444
1804.0000 91 22 0.2418
1826.0000 92 22 0.2391
1849.0000 93 22 0.2366
1870.0000 94 22 0.2340
1880.0000 94 23 0.2447
1882.8000 94 24 0.2553
1883.1000 94 25 0.2660
1890.0000 95 25 0.2632
1911.0000 96 25 0.2604
1929.0000 97 25 0.2577
1948.0000 98 25 0.2551
1965.0000 99 25 0.2525
1980.0000 100 25 0.2500
1989.9000 100 26 0.2600
2002.0000 101 26 0.2574
2024.0000 102 26 0.2549
2035.6000 102 27 0.2647
2041.0000 103 27 0.2621
2064.0000 104 27 0.2596
2080.0000 105 27 0.2571
2095.0000 106 27 0.2547
2119.0000 107 27 0.2523
2139.0000 108 27 0.2500
2142.8000 108 28 0.2593
2161.0000 109 28 0.2569
2178.0000 110 28 0.2545
2199.0000 111 28 0.2523
2217.0000 111 29 0.2613
2222.0000 112 29 0.2589
2240.0000 113 29 0.2566
2259.0000 114 29 0.2544
2275.0000 115 29 0.2522
2295.0000 116 29 0.2500
2314.0000 117 29 0.2479
2325.2000 117 30 0.2564
2335.0000 118 30 0.2542
2354.0000 119 30 0.2521
2377.0000 120 30 0.2500
2396.0000 121 30 0.2479
2411.0000 122 30 0.2459
2412.0000 122 31 0.2541
2433.0000 123 31 0.2520
2452.0000 124 31 0.2500
2460.7000 124 32 0.2581
2464.9000 124 33 0.2661
2470.3000 124 34 0.2742
2474.0000 125 34 0.2720
2490.0000 125 35 0.2800
2494.6000 125 36 0.2880
2496.0000 126 36 0.2857
2511.0000 127 36 0.2835
2526.0000 128 36 0.2813
2546.0000 129 36 0.2791
2554.8000 129 37 0.2868
2563.0000 130 37 0.2846
2586.0000 131 37 0.2824
2601.0000 132 37 0.2803
2621.0000 133 37 0.2782
2641.0000 134 37 0.2761
2654.8000 134 38 0.2836
2662.0000 135 38 0.2815
2678.0000 136 38 0.2794
2681.8000 136 39 0.2868
2689.6000 136 40 0.2941
2690.0000 136 41 0.3015
2693.0000 137 41 0.2993
2716.0000 138 41 0.2971
2735.0000 139 41 0.2950
2741.3000 139 42 0.3022
2742.9000 139 43 0.3094
2754.0000 140 43 0.3071
2771.0000 141 43 0.3050
2788.0000 142 43 0.3028
2800.0000 142 44 0.3099
2807.0000 143 44 0.3077
2823.1000 143 45 0.3147
2831.0000 144 45 0.3125
2838.4000 144 46 0.3194
2838.8000 144 47 0.3264
2853.0000 145 47 0.3241
2868.0000 146 47 0.3219
2872.2000 146 48 0.3288
2891.0000 147 48 0.3265
2911.0000 148 48 0.3243
2926.0000 149 48 0.3221
2942.0000 150 48 0.3200
2962.0000 151 48 0.3179
2979.0000 152 48 0.3158
3003.0000 153 48 0.3137
3024.0000 154 48 0.3117
3040.0000 155 48 0.3097
3064.0000 156 48 0.3077
3065.8000 156 49 0.3141
3086.0000 157 49 0.3121
3086.1000 157 50 0.3185
3110.0000 158 50 0.3165
3118.8000 158 51 0.3228
3129.0000 159 51 0.3208
3131.0000 159 52 0.3270
3147.0000 160 52 0.3250
3166.0000 161 52 0.3230
3190.0000 162 52 0.3210
3204.1000 162 53 0.3272
3210.0000 163 53 0.3252
3225.0000 164 53 0.3232
3243.0000 165 53 0.3212
3260.0000 166 53 0.3193
3261.2000 166 54 0.3253
3271.5000 166 55 0.3313
3272.8000 166 56 0.3373
3283.0000 167 56 0.3353
3288.4000 167 57 0.3413
3305.0000 168 57 0.3393
3319.3000 168 58 0.3452
3321.0000 169 58 0.3432
3329.8000 169 59 0.3491
3344.0000 170 59 0.3471
3362.8000 170 60 0.3529
3365.0000 171 60 0.3509
3378.6000 171 61 0.3567
3385.0000 172 61 0.3547
3396.5000 172 62 0.3605
3408.0000 173 62 0.3584
3414.1000 173 63 0.3642
3414.4000 173 64 0.3699
3423.8000 173 65 0.3757
3428.0000 174 65 0.3736
3429.2000 174 66 0.3793
3449.0000 175 66 0.3771
3457.6000 175 67 0.3829
3472.0000 176 67 0.3807
3488.0000 177 67 0.3785
3510.8000 177 68 0.3842
3511.0000 178 68 0.3820
3526.3000 178 69 0.3876
3532.4000 178 70 0.3933
3533.2000 178 71 0.3989
3535.0000 179 71 0.3966
3551.2000 179 72 0.4022
3552.0000 180 72 0.4000
3563.1000 180 73 0.4056
3570.0000 181 73 0.4033
3575.8000 181 74 0.4088
3589.0000 182 74 0.4066
3604.0000 183 74 0.4044
3619.0000 184 74 0.4022
3638.0000 185 74 0.4000
3653.0000 186 74 0.3978
3669.0000 187 74 0.3957
3689.0000 188 74 0.3936
3712.0000 189 74 0.3915
3730.0000 190 74 0.3895
3754.0000 191 74 0.3874
3771.0000 192 74 0.3854
3787.0000 193 74 0.3834
3809.0000 194 74 0.3814
3824.8000 194 75 0.3866
3832.0000 195 75 0.3846
3846.4000 195 76 0.3897
3854.0000 196 76 0.3878
3873.0000 197 76 0.3858
3895.0000 198 76 0.3838
3919.0000 199 76 0.3819
3938.0000 200 76 0.3800
3946.1000 200 77 0.3850
3953.0000 200 78 0.3900
3955.0000 201 78 0.3881
3975.0000 202 78 0.3861
3996.0000 203 78 0.3842
4012.0000 204 78 0.3824
4031.0000 205 78 0.3805
4052.0000 206 78 0.3786
4054.9000 206 79 0.3835
4057.7000 206 80 0.3883
4059.1000 206 81 0.3932
4070.0000 207 81 0.3913
4094.0000 208 81 0.3894
4115.0000 209 81 0.3876
4134.0000 210 81 0.3857
4152.1000 210 82 0.3905
4153.0000 211 82 0.3886
4171.0000 212 82 0.3868
4194.0000 213 82 0.3850
4208.3000 213 83 0.3897
4209.2000 213 84 0.3944
4214.0000 214 84 0.3925
4222.4000 214 85 0.3972
4235.0000 215 85 0.3953
4245.1000 215 86 0.4000
4251.0000 216 86 0.3981
4256.7000 216 87 0.4028
4268.6000 216 88 0.4074
4272.0000 217 88 0.4055
4287.3000 217 89 0.4101
4288.6000 217 90 0.4147
4290.0000 218 90 0.4128
4297.6000 218 91 0.4174
4311.5000 218 92 0.4220
4314.0000 219 92 0.4201
4316.4000 219 93 0.4247
4338.0000 220 93 0.4227
4360.0000 221 93 0.4208
4381.0000 222 93 0.4189
4400.0000 223 93 0.4170
4406.0000 223 94 0.4215
4419.0000 224 94 0.4196
4419.1000 224 95 0.4241
4434.0000 225 95 0.4222
4435.5000 225 96 0.4267
4452.4000 225 97 0.4311
4454.5000 225 98 0.4356
4458.0000 226 98 0.4336
4463.0000 226 99 0.4381
4476.0000 227 99 0.4361
4490.7000 227 100 0.4405
4497.0000 228 100 0.4386
4505.4000 228 101 0.4430
4515.0000 229 101 0.4410
4537.0000 230 101 0.4391
4556.0000 231 101 0.4372
4559.0000 231 102 0.4416
4562.1000 231 103 0.4459
4563.8000 231 104 0.4502
4580.0000 232 104 0.4483
4597.0000 233 104 0.4464
4609.0000 233 105 0.4506
4609.6000 233 106 0.4549
4614.0000 234 106 0.4530
4634.0000 235 106 0.4511
4655.0000 236 106 0.4492
4665.1000 236 107 0.4534
4670.2000 236 108 0.4576
4672.0000 237 108 0.4557
4686.6000 237 109 0.4599
4689.0000 238 109 0.4580
4699.4000 238 110 0.4622
4706.0000 239 110 0.4603
4729.0000 240 110 0.4583
4747.0000 241 110 0.4564
4752.1000 241 111 0.4606
4762.0000 242 111 0.4587
4766.5000 242 112 0.4628
4783.0000 243 112 0.4609
4795.2000 243 113 0.4650
4807.0000 244 113 0.4631
4812.3000 244 114 0.4672
4824.0000 245 114 0.4653
4848.0000 246 114 0.4634
4867.0000 247 114 0.4615
4886.0000 248 114 0.4597
4909.0000 249 114 0.4578
4928.0000 250 114 0.4560
4951.0000 251 114 0.4542
4966.0000 252 114 0.4524
4972.7000 252 115 0.4563
4975.7000 252 116 0.4603
4986.0000 253 116 0.4585
4988.1000 253 117 0.4625
5010.0000 254 117 0.4606
5033.0000 255 117 0.4588
5048.0000 256 117 0.4570
5062.2000 256 118 0.4609
5072.0000 257 118 0.4591
5076.2000 257 119 0.4630
5089.0000 258 119 0.4612
5112.0000 259 119 0.4595
5131.0000 260 119 0.4577
5151.0000 261 119 0.4559
5171.0000 261 120 0.4598
5175.0000 262 120 0.4580
5194.0000 263 120 0.4563
5209.7000 263 121 0.4601
5215.0000 264 121 0.4583
5237.0000 265 121 0.4566
5238.5000 265 122 0.4604
5239.3000 265 123 0.4642
5254.0000 266 123 0.4624
5269.0000 267 123 0.4607
5291.0000 268 123 0.4590
5307.0000 269 123 0.4572
5322.4000 269 124 0.4610
5324.0000 270 124 0.4593
5324.3000 270 125 0.4630
5339.0000 271 125 0.4613
5355.3000 271 126 0.4649
5356.0000 272 126 0.4632
5356.7000 272 127 0.4669
5371.0000 273 127 0.4652
5387.0000 274 127 0.4635
5410.0000 275 127 0.4618
5410.3000 275 128 0.4655
5426.0000 276 128 0.4638
5430.3000 276 129 0.4674
5447.0000 277 129 0.4657
5470.0000 278 129 0.4640
5490.0000 279 129 0.4624
5507.0000 280 129 0.4607
5516.6000 280 130 0.4643
5528.0000 281 130 0.4626
5542.9000 281 131 0.4662
5546.0000 282 131 0.4645
5564.0000 283 131 0.4629
5565.1000 283 132 0.4664
5584.0000 284 132 0.4648
5607.0000 285 132 0.4632
5622.0000 285 133 0.4667
5625.0000 286 133 0.4650
5643.0000 287 133 0.4634
5665.0000 288 133 0.4618
5685.0000 289 133 0.4602
5690.1000 289 134 0.4637
5704.0000 290 134 0.4621
5724.0000 291 134 0.4605
5729.6000 291 135 0.4639
5745.0000 292 135 0.4623
5745.2000 292 136 0.4658
5759.9000 292 137 0.4692
5760.0000 293 137 0.4676
5770.4000 293 138 0.4710
5771.8000 293 139 0.4744
5778.9000 293 140 0.4778
5784.0000 294 140 0.4762
5805.0000 295 140 0.4746
5807.1000 295 141 0.4780
5822.0000 296 141 0.4764
5823.2000 296 142 0.4797
5841.0000 297 142 0.4781
5855.7000 297 143 0.4815
5859.0000 298 143 0.4799
5860.0000 298 144 0.4832
5863.7000 298 145 0.4866
5873.7000 298 146 0.4899
5874.0000 299 146 0.4883
5893.0000 300 146 0.4867
5896.9000 300 147 0.4900
5914.0000 301 147 0.4884
5932.0000 302 147 0.4868
5938.9000 302 148 0.4901
5947.3000 302 149 0.4934
5948.5000 302 150 0.4967
5953.0000 303 150 0.4950
5968.3000 303 151 0.4983
5971.0000 304 151 0.4967
5986.0000 305 151 0.4951
6003.8000 305 152 0.4984
6007.7000 305 153 0.5016
6008.0000 306 153 0.5000
6009.2000 306 154 0.5033
6013.1000 306 155 0.5065
6024.0000 307 155 0.5049
6028.2000 307 156 0.5081
6029.0000 307 157 0.5114
6037.7000 307 158 0.5147
6041.0000 308 158 0.5130
6042.3000 308 159 0.5162
6063.0000 309 159 0.5146
6068.1000 309 160 0.5178
6087.0000 310 160 0.5161
6105.0000 311 160 0.5145
6114.3000 311 161 0.5177
6124.0000 312 161 0.5160
6145.0000 313 161 0.5144
6166.0000 314 161 0.5127
6182.0000 315 161 0.5111
6201.0000 316 161 0.5095
6211.5000 316 162 0.5127
6216.0000 317 162 0.5110
6231.0000 318 162 0.5094
6245.2000 318 163 0.5126
6248.0000 319 163 0.5110
6261.7000 319 164 0.5141
6267.0000 320 164 0.5125
6288.6000 320 165 0.5156
6289.0000 321 165 0.5140
6308.0000 322 165 0.5124
6319.4000 322 166 0.5155
6322.0000 322 167 0.5186
6332.0000 323 167 0.5170
6355.0000 324 167 0.5154
6372.0000 325 167 0.5138
6374.6000 325 168 0.5169
6376.0000 325 169 0.5200
6376.7000 325 170 0.5231
6384.7000 325 171 0.5262
6393.0000 326 171 0.5245
6412.5000 326 172 0.5276
6417.0000 327 172 0.5260
6431.8000 327 173 0.5291
6441.0000 328 173 0.5274
6457.1000 328 174 0.5305
6464.6000 328 175 0.5335
6465.0000 329 175 0.5319
6467.3000 329 176 0.5350
6486.0000 330 176 0.5333
6502.0000 331 176 0.5317
6518.0000 332 176 0.5301
6536.0000 333 176 0.5285
6551.1000 333 177 0.5315
6555.0000 334 177 0.5299
6565.0000 334 178 0.5329
6572.0000 335 178 0.5313
6591.0000 336 178 0.5298
6606.9000 336 179 0.5327
6608.0000 337 179 0.5312
6631.0000 338 179 0.5296
6646.0000 339 179 0.5280
6665.0000 340 179 0.5265
6684.0000 341 179 0.5249
6696.4000 341 180 0.5279
6708.0000 342 180 0.5263
6725.0000 343 180 0.5248
6743.9000 343 181 0.5277
6745.0000 344 181 0.5262
6760.0000 345 181 0.5246
6781.0000 346 181 0.5231
6793.5000 346 182 0.5260
6800.0000 347 182 0.5245
6816.0000 348 182 0.5230
6827.4000 348 183 0.5259
6839.0000 349 183 0.5244
6854.0000 350 183 0.5229
6874.0000 351 183 0.5214
6889.0000 352 183 0.5199
6893.6000 352 184 0.5227
6900.6000 352 185 0.5256
6909.0000 353 185 0.5241
6917.1000 353 186 0.5269
6930.0000 354 186 0.5254
6941.5000 354 187 0.5282
6951.0000 355 187 0.5268
6953.0000 355 188 0.5296
6971.0000 356 188 0.5281
6973.3000 356 189 0.5309
6978.5000 356 190 0.5337
6995.0000 357 190 0.5322
7010.0000 358 190 0.5307
7016.2000 358 191 0.5335
7019.8000 358 192 0.5363
7029.0000 359 192 0.5348
7045.6000 359 193 0.5376
7048.0000 360 193 0.5361
7061.9000 360 194 0.5389
7071.0000 361 194 0.5374
7091.5000 361 195 0.5402
7093.0000 362 195 0.5387
7093.3000 362 196 0.5414
7108.0000 363 196 0.5399
7130.0000 364 196 0.5385
7147.0000 365 196 0.5370
7163.0000 366 196 0.5355
7176.4000 366 197 0.5383
7180.0000 367 197 0.5368
7196.1000 367 198 0.5395
7197.0000 368 198 0.5380
7221.0000 369 198 0.5366
7240.0000 370 198 0.5351
7245.6000 370 199 0.5378
7255.0000 371 199 0.5364
7272.0000 372 199 0.5349
7290.8000 372 200 0.5376
7296.0000 373 200 0.5362
7319.0000 374 200 0.5348
7326.9000 374 201 0.5374
7333.2000 374 202 0.5401
7335.0000 375 202 0.5387
7339.6000 375 203 0.5413
7358.0000 376 203 0.5399
7378.0000 377 203 0.5385
7394.0000 378 203 0.5370
7406.7000 378 204 0.5397
7411.0000 379 204 0.5383
7428.4000 379 205 0.5409
7435.0000 380 205 0.5395
7457.1000 380 206 0.5421
7459.0000 381 206 0.5407
7468.4000 381 207 0.5433
7480.0000 382 207 0.5419
7498.0000 383 207 0.5405
7498.8000 383 208 0.5431
7507.3000 383 209 0.5457
7514.0000 384 209 0.5443
7532.5000 384 210 0.5469
7536.0000 385 210 0.5455
7547.5000 385 211 0.5481
7559.0000 386 211 0.5466
7566.1000 386 212 0.5492
7574.0000 387 212 0.5478
7583.5000 387 213 0.5504
7591.0000 387 214 0.5530
7595.0000 388 214 0.5515
7613.0000 389 214 0.5501
7621.5000 389 215 0.5527
7632.0000 390 215 0.5513
7651.8000 390 216 0.5538
7656.0000 391 216 0.5524
7673.0000 392 216 0.5510
7677.6000 392 217 0.5536
7679.6000 392 218 0.5561
7681.4000 392 219 0.5587
7685.6000 392 220 0.5612
7696.0000 393 220 0.5598
7713.0000 394 220 0.5584
7730.0000 395 220 0.5570
7745.0000 396 220 0.5556
7749.4000 396 221 0.5581
7758.9000 396 222 0.5606
7762.0000 397 222 0.5592
7768.3000 397 223 0.5617
7769.2000 397 224 0.5642
7784.0000 398 224 0.5628
7804.0000 399 224 0.5614
7822.0000 400 224 0.5600
7822.3000 400 225 0.5625
7840.0000 401 225 0.5611
7858.0000 402 225 0.5597
7874.0000 403 225 0.5583
7878.2000 403 226 0.5608
7883.6000 403 227 0.5633
7891.0000 403 228 0.5658
7891.9000 403 229 0.5682
7895.0000 404 229 0.5668
7914.0000 405 229 0.5654
7922.2000 405 230 0.5679
7931.0000 406 230 0.5665
7934.8000 406 231 0.5690
7948.0000 407 231 0.5676
7960.8000 407 232 0.5700
7972.0000 408 232 0.5686
7982.8000 408 233 0.5711
7983.2000 408 234 0.5735
7987.0000 409 234 0.5721
7992.4000 409 235 0.5746
8002.0000 410 235 0.5732
8024.0000 411 235 0.5718
8040.0000 412 235 0.5704
8041.7000 412 236 0.5728
8046.6000 412 237 0.5752
8059.0000 413 237 0.5738
8066.2000 413 238 0.5763
8082.0000 414 238 0.5749
8084.1000 414 239 0.5773
8099.0000 415 239 0.5759
8106.7000 415 240 0.5783
8108.6000 415 241 0.5807
8116.0000 416 241 0.5793
8137.0000 417 241 0.5779
8144.6000 417 242 0.5803
8158.0000 418 242 0.5789
8170.9000 418 243 0.5813
8171.9000 418 244 0.5837
8173.0000 419 244 0.5823
8190.0000 420 244 0.5810
8205.0000 421 244 0.5796
8205.7000 421 245 0.5819
8227.0000 422 245 0.5806
8235.0000 422 246 0.5829
8251.0000 423 246 0.5816
8270.0000 423 247 0.5839
8272.4000 423 248 0.5863
8272.4000 423 249 0.5887
8275.0000 424 249 0.5873
8284.1000 424 250 0.5896
8285.5000 424 251 0.5920
8286.8000 424 252 0.5943
8297.0000 425 252 0.5929
8310.4000 425 253 0.5953
8317.0000 426 253 0.5939
8336.0000 427 253 0.5925
8354.9000 427 254 0.5948
8359.0000 428 254 0.5935
8363.8000 428 255 0.5958
8375.0000 429 255 0.5944
8396.0000 430 255 0.5930
8399.8000 430 256 0.5953
8404.7000 430 257 0.5977
8406.7000 430 258 0.6000
8414.0000 431 258 0.5986
8427.0000 431 259 0.6009
8428.2000 431 260 0.6032
8431.8000 431 261 0.6056
8437.0000 432 261 0.6042
8444.8000 432 262 0.6065
8453.0000 433 262 0.6051
8468.0000 434 262 0.6037
8492.0000 435 262 0.6023
8510.0000 436 262 0.6009
8525.0000 437 262 0.5995
8530.8000 437 263 0.6018
8544.0000 438 263 0.6005
8566.0000 439 263 0.5991
8567.0000 439 264 0.6014
8572.8000 439 265 0.6036
8578.2000 439 266 0.6059
8586.0000 440 266 0.6045
8593.1000 440 267 0.6068
8609.0000 441 267 0.6054
8625.0000 442 267 0.6041
8630.3000 442 268 0.6063
8633.3000 442 269 0.6086
8640.0000 442 270 0.6109
8641.9000 442 271 0.6131
8644.0000 443 271 0.6117
8663.0000 444 271 0.6104
8663.0000 444 272 0.6126
8681.0000 445 272 0.6112
8697.0000 446 272 0.6099
8699.3000 446 273 0.6121
8705.9000 446 274 0.6143
8719.0000 447 274 0.6130
8725.4000 447 275 0.6152
8743.0000 448 275 0.6138
8748.8000 448 276 0.6161
8749.8000 448 277 0.6183
8767.0000 449 277 0.6169
8778.0000 449 278 0.6192
8784.0000 450 278 0.6178
8793.6000 450 279 0.6200
8800.0000 451 279 0.6186
8823.0000 452 279 0.6173
8824.9000 452 280 0.6195
8829.0000 452 281 0.6217
8839.0000 453 281 0.6203
8854.0000 454 281 0.6189
8869.0000 455 281 0.6176
8888.6000 455 282 0.6198
8892.0000 456 282 0.6184
8897.5000 456 283 0.6206
8911.0000 457 283 0.6193
8923.6000 457 284 0.6214
8925.5000 457 285 0.6236
8929.0000 458 285 0.6223
8944.0000 459 285 0.6209
8954.6000 459 286 0.6231
8955.3000 459 287 0.6253
8961.0000 460 287 0.6239
8963.8000 460 288 0.6261
8979.0000 461 288 0.6247
8985.3000 461 289 0.6269
8997.0000 462 289 0.6255
9008.9000 462 290 0.6277
9013.0000 463 290 0.6263
9026.8000 463 291 0.6285
9035.0000 464 291 0.6272
9058.0000 465 291 0.6258
9067.9000 465 292 0.6280
9073.0000 466 292 0.6266
9095.0000 467 292 0.6253
9098.9000 467 293 0.6274
9100.8000 467 294 0.6296
9119.0000 468 294 0.6282
9143.0000 469 294 0.6269
9151.6000 469 295 0.6290
9162.0000 470 295 0.6277
9174.0000 470 296 0.6298
9178.1000 470 297 0.6319
9184.4000 470 298 0.6340
9186.0000 471 298 0.6327
9208.4000 471 299 0.6348
9209.0000 472 299 0.6335
9215.1000 472 300 0.6356
9224.0000 473 300 0.6342
9245.0000 474 300 0.6329
9253.4000 474 301 0.6350
9254.1000 474 302 0.6371
9264.0000 475 302 0.6358
9288.0000 476 302 0.6345
9294.6000 476 303 0.6366
9305.4000 476 304 0.6387
9307.2000 476 305 0.6408
9310.0000 477 305 0.6394
9313.7000 477 306 0.6415
9321.5000 477 307 0.6436
9326.0000 478 307 0.6423
9333.9000 478 308 0.6444
9338.9000 478 309 0.6464
9341.0000 479 309 0.6451
9365.0000 480 309 0.6438
9387.0000 481 309 0.6424
9403.0000 482 309 0.6411
9426.0000 483 309 0.6398
9444.0000 484 309 0.6384
9455.8000 484 310 0.6405
9465.4000 484 311 0.6426
9468.0000 485 311 0.6412
9485.0000 486 311 0.6399
9496.5000 486 312 0.6420
9501.9000 486 313 0.6440
9503.0000 487 313 0.6427
9510.1000 487 314 0.6448
9518.5000 487 315 0.6468
9527.0000 488 315 0.6455
9538.8000 488 316 0.6475
9547.9000 488 317 0.6496
9550.0000 489 317 0.6483
9573.0000 490 317 0.6469
9588.1000 490 318 0.6490
9591.0000 491 318 0.6477
9613.4000 491 319 0.6497
9614.0000 492 319 0.6484
9614.7000 492 320 0.6504
9632.0000 493 320 0.6491
9653.0000 494 320 0.6478
9653.2000 494 321 0.6498
9665.1000 494 322 0.6518
9668.5000 494 323 0.6538
9676.0000 495 323 0.6525
9693.0000 496 323 0.6512
9695.2000 496 324 0.6532
9703.8000 496 325 0.6552
9715.0000 497 325 0.6539
9736.0000 498 325 0.6526
9738.5000 498 326 0.6546
9748.3000 498 327 0.6566
9750.0000 498 328 0.6586
9752.0000 499 328 0.6573
9761.5000 499 329 0.6593
9768.7000 499 330 0.6613
9776.0000 500 330 0.6600
9799.0000 501 330 0.6587
9805.0000 501 331 0.6607
9806.5000 501 332 0.6627
9821.0000 502 332 0.6614
9837.0000 503 332 0.6600
9843.4000 503 333 0.6620
9846.7000 503 334 0.6640
9861.0000 504 334 0.6627
9879.0000 505 334 0.6614
9883.0000 505 335 0.6634
9894.0000 506 335 0.6621
9905.9000 506 336 0.6640
9907.1000 506 337 0.6660
9909.0000 507 337 0.6647
9927.0000 508 337 0.6634
9941.0000 508 338 0.6654
9946.0000 509 338 0.6640
9950.5000 509 339 0.6660
9969.0000 510 339 0.6647
9988.0000 511 339 0.6634
9995.7000 511 340 0.6654
10007.0000 512 340 0.6641
10009.2000 512 341 0.6660
10024.0000 513 341 0.6647
10027.4000 513 342 0.6667
10042.5000 513 343 0.6686
10044.0000 514 343 0.6673
10067.0000 515 343 0.6660
10087.0000 516 343 0.6647
10108.2000 516 344 0.6667
10111.0000 517 344 0.6654
10123.9000 517 345 0.6673
10130.2000 517 346 0.6692
10132.0000 518 346 0.6680
10138.5000 518 347 0.6699
10154.0000 519 347 0.6686
10160.2000 519 348 0.6705
10176.1000 519 349 0.6724
10177.0000 520 349 0.6712
10194.0000 521 349 0.6699
10214.0000 521 350 0.6718
10216.0000 522 350 0.6705
10233.5000 522 351 0.6724
10235.0000 523 351 0.6711
10257.0000 524 351 0.6698
10265.1000 524 352 0.6718
10281.0000 525 352 0.6705
10282.4000 525 353 0.6724
10300.0000 526 353 0.6711
10320.0000 527 353 0.6698
10321.2000 527 354 0.6717
10343.0000 528 354 0.6705
10343.6000 528 355 0.6723
10366.0000 529 355 0.6711
10374.1000 529 356 0.6730
10379.4000 529 357 0.6749
10382.0000 530 357 0.6736
10394.3000 530 358 0.6755
10402.0000 531 358 0.6742
10416.0000 531 359 0.6761
10422.8000 531 360 0.6780
10423.0000 532 360 0.6767
10425.2000 532 361 0.6786
10426.2000 532 362 0.6805
10440.9000 532 363 0.6823
10441.0000 533 363 0.6811
10441.0000 533 364 0.6829
10447.6000 533 365 0.6848
10458.3000 533 366 0.6867
10461.0000 534 366 0.6854
10480.0000 535 366 0.6841
10497.0000 536 366 0.6828
10518.0000 537 366 0.6816
10524.1000 537 367 0.6834
10526.4000 537 368 0.6853
10530.5000 537 369 0.6872
10536.8000 537 370 0.6890
10537.0000 538 370 0.6877
10552.3000 538 371 0.6896
10554.1000 538 372 0.6914
10555.0000 539 372 0.6902
10571.0000 540 372 0.6889
10591.0000 541 372 0.6876
10600.1000 541 373 0.6895
10615.0000 542 373 0.6882
10637.0000 543 373 0.6869
10645.7000 543 374 0.6888
10648.9000 543 375 0.6906
10657.0000 544 375 0.6893
10665.2000 544 376 0.6912
10667.4000 544 377 0.6930
10681.0000 545 377 0.6917
10703.0000 546 377 0.6905
10715.1000 546 378 0.6923
10726.0000 547 378 0.6910
10748.0000 548 378 0.6898
10768.0000 549 378 0.6885
10788.0000 550 378 0.6873
10808.0000 551 378 0.6860
10808.7000 551 379 0.6878
10823.0000 552 379 0.6866
10842.0000 553 379 0.6854
10862.3000 553 380 0.6872
10866.0000 554 380 0.6859
10875.1000 554 381 0.6877
10882.0000 554 382 0.6895
10884.2000 554 383 0.6913
10885.0000 555 383 0.6901
10907.0000 556 383 0.6888
10925.0000 557 383 0.6876
10942.0000 558 383 0.6864
10942.2000 558 384 0.6882
10966.0000 559 384 0.6869
10983.0000 560 384 0.6857
11006.0000 561 384 0.6845
11019.4000 561 385 0.6863
11021.3000 561 386 0.6881
11023.0000 562 386 0.6868
11046.0000 563 386 0.6856
11058.2000 563 387 0.6874
11068.0000 564 387 0.6862
11084.0000 565 387 0.6850
11087.3000 565 388 0.6867
11089.8000 565 389 0.6885
11094.6000 565 390 0.6903
11096.6000 565 391 0.6920
11102.0000 566 391 0.6908
11120.0000 567 391 0.6896
11126.6000 567 392 0.6914
11137.9000 567 393 0.6931
11141.2000 567 394 0.6949
11143.0000 568 394 0.6937
11148.4000 568 395 0.6954
11154.6000 568 396 0.6972
11166.0000 569 396 0.6960
11182.0000 570 396 0.6947
11191.1000 570 397 0.6965
11201.0000 571 397 0.6953
11206.0000 571 398 0.6970
11210.6000 571 399 0.6988
11213.0000 571 400 0.7005
11218.0000 572 400 0.6993
11238.0000 573 400 0.6981
11250.8000 573 401 0.6998
11253.1000 573 402 0.7016
11260.0000 574 402 0.7003
11280.0000 575 402 0.6991
11298.0000 576 402 0.6979
11308.0000 576 403 0.6997
11319.0000 577 403 0.6984
11320.8000 577 404 0.7002
11325.0000 577 405 0.7019
11332.9000 577 406 0.7036
11343.0000 578 406 0.7024
11363.0000 579 406 0.7012
11365.9000 579 407 0.7029
11381.0000 580 407 0.7017
11392.0000 580 408 0.7034
11396.4000 580 409 0.7052
11405.0000 581 409 0.7040
11424.0000 582 409 0.7027
11432.3000 582 410 0.7045
11433.2000 582 411 0.7062
11443.0000 583 411 0.7050
11443.2000 583 412 0.7067
11459.6000 583 413 0.7084
11461.6000 583 414 0.7101
11467.0000 584 414 0.7089
11491.0000 585 414 0.7077
11508.2000 585 415 0.7094
11511.0000 586 415 0.7082
11513.2000 586 416 0.7099
11529.0000 587 416 0.7087
11539.0000 587 417 0.7104
11540.1000 587 418 0.7121
11547.0000 588 418 0.7109
11560.8000 588 419 0.7126
11566.0000 589 419 0.7114
11586.0000 590 419 0.7102
11610.0000 591 419 0.7090
11618.8000 591 420 0.7107
11626.0000 592 420 0.7095
11640.2000 592 421 0.7111
11650.0000 593 421 0.7099
11665.0000 594 421 0.7088
11680.0000 595 421 0.7076
11687.9000 595 422 0.7092
11688.2000 595 423 0.7109
11689.7000 595 424 0.7126
11696.0000 596 424 0.7114
11708.3000 596 425 0.7131
11711.0000 597 425 0.7119
11715.9000 597 426 0.7136
11731.0000 598 426 0.7124
11747.2000 598 427 0.7140
11755.0000 599 427 0.7129
11771.0000 600 427 0.7117
11782.9000 600 428 0.7133
11784.5000 600 429 0.7150
11789.8000 600 430 0.7167
11790.0000 601 430 0.7155
11796.5000 601 431 0.7171
11805.5000 601 432 0.7188
11809.0000 602 432 0.7176
11809.6000 602 433 0.7193
11827.0000 603 433 0.7181
11830.8000 603 434 0.7197
11833.3000 603 435 0.7214
11851.0000 604 435 0.7202
11867.0000 605 435 0.7190
11885.0000 606 435 0.7178
11907.0000 607 435 0.7166
11929.0000 608 435 0.7155
11933.3000 608 436 0.7171
11935.8000 608 437 0.7188
11939.1000 608 438 0.7204
11948.0000 609 438 0.7192
11959.7000 609 439 0.7209
11971.0000 610 439 0.7197
11988.9000 610 440 0.7213
11989.6000 610 441 0.7230
11995.0000 611 441 0.7218
12012.0000 612 441 0.7206
12033.0000 613 441 0.7194
12048.0000 614 441 0.7182
12051.8000 614 442 0.7199
12070.0000 615 442 0.7187
12073.0000 615 443 0.7203
12079.6000 615 444 0.7220
12082.6000 615 445 0.7236
12088.0000 616 445 0.7224
12091.1000 616 446 0.7240
12092.1000 616 447 0.7256
12093.2000 616 448 0.7273
12104.0000 617 448 0.7261
12124.0000 618 448 0.7249
12126.1000 618 449 0.7265
12131.8000 618 450 0.7282
12137.3000 618 451 0.7298
12145.0000 619 451 0.7286
12153.5000 619 452 0.7302
12155.7000 619 453 0.7318
12165.0000 620 453 0.7306
12167.9000 620 454 0.7323
12189.0000 621 454 0.7311
12209.0000 622 454 0.7299
12211.8000 622 455 0.7315
12216.4000 622 456 0.7331
12217.1000 622 457 0.7347
12218.2000 622 458 0.7363
12220.5000 622 459 0.7379
12226.0000 623 459 0.7368
12243.7000 623 460 0.7384
12249.0000 624 460 0.7372
12261.8000 624 461 0.7388
12270.0000 625 461 0.7376
12287.0000 626 461 0.7364
12304.8000 626 462 0.7380
12305.0000 627 462 0.7368
12323.0000 628 462 0.7357
12329.4000 628 463 0.7373
12329.5000 628 464 0.7389
12332.7000 628 465 0.7404
12339.0000 629 465 0.7393
12358.0000 630 465 0.7381
12377.0000 631 465 0.7369
12399.0000 632 465 0.7358
12412.9000 632 466 0.7373
12416.9000 632 467 0.7389
12421.0000 633 467 0.7378
12444.0000 634 467 0.7366
12457.5000 634 468 0.7382
12463.0000 635 468 0.7370
12464.2000 635 469 0.7386
12479.0000 636 469 0.7374
12483.1000 636 470 0.7390
12484.2000 636 471 0.7406
12497.0000 637 471 0.7394
12518.0000 638 471 0.7382
12535.9000 638 472 0.7398
12538.0000 639 472 0.7387
12556.0000 640 472 0.7375
12569.0000 640 473 0.7391
12575.0000 641 473 0.7379
12592.6000 641 474 0.7395
12596.0000 642 474 0.7383
12597.3000 642 475 0.7399
12611.0000 643 475 0.7387
12614.8000 643 476 0.7403
12627.6000 643 477 0.7418
12634.2000 643 478 0.7434
12635.0000 644 478 0.7422
12642.9000 644 479 0.7438
12650.0000 644 480 0.7453
12655.0000 645 480 0.7442
12668.6000 645 481 0.7457
12672.0000 646 481 0.7446
12691.0000 647 481 0.7434
12692.7000 647 482 0.7450
12705.3000 647 483 0.7465
12713.0000 648 483 0.7454
12726.0000 648 484 0.7469
12727.4000 648 485 0.7485
12731.2000 648 486 0.7500
12737.0000 649 486 0.7488
12746.5000 649 487 0.7504
12749.4000 649 488 0.7519
12761.0000 650 488 0.7508
12781.0000 651 488 0.7496
12791.4000 651 489 0.7512
12798.0000 652 489 0.7500
12808.8000 652 490 0.7515
12818.0000 653 490 0.7504
12830.3000 653 491 0.7519
12837.0000 653 492 0.7534
12839.0000 654 492 0.7523
12863.0000 655 492 0.7511
12867.5000 655 493 0.7527
12884.0000 656 493 0.7515
12901.0000 657 493 0.7504
12919.0000 658 493 0.7492
12933.8000 658 494 0.7508
12935.6000 658 495 0.7523
12936.0000 659 495 0.7511
12954.0000 660 495 0.7500
12971.0000 661 495 0.7489
12986.0000 662 495 0.7477
12993.5000 662 496 0.7492
12996.7000 662 497 0.7508
13007.5000 662 498 0.7523
13009.0000 663 498 0.7511
13029.0000 664 498 0.7500
13045.7000 664 499 0.7515
13048.0000 665 499 0.7504
13049.7000 665 500 0.7519
13052.9000 665 501 0.7534
13069.0000 666 501 0.7523
13080.5000 666 502 0.7538
13081.1000 666 503 0.7553
13082.6000 666 504 0.7568
13090.0000 667 504 0.7556
13112.0000 668 504 0.7545
13132.3000 668 505 0.7560
13135.0000 669 505 0.7549
13136.3000 669 506 0.7564
13138.5000 669 507 0.7578
13146.6000 669 508 0.7593
13150.3000 669 509 0.7608
13157.0000 670 509 0.7597
13172.9000 670 510 0.7612
13175.0000 671 510 0.7601
13179.0000 671 511 0.7615
13198.0000 672 511 0.7604
13213.0000 672 512 0.7619
13222.0000 673 512 0.7608
13237.0000 674 512 0.7596
13261.0000 675 512 0.7585
13268.8000 675 513 0.7600
13279.0000 676 513 0.7589
13288.8000 676 514 0.7604
13290.7000 676 515 0.7618
13303.0000 677 515 0.7607
13327.0000 678 515 0.7596
13327.1000 678 516 0.7611
13344.0000 679 516 0.7599
13344.0000 679 517 0.7614
13362.7000 679 518 0.7629
13367.0000 680 518 0.7618
13382.6000 680 519 0.7632
13385.0000 681 519 0.7621
13387.8000 681 520 0.7636
13400.0000 682 520 0.7625
13419.3000 682 521 0.7639
13422.0000 683 521 0.7628
13439.0000 684 521 0.7617
13463.0000 685 521 0.7606
13485.0000 686 521 0.7595
13500.7000 686 522 0.7609
13501.0000 687 522 0.7598
13512.8000 687 523 0.7613
13522.0000 688 523 0.7602
13534.7000 688 524 0.7616
13535.9000 688 525 0.7631
13543.0000 689 525 0.7620
13558.0000 690 525 0.7609
13578.0000 691 525 0.7598
13582.3000 691 526 0.7612
13582.7000 691 527 0.7627
13597.0000 692 527 0.7616
13600.2000 692 528 0.7630
13601.2000 692 529 0.7645
13605.2000 692 530 0.7659
13605.9000 692 531 0.7673
13612.0000 693 531 0.7662
13622.2000 693 532 0.7677
13623.3000 693 533 0.7691
13633.0000 694 533 0.7680
13634.9000 694 534 0.7695
13643.1000 694 535 0.7709
13654.0000 695 535 0.7698
13662.9000 695 536 0.7712
13674.0000 696 536 0.7701
13685.5000 696 537 0.7716
13689.0000 697 537 0.7704
13701.0000 697 538 0.7719
13701.7000 697 539 0.7733
13713.0000 698 539 0.7722
13732.6000 698 540 0.7736
13733.0000 699 540 0.7725
13735.7000 699 541 0.7740
13744.5000 699 542 0.7754
13750.0000 700 542 0.7743
13771.0000 701 542 0.7732
13771.5000 701 543 0.7746
13787.0000 702 543 0.7735
13808.0000 703 543 0.7724
13831.0000 704 543 0.7713
13836.3000 704 544 0.7727
13853.0000 705 544 0.7716
13874.0000 706 544 0.7705
13894.0000 707 544 0.7694
13915.0000 708 544 0.7684
13937.0000 709 544 0.7673
13939.1000 709 545 0.7687
13952.0000 710 545 0.7676
13976.0000 711 545 0.7665
13979.8000 711 546 0.7679
13985.2000 711 547 0.7693
13994.0000 712 547 0.7683
14007.7000 712 548 0.7697
14011.0000 713 548 0.7686
14013.1000 713 549 0.7700
14028.3000 713 550 0.7714
14032.0000 714 550 0.7703
14056.0000 715 550 0.7692
14071.0000 715 551 0.7706
14077.0000 716 551 0.7696
14092.0000 717 551 0.7685
14099.6000 717 552 0.7699
14106.9000 717 553 0.7713
14107.0000 718 553 0.7702
14108.7000 718 554 0.7716
14123.0000 719 554 0.7705
14147.0000 720 554 0.7694
14157.2000 720 555 0.7708
14167.0000 721 555 0.7698
14186.0000 722 555 0.7687
14204.0000 723 555 0.7676
14208.3000 723 556 0.7690
14225.0000 724 556 0.7680
14240.1000 724 557 0.7693
14245.0000 725 557 0.7683
14267.0000 726 557 0.7672
14276.1000 726 558 0.7686
14283.7000 726 559 0.7700
14286.0000 727 559 0.7689
14304.0000 728 559 0.7679
14313.7000 728 560 0.7692
14314.7000 728 561 0.7706
14315.8000 728 562 0.7720
14323.0000 729 562 0.7709
14343.0000 730 562 0.7699
14363.0000 731 562 0.7688
14367.9000 731 563 0.7702
14385.0000 732 563 0.7691
14404.0000 733 563 0.7681
14420.0000 734 563 0.7670
14441.0000 735 563 0.7660
14456.0000 736 563 0.7649
14466.4000 736 564 0.7663
14475.0000 737 564 0.7653
14499.0000 738 564 0.7642
14523.0000 739 564 0.7632
14529.2000 739 565 0.7645
14544.0000 740 565 0.7635
14568.0000 741 565 0.7625
14569.4000 741 566 0.7638
14588.0000 742 566 0.7628
14597.6000 742 567 0.7642
14600.8000 742 568 0.7655
14603.0000 743 568 0.7645
14618.0000 744 568 0.7634
14619.1000 744 569 0.7648
14629.4000 744 570 0.7661
14630.1000 744 571 0.7675
14639.0000 745 571 0.7664
14655.0000 746 571 0.7654
14676.0000 747 571 0.7644
14696.0000 748 571 0.7634
14701.7000 748 572 0.7647
14718.0000 749 572 0.7637
14736.0000 750 572 0.7627
14740.2000 750 573 0.7640
14746.0000 750 574 0.7653
14756.0000 751 574 0.7643
14773.0000 752 574 0.7633
14781.8000 752 575 0.7646
14790.0000 753 575 0.7636
14797.1000 753 576 0.7649
14809.0000 754 576 0.7639
14831.0000 755 576 0.7629
14848.0000 756 576 0.7619
14858.4000 756 577 0.7632
14867.0000 757 577 0.7622
14880.8000 757 578 0.7635
14889.0000 758 578 0.7625
14889.0000 758 579 0.7639
14905.0000 759 579 0.7628
14905.1000 759 580 0.7642
14913.5000 759 581 0.7655
14920.5000 759 582 0.7668
14926.9000 759 583 0.7681
14927.0000 760 583 0.7671
14942.0000 761 583 0.7661
14961.0000 762 583 0.7651
14984.0000 763 583 0.7641
14999.0000 764 583 0.7631
15001.4000 764 584 0.7644
15004.0000 764 585 0.7657
15021.0000 765 585 0.7647
15022.6000 765 586 0.7660
15032.7000 765 587 0.7673
15039.7000 765 588 0.7686
15041.0000 766 588 0.7676
15050.1000 766 589 0.7689
15058.0000 767 589 0.7679
15074.0000 768 589 0.7669
15093.0000 769 589 0.7659
15114.0000 770 589 0.7649
15132.0000 771 589 0.7639
15149.0000 772 589 0.7630
15157.7000 772 590 0.7642
15160.4000 772 591 0.7655
15172.0000 773 591 0.7646
15182.2000 773 592 0.7658
15190.0000 774 592 0.7649
15212.0000 775 592 0.7639
15235.0000 776 592 0.7629
15256.0000 777 592 0.7619
15280.0000 778 592 0.7609
15290.0000 778 593 0.7622
15297.0000 779 593 0.7612
15318.0000 780 593 0.7603
15336.0000 781 593 0.7593
15360.0000 782 593 0.7583
15381.0000 783 593 0.7573
15399.0000 784 593 0.7564
15419.0000 785 593 0.7554
15439.2000 785 594 0.7567
15441.0000 786 594 0.7557
15442.1000 786 595 0.7570
15465.0000 787 595 0.7560
15482.0000 788 595 0.7551
15494.7000 788 596 0.7563
15504.0000 789 596 0.7554
15517.2000 789 597 0.7567
15526.0000 790 597 0.7557
15538.7000 790 598 0.7570
15539.5000 790 599 0.7582
15546.1000 790 600 0.7595
15547.0000 791 600 0.7585
15569.0000 792 600 0.7576
15591.0000 793 600 0.7566
15615.0000 794 600 0.7557
15632.0000 795 600 0.7547
15635.3000 795 601 0.7560
15651.0000 796 601 0.7550
15658.9000 796 602 0.7563
15666.0000 797 602 0.7553
15680.8000 797 603 0.7566
15683.0000 797 604 0.7578
15684.0000 798 604 0.7569
15708.0000 799 604 0.7559
15724.0000 800 604 0.7550
15746.0000 801 604 0.7541
15755.2000 801 605 0.7553
15764.0000 802 605 0.7544
15772.1000 802 606 0.7556
15782.0000 803 606 0.7547
15782.0000 803 607 0.7559
15793.3000 803 608 0.7572
15799.0000 804 608 0.7562
15815.0000 805 608 0.7553
15838.0000 806 608 0.7543
15854.0000 807 608 0.7534
15873.0000 808 608 0.7525
15880.0000 808 609 0.7537
15894.0000 809 609 0.7528
15909.0000 810 609 0.7519
15919.9000 810 610 0.7531
15924.6000 810 611 0.7543
15927.0000 811 611 0.7534
15948.0000 812 611 0.7525
15953.1000 812 612 0.7537
15967.0000 813 612 0.7528
15981.4000 813 613 0.7540
15990.0000 814 613 0.7531
15996.6000 814 614 0.7543
16004.6000 814 615 0.7555
16005.7000 814 616 0.7568
16007.0000 814 617 0.7580
16010.0000 815 617 0.7571
16027.0000 816 617 0.7561
16042.0000 817 617 0.7552
16048.6000 817 618 0.7564
16056.0000 817 619 0.7576
16060.9000 817 620 0.7589
16061.0000 818 620 0.7579
16062.0000 818 621 0.7592
16080.0000 819 621 0.7582
16083.7000 819 622 0.7595
16101.1000 819 623 0.7607
16104.0000 820 623 0.7598
16124.0000 821 623 0.7588
16127.7000 821 624 0.7600
16139.0000 822 624 0.7591
16155.0000 823 624 0.7582
16175.0000 824 624 0.7573
16196.0000 825 624 0.7564
16212.0000 826 624 0.7554
16220.0000 826 625 0.7567
16230.0000 827 625 0.7557
16245.0000 828 625 0.7548
16251.0000 828 626 0.7560
16261.0000 829 626 0.7551
16275.6000 829 627 0.7563
16281.0000 830 627 0.7554
16301.0000 831 627 0.7545
16305.1000 831 628 0.7557
16309.6000 831 629 0.7569
16322.0000 832 629 0.7560
16330.9000 832 630 0.7572
16336.1000 832 631 0.7584
16338.0000 833 631 0.7575
16342.7000 833 632 0.7587
16346.4000 833 633 0.7599
16357.0000 834 633 0.7590
16380.0000 835 633 0.7581
16399.0000 836 633 0.7572
16410.7000 836 634 0.7584
16416.0000 837 634 0.7575
16433.0000 838 634 0.7566
16437.4000 838 635 0.7578
16455.0000 839 635 0.7569
16479.0000 840 635 0.7560
16491.8000 840 636 0.7571
16503.0000 841 636 0.7562
16520.1000 841 637 0.7574
16526.0000 842 637 0.7565
16547.0000 843 637 0.7556
16568.0000 844 637 0.7547
16589.0000 845 637 0.7538
16610.0000 846 637 0.7530
16628.0000 847 637 0.7521
16646.0000 848 637 0.7512
16662.0000 849 637 0.7503
16666.9000 849 638 0.7515
16682.0000 850 638 0.7506
16694.9000 850 639 0.7518
16699.0000 851 639 0.7509
16721.7000 851 640 0.7521
16723.0000 852 640 0.7512
16745.0000 853 640 0.7503
16760.0000 854 640 0.7494
16783.0000 855 640 0.7485
16784.2000 855 641 0.7497
16800.0000 856 641 0.7488
16818.0000 857 641 0.7480
16835.0000 858 641 0.7471
16849.4000 858 642 0.7483
16852.1000 858 643 0.7494
16858.0000 859 643 0.7485
16863.2000 859 644 0.7497
16881.0000 860 644 0.7488
16901.0000 861 644 0.7480
16913.8000 861 645 0.7491
16917.0000 862 645 0.7483
16935.0000 863 645 0.7474
16959.0000 864 645 0.7465
16964.7000 864 646 0.7477
16980.0000 865 646 0.7468
16988.1000 865 647 0.7480
16997.0000 866 647 0.7471
17021.0000 867 647 0.7463
17024.9000 867 648 0.7474
17034.1000 867 649 0.7486
17040.0000 868 649 0.7477
17063.0000 869 649 0.7468
17076.8000 869 650 0.7480
17082.0000 870 650 0.7471
17096.3000 870 651 0.7483
17105.0000 871 651 0.7474
17114.2000 871 652 0.7486
17126.0000 872 652 0.7477
17143.0000 873 652 0.7468
17151.5000 873 653 0.7480
17162.0000 874 653 0.7471
17181.0000 875 653 0.7463
17202.0000 876 653 0.7454
17207.7000 876 654 0.7466
17224.8000 876 655 0.7477
17225.0000 877 655 0.7469
17235.0000 877 656 0.7480
17238.1000 877 657 0.7491
17240.0000 878 657 0.7483
17259.0000 879 657 0.7474
17278.0000 880 657 0.7466
17299.0000 881 657 0.7457
17318.0000 882 657 0.7449
17336.0000 883 657 0.7441
17338.6000 883 658 0.7452
17340.1000 883 659 0.7463
17344.5000 883 660 0.7475
17353.0000 884 660 0.7466
17357.6000 884 661 0.7477
17366.9000 884 662 0.7489
17370.0000 885 662 0.7480
17371.3000 885 663 0.7492
17372.6000 885 664 0.7503
17393.6000 885 665 0.7514
17394.0000 886 665 0.7506
17416.0000 887 665 0.7497
17425.9000 887 666 0.7508
17439.0000 888 666 0.7500
17454.0000 889 666 0.7492
17469.2000 889 667 0.7503
17472.7000 889 668 0.7514
17477.0000 890 668 0.7506
17493.9000 890 669 0.7517
17497.0000 891 669 0.7508
17515.0000 892 669 0.7500
17515.9000 892 670 0.7511
17535.0000 893 670 0.7503
17558.0000 894 670 0.7494
17574.0000 895 670 0.7486
17582.3000 895 671 0.7497
17598.0000 896 671 0.7489
17619.0000 897 671 0.7480
17632.9000 897 672 0.7492
17635.7000 897 673 0.7503
17639.0000 898 673 0.7494
17654.0000 899 673 0.7486
17654.1000 899 674 0.7497
17672.0000 900 674 0.7489
17682.8000 900 675 0.7500
17690.0000 901 675 0.7492
17710.0000 902 675 0.7483
17734.0000 903 675 0.7475
17751.0000 904 675 0.7467
17758.4000 904 676 0.7478
17759.1000 904 677 0.7489
17774.0000 905 677 0.7481
17785.2000 905 678 0.7492
17791.1000 905 679 0.7503
17793.0000 906 679 0.7494
17808.0000 907 679 0.7486
17813.6000 907 680 0.7497
17816.7000 907 681 0.7508
17817.1000 907 682 0.7519
17826.0000 908 682 0.7511
17846.0000 909 682 0.7503
17864.0000 910 682 0.7495
17868.5000 910 683 0.7505
17884.0000 911 683 0.7497
17899.0000 912 683 0.7489
17916.1000 912 684 0.7500
17917.0000 913 684 0.7492
17922.7000 913 685 0.7503
17931.3000 913 686 0.7514
17934.5000 913 687 0.7525
17934.7000 913 688 0.7536
17936.0000 914 688 0.7527
17958.0000 915 688 0.7519
17973.3000 915 689 0.7530
17975.5000 915 690 0.7541
17976.0000 916 690 0.7533
17976.3000 916 691 0.7544
18000.0000 917 691 0.7535
