# time  created  delivered  delivered/created
22.0000 1 0 0.0000
38.0000 2 0 0.0000
54.0000 3 0 0.0000
72.0000 4 0 0.0000
94.0000 5 0 0.0000
110.0000 6 0 0.0000
133.0000 7 0 0.0000
153.0000 8 0 0.0000
175.0000 9 0 0.0000
191.0000 10 0 0.0000
210.0000 11 0 0.0000
225.0000 12 0 0.0000
249.0000 13 0 0.0000
265.0000 14 0 0.0000
281.0000 15 0 0.0000
304.0000 16 0 0.0000
328.0000 17 0 0.0000
343.0000 18 0 0.0000
367.0000 19 0 0.0000
382.0000 20 0 0.0000
399.0000 21 0 0.0000
420.0000 22 0 0.0000
439.0000 23 0 0.0000
458.0000 24 0 0.0000
480.0000 25 0 0.0000
497.0000 26 0 0.0000
515.0000 27 0 0.0000
538.0000 28 0 0.0000
562.0000 29 0 0.0000
581.0000 30 0 0.0000
581.2000 30 1 0.0333
603.0000 31 1 0.0323
625.0000 32 1 0.0313
642.8000 32 2 0.0625
646.0000 33 2 0.0606
661.6000 33 3 0.0909
667.0000 34 3 0.0882
685.0000 35 3 0.0857
691.0000 35 4 0.1143
700.0000 36 4 0.1111
714.9000 36 5 0.1389
722.0000 37 5 0.1351
741.0000 38 5 0.1316
764.0000 39 5 0.1282
773.6000 39 6 0.1538
784.0000 40 6 0.1500
806.0000 41 6 0.1463
829.0000 42 6 0.1429
851.0000 43 6 0.1395
873.0000 44 6 0.1364
895.0000 45 6 0.1333
918.0000 46 6 0.1304
935.7000 46 7 0.1522
941.0000 47 7 0.1489
957.0000 48 7 0.1458
975.0000 49 7 0.1429
998.0000 50 7 0.1400
1018.0000 51 7 0.1373
1040.0000 52 7 0.1346
1056.0000 53 7 0.1321
1077.0000 54 7 0.1296
1096.0000 55 7 0.1273
1117.0000 56 7 0.1250
1137.0000 57 7 0.1228
1159.0000 58 7 0.1207
1179.0000 59 7 0.1186
1193.3000 59 8 0.1356
1201.0000 60 8 0.1333
1216.0000 61 8 0.1311
1225.2000 61 9 0.1475
1226.1000 61 10 0.1639
1232.0000 62 10 0.1613
1251.0000 63 10 0.1587
1268.0000 64 10 0.1563
1287.0000 65 10 0.1538
1308.0000 66 10 0.1515
1327.0000 67 10 0.1493
1342.0000 68 10 0.1471
1364.0000 69 10 0.1449
1381.1000 69 11 0.1594
1388.0000 70 11 0.1571
1397.1000 70 12 0.1714
1407.0000 71 12 0.1690
1422.0000 72 12 0.1667
1442.0000 73 12 0.1644
1464.0000 74 12 0.1622
1476.9000 74 13 0.1757
1479.0000 75 13 0.1733
1483.1000 75 14 0.1867
1500.0000 76 14 0.1842
1518.0000 77 14 0.1818
1542.0000 78 14 0.1795
1562.0000 79 14 0.1772
1577.0000 80 14 0.1750
1585.3000 80 15 0.1875
1594.5000 80 16 0.2000
1600.0000 81 16 0.1975
1620.0000 82 16 0.1951
1637.0000 83 16 0.1928
1652.0000 84 16 0.1905
1673.0000 85 16 0.1882
1695.0000 86 16 0.1860
1704.6000 86 17 0.1977
1706.4000 86 18 0.2093
1713.0000 87 18 0.2069
1736.2000 87 19 0.2184
1737.0000 87 20 0.2299
1737.0000 88 20 0.2273
1739.4000 88 21 0.2386
1739.8000 88 22 0.2500
1760.0000 89 22 0.2472
1781.0000 90 22 0.2444
1804.0000 91 22 0.2418
1826.0000 92 22 0.2391
1849.0000 93 22 0.2366
1870.0000 94 22 0.2340
1880.0000 94 23 0.2447
1882.8000 94 24 0.2553
1890.0000 95 24 0.2526
1911.0000 96 24 0.2500
1929.0000 97 24 0.2474
1948.0000 98 24 0.2449
1965.0000 99 24 0.2424
1980.0000 100 24 0.2400
1991.7000 100 25 0.2500
2002.0000 101 25 0.2475
2024.0000 102 25 0.2451
2035.6000 102 26 0.2549
2041.0000 103 26 0.2524
2064.0000 104 26 0.2500
2080.0000 105 26 0.2476
2095.0000 106 26 0.2453
2119.0000 107 26 0.2430
2139.0000 108 26 0.2407
2143.6000 108 27 0.2500
2161.0000 109 27 0.2477
2178.0000 110 27 0.2455
2199.0000 111 27 0.2432
2217.0000 111 28 0.2523
2222.0000 112 28 0.2500
2240.0000 113 28 0.2478
2259.0000 114 28 0.2456
2275.0000 115 28 0.2435
2295.0000 116 28 0.2414
2314.0000 117 28 0.2393
2326.3000 117 29 0.2479
2335.0000 118 29 0.2458
2354.0000 119 29 0.2437
2377.0000 120 29 0.2417
2396.0000 121 29 0.2397
2405.9000 121 30 0.2479
2411.0000 122 30 0.2459
2412.0000 122 31 0.2541
2433.0000 123 31 0.2520
2452.0000 124 31 0.2500
2460.7000 124 32 0.2581
2464.9000 124 33 0.2661
2470.4000 124 34 0.2742
2474.0000 125 34 0.2720
2490.0000 125 35 0.2800
2496.0000 126 35 0.2778
2511.0000 127 35 0.2756
2526.0000 128 35 0.2734
2546.0000 129 35 0.2713
2554.8000 129 36 0.2791
2557.4000 129 37 0.2868
2563.0000 130 37 0.2846
2586.0000 131 37 0.2824
2601.0000 132 37 0.2803
2621.0000 133 37 0.2782
2641.0000 134 37 0.2761
2654.8000 134 38 0.2836
2662.0000 135 38 0.2815
2678.0000 136 38 0.2794
2689.6000 136 39 0.2868
2690.0000 136 40 0.2941
2693.0000 137 40 0.2920
2716.0000 138 40 0.2899
2729.2000 138 41 0.2971
2735.0000 139 41 0.2950
2741.3000 139 42 0.3022
2742.9000 139 43 0.3094
2754.0000 140 43 0.3071
2771.0000 141 43 0.3050
2788.0000 142 43 0.3028
2800.0000 142 44 0.3099
2807.0000 143 44 0.3077
2823.3000 143 45 0.3147
2831.0000 144 45 0.3125
2838.8000 144 46 0.3194
2853.0000 145 46 0.3172
2868.0000 146 46 0.3151
2891.0000 147 46 0.3129
2899.2000 147 47 0.3197
2911.0000 148 47 0.3176
2926.0000 149 47 0.3154
2942.0000 150 47 0.3133
2947.3000 150 48 0.3200
2954.4000 150 49 0.3267
2962.0000 151 49 0.3245
2979.0000 152 49 0.3224
3000.8000 152 50 0.3289
3003.0000 153 50 0.3268
3022.3000 153 51 0.3333
3024.0000 154 51 0.3312
3040.0000 155 51 0.3290
3064.0000 156 51 0.3269
3065.8000 156 52 0.3333
3084.5000 156 53 0.3397
3086.0000 157 53 0.3376
3110.0000 158 53 0.3354
3118.8000 158 54 0.3418
3129.0000 159 54 0.3396
3131.0000 159 55 0.3459
3147.0000 160 55 0.3438
3166.0000 161 55 0.3416
3190.0000 162 55 0.3395
3204.1000 162 56 0.3457
3210.0000 163 56 0.3436
3225.0000 164 56 0.3415
3243.0000 165 56 0.3394
3260.0000 166 56 0.3373
3261.2000 166 57 0.3434
3271.5000 166 58 0.3494
3272.8000 166 59 0.3554
3283.0000 167 59 0.3533
3288.4000 167 60 0.3593
3305.0000 168 60 0.3571
3321.0000 169 60 0.3550
3344.0000 170 60 0.3529
3363.3000 170 61 0.3588
3365.0000 171 61 0.3567
3365.9000 171 62 0.3626
3385.0000 172 62 0.3605
3396.5000 172 63 0.3663
3408.0000 173 63 0.3642
3414.1000 173 64 0.3699
3414.4000 173 65 0.3757
3423.8000 173 66 0.3815
3426.0000 173 67 0.3873
3428.0000 174 67 0.3851
3449.0000 175 67 0.3829
3456.6000 175 68 0.3886
3472.0000 176 68 0.3864
3488.0000 177 68 0.3842
3511.0000 178 68 0.3820
3512.4000 178 69 0.3876
3528.8000 178 70 0.3933
3530.6000 178 71 0.3989
3535.0000 179 71 0.3966
3548.5000 179 72 0.4022
3551.5000 179 73 0.4078
3552.0000 180 73 0.4056
3570.0000 181 73 0.4033
3578.0000 181 74 0.4088
3589.0000 182 74 0.4066
3604.0000 183 74 0.4044
3619.0000 184 74 0.4022
3638.0000 185 74 0.4000
3653.0000 186 74 0.3978
3669.0000 187 74 0.3957
3689.0000 188 74 0.3936
3712.0000 189 74 0.3915
3730.0000 190 74 0.3895
3754.0000 191 74 0.3874
3771.0000 192 74 0.3854
3787.0000 193 74 0.3834
3809.0000 194 74 0.3814
3822.2000 194 75 0.3866
3825.6000 194 76 0.3918
3832.0000 195 76 0.3897
3846.4000 195 77 0.3949
3854.0000 196 77 0.3929
3873.0000 197 77 0.3909
3895.0000 198 77 0.3889
3919.0000 199 77 0.3869
3938.0000 200 77 0.3850
3946.3000 200 78 0.3900
3946.9000 200 79 0.3950
3953.0000 200 80 0.4000
3955.0000 201 80 0.3980
3975.0000 202 80 0.3960
3996.0000 203 80 0.3941
4012.0000 204 80 0.3922
4018.5000 204 81 0.3971
4031.0000 205 81 0.3951
4052.0000 206 81 0.3932
4054.9000 206 82 0.3981
4059.1000 206 83 0.4029
4060.1000 206 84 0.4078
4070.0000 207 84 0.4058
4094.0000 208 84 0.4038
4115.0000 209 84 0.4019
4134.0000 210 84 0.4000
4152.1000 210 85 0.4048
4153.0000 211 85 0.4028
4171.0000 212 85 0.4009
4187.1000 212 86 0.4057
4187.7000 212 87 0.4104
4194.0000 213 87 0.4085
4205.9000 213 88 0.4131
4214.0000 214 88 0.4112
4222.4000 214 89 0.4159
4234.1000 214 90 0.4206
4235.0000 215 90 0.4186
4245.6000 215 91 0.4233
4251.0000 216 91 0.4213
4268.6000 216 92 0.4259
4272.0000 217 92 0.4240
4287.3000 217 93 0.4286
4288.6000 217 94 0.4332
4290.0000 218 94 0.4312
4297.6000 218 95 0.4358
4309.0000 218 96 0.4404
4314.0000 219 96 0.4384
4315.4000 219 97 0.4429
4338.0000 220 97 0.4409
4343.1000 220 98 0.4455
4360.0000 221 98 0.4434
4363.6000 221 99 0.4480
4381.0000 222 99 0.4459
4400.0000 223 99 0.4439
4419.0000 224 99 0.4420
4419.1000 224 100 0.4464
4434.0000 225 100 0.4444
4435.5000 225 101 0.4489
4452.4000 225 102 0.4533
4454.5000 225 103 0.4578
4458.0000 226 103 0.4558
4463.0000 226 104 0.4602
4476.0000 227 104 0.4581
4476.3000 227 105 0.4626
4497.0000 228 105 0.4605
4505.4000 228 106 0.4649
4515.0000 229 106 0.4629
4537.0000 230 106 0.4609
4556.0000 231 106 0.4589
4561.4000 231 107 0.4632
4580.0000 232 107 0.4612
4597.0000 233 107 0.4592
4614.0000 234 107 0.4573
4634.0000 235 107 0.4553
4655.0000 236 107 0.4534
4665.1000 236 108 0.4576
4670.2000 236 109 0.4619
4672.0000 237 109 0.4599
4689.0000 238 109 0.4580
4699.4000 238 110 0.4622
4706.0000 239 110 0.4603
4729.0000 240 110 0.4583
4742.8000 240 111 0.4625
4747.0000 241 111 0.4606
4762.0000 242 111 0.4587
4764.8000 242 112 0.4628
4783.0000 243 112 0.4609
4795.2000 243 113 0.4650
4807.0000 244 113 0.4631
4809.9000 244 114 0.4672
4824.0000 245 114 0.4653
4848.0000 246 114 0.4634
4867.0000 247 114 0.4615
4886.0000 248 114 0.4597
4897.1000 248 115 0.4637
4909.0000 249 115 0.4618
4928.0000 250 115 0.4600
4932.1000 250 116 0.4640
4951.0000 251 116 0.4622
4966.0000 252 116 0.4603
4979.3000 252 117 0.4643
4986.0000 253 117 0.4625
4988.9000 253 118 0.4664
4991.0000 253 119 0.4704
4995.1000 253 120 0.4743
5010.0000 254 120 0.4724
5033.0000 255 120 0.4706
5048.0000 256 120 0.4688
5072.0000 257 120 0.4669
5086.0000 257 121 0.4708
5089.0000 258 121 0.4690
5112.0000 259 121 0.4672
5131.0000 260 121 0.4654
5143.9000 260 122 0.4692
5151.0000 261 122 0.4674
5175.0000 262 122 0.4656
5194.0000 263 122 0.4639
5215.0000 264 122 0.4621
5237.0000 265 122 0.4604
5238.4000 265 123 0.4642
5241.3000 265 124 0.4679
5254.0000 266 124 0.4662
5269.0000 267 124 0.4644
5291.0000 268 124 0.4627
5307.0000 269 124 0.4610
5322.4000 269 125 0.4647
5324.0000 270 125 0.4630
5324.3000 270 126 0.4667
5339.0000 271 126 0.4649
5355.3000 271 127 0.4686
5356.0000 272 127 0.4669
5356.7000 272 128 0.4706
5371.0000 273 128 0.4689
5387.0000 274 128 0.4672
5410.0000 275 128 0.4655
5410.3000 275 129 0.4691
5426.0000 276 129 0.4674
5430.3000 276 130 0.4710
5447.0000 277 130 0.4693
5470.0000 278 130 0.4676
5490.0000 279 130 0.4659
5507.0000 280 130 0.4643
5516.4000 280 131 0.4679
5528.0000 281 131 0.4662
5542.9000 281 132 0.4698
5546.0000 282 132 0.4681
5553.3000 282 133 0.4716
5564.0000 283 133 0.4700
5566.2000 283 134 0.4735
5568.1000 283 135 0.4770
5584.0000 284 135 0.4754
5607.0000 285 135 0.4737
5622.0000 285 136 0.4772
5625.0000 286 136 0.4755
5643.0000 287 136 0.4739
5665.0000 288 136 0.4722
5685.0000 289 136 0.4706
5686.6000 289 137 0.4740
5704.0000 290 137 0.4724
5724.0000 291 137 0.4708
5745.0000 292 137 0.4692
5745.2000 292 138 0.4726
5760.0000 293 138 0.4710
5778.9000 293 139 0.4744
5784.0000 294 139 0.4728
5805.0000 295 139 0.4712
5807.1000 295 140 0.4746
5822.0000 296 140 0.4730
5841.0000 297 140 0.4714
5855.7000 297 141 0.4747
5859.0000 298 141 0.4732
5860.0000 298 142 0.4765
5863.7000 298 143 0.4799
5873.7000 298 144 0.4832
5874.0000 299 144 0.4816
5893.0000 300 144 0.4800
5895.4000 300 145 0.4833
5896.1000 300 146 0.4867
5898.7000 300 147 0.4900
5914.0000 301 147 0.4884
5914.2000 301 148 0.4917
5932.0000 302 148 0.4901
5953.0000 303 148 0.4884
5969.5000 303 149 0.4917
5971.0000 304 149 0.4901
5986.0000 305 149 0.4885
5996.8000 305 150 0.4918
6003.8000 305 151 0.4951
6007.7000 305 152 0.4984
6008.0000 306 152 0.4967
6008.4000 306 153 0.5000
6012.2000 306 154 0.5033
6024.0000 307 154 0.5016
6029.0000 307 155 0.5049
6041.0000 308 155 0.5032
6063.0000 309 155 0.5016
6068.1000 309 156 0.5049
6087.0000 310 156 0.5032
6105.0000 311 156 0.5016
6114.3000 311 157 0.5048
6124.0000 312 157 0.5032
6128.7000 312 158 0.5064
6129.8000 312 159 0.5096
6145.0000 313 159 0.5080
6166.0000 314 159 0.5064
6177.5000 314 160 0.5096
6182.0000 315 160 0.5079
6201.0000 316 160 0.5063
6211.5000 316 161 0.5095
6216.0000 317 161 0.5079
6231.0000 318 161 0.5063
6245.2000 318 162 0.5094
6248.0000 319 162 0.5078
6261.7000 319 163 0.5110
6267.0000 320 163 0.5094
6289.0000 321 163 0.5078
6289.3000 321 164 0.5109
6308.0000 322 164 0.5093
6332.0000 323 164 0.5077
6338.7000 323 165 0.5108
6355.0000 324 165 0.5093
6372.0000 325 165 0.5077
6374.6000 325 166 0.5108
6387.4000 325 167 0.5138
6390.4000 325 168 0.5169
6391.9000 325 169 0.5200
6393.0000 326 169 0.5184
6412.5000 326 170 0.5215
6417.0000 327 170 0.5199
6424.2000 327 171 0.5229
6425.4000 327 172 0.5260
6441.0000 328 172 0.5244
6460.0000 328 173 0.5274
6465.0000 329 173 0.5258
6467.3000 329 174 0.5289
6472.7000 329 175 0.5319
6486.0000 330 175 0.5303
6502.0000 331 175 0.5287
6518.0000 332 175 0.5271
6536.0000 333 175 0.5255
6548.1000 333 176 0.5285
6553.5000 333 177 0.5315
6554.1000 333 178 0.5345
6555.0000 334 178 0.5329
6572.0000 335 178 0.5313
6591.0000 336 178 0.5298
6606.9000 336 179 0.5327
6608.0000 337 179 0.5312
6622.6000 337 180 0.5341
6631.0000 338 180 0.5325
6646.0000 339 180 0.5310
6665.0000 340 180 0.5294
6669.5000 340 181 0.5324
6684.0000 341 181 0.5308
6687.9000 341 182 0.5337
6696.4000 341 183 0.5367
6708.0000 342 183 0.5351
6725.0000 343 183 0.5335
6745.0000 344 183 0.5320
6760.0000 345 183 0.5304
6770.7000 345 184 0.5333
6776.9000 345 185 0.5362
6781.0000 346 185 0.5347
6794.5000 346 186 0.5376
6800.0000 347 186 0.5360
6816.0000 348 186 0.5345
6827.4000 348 187 0.5374
6839.0000 349 187 0.5358
6854.0000 350 187 0.5343
6874.0000 351 187 0.5328
6889.0000 352 187 0.5313
6893.6000 352 188 0.5341
6897.1000 352 189 0.5369
6900.5000 352 190 0.5398
6909.0000 353 190 0.5382
6917.1000 353 191 0.5411
6921.2000 353 192 0.5439
6930.0000 354 192 0.5424
6941.5000 354 193 0.5452
6951.0000 355 193 0.5437
6971.0000 356 193 0.5421
6973.3000 356 194 0.5449
6978.5000 356 195 0.5478
6995.0000 357 195 0.5462
7008.1000 357 196 0.5490
7010.0000 358 196 0.5475
7010.7000 358 197 0.5503
7012.1000 358 198 0.5531
7013.4000 358 199 0.5559
7019.8000 358 200 0.5587
7021.5000 358 201 0.5615
7029.0000 359 201 0.5599
7043.2000 359 202 0.5627
7048.0000 360 202 0.5611
7061.9000 360 203 0.5639
7071.0000 361 203 0.5623
7073.0000 361 204 0.5651
7093.0000 362 204 0.5635
7093.3000 362 205 0.5663
7108.0000 363 205 0.5647
7111.5000 363 206 0.5675
7112.8000 363 207 0.5702
7130.0000 364 207 0.5687
7147.0000 365 207 0.5671
7163.0000 366 207 0.5656
7176.4000 366 208 0.5683
7180.0000 367 208 0.5668
7197.0000 368 208 0.5652
7221.0000 369 208 0.5637
7240.0000 370 208 0.5622
7243.4000 370 209 0.5649
7253.6000 370 210 0.5676
7255.0000 371 210 0.5660
7272.0000 372 210 0.5645
7290.8000 372 211 0.5672
7296.0000 373 211 0.5657
7305.1000 373 212 0.5684
7314.6000 373 213 0.5710
7315.8000 373 214 0.5737
7319.0000 374 214 0.5722
7333.2000 374 215 0.5749
7335.0000 375 215 0.5733
7352.4000 375 216 0.5760
7358.0000 376 216 0.5745
7378.0000 377 216 0.5729
7389.9000 377 217 0.5756
7394.0000 378 217 0.5741
7406.7000 378 218 0.5767
7411.0000 379 218 0.5752
7435.0000 380 218 0.5737
7436.5000 380 219 0.5763
7459.0000 381 219 0.5748
7468.4000 381 220 0.5774
7480.0000 382 220 0.5759
7498.0000 383 220 0.5744
7514.0000 384 220 0.5729
7536.0000 385 220 0.5714
7545.2000 385 221 0.5740
7549.9000 385 222 0.5766
7559.0000 386 222 0.5751
7566.1000 386 223 0.5777
7574.0000 387 223 0.5762
7583.5000 387 224 0.5788
7590.5000 387 225 0.5814
7595.0000 388 225 0.5799
7610.5000 388 226 0.5825
7613.0000 389 226 0.5810
7621.5000 389 227 0.5835
7622.6000 389 228 0.5861
7632.0000 390 228 0.5846
7649.9000 390 229 0.5872
7652.1000 390 230 0.5897
7652.4000 390 231 0.5923
7656.0000 391 231 0.5908
7673.0000 392 231 0.5893
7685.6000 392 232 0.5918
7696.0000 393 232 0.5903
7697.4000 393 233 0.5929
7713.0000 394 233 0.5914
7730.0000 395 233 0.5899
7745.0000 396 233 0.5884
7762.0000 397 233 0.5869
7773.8000 397 234 0.5894
7777.8000 397 235 0.5919
7784.0000 398 235 0.5905
7804.0000 399 235 0.5890
7822.0000 400 235 0.5875
7822.3000 400 236 0.5900
7840.0000 401 236 0.5885
7858.0000 402 236 0.5871
7874.0000 403 236 0.5856
7878.2000 403 237 0.5881
7883.6000 403 238 0.5906
7895.0000 404 238 0.5891
7905.2000 404 239 0.5916
7914.0000 405 239 0.5901
7922.2000 405 240 0.5926
7931.0000 406 240 0.5911
7934.8000 406 241 0.5936
7948.0000 407 241 0.5921
7963.8000 407 242 0.5946
7972.0000 408 242 0.5931
7987.0000 409 242 0.5917
7992.4000 409 243 0.5941
8002.0000 410 243 0.5927
8024.0000 411 243 0.5912
8040.0000 412 243 0.5898
8041.7000 412 244 0.5922
8059.0000 413 244 0.5908
8082.0000 414 244 0.5894
8084.1000 414 245 0.5918
8099.0000 415 245 0.5904
8116.0000 416 245 0.5889
8137.0000 417 245 0.5875
8158.0000 418 245 0.5861
8168.9000 418 246 0.5885
8173.0000 419 246 0.5871
8190.0000 420 246 0.5857
8205.0000 421 246 0.5843
8205.7000 421 247 0.5867
8227.0000 422 247 0.5853
8231.4000 422 248 0.5877
8235.0000 422 249 0.5900
8251.0000 423 249 0.5887
8270.0000 423 250 0.5910
8272.4000 423 251 0.5934
8272.4000 423 252 0.5957
8275.0000 424 252 0.5943
8283.2000 424 253 0.5967
8284.1000 424 254 0.5991
8285.2000 424 255 0.6014
8297.0000 425 255 0.6000
8317.0000 426 255 0.5986
8336.0000 427 255 0.5972
8340.9000 427 256 0.5995
8354.3000 427 257 0.6019
8359.0000 428 257 0.6005
8375.0000 429 257 0.5991
8396.0000 430 257 0.5977
8399.8000 430 258 0.6000
8404.7000 430 259 0.6023
8406.1000 430 260 0.6047
8407.3000 430 261 0.6070
8414.0000 431 261 0.6056
8419.6000 431 262 0.6079
8422.0000 431 263 0.6102
8428.2000 431 264 0.6125
8437.0000 432 264 0.6111
8444.5000 432 265 0.6134
8448.7000 432 266 0.6157
8453.0000 433 266 0.6143
8468.0000 434 266 0.6129
8489.1000 434 267 0.6152
8491.9000 434 268 0.6175
8492.0000 435 268 0.6161
8510.0000 436 268 0.6147
8525.0000 437 268 0.6133
8544.0000 438 268 0.6119
8548.0000 438 269 0.6142
8566.0000 439 269 0.6128
8569.2000 439 270 0.6150
8570.0000 439 271 0.6173
8573.1000 439 272 0.6196
8578.2000 439 273 0.6219
8586.0000 440 273 0.6205
8609.0000 441 273 0.6190
8625.0000 442 273 0.6176
8631.3000 442 274 0.6199
8641.0000 442 275 0.6222
8644.0000 443 275 0.6208
8663.0000 444 275 0.6194
8663.0000 444 276 0.6216
8681.0000 445 276 0.6202
8697.0000 446 276 0.6188
8699.3000 446 277 0.6211
8705.9000 446 278 0.6233
8711.9000 446 279 0.6256
8719.0000 447 279 0.6242
8725.4000 447 280 0.6264
8743.0000 448 280 0.6250
8748.8000 448 281 0.6272
8767.0000 449 281 0.6258
8778.0000 449 282 0.6281
8784.0000 450 282 0.6267
8793.6000 450 283 0.6289
8800.0000 451 283 0.6275
8823.0000 452 283 0.6261
8824.9000 452 284 0.6283
8839.0000 453 284 0.6269
8854.0000 454 284 0.6256
8861.6000 454 285 0.6278
8869.0000 455 285 0.6264
8888.6000 455 286 0.6286
8892.0000 456 286 0.6272
8897.5000 456 287 0.6294
8911.0000 457 287 0.6280
8929.0000 458 287 0.6266
8944.0000 459 287 0.6253
8955.3000 459 288 0.6275
8961.0000 460 288 0.6261
8979.0000 461 288 0.6247
8988.5000 461 289 0.6269
8996.6000 461 290 0.6291
8997.0000 462 290 0.6277
9008.9000 462 291 0.6299
9011.3000 462 292 0.6320
9013.0000 463 292 0.6307
9026.7000 463 293 0.6328
9035.0000 464 293 0.6315
9058.0000 465 293 0.6301
9070.2000 465 294 0.6323
9071.2000 465 295 0.6344
9073.0000 466 295 0.6330
9075.4000 466 296 0.6352
9093.5000 466 297 0.6373
9095.0000 467 297 0.6360
9119.0000 468 297 0.6346
9143.0000 469 297 0.6333
9162.0000 470 297 0.6319
9173.4000 470 298 0.6340
9174.0000 470 299 0.6362
9177.7000 470 300 0.6383
9186.0000 471 300 0.6369
9208.4000 471 301 0.6391
9209.0000 472 301 0.6377
9209.2000 472 302 0.6398
9224.0000 473 302 0.6385
9245.0000 474 302 0.6371
9264.0000 475 302 0.6358
9265.6000 475 303 0.6379
9288.0000 476 303 0.6366
9294.6000 476 304 0.6387
9304.3000 476 305 0.6408
9310.0000 477 305 0.6394
9315.6000 477 306 0.6415
9326.0000 478 306 0.6402
9338.9000 478 307 0.6423
9341.0000 479 307 0.6409
9365.0000 480 307 0.6396
9387.0000 481 307 0.6383
9403.0000 482 307 0.6369
9426.0000 483 307 0.6356
9444.0000 484 307 0.6343
9455.8000 484 308 0.6364
9468.0000 485 308 0.6351
9485.0000 486 308 0.6337
9503.0000 487 308 0.6324
9527.0000 488 308 0.6311
9527.3000 488 309 0.6332
9538.8000 488 310 0.6352
9550.0000 489 310 0.6339
9570.6000 489 311 0.6360
9573.0000 490 311 0.6347
9573.8000 490 312 0.6367
9591.0000 491 312 0.6354
9609.9000 491 313 0.6375
9613.4000 491 314 0.6395
9614.0000 492 314 0.6382
9614.7000 492 315 0.6402
9632.0000 493 315 0.6389
9633.7000 493 316 0.6410
9653.0000 494 316 0.6397
9665.5000 494 317 0.6417
9676.0000 495 317 0.6404
9693.0000 496 317 0.6391
9695.2000 496 318 0.6411
9715.0000 497 318 0.6398
9736.0000 498 318 0.6386
9738.5000 498 319 0.6406
9748.3000 498 320 0.6426
9748.5000 498 321 0.6446
9748.9000 498 322 0.6466
9750.0000 498 323 0.6486
9752.0000 499 323 0.6473
9761.5000 499 324 0.6493
9768.7000 499 325 0.6513
9776.0000 500 325 0.6500
9796.7000 500 326 0.6520
9799.0000 501 326 0.6507
9804.1000 501 327 0.6527
9821.0000 502 327 0.6514
9837.0000 503 327 0.6501
9844.5000 503 328 0.6521
9861.0000 504 328 0.6508
9879.0000 505 328 0.6495
9881.3000 505 329 0.6515
9885.1000 505 330 0.6535
9887.5000 505 331 0.6554
9894.0000 506 331 0.6542
9905.9000 506 332 0.6561
9907.1000 506 333 0.6581
9909.0000 507 333 0.6568
9927.0000 508 333 0.6555
9946.0000 509 333 0.6542
9946.7000 509 334 0.6562
9969.0000 510 334 0.6549
9977.3000 510 335 0.6569
9988.0000 511 335 0.6556
9995.7000 511 336 0.6575
10007.0000 512 336 0.6563
10007.4000 512 337 0.6582
10013.2000 512 338 0.6602
10024.0000 513 338 0.6589
10026.8000 513 339 0.6608
10037.7000 513 340 0.6628
10042.5000 513 341 0.6647
10044.0000 514 341 0.6634
10064.0000 514 342 0.6654
10067.0000 515 342 0.6641
10087.0000 516 342 0.6628
10111.0000 517 342 0.6615
10111.2000 517 343 0.6634
10123.9000 517 344 0.6654
10132.0000 518 344 0.6641
10154.0000 519 344 0.6628
10175.8000 519 345 0.6647
10177.0000 520 345 0.6635
10185.2000 520 346 0.6654
10194.0000 521 346 0.6641
10204.9000 521 347 0.6660
10214.0000 521 348 0.6679
10216.0000 522 348 0.6667
10233.6000 522 349 0.6686
10235.0000 523 349 0.6673
10235.1000 523 350 0.6692
10252.0000 523 351 0.6711
10257.0000 524 351 0.6698
10265.1000 524 352 0.6718
10277.0000 524 353 0.6737
10281.0000 525 353 0.6724
10291.0000 525 354 0.6743
10292.1000 525 355 0.6762
10300.0000 526 355 0.6749
10320.0000 527 355 0.6736
10323.7000 527 356 0.6755
10343.0000 528 356 0.6742
10366.0000 529 356 0.6730
10374.1000 529 357 0.6749
10379.4000 529 358 0.6767
10382.0000 530 358 0.6755
10402.0000 531 358 0.6742
10403.2000 531 359 0.6761
10410.2000 531 360 0.6780
10416.0000 531 361 0.6798
10423.0000 532 361 0.6786
10424.8000 532 362 0.6805
10439.6000 532 363 0.6823
10441.0000 533 363 0.6811
10442.7000 533 364 0.6829
10443.4000 533 365 0.6848
10461.0000 534 365 0.6835
10468.3000 534 366 0.6854
10474.0000 534 367 0.6873
10480.0000 535 367 0.6860
10496.9000 535 368 0.6879
10497.0000 536 368 0.6866
10518.0000 537 368 0.6853
10524.1000 537 369 0.6872
10531.5000 537 370 0.6890
10536.0000 537 371 0.6909
10537.0000 538 371 0.6896
10538.1000 538 372 0.6914
10552.3000 538 373 0.6933
10554.1000 538 374 0.6952
10555.0000 539 374 0.6939
10571.0000 540 374 0.6926
10591.0000 541 374 0.6913
10615.0000 542 374 0.6900
10637.0000 543 374 0.6888
10645.7000 543 375 0.6906
10648.9000 543 376 0.6924
10657.0000 544 376 0.6912
10665.2000 544 377 0.6930
10681.0000 545 377 0.6917
10703.0000 546 377 0.6905
10715.1000 546 378 0.6923
10726.0000 547 378 0.6910
10748.0000 548 378 0.6898
10766.7000 548 379 0.6916
10768.0000 549 379 0.6903
10787.7000 549 380 0.6922
10788.0000 550 380 0.6909
10808.0000 551 380 0.6897
10823.0000 552 380 0.6884
10842.0000 553 380 0.6872
10862.3000 553 381 0.6890
10866.0000 554 381 0.6877
10877.2000 554 382 0.6895
10882.0000 554 383 0.6913
10884.2000 554 384 0.6931
10885.0000 555 384 0.6919
10887.3000 555 385 0.6937
10907.0000 556 385 0.6924
10925.0000 557 385 0.6912
10942.0000 558 385 0.6900
10955.7000 558 386 0.6918
10966.0000 559 386 0.6905
10983.0000 560 386 0.6893
11006.0000 561 386 0.6881
11019.4000 561 387 0.6898
11023.0000 562 387 0.6886
11039.8000 562 388 0.6904
11046.0000 563 388 0.6892
11057.9000 563 389 0.6909
11058.5000 563 390 0.6927
11058.8000 563 391 0.6945
11068.0000 564 391 0.6933
11084.0000 565 391 0.6920
11085.4000 565 392 0.6938
11097.3000 565 393 0.6956
11102.0000 566 393 0.6943
11116.8000 566 394 0.6961
11120.0000 567 394 0.6949
11126.6000 567 395 0.6966
11132.5000 567 396 0.6984
11137.9000 567 397 0.7002
11143.0000 568 397 0.6989
11166.0000 569 397 0.6977
11174.2000 569 398 0.6995
11182.0000 570 398 0.6982
11191.1000 570 399 0.7000
11201.0000 571 399 0.6988
11207.5000 571 400 0.7005
11208.2000 571 401 0.7023
11210.6000 571 402 0.7040
11212.7000 571 403 0.7058
11218.0000 572 403 0.7045
11231.8000 572 404 0.7063
11238.0000 573 404 0.7051
11260.0000 574 404 0.7038
11280.0000 575 404 0.7026
11290.4000 575 405 0.7043
11298.0000 576 405 0.7031
11308.0000 576 406 0.7049
11315.7000 576 407 0.7066
11319.0000 577 407 0.7054
11343.0000 578 407 0.7042
11363.0000 579 407 0.7029
11381.0000 580 407 0.7017
11405.0000 581 407 0.7005
11424.0000 582 407 0.6993
11432.5000 582 408 0.7010
11443.0000 583 408 0.6998
11443.6000 583 409 0.7015
11459.6000 583 410 0.7033
11467.0000 584 410 0.7021
11491.0000 585 410 0.7009
11508.7000 585 411 0.7026
11511.0000 586 411 0.7014
11513.2000 586 412 0.7031
11529.0000 587 412 0.7019
11534.4000 587 413 0.7036
11547.0000 588 413 0.7024
11566.0000 589 413 0.7012
11586.0000 590 413 0.7000
11610.0000 591 413 0.6988
11611.8000 591 414 0.7005
11626.0000 592 414 0.6993
11640.2000 592 415 0.7010
11646.4000 592 416 0.7027
11650.0000 593 416 0.7015
11665.0000 594 416 0.7003
11669.1000 594 417 0.7020
11680.0000 595 417 0.7008
11696.0000 596 417 0.6997
11711.0000 597 417 0.6985
11731.0000 598 417 0.6973
11755.0000 599 417 0.6962
11771.0000 600 417 0.6950
11781.7000 600 418 0.6967
11790.0000 601 418 0.6955
11805.5000 601 419 0.6972
11809.0000 602 419 0.6960
11809.6000 602 420 0.6977
11827.0000 603 420 0.6965
11827.1000 603 421 0.6982
11831.9000 603 422 0.6998
11851.0000 604 422 0.6987
11867.0000 605 422 0.6975
11870.2000 605 423 0.6992
11873.5000 605 424 0.7008
11885.0000 606 424 0.6997
11907.0000 607 424 0.6985
11929.0000 608 424 0.6974
11935.8000 608 425 0.6990
11940.3000 608 426 0.7007
11948.0000 609 426 0.6995
11959.7000 609 427 0.7011
11961.1000 609 428 0.7028
11971.0000 610 428 0.7016
11991.9000 610 429 0.7033
11995.0000 611 429 0.7021
12012.0000 612 429 0.7010
12033.0000 613 429 0.6998
12042.0000 613 430 0.7015
12045.4000 613 431 0.7031
12048.0000 614 431 0.7020
12050.3000 614 432 0.7036
12051.8000 614 433 0.7052
12066.6000 614 434 0.7068
12070.0000 615 434 0.7057
12072.7000 615 435 0.7073
12074.0000 615 436 0.7089
12079.6000 615 437 0.7106
12088.0000 616 437 0.7094
12091.1000 616 438 0.7110
12092.1000 616 439 0.7127
12093.2000 616 440 0.7143
12095.4000 616 441 0.7159
12104.0000 617 441 0.7147
12124.0000 618 441 0.7136
12131.8000 618 442 0.7152
12145.0000 619 442 0.7141
12146.0000 619 443 0.7157
12153.5000 619 444 0.7173
12165.0000 620 444 0.7161
12189.0000 621 444 0.7150
12209.0000 622 444 0.7138
12211.8000 622 445 0.7154
12216.6000 622 446 0.7170
12218.2000 622 447 0.7186
12220.5000 622 448 0.7203
12226.0000 623 448 0.7191
12248.3000 623 449 0.7207
12249.0000 624 449 0.7196
12262.4000 624 450 0.7212
12262.9000 624 451 0.7228
12270.0000 625 451 0.7216
12280.1000 625 452 0.7232
12287.0000 626 452 0.7220
12289.2000 626 453 0.7236
12304.8000 626 454 0.7252
12305.0000 627 454 0.7241
12315.3000 627 455 0.7257
12317.0000 627 456 0.7273
12323.0000 628 456 0.7261
12329.4000 628 457 0.7277
12332.7000 628 458 0.7293
12339.0000 629 458 0.7281
12358.0000 630 458 0.7270
12375.1000 630 459 0.7286
12377.0000 631 459 0.7274
12389.5000 631 460 0.7290
12399.0000 632 460 0.7278
12416.9000 632 461 0.7294
12421.0000 633 461 0.7283
12444.0000 634 461 0.7271
12444.7000 634 462 0.7287
12456.2000 634 463 0.7303
12458.8000 634 464 0.7319
12463.0000 635 464 0.7307
12464.2000 635 465 0.7323
12479.0000 636 465 0.7311
12483.1000 636 466 0.7327
12484.2000 636 467 0.7343
12497.0000 637 467 0.7331
12518.0000 638 467 0.7320
12535.8000 638 468 0.7335
12538.0000 639 468 0.7324
12538.0000 639 469 0.7340
12544.3000 639 470 0.7355
12556.0000 640 470 0.7344
12569.1000 640 471 0.7359
12575.0000 641 471 0.7348
12592.6000 641 472 0.7363
12596.0000 642 472 0.7352
12611.0000 643 472 0.7341
12615.7000 643 473 0.7356
12635.0000 644 473 0.7345
12642.9000 644 474 0.7360
12655.0000 645 474 0.7349
12672.0000 646 474 0.7337
12691.0000 647 474 0.7326
12703.1000 647 475 0.7342
12708.8000 647 476 0.7357
12713.0000 648 476 0.7346
12726.0000 648 477 0.7361
12727.4000 648 478 0.7377
12731.2000 648 479 0.7392
12737.0000 649 479 0.7381
12746.5000 649 480 0.7396
12761.0000 650 480 0.7385
12766.4000 650 481 0.7400
12772.9000 650 482 0.7415
12781.0000 651 482 0.7404
12784.8000 651 483 0.7419
12798.0000 652 483 0.7408
12818.0000 653 483 0.7397
12830.3000 653 484 0.7412
12839.0000 654 484 0.7401
12855.5000 654 485 0.7416
12863.0000 655 485 0.7405
12884.0000 656 485 0.7393
12901.0000 657 485 0.7382
12919.0000 658 485 0.7371
12936.0000 659 485 0.7360
12947.4000 659 486 0.7375
12954.0000 660 486 0.7364
12971.0000 661 486 0.7352
12976.7000 661 487 0.7368
12986.0000 662 487 0.7356
12990.8000 662 488 0.7372
12994.0000 662 489 0.7387
12997.2000 662 490 0.7402
13009.0000 663 490 0.7391
13024.0000 663 491 0.7406
13029.0000 664 491 0.7395
13042.8000 664 492 0.7410
13045.0000 664 493 0.7425
13048.0000 665 493 0.7414
13049.7000 665 494 0.7429
13069.0000 666 494 0.7417
13080.5000 666 495 0.7432
13081.1000 666 496 0.7447
13082.6000 666 497 0.7462
13090.0000 667 497 0.7451
13112.0000 668 497 0.7440
13133.2000 668 498 0.7455
13133.9000 668 499 0.7470
13135.0000 669 499 0.7459
13137.4000 669 500 0.7474
13139.6000 669 501 0.7489
13146.6000 669 502 0.7504
13157.0000 670 502 0.7493
13172.9000 670 503 0.7507
13175.0000 671 503 0.7496
13182.3000 671 504 0.7511
13198.0000 672 504 0.7500
13200.2000 672 505 0.7515
13202.0000 672 506 0.7530
13222.0000 673 506 0.7519
13235.4000 673 507 0.7533
13237.0000 674 507 0.7522
13261.0000 675 507 0.7511
13279.0000 676 507 0.7500
13288.8000 676 508 0.7515
13303.0000 677 508 0.7504
13327.0000 678 508 0.7493
13339.1000 678 509 0.7507
13344.0000 679 509 0.7496
13360.6000 679 510 0.7511
13367.0000 680 510 0.7500
13370.8000 680 511 0.7515
13384.0000 680 512 0.7529
13385.0000 681 512 0.7518
13387.8000 681 513 0.7533
13400.0000 682 513 0.7522
13422.0000 683 513 0.7511
13424.0000 683 514 0.7526
13439.0000 684 514 0.7515
13463.0000 685 514 0.7504
13485.0000 686 514 0.7493
13501.0000 687 514 0.7482
13512.8000 687 515 0.7496
13522.0000 688 515 0.7485
13534.7000 688 516 0.7500
13543.0000 689 516 0.7489
13558.0000 690 516 0.7478
13562.1000 690 517 0.7493
13578.0000 691 517 0.7482
13579.4000 691 518 0.7496
13597.0000 692 518 0.7486
13600.2000 692 519 0.7500
13601.2000 692 520 0.7514
13605.2000 692 521 0.7529
13605.9000 692 522 0.7543
13612.0000 693 522 0.7532
13622.2000 693 523 0.7547
13633.0000 694 523 0.7536
13654.0000 695 523 0.7525
13662.9000 695 524 0.7540
13669.7000 695 525 0.7554
13674.0000 696 525 0.7543
13689.0000 697 525 0.7532
13701.0000 697 526 0.7547
13701.7000 697 527 0.7561
13704.0000 697 528 0.7575
13713.0000 698 528 0.7564
13733.0000 699 528 0.7554
13743.2000 699 529 0.7568
13750.0000 700 529 0.7557
13751.3000 700 530 0.7571
13770.6000 700 531 0.7586
13771.0000 701 531 0.7575
13778.2000 701 532 0.7589
13787.0000 702 532 0.7578
13793.4000 702 533 0.7593
13808.0000 703 533 0.7582
13831.0000 704 533 0.7571
13853.0000 705 533 0.7560
13874.0000 706 533 0.7550
13894.0000 707 533 0.7539
13910.8000 707 534 0.7553
13915.0000 708 534 0.7542
13930.0000 708 535 0.7556
13937.0000 709 535 0.7546
13952.0000 710 535 0.7535
13976.0000 711 535 0.7525
13979.8000 711 536 0.7539
13986.7000 711 537 0.7553
13990.1000 711 538 0.7567
13994.0000 712 538 0.7556
14007.7000 712 539 0.7570
14011.0000 713 539 0.7560
14028.3000 713 540 0.7574
14032.0000 714 540 0.7563
14039.9000 714 541 0.7577
14045.3000 714 542 0.7591
14056.0000 715 542 0.7580
14071.0000 715 543 0.7594
14077.0000 716 543 0.7584
14092.0000 717 543 0.7573
14101.6000 717 544 0.7587
14107.0000 718 544 0.7577
14108.3000 718 545 0.7591
14123.0000 719 545 0.7580
14141.4000 719 546 0.7594
14147.0000 720 546 0.7583
14167.0000 721 546 0.7573
14170.4000 721 547 0.7587
14186.0000 722 547 0.7576
14204.0000 723 547 0.7566
14225.0000 724 547 0.7555
14240.1000 724 548 0.7569
14245.0000 725 548 0.7559
14267.0000 726 548 0.7548
14269.6000 726 549 0.7562
14283.7000 726 550 0.7576
14286.0000 727 550 0.7565
14304.0000 728 550 0.7555
14313.7000 728 551 0.7569
14315.2000 728 552 0.7582
14323.0000 729 552 0.7572
14343.0000 730 552 0.7562
14363.0000 731 552 0.7551
14369.6000 731 553 0.7565
14379.1000 731 554 0.7579
14385.0000 732 554 0.7568
14404.0000 733 554 0.7558
14420.0000 734 554 0.7548
14421.8000 734 555 0.7561
14434.2000 734 556 0.7575
14441.0000 735 556 0.7565
14456.0000 736 556 0.7554
14466.4000 736 557 0.7568
14475.0000 737 557 0.7558
14489.1000 737 558 0.7571
14499.0000 738 558 0.7561
14504.4000 738 559 0.7575
14508.6000 738 560 0.7588
14523.0000 739 560 0.7578
14530.4000 739 561 0.7591
14544.0000 740 561 0.7581
14568.0000 741 561 0.7571
14569.4000 741 562 0.7584
14588.0000 742 562 0.7574
14602.1000 742 563 0.7588
14603.0000 743 563 0.7577
14618.0000 744 563 0.7567
14619.5000 744 564 0.7581
14630.0000 744 565 0.7594
14630.1000 744 566 0.7608
14639.0000 745 566 0.7597
14655.0000 746 566 0.7587
14663.4000 746 567 0.7601
14676.0000 747 567 0.7590
14696.0000 748 567 0.7580
14701.7000 748 568 0.7594
14718.0000 749 568 0.7583
14736.0000 750 568 0.7573
14746.0000 750 569 0.7587
14753.9000 750 570 0.7600
14756.0000 751 570 0.7590
14773.0000 752 570 0.7580
14773.0000 752 571 0.7593
14790.0000 753 571 0.7583
14797.1000 753 572 0.7596
14803.7000 753 573 0.7610
14809.0000 754 573 0.7599
14825.7000 754 574 0.7613
14829.0000 754 575 0.7626
14830.5000 754 576 0.7639
14831.0000 755 576 0.7629
14847.9000 755 577 0.7642
14848.0000 756 577 0.7632
14867.0000 757 577 0.7622
14887.9000 757 578 0.7635
14889.0000 758 578 0.7625
14889.0000 758 579 0.7639
14905.0000 759 579 0.7628
14905.1000 759 580 0.7642
14921.8000 759 581 0.7655
14927.0000 760 581 0.7645
14942.0000 761 581 0.7635
14961.0000 762 581 0.7625
14961.9000 762 582 0.7638
14963.1000 762 583 0.7651
14984.0000 763 583 0.7641
14999.0000 764 583 0.7631
15001.4000 764 584 0.7644
15002.1000 764 585 0.7657
15021.0000 765 585 0.7647
15022.6000 765 586 0.7660
15031.8000 765 587 0.7673
15041.0000 766 587 0.7663
15058.0000 767 587 0.7653
15073.7000 767 588 0.7666
15074.0000 768 588 0.7656
15093.0000 769 588 0.7646
15114.0000 770 588 0.7636
15125.1000 770 589 0.7649
15132.0000 771 589 0.7639
15149.0000 772 589 0.7630
15159.2000 772 590 0.7642
15170.3000 772 591 0.7655
15172.0000 773 591 0.7646
15184.1000 773 592 0.7658
15184.7000 773 593 0.7671
15190.0000 774 593 0.7661
15212.0000 775 593 0.7652
15235.0000 776 593 0.7642
15256.0000 777 593 0.7632
15274.3000 777 594 0.7645
15280.0000 778 594 0.7635
15290.0000 778 595 0.7648
15297.0000 779 595 0.7638
15313.3000 779 596 0.7651
15318.0000 780 596 0.7641
15336.0000 781 596 0.7631
15360.0000 782 596 0.7621
15381.0000 783 596 0.7612
15388.1000 783 597 0.7625
15399.0000 784 597 0.7615
15419.0000 785 597 0.7605
15439.2000 785 598 0.7618
15441.0000 786 598 0.7608
15442.1000 786 599 0.7621
15465.0000 787 599 0.7611
15482.0000 788 599 0.7602
15494.7000 788 600 0.7614
15500.8000 788 601 0.7627
15504.0000 789 601 0.7617
15517.2000 789 602 0.7630
15526.0000 790 602 0.7620
15538.7000 790 603 0.7633
15547.0000 791 603 0.7623
15569.0000 792 603 0.7614
15583.0000 792 604 0.7626
15591.0000 793 604 0.7617
15615.0000 794 604 0.7607
15632.0000 795 604 0.7597
15651.0000 796 604 0.7588
15662.6000 796 605 0.7601
15666.0000 797 605 0.7591
15680.0000 797 606 0.7604
15684.0000 798 606 0.7594
15708.0000 799 606 0.7584
15724.0000 800 606 0.7575
15746.0000 801 606 0.7566
15752.2000 801 607 0.7578
15755.2000 801 608 0.7591
15761.5000 801 609 0.7603
15764.0000 802 609 0.7594
15772.1000 802 610 0.7606
15780.2000 802 611 0.7618
15782.0000 803 611 0.7609
15793.3000 803 612 0.7621
15799.0000 804 612 0.7612
15815.0000 805 612 0.7602
15817.2000 805 613 0.7615
15825.5000 805 614 0.7627
15838.0000 806 614 0.7618
15854.0000 807 614 0.7608
15873.0000 808 614 0.7599
15880.0000 808 615 0.7611
15891.0000 808 616 0.7624
15894.0000 809 616 0.7614
15909.0000 810 616 0.7605
15925.0000 810 617 0.7617
15927.0000 811 617 0.7608
15948.0000 812 617 0.7599
15953.1000 812 618 0.7611
15967.0000 813 618 0.7601
15971.3000 813 619 0.7614
15981.4000 813 620 0.7626
15990.0000 814 620 0.7617
16004.9000 814 621 0.7629
16008.1000 814 622 0.7641
16009.4000 814 623 0.7654
16010.0000 815 623 0.7644
16027.0000 816 623 0.7635
16042.0000 817 623 0.7625
16048.6000 817 624 0.7638
16056.0000 817 625 0.7650
16060.9000 817 626 0.7662
16061.0000 818 626 0.7653
16064.0000 818 627 0.7665
16065.1000 818 628 0.7677
16080.0000 819 628 0.7668
16083.7000 819 629 0.7680
16104.0000 820 629 0.7671
16124.0000 821 629 0.7661
16127.7000 821 630 0.7674
16139.0000 822 630 0.7664
16155.0000 823 630 0.7655
16175.0000 824 630 0.7646
16176.4000 824 631 0.7658
16196.0000 825 631 0.7648
16212.0000 826 631 0.7639
16220.0000 826 632 0.7651
16230.0000 827 632 0.7642
16245.0000 828 632 0.7633
16248.4000 828 633 0.7645
16250.6000 828 634 0.7657
16251.0000 828 635 0.7669
16261.0000 829 635 0.7660
16281.0000 830 635 0.7651
16295.8000 830 636 0.7663
16301.0000 831 636 0.7653
16322.0000 832 636 0.7644
16334.0000 832 637 0.7656
16338.0000 833 637 0.7647
16348.0000 833 638 0.7659
16357.0000 834 638 0.7650
16365.8000 834 639 0.7662
16380.0000 835 639 0.7653
16389.6000 835 640 0.7665
16399.0000 836 640 0.7656
16405.7000 836 641 0.7667
16410.8000 836 642 0.7679
16416.0000 837 642 0.7670
16433.0000 838 642 0.7661
16455.0000 839 642 0.7652
16479.0000 840 642 0.7643
16503.0000 841 642 0.7634
16520.1000 841 643 0.7646
16526.0000 842 643 0.7637
16547.0000 843 643 0.7628
16568.0000 844 643 0.7618
16589.0000 845 643 0.7609
16610.0000 846 643 0.7600
16627.3000 846 644 0.7612
16628.0000 847 644 0.7603
16646.0000 848 644 0.7594
16662.0000 849 644 0.7585
16666.9000 849 645 0.7597
16668.2000 849 646 0.7609
16682.0000 850 646 0.7600
16699.0000 851 646 0.7591
16721.7000 851 647 0.7603
16723.0000 852 647 0.7594
16745.0000 853 647 0.7585
16760.0000 854 647 0.7576
16783.0000 855 647 0.7567
16784.2000 855 648 0.7579
16800.0000 856 648 0.7570
16818.0000 857 648 0.7561
16835.0000 858 648 0.7552
16849.2000 858 649 0.7564
16850.3000 858 650 0.7576
16852.1000 858 651 0.7587
16858.0000 859 651 0.7579
16865.5000 859 652 0.7590
16873.9000 859 653 0.7602
16881.0000 860 653 0.7593
16901.0000 861 653 0.7584
16917.0000 862 653 0.7575
16935.0000 863 653 0.7567
16937.1000 863 654 0.7578
16959.0000 864 654 0.7569
16963.6000 864 655 0.7581
16980.0000 865 655 0.7572
16988.1000 865 656 0.7584
16997.0000 866 656 0.7575
17021.0000 867 656 0.7566
17031.9000 867 657 0.7578
17040.0000 868 657 0.7569
17063.0000 869 657 0.7560
17076.8000 869 658 0.7572
17082.0000 870 658 0.7563
17105.0000 871 658 0.7555
17119.1000 871 659 0.7566
17126.0000 872 659 0.7557
17135.1000 872 660 0.7569
17143.0000 873 660 0.7560
17152.2000 873 661 0.7572
17152.7000 873 662 0.7583
17162.0000 874 662 0.7574
17181.0000 875 662 0.7566
17202.0000 876 662 0.7557
17225.0000 877 662 0.7548
17226.1000 877 663 0.7560
17234.6000 877 664 0.7571
17238.1000 877 665 0.7583
17239.6000 877 666 0.7594
17240.0000 878 666 0.7585
17259.0000 879 666 0.7577
17278.0000 880 666 0.7568
17299.0000 881 666 0.7560
17318.0000 882 666 0.7551
17336.0000 883 666 0.7542
17338.6000 883 667 0.7554
17341.8000 883 668 0.7565
17344.4000 883 669 0.7576
17347.1000 883 670 0.7588
17353.0000 884 670 0.7579
17354.6000 884 671 0.7590
17357.6000 884 672 0.7602
17366.5000 884 673 0.7613
17366.9000 884 674 0.7624
17370.0000 885 674 0.7616
17371.3000 885 675 0.7627
17393.6000 885 676 0.7638
17394.0000 886 676 0.7630
17416.0000 887 676 0.7621
17439.0000 888 676 0.7613
17454.0000 889 676 0.7604
17469.2000 889 677 0.7615
17472.7000 889 678 0.7627
17477.0000 890 678 0.7618
17497.0000 891 678 0.7609
17503.3000 891 679 0.7621
17515.0000 892 679 0.7612
17526.5000 892 680 0.7623
17535.0000 893 680 0.7615
17547.1000 893 681 0.7626
17558.0000 894 681 0.7617
17574.0000 895 681 0.7609
17598.0000 896 681 0.7600
17619.0000 897 681 0.7592
17632.9000 897 682 0.7603
17639.0000 898 682 0.7595
17654.0000 899 682 0.7586
17672.0000 900 682 0.7578
17690.0000 901 682 0.7569
17710.0000 902 682 0.7561
17734.0000 903 682 0.7553
17751.0000 904 682 0.7544
17758.4000 904 683 0.7555
17773.8000 904 684 0.7566
17774.0000 905 684 0.7558
17785.2000 905 685 0.7569
17786.1000 905 686 0.7580
17793.0000 906 686 0.7572
17808.0000 907 686 0.7563
17813.6000 907 687 0.7574
17816.7000 907 688 0.7585
17825.2000 907 689 0.7596
17826.0000 908 689 0.7588
17835.5000 908 690 0.7599
17835.9000 908 691 0.7610
17846.0000 909 691 0.7602
17864.0000 910 691 0.7593
17877.5000 910 692 0.7604
17884.0000 911 692 0.7596
17899.0000 912 692 0.7588
17917.0000 913 692 0.7579
17931.3000 913 693 0.7590
17934.5000 913 694 0.7601
17936.0000 914 694 0.7593
17942.6000 914 695 0.7604
17958.0000 915 695 0.7596
17976.0000 916 695 0.7587
17976.3000 916 696 0.7598
18000.0000 917 696 0.7590
18020.6000 917 697 0.7601
18021.0000 918 697 0.7593
18023.4000 918 698 0.7603
18040.0000 919 698 0.7595
18048.3000 919 699 0.7606
18057.4000 919 700 0.7617
18058.8000 919 701 0.7628
18059.0000 920 701 0.7620
18075.4000 920 702 0.7630
18077.0000 921 702 0.7622
18077.2000 921 703 0.7633
18092.0000 922 703 0.7625
18097.7000 922 704 0.7636
18104.0000 922 705 0.7646
18112.1000 922 706 0.7657
18113.0000 923 706 0.7649
18124.5000 923 707 0.7660
18132.0000 924 707 0.7652
18147.7000 924 708 0.7662
18155.0000 925 708 0.7654
18170.8000 925 709 0.7665
18171.2000 925 710 0.7676
18177.0000 926 710 0.7667
18190.3000 926 711 0.7678
18192.0000 927 711 0.7670
18206.3000 927 712 0.7681
18208.9000 927 713 0.7691
18214.0000 928 713 0.7683
18221.6000 928 714 0.7694
18227.4000 928 715 0.7705
18236.0000 929 715 0.7696
18259.0000 930 715 0.7688
18275.0000 931 715 0.7680
18298.0000 932 715 0.7672
18321.0000 933 715 0.7663
18340.0000 934 715 0.7655
18353.1000 934 716 0.7666
18364.0000 935 716 0.7658
18383.0000 936 716 0.7650
18402.0000 937 716 0.7641
18425.0000 938 716 0.7633
18446.6000 938 717 0.7644
18449.0000 939 717 0.7636
18454.9000 939 718 0.7646
18459.3000 939 719 0.7657
18461.5000 939 720 0.7668
18471.3000 939 721 0.7678
18471.8000 939 722 0.7689
18473.0000 940 722 0.7681
18488.0000 941 722 0.7673
18493.6000 941 723 0.7683
18512.0000 942 723 0.7675
18517.2000 942 724 0.7686
18534.0000 943 724 0.7678
18536.1000 943 725 0.7688
18549.0000 944 725 0.7680
18558.2000 944 726 0.7691
18562.8000 944 727 0.7701
18570.0000 945 727 0.7693
18574.7000 945 728 0.7704
18576.9000 945 729 0.7714
18590.0000 946 729 0.7706
18613.0000 947 729 0.7698
18626.0000 947 730 0.7709
18626.3000 947 731 0.7719
18632.0000 948 731 0.7711
18649.6000 948 732 0.7722
18653.0000 949 732 0.7713
18677.0000 950 732 0.7705
18696.0000 951 732 0.7697
18715.0000 952 732 0.7689
18723.6000 952 733 0.7700
18738.0000 953 733 0.7692
18753.0000 954 733 0.7683
18768.0000 955 733 0.7675
18784.0000 955 734 0.7686
18786.0000 956 734 0.7678
18792.1000 956 735 0.7688
18799.2000 956 736 0.7699
18806.5000 956 737 0.7709
18809.0000 957 737 0.7701
18828.0000 958 737 0.7693
18841.2000 958 738 0.7704
18845.0000 959 738 0.7696
18862.0000 960 738 0.7688
18884.0000 961 738 0.7680
18893.4000 961 739 0.7690
18894.5000 961 740 0.7700
18897.2000 961 741 0.7711
18899.0000 962 741 0.7703
18922.0000 963 741 0.7695
18939.0000 964 741 0.7687
18949.4000 964 742 0.7697
18956.0000 965 742 0.7689
18964.9000 965 743 0.7699
18977.0000 966 743 0.7692
18990.3000 966 744 0.7702
18993.0000 967 744 0.7694
19015.0000 968 744 0.7686
19020.4000 968 745 0.7696
19037.0000 969 745 0.7688
19037.8000 969 746 0.7699
19055.0000 970 746 0.7691
19072.0000 971 746 0.7683
19073.6000 971 747 0.7693
19087.0000 972 747 0.7685
19095.5000 972 748 0.7695
19108.0000 973 748 0.7688
19129.0000 974 748 0.7680
19151.0000 975 748 0.7672
19154.3000 975 749 0.7682
19161.8000 975 750 0.7692
19173.0000 976 750 0.7684
19192.0000 977 750 0.7677
19211.0000 978 750 0.7669
19231.0000 979 750 0.7661
19236.7000 979 751 0.7671
19244.1000 979 752 0.7681
19253.8000 979 753 0.7692
19254.0000 980 753 0.7684
19277.0000 981 753 0.7676
19300.0000 981 754 0.7686
19301.0000 982 754 0.7678
19303.9000 982 755 0.7688
19310.4000 982 756 0.7699
19313.4000 982 757 0.7709
19316.0000 983 757 0.7701
19316.6000 983 758 0.7711
19340.0000 984 758 0.7703
19355.0000 985 758 0.7695
19367.9000 985 759 0.7706
19373.0000 986 759 0.7698
19391.0000 987 759 0.7690
19403.7000 987 760 0.7700
19406.0000 988 760 0.7692
19418.6000 988 761 0.7702
19423.0000 989 761 0.7695
19430.1000 989 762 0.7705
19438.5000 989 763 0.7715
19439.0000 990 763 0.7707
19455.0000 991 763 0.7699
19479.0000 992 763 0.7692
19497.0000 993 763 0.7684
19502.9000 993 764 0.7694
19518.9000 993 765 0.7704
19521.0000 994 765 0.7696
19542.0000 995 765 0.7688
19547.1000 995 766 0.7698
19561.0000 995 767 0.7709
19565.0000 996 767 0.7701
19586.0000 997 767 0.7693
19601.0000 998 767 0.7685
19622.0000 999 767 0.7678
19622.4000 999 768 0.7688
19641.0000 1000 768 0.7680
19660.0000 1001 768 0.7672
19669.0000 1001 769 0.7682
19677.0000 1002 769 0.7675
19692.0000 1003 769 0.7667
19703.0000 1003 770 0.7677
19716.0000 1004 770 0.7669
19727.5000 1004 771 0.7679
19739.0000 1005 771 0.7672
19755.0000 1006 771 0.7664
19770.0000 1007 771 0.7656
19783.2000 1007 772 0.7666
19792.0000 1008 772 0.7659
19815.0000 1009 772 0.7651
19815.7000 1009 773 0.7661
19816.7000 1009 774 0.7671
19817.3000 1009 775 0.7681
19826.5000 1009 776 0.7691
19833.0000 1010 776 0.7683
19848.3000 1010 777 0.7693
19848.4000 1010 778 0.7703
19852.0000 1011 778 0.7695
19872.9000 1011 779 0.7705
19876.0000 1012 779 0.7698
19891.0000 1013 779 0.7690
19894.8000 1013 780 0.7700
19908.0000 1014 780 0.7692
19924.7000 1014 781 0.7702
19924.9000 1014 782 0.7712
19932.0000 1015 782 0.7704
19945.5000 1015 783 0.7714
19956.0000 1016 783 0.7707
19968.8000 1016 784 0.7717
19970.9000 1016 785 0.7726
19975.0000 1016 786 0.7736
19976.0000 1017 786 0.7729
19987.9000 1017 787 0.7738
19996.6000 1017 788 0.7748
19998.0000 1018 788 0.7741
20019.0000 1019 788 0.7733
20021.3000 1019 789 0.7743
20027.8000 1019 790 0.7753
20034.0000 1020 790 0.7745
20039.7000 1020 791 0.7755
20041.7000 1020 792 0.7765
20054.8000 1020 793 0.7775
20057.0000 1021 793 0.7767
20075.0000 1022 793 0.7759
20086.0000 1022 794 0.7769
20089.1000 1022 795 0.7779
20094.0000 1023 795 0.7771
20096.4000 1023 796 0.7781
20118.0000 1024 796 0.7773
20128.4000 1024 797 0.7783
20135.0000 1025 797 0.7776
20136.9000 1025 798 0.7785
20141.0000 1025 799 0.7795
20157.0000 1026 799 0.7788
20179.0000 1027 799 0.7780
20179.9000 1027 800 0.7790
20181.1000 1027 801 0.7799
20197.0000 1028 801 0.7792
20204.0000 1028 802 0.7802
20204.5000 1028 803 0.7811
20221.0000 1029 803 0.7804
20231.5000 1029 804 0.7813
20237.0000 1030 804 0.7806
20259.0000 1031 804 0.7798
20276.0000 1032 804 0.7791
20293.0000 1033 804 0.7783
20307.9000 1033 805 0.7793
20308.0000 1034 805 0.7785
20309.7000 1034 806 0.7795
20327.0000 1035 806 0.7787
20345.9000 1035 807 0.7797
20349.5000 1035 808 0.7807
20350.0000 1036 808 0.7799
20366.0000 1037 808 0.7792
20372.7000 1037 809 0.7801
20373.6000 1037 810 0.7811
20385.0000 1038 810 0.7803
20389.6000 1038 811 0.7813
20401.0000 1039 811 0.7806
20421.0000 1040 811 0.7798
20426.7000 1040 812 0.7808
20437.0000 1041 812 0.7800
20458.1000 1041 813 0.7810
20461.0000 1042 813 0.7802
20477.3000 1042 814 0.7812
20485.0000 1043 814 0.7804
20508.0000 1044 814 0.7797
20515.1000 1044 815 0.7807
20532.0000 1045 815 0.7799
20533.4000 1045 816 0.7809
20554.0000 1046 816 0.7801
20576.0000 1047 816 0.7794
20588.3000 1047 817 0.7803
20594.0000 1048 817 0.7796
20609.2000 1048 818 0.7805
20611.0000 1049 818 0.7798
20626.2000 1049 819 0.7807
20635.0000 1050 819 0.7800
20653.5000 1050 820 0.7810
20655.0000 1051 820 0.7802
20656.4000 1051 821 0.7812
20659.9000 1051 822 0.7821
20664.6000 1051 823 0.7831
20673.0000 1052 823 0.7823
20691.0000 1053 823 0.7816
20706.0000 1054 823 0.7808
20724.0000 1055 823 0.7801
20734.8000 1055 824 0.7810
20739.8000 1055 825 0.7820
20744.0000 1056 825 0.7813
20746.4000 1056 826 0.7822
20756.1000 1056 827 0.7831
20758.4000 1056 828 0.7841
20766.0000 1057 828 0.7833
20767.6000 1057 829 0.7843
20776.2000 1057 830 0.7852
20782.0000 1058 830 0.7845
20797.6000 1058 831 0.7854
20800.0000 1059 831 0.7847
20801.3000 1059 832 0.7856
20817.3000 1059 833 0.7866
20821.0000 1060 833 0.7858
20840.9000 1060 834 0.7868
20842.1000 1060 835 0.7877
20844.0000 1061 835 0.7870
20855.4000 1061 836 0.7879
20857.6000 1061 837 0.7889
20864.0000 1062 837 0.7881
20888.0000 1063 837 0.7874
20889.0000 1063 838 0.7883
20911.0000 1064 838 0.7876
20931.0000 1065 838 0.7869
20952.0000 1066 838 0.7861
20965.5000 1066 839 0.7871
20968.0000 1067 839 0.7863
20968.5000 1067 840 0.7873
20980.0000 1067 841 0.7882
20987.6000 1067 842 0.7891
20990.0000 1068 842 0.7884
21005.7000 1068 843 0.7893
21007.0000 1069 843 0.7886
21008.6000 1069 844 0.7895
21018.1000 1069 845 0.7905
21031.0000 1070 845 0.7897
21034.6000 1070 846 0.7907
21044.0000 1070 847 0.7916
21055.0000 1071 847 0.7908
21066.1000 1071 848 0.7918
21068.2000 1071 849 0.7927
21077.0000 1072 849 0.7920
21078.1000 1072 850 0.7929
21092.0000 1073 850 0.7922
21096.3000 1073 851 0.7931
21097.4000 1073 852 0.7940
21116.0000 1074 852 0.7933
21125.4000 1074 853 0.7942
21132.0000 1075 853 0.7935
21148.0000 1076 853 0.7928
21158.2000 1076 854 0.7937
21166.0000 1077 854 0.7929
21169.4000 1077 855 0.7939
21184.0000 1078 855 0.7931
21189.3000 1078 856 0.7941
21189.4000 1078 857 0.7950
21190.0000 1078 858 0.7959
21204.0000 1079 858 0.7952
21214.3000 1079 859 0.7961
21223.0000 1080 859 0.7954
21226.5000 1080 860 0.7963
21239.3000 1080 861 0.7972
21247.0000 1081 861 0.7965
21271.0000 1082 861 0.7957
21288.6000 1082 862 0.7967
21292.0000 1083 862 0.7959
21309.0000 1084 862 0.7952
21327.0000 1085 862 0.7945
21332.7000 1085 863 0.7954
21334.3000 1085 864 0.7963
21350.8000 1085 865 0.7972
21351.0000 1086 865 0.7965
21352.7000 1086 866 0.7974
21353.7000 1086 867 0.7983
21356.2000 1086 868 0.7993
21367.7000 1086 869 0.8002
21368.0000 1087 869 0.7994
21369.9000 1087 870 0.8004
21375.1000 1087 871 0.8013
21387.0000 1088 871 0.8006
21395.2000 1088 872 0.8015
21396.2000 1088 873 0.8024
21398.6000 1088 874 0.8033
21407.0000 1089 874 0.8026
21420.5000 1089 875 0.8035
21423.9000 1089 876 0.8044
21424.0000 1090 876 0.8037
21443.3000 1090 877 0.8046
21444.0000 1091 877 0.8038
21459.5000 1091 878 0.8048
21463.0000 1092 878 0.8040
21475.0000 1092 879 0.8049
21483.0000 1093 879 0.8042
21501.7000 1093 880 0.8051
21505.0000 1094 880 0.8044
21523.0000 1095 880 0.8037
21539.0000 1096 880 0.8029
21556.0000 1097 880 0.8022
21577.0000 1098 880 0.8015
21595.6000 1098 881 0.8024
21599.0000 1099 881 0.8016
21615.0000 1100 881 0.8009
21632.0000 1101 881 0.8002
21648.0000 1102 881 0.7995
21651.4000 1102 882 0.8004
21665.0000 1103 882 0.7996
21666.7000 1103 883 0.8005
21689.0000 1104 883 0.7998
21695.2000 1104 884 0.8007
21707.0000 1105 884 0.8000
21713.3000 1105 885 0.8009
21714.8000 1105 886 0.8018
21721.2000 1105 887 0.8027
21731.0000 1106 887 0.8020
21740.1000 1106 888 0.8029
21741.0000 1106 889 0.8038
21755.0000 1107 889 0.8031
21755.7000 1107 890 0.8040
21777.0000 1108 890 0.8032
21794.0000 1109 890 0.8025
21806.3000 1109 891 0.8034
21813.2000 1109 892 0.8043
21818.0000 1110 892 0.8036
21837.0000 1111 892 0.8029
21847.3000 1111 893 0.8038
21860.0000 1112 893 0.8031
21872.6000 1112 894 0.8040
21883.0000 1113 894 0.8032
21897.8000 1113 895 0.8041
21898.0000 1114 895 0.8034
21901.2000 1114 896 0.8043
21908.2000 1114 897 0.8052
21916.0000 1115 897 0.8045
21939.0000 1116 897 0.8038
21949.4000 1116 898 0.8047
21960.0000 1117 898 0.8039
21976.0000 1118 898 0.8032
21985.3000 1118 899 0.8041
21993.9000 1118 900 0.8050
21999.0000 1119 900 0.8043
22022.0000 1120 900 0.8036
22041.0000 1121 900 0.8029
22051.2000 1121 901 0.8037
22061.0000 1122 901 0.8030
22078.0000 1123 901 0.8023
22101.0000 1124 901 0.8016
22106.6000 1124 902 0.8025
22121.0000 1125 902 0.8018
22124.3000 1125 903 0.8027
22134.2000 1125 904 0.8036
22140.0000 1126 904 0.8028
22143.1000 1126 905 0.8037
22159.0000 1127 905 0.8030
22165.8000 1127 906 0.8039
22183.0000 1128 906 0.8032
22199.0000 1129 906 0.8025
22212.7000 1129 907 0.8034
22218.0000 1130 907 0.8027
22228.1000 1130 908 0.8035
22242.0000 1131 908 0.8028
22259.1000 1131 909 0.8037
22263.0000 1132 909 0.8030
22264.8000 1132 910 0.8039
22281.0000 1133 910 0.8032
22286.6000 1133 911 0.8041
22304.0000 1134 911 0.8034
22310.8000 1134 912 0.8042
22322.0000 1135 912 0.8035
22335.9000 1135 913 0.8044
22339.1000 1135 914 0.8053
22346.0000 1136 914 0.8046
22363.0000 1137 914 0.8039
22385.0000 1138 914 0.8032
22400.2000 1138 915 0.8040
22405.0000 1139 915 0.8033
22420.0000 1140 915 0.8026
22444.0000 1141 915 0.8019
22445.7000 1141 916 0.8028
22448.7000 1141 917 0.8037
22456.5000 1141 918 0.8046
22459.4000 1141 919 0.8054
22464.0000 1142 919 0.8047
22482.0000 1143 919 0.8040
22486.0000 1143 920 0.8049
22500.0000 1144 920 0.8042
22502.1000 1144 921 0.8051
22503.7000 1144 922 0.8059
22521.0000 1145 922 0.8052
22543.6000 1145 923 0.8061
22544.0000 1146 923 0.8054
22546.3000 1146 924 0.8063
22560.0000 1147 924 0.8056
22571.5000 1147 925 0.8065
22574.7000 1147 926 0.8073
22578.0000 1148 926 0.8066
22595.0000 1149 926 0.8059
22613.0000 1150 926 0.8052
22627.3000 1150 927 0.8061
22628.0000 1151 927 0.8054
22648.0000 1152 927 0.8047
22660.7000 1152 928 0.8056
22666.0000 1153 928 0.8049
22677.3000 1153 929 0.8057
22682.0000 1154 929 0.8050
22694.9000 1154 930 0.8059
22698.0000 1155 930 0.8052
22713.0000 1156 930 0.8045
22717.4000 1156 931 0.8054
22723.3000 1156 932 0.8062
22724.9000 1156 933 0.8071
22735.0000 1157 933 0.8064
22744.0000 1157 934 0.8073
22751.7000 1157 935 0.8081
22758.0000 1158 935 0.8074
22779.0000 1159 935 0.8067
22799.0000 1160 935 0.8060
22803.2000 1160 936 0.8069
22805.2000 1160 937 0.8078
22820.0000 1161 937 0.8071
22822.1000 1161 938 0.8079
22823.9000 1161 939 0.8088
22835.0000 1162 939 0.8081
22846.3000 1162 940 0.8090
22850.0000 1163 940 0.8083
22858.5000 1163 941 0.8091
22869.0000 1164 941 0.8084
22891.0000 1165 941 0.8077
22898.1000 1165 942 0.8086
22913.0000 1166 942 0.8079
22914.7000 1166 943 0.8087
22916.7000 1166 944 0.8096
22920.6000 1166 945 0.8105
22925.5000 1166 946 0.8113
22931.0000 1167 946 0.8106
22952.2000 1167 947 0.8115
22954.0000 1168 947 0.8108
22971.0000 1169 947 0.8101
22973.5000 1169 948 0.8109
22978.7000 1169 949 0.8118
22991.0000 1170 949 0.8111
23007.0000 1171 949 0.8104
23031.0000 1172 949 0.8097
23047.0000 1173 949 0.8090
23047.9000 1173 950 0.8099
23049.3000 1173 951 0.8107
23066.8000 1173 952 0.8116
23070.0000 1174 952 0.8109
23085.0000 1175 952 0.8102
23106.0000 1176 952 0.8095
23113.0000 1176 953 0.8104
23118.3000 1176 954 0.8112
23127.0000 1177 954 0.8105
23142.0000 1177 955 0.8114
23145.6000 1177 956 0.8122
23149.0000 1178 956 0.8115
23165.0000 1179 956 0.8109
23179.9000 1179 957 0.8117
23180.0000 1180 957 0.8110
23183.0000 1180 958 0.8119
23183.5000 1180 959 0.8127
23186.2000 1180 960 0.8136
23198.0000 1181 960 0.8129
23214.0000 1182 960 0.8122
23220.3000 1182 961 0.8130
23238.0000 1183 961 0.8123
23249.6000 1183 962 0.8132
23252.6000 1183 963 0.8140
23258.0000 1184 963 0.8133
23280.0000 1185 963 0.8127
23295.0000 1186 963 0.8120
23303.3000 1186 964 0.8128
23304.8000 1186 965 0.8137
23319.0000 1187 965 0.8130
23339.0000 1188 965 0.8123
23354.2000 1188 966 0.8131
23359.8000 1188 967 0.8140
23360.0000 1189 967 0.8133
23370.5000 1189 968 0.8141
23377.0000 1190 968 0.8134
23393.0000 1191 968 0.8128
23409.0000 1192 968 0.8121
23428.0000 1193 968 0.8114
23435.6000 1193 969 0.8122
23445.0000 1194 969 0.8116
23450.5000 1194 970 0.8124
23455.5000 1194 971 0.8132
23463.8000 1194 972 0.8141
23464.0000 1195 972 0.8134
23466.7000 1195 973 0.8142
23472.6000 1195 974 0.8151
23482.0000 1196 974 0.8144
23498.0000 1197 974 0.8137
23499.9000 1197 975 0.8145
23504.5000 1197 976 0.8154
23516.0000 1198 976 0.8147
23529.9000 1198 977 0.8155
23532.0000 1199 977 0.8148
23547.0000 1200 977 0.8142
23558.7000 1200 978 0.8150
23565.9000 1200 979 0.8158
23568.0000 1201 979 0.8152
23589.0000 1202 979 0.8145
23613.0000 1203 979 0.8138
23629.0000 1204 979 0.8131
23647.0000 1205 979 0.8124
23653.6000 1205 980 0.8133
23662.0000 1206 980 0.8126
23678.4000 1206 981 0.8134
23681.0000 1207 981 0.8128
23695.9000 1207 982 0.8136
23702.0000 1208 982 0.8129
23709.0000 1208 983 0.8137
23710.9000 1208 984 0.8146
23713.1000 1208 985 0.8154
23722.0000 1208 986 0.8162
23726.0000 1209 986 0.8156
23726.3000 1209 987 0.8164
23741.0000 1210 987 0.8157
23746.9000 1210 988 0.8165
23760.0000 1211 988 0.8159
23771.5000 1211 989 0.8167
23778.0000 1212 989 0.8160
23782.6000 1212 990 0.8168
23798.0000 1213 990 0.8162
23817.0000 1214 990 0.8155
23823.5000 1214 991 0.8163
23837.0000 1215 991 0.8156
23843.7000 1215 992 0.8165
23846.7000 1215 993 0.8173
23859.0000 1216 993 0.8166
23874.0000 1217 993 0.8159
23895.0000 1218 993 0.8153
23907.6000 1218 994 0.8161
23916.0000 1219 994 0.8154
23926.6000 1219 995 0.8162
23937.0000 1220 995 0.8156
23961.0000 1221 995 0.8149
23981.0000 1222 995 0.8142
23985.1000 1222 996 0.8151
24004.0000 1223 996 0.8144
24022.8000 1223 997 0.8152
24026.0000 1224 997 0.8145
24037.4000 1224 998 0.8154
24043.0000 1225 998 0.8147
24046.5000 1225 999 0.8155
24062.0000 1226 999 0.8148
24077.5000 1226 1000 0.8157
24079.0000 1227 1000 0.8150
24089.4000 1227 1001 0.8158
24095.0000 1228 1001 0.8151
24110.0000 1229 1001 0.8145
24134.0000 1230 1001 0.8138
24140.5000 1230 1002 0.8146
24157.0000 1231 1002 0.8140
24179.0000 1232 1002 0.8133
24192.1000 1232 1003 0.8141
24192.8000 1232 1004 0.8149
24203.0000 1233 1004 0.8143
24222.0000 1234 1004 0.8136
24225.8000 1234 1005 0.8144
24242.4000 1234 1006 0.8152
24245.0000 1235 1006 0.8146
24262.0000 1236 1006 0.8139
24272.3000 1236 1007 0.8147
24274.8000 1236 1008 0.8155
24286.0000 1237 1008 0.8149
24305.0000 1238 1008 0.8142
24314.2000 1238 1009 0.8150
24326.0000 1239 1009 0.8144
24341.7000 1239 1010 0.8152
24349.0000 1240 1010 0.8145
24363.0000 1240 1011 0.8153
24368.0000 1241 1011 0.8147
24379.5000 1241 1012 0.8155
24380.6000 1241 1013 0.8163
24382.2000 1241 1014 0.8171
24383.0000 1242 1014 0.8164
24407.0000 1243 1014 0.8158
24422.7000 1243 1015 0.8166
24427.0000 1244 1015 0.8159
24445.2000 1244 1016 0.8167
24447.0000 1245 1016 0.8161
24458.2000 1245 1017 0.8169
24468.0000 1246 1017 0.8162
24468.8000 1246 1018 0.8170
24473.7000 1246 1019 0.8178
24482.9000 1246 1020 0.8186
24483.1000 1246 1021 0.8194
24490.0000 1247 1021 0.8188
24490.3000 1247 1022 0.8196
24494.9000 1247 1023 0.8204
24510.4000 1247 1024 0.8212
24514.0000 1248 1024 0.8205
24530.0000 1249 1024 0.8199
24547.9000 1249 1025 0.8207
24553.0000 1250 1025 0.8200
24568.0000 1251 1025 0.8193
24591.0000 1252 1025 0.8187
24607.0000 1253 1025 0.8180
24624.0000 1254 1025 0.8174
24641.0000 1255 1025 0.8167
24652.9000 1255 1026 0.8175
24656.0000 1256 1026 0.8169
24661.4000 1256 1027 0.8177
24665.9000 1256 1028 0.8185
24677.0000 1257 1028 0.8178
24693.0000 1258 1028 0.8172
24702.5000 1258 1029 0.8180
24712.0000 1259 1029 0.8173
24736.0000 1260 1029 0.8167
24751.0000 1261 1029 0.8160
24768.0000 1262 1029 0.8154
24773.9000 1262 1030 0.8162
24777.3000 1262 1031 0.8170
24780.2000 1262 1032 0.8177
24790.0000 1263 1032 0.8171
24809.0000 1264 1032 0.8165
24824.0000 1265 1032 0.8158
24828.3000 1265 1033 0.8166
24833.3000 1265 1034 0.8174
24844.0000 1266 1034 0.8167
24857.9000 1266 1035 0.8175
24867.0000 1267 1035 0.8169
24868.9000 1267 1036 0.8177
24870.4000 1267 1037 0.8185
24883.0000 1268 1037 0.8178
24894.8000 1268 1038 0.8186
24903.3000 1268 1039 0.8194
24903.8000 1268 1040 0.8202
24905.0000 1268 1041 0.8210
24906.0000 1269 1041 0.8203
24921.0000 1270 1041 0.8197
24945.0000 1271 1041 0.8190
24963.0000 1272 1041 0.8184
24980.0000 1273 1041 0.8178
24999.0000 1274 1041 0.8171
25015.0000 1275 1041 0.8165
25023.3000 1275 1042 0.8173
25029.2000 1275 1043 0.8180
25034.0000 1276 1043 0.8174
25044.1000 1276 1044 0.8182
25055.0000 1277 1044 0.8175
25067.9000 1277 1045 0.8183
25074.0000 1278 1045 0.8177
25078.3000 1278 1046 0.8185
25095.0000 1279 1046 0.8178
25106.8000 1279 1047 0.8186
25107.0000 1279 1048 0.8194
25116.1000 1279 1049 0.8202
25119.0000 1280 1049 0.8195
25130.1000 1280 1050 0.8203
25138.0000 1281 1050 0.8197
25146.7000 1281 1051 0.8205
25162.0000 1282 1051 0.8198
25169.4000 1282 1052 0.8206
25183.0000 1283 1052 0.8200
