# time  created  delivered  delivered/created
22.0000 1 0 0.0000
38.0000 2 0 0.0000
54.0000 3 0 0.0000
72.0000 4 0 0.0000
94.0000 5 0 0.0000
110.0000 6 0 0.0000
133.0000 7 0 0.0000
153.0000 8 0 0.0000
175.0000 9 0 0.0000
191.0000 10 0 0.0000
210.0000 11 0 0.0000
225.0000 12 0 0.0000
249.0000 13 0 0.0000
265.0000 14 0 0.0000
281.0000 15 0 0.0000
304.0000 16 0 0.0000
328.0000 17 0 0.0000
343.0000 18 0 0.0000
367.0000 19 0 0.0000
382.0000 20 0 0.0000
399.0000 21 0 0.0000
420.0000 22 0 0.0000
439.0000 23 0 0.0000
458.0000 24 0 0.0000
480.0000 25 0 0.0000
497.0000 26 0 0.0000
515.0000 27 0 0.0000
538.0000 28 0 0.0000
562.0000 29 0 0.0000
581.0000 30 0 0.0000
583.9000 30 1 0.0333
603.0000 31 1 0.0323
625.0000 32 1 0.0313
640.9000 32 2 0.0625
646.0000 33 2 0.0606
661.6000 33 3 0.0909
667.0000 34 3 0.0882
684.0000 34 4 0.1176
685.0000 35 4 0.1143
691.0000 35 5 0.1429
700.0000 36 5 0.1389
722.0000 37 5 0.1351
741.0000 38 5 0.1316
764.0000 39 5 0.1282
773.6000 39 6 0.1538
784.0000 40 6 0.1500
806.0000 41 6 0.1463
829.0000 42 6 0.1429
851.0000 43 6 0.1395
873.0000 44 6 0.1364
895.0000 45 6 0.1333
903.5000 45 7 0.1556
918.0000 46 7 0.1522
941.0000 47 7 0.1489
957.0000 48 7 0.1458
975.0000 49 7 0.1429
998.0000 50 7 0.1400
1018.0000 51 7 0.1373
1040.0000 52 7 0.1346
1056.0000 53 7 0.1321
1077.0000 54 7 0.1296
1096.0000 55 7 0.1273
1117.0000 56 7 0.1250
1137.0000 57 7 0.1228
1159.0000 58 7 0.1207
1179.0000 59 7 0.1186
1194.1000 59 8 0.1356
1201.0000 60 8 0.1333
1216.0000 61 8 0.1311
1225.1000 61 9 0.1475
1226.1000 61 10 0.1639
1232.0000 62 10 0.1613
1251.0000 63 10 0.1587
1268.0000 64 10 0.1563
1287.0000 65 10 0.1538
1308.0000 66 10 0.1515
1327.0000 67 10 0.1493
1342.0000 68 10 0.1471
1364.0000 69 10 0.1449
1382.0000 69 11 0.1594
1388.0000 70 11 0.1571
1397.1000 70 12 0.1714
1407.0000 70 13 0.1857
1407.0000 71 13 0.1831
1422.0000 72 13 0.1806
1442.0000 73 13 0.1781
1464.0000 74 13 0.1757
1475.9000 74 14 0.1892
1478.4000 74 15 0.2027
1479.0000 75 15 0.2000
1483.1000 75 16 0.2133
1500.0000 76 16 0.2105
1518.0000 77 16 0.2078
1542.0000 78 16 0.2051
1562.0000 79 16 0.2025
1577.0000 80 16 0.2000
1600.0000 81 16 0.1975
1620.0000 82 16 0.1951
1637.0000 83 16 0.1928
1652.0000 84 16 0.1905
1673.0000 85 16 0.1882
1695.0000 86 16 0.1860
1707.0000 86 17 0.1977
1709.8000 86 18 0.2093
1713.0000 87 18 0.2069
1736.2000 87 19 0.2184
1737.0000 88 19 0.2159
1739.4000 88 20 0.2273
1739.8000 88 21 0.2386
1760.0000 89 21 0.2360
1781.0000 90 21 0.2333
1804.0000 91 21 0.2308
1826.0000 92 21 0.2283
1849.0000 93 21 0.2258
1870.0000 94 21 0.2234
1881.2000 94 22 0.2340
1882.8000 94 23 0.2447
1883.1000 94 24 0.2553
1890.0000 95 24 0.2526
1911.0000 96 24 0.2500
1929.0000 97 24 0.2474
1948.0000 98 24 0.2449
1965.0000 99 24 0.2424
1980.0000 100 24 0.2400
2002.0000 101 24 0.2376
2019.9000 101 25 0.2475
2024.0000 102 25 0.2451
2027.2000 102 26 0.2549
2035.6000 102 27 0.2647
2041.0000 103 27 0.2621
2064.0000 104 27 0.2596
2080.0000 105 27 0.2571
2095.0000 106 27 0.2547
2119.0000 107 27 0.2523
2139.0000 108 27 0.2500
2142.8000 108 28 0.2593
2161.0000 109 28 0.2569
2178.0000 110 28 0.2545
2199.0000 111 28 0.2523
2217.0000 111 29 0.2613
2222.0000 112 29 0.2589
2240.0000 113 29 0.2566
2256.4000 113 30 0.2655
2259.0000 114 30 0.2632
2275.0000 115 30 0.2609
2295.0000 116 30 0.2586
2314.0000 117 30 0.2564
2324.8000 117 31 0.2650
2335.0000 118 31 0.2627
2354.0000 119 31 0.2605
2377.0000 120 31 0.2583
2396.0000 121 31 0.2562
2411.0000 122 31 0.2541
2412.0000 122 32 0.2623
2433.0000 123 32 0.2602
2452.0000 124 32 0.2581
2460.7000 124 33 0.2661
2464.9000 124 34 0.2742
2470.3000 124 35 0.2823
2474.0000 125 35 0.2800
2496.0000 126 35 0.2778
2511.0000 127 35 0.2756
2526.0000 128 35 0.2734
2546.0000 129 35 0.2713
2552.2000 129 36 0.2791
2553.1000 129 37 0.2868
2555.1000 129 38 0.2946
2563.0000 130 38 0.2923
2586.0000 131 38 0.2901
2601.0000 132 38 0.2879
2621.0000 133 38 0.2857
2641.0000 134 38 0.2836
2662.0000 135 38 0.2815
2678.0000 136 38 0.2794
2689.6000 136 39 0.2868
2690.9000 136 40 0.2941
2693.0000 137 40 0.2920
2716.0000 138 40 0.2899
2735.0000 139 40 0.2878
2740.4000 139 41 0.2950
2754.0000 140 41 0.2929
2771.0000 141 41 0.2908
2788.0000 142 41 0.2887
2800.0000 142 42 0.2958
2807.0000 143 42 0.2937
2823.1000 143 43 0.3007
2831.0000 144 43 0.2986
2837.8000 144 44 0.3056
2853.0000 145 44 0.3034
2868.0000 146 44 0.3014
2872.5000 146 45 0.3082
2891.0000 147 45 0.3061
2903.6000 147 46 0.3129
2911.0000 148 46 0.3108
2911.3000 148 47 0.3176
2926.0000 149 47 0.3154
2942.0000 150 47 0.3133
2947.3000 150 48 0.3200
2954.4000 150 49 0.3267
2962.0000 151 49 0.3245
2979.0000 152 49 0.3224
3003.0000 153 49 0.3203
3004.4000 153 50 0.3268
3024.0000 154 50 0.3247
3040.0000 155 50 0.3226
3064.0000 156 50 0.3205
3065.8000 156 51 0.3269
3084.7000 156 52 0.3333
3086.0000 157 52 0.3312
3110.0000 158 52 0.3291
3118.9000 158 53 0.3354
3129.0000 159 53 0.3333
3147.0000 160 53 0.3313
3166.0000 161 53 0.3292
3190.0000 162 53 0.3272
3210.0000 163 53 0.3252
3225.0000 164 53 0.3232
3243.0000 165 53 0.3212
3260.0000 166 53 0.3193
3261.2000 166 54 0.3253
3271.5000 166 55 0.3313
3272.8000 166 56 0.3373
3283.0000 167 56 0.3353
3305.0000 168 56 0.3333
3321.0000 169 56 0.3314
3329.9000 169 57 0.3373
3344.0000 170 57 0.3353
3365.0000 171 57 0.3333
3385.0000 172 57 0.3314
3404.4000 172 58 0.3372
3408.0000 173 58 0.3353
3428.0000 174 58 0.3333
3429.2000 174 59 0.3391
3449.0000 175 59 0.3371
3460.6000 175 60 0.3429
3469.2000 175 61 0.3486
3472.0000 176 61 0.3466
3488.0000 177 61 0.3446
3511.0000 178 61 0.3427
3526.7000 178 62 0.3483
3535.0000 179 62 0.3464
3547.0000 179 63 0.3520
3551.3000 179 64 0.3575
3552.0000 180 64 0.3556
3563.1000 180 65 0.3611
3566.0000 180 66 0.3667
3570.0000 181 66 0.3646
3575.8000 181 67 0.3702
3589.0000 182 67 0.3681
3604.0000 183 67 0.3661
3619.0000 184 67 0.3641
3638.0000 185 67 0.3622
3653.0000 186 67 0.3602
3668.0000 186 68 0.3656
3669.0000 187 68 0.3636
3689.0000 188 68 0.3617
3712.0000 189 68 0.3598
3730.0000 190 68 0.3579
3754.0000 191 68 0.3560
3771.0000 192 68 0.3542
3787.0000 193 68 0.3523
3809.0000 194 68 0.3505
3832.0000 195 68 0.3487
3848.6000 195 69 0.3538
3854.0000 196 69 0.3520
3868.1000 196 70 0.3571
3873.0000 197 70 0.3553
3874.9000 197 71 0.3604
3895.0000 198 71 0.3586
3919.0000 199 71 0.3568
3938.0000 200 71 0.3550
3944.4000 200 72 0.3600
3953.0000 200 73 0.3650
3955.0000 201 73 0.3632
3975.0000 202 73 0.3614
3996.0000 203 73 0.3596
4012.0000 204 73 0.3578
4031.0000 205 73 0.3561
4052.0000 206 73 0.3544
4054.9000 206 74 0.3592
4059.1000 206 75 0.3641
4070.0000 207 75 0.3623
4094.0000 208 75 0.3606
4114.2000 208 76 0.3654
4115.0000 209 76 0.3636
4129.9000 209 77 0.3684
4134.0000 210 77 0.3667
4153.0000 211 77 0.3649
4171.0000 212 77 0.3632
4194.0000 213 77 0.3615
4208.3000 213 78 0.3662
4214.0000 214 78 0.3645
4214.6000 214 79 0.3692
4223.6000 214 80 0.3738
4232.3000 214 81 0.3785
4235.0000 215 81 0.3767
4245.1000 215 82 0.3814
4251.0000 216 82 0.3796
4268.6000 216 83 0.3843
4272.0000 217 83 0.3825
4287.3000 217 84 0.3871
4288.3000 217 85 0.3917
4290.0000 218 85 0.3899
4314.0000 219 85 0.3881
4315.4000 219 86 0.3927
4325.0000 219 87 0.3973
4338.0000 220 87 0.3955
4360.0000 221 87 0.3937
4364.3000 221 88 0.3982
4381.0000 222 88 0.3964
4400.0000 223 88 0.3946
4406.0000 223 89 0.3991
4419.0000 224 89 0.3973
4419.1000 224 90 0.4018
4434.0000 225 90 0.4000
4452.4000 225 91 0.4044
4458.0000 226 91 0.4027
4463.0000 226 92 0.4071
4476.0000 227 92 0.4053
4495.7000 227 93 0.4097
4497.0000 228 93 0.4079
4505.4000 228 94 0.4123
4515.0000 229 94 0.4105
4527.5000 229 95 0.4148
4537.0000 230 95 0.4130
4556.0000 231 95 0.4113
4580.0000 232 95 0.4095
4597.0000 233 95 0.4077
4614.0000 234 95 0.4060
4634.0000 235 95 0.4043
4655.0000 236 95 0.4025
4665.1000 236 96 0.4068
4672.0000 237 96 0.4051
4689.0000 238 96 0.4034
4699.4000 238 97 0.4076
4706.0000 239 97 0.4059
4729.0000 240 97 0.4042
4747.0000 241 97 0.4025
4748.8000 241 98 0.4066
4762.0000 242 98 0.4050
4766.5000 242 99 0.4091
4783.0000 243 99 0.4074
4795.2000 243 100 0.4115
4807.0000 244 100 0.4098
4824.0000 245 100 0.4082
4831.8000 245 101 0.4122
4848.0000 246 101 0.4106
4867.0000 247 101 0.4089
4883.5000 247 102 0.4130
4886.0000 248 102 0.4113
4909.0000 249 102 0.4096
4928.0000 250 102 0.4080
4951.0000 251 102 0.4064
4966.0000 252 102 0.4048
4986.0000 253 102 0.4032
4997.4000 253 103 0.4071
5010.0000 254 103 0.4055
5033.0000 255 103 0.4039
5048.0000 256 103 0.4023
5072.0000 257 103 0.4008
5089.0000 258 103 0.3992
5112.0000 259 103 0.3977
5131.0000 260 103 0.3962
5151.0000 261 103 0.3946
5170.2000 261 104 0.3985
5175.0000 262 104 0.3969
5194.0000 263 104 0.3954
5215.0000 264 104 0.3939
5232.8000 264 105 0.3977
5237.0000 265 105 0.3962
5240.6000 265 106 0.4000
5254.0000 266 106 0.3985
5269.0000 267 106 0.3970
5291.0000 268 106 0.3955
5307.0000 269 106 0.3941
5319.6000 269 107 0.3978
5324.0000 270 107 0.3963
5339.0000 271 107 0.3948
5356.0000 272 107 0.3934
5371.0000 273 107 0.3919
5387.0000 274 107 0.3905
5395.6000 274 108 0.3942
5407.1000 274 109 0.3978
5410.0000 275 109 0.3964
5426.0000 276 109 0.3949
5447.0000 277 109 0.3935
5470.0000 278 109 0.3921
5490.0000 279 109 0.3907
5507.0000 280 109 0.3893
5518.1000 280 110 0.3929
5528.0000 281 110 0.3915
5546.0000 282 110 0.3901
5564.0000 283 110 0.3887
5584.0000 284 110 0.3873
5590.2000 284 111 0.3908
5591.7000 284 112 0.3944
5607.0000 285 112 0.3930
5625.0000 286 112 0.3916
5643.0000 287 112 0.3902
5665.0000 288 112 0.3889
5685.0000 289 112 0.3875
5686.2000 289 113 0.3910
5704.0000 290 113 0.3897
5724.0000 291 113 0.3883
5745.0000 292 113 0.3870
5745.2000 292 114 0.3904
5747.9000 292 115 0.3938
5759.9000 292 116 0.3973
5760.0000 293 116 0.3959
5771.8000 293 117 0.3993
5778.9000 293 118 0.4027
5784.0000 294 118 0.4014
5805.0000 295 118 0.4000
5813.1000 295 119 0.4034
5822.0000 296 119 0.4020
5841.0000 297 119 0.4007
5859.0000 298 119 0.3993
5860.0000 298 120 0.4027
5863.7000 298 121 0.4060
5874.0000 299 121 0.4047
5893.0000 300 121 0.4033
5901.3000 300 122 0.4067
5914.0000 301 122 0.4053
5914.2000 301 123 0.4086
5932.0000 302 123 0.4073
5947.3000 302 124 0.4106
5953.0000 303 124 0.4092
5971.0000 304 124 0.4079
5986.0000 305 124 0.4066
5996.8000 305 125 0.4098
6003.8000 305 126 0.4131
6008.0000 306 126 0.4118
6013.2000 306 127 0.4150
6015.3000 306 128 0.4183
6024.0000 307 128 0.4169
6041.0000 308 128 0.4156
6041.3000 308 129 0.4188
6063.0000 309 129 0.4175
6066.6000 309 130 0.4207
6068.1000 309 131 0.4239
6069.5000 309 132 0.4272
6074.6000 309 133 0.4304
6087.0000 310 133 0.4290
6105.0000 311 133 0.4277
6114.3000 311 134 0.4309
6124.0000 312 134 0.4295
6129.9000 312 135 0.4327
6145.0000 313 135 0.4313
6166.0000 314 135 0.4299
6182.0000 315 135 0.4286
6201.0000 316 135 0.4272
6211.5000 316 136 0.4304
6216.0000 317 136 0.4290
6231.0000 318 136 0.4277
6248.0000 319 136 0.4263
6261.7000 319 137 0.4295
6267.0000 320 137 0.4281
6283.4000 320 138 0.4313
6289.0000 321 138 0.4299
6308.0000 322 138 0.4286
6332.0000 323 138 0.4272
6338.7000 323 139 0.4303
6355.0000 324 139 0.4290
6372.0000 325 139 0.4277
6374.6000 325 140 0.4308
6384.7000 325 141 0.4338
6391.9000 325 142 0.4369
6393.0000 326 142 0.4356
6417.0000 327 142 0.4343
6424.0000 327 143 0.4373
6431.8000 327 144 0.4404
6441.0000 328 144 0.4390
6464.5000 328 145 0.4421
6465.0000 329 145 0.4407
6467.1000 329 146 0.4438
6486.0000 330 146 0.4424
6502.0000 331 146 0.4411
6518.0000 332 146 0.4398
6536.0000 333 146 0.4384
6546.3000 333 147 0.4414
6555.0000 334 147 0.4401
6572.0000 335 147 0.4388
6591.0000 336 147 0.4375
6608.0000 337 147 0.4362
6631.0000 338 147 0.4349
6646.0000 339 147 0.4336
6665.0000 340 147 0.4324
6684.0000 341 147 0.4311
6687.9000 341 148 0.4340
6696.4000 341 149 0.4370
6708.0000 342 149 0.4357
6725.0000 343 149 0.4344
6745.0000 344 149 0.4331
6752.0000 344 150 0.4360
6760.0000 345 150 0.4348
6770.7000 345 151 0.4377
6781.0000 346 151 0.4364
6787.5000 346 152 0.4393
6790.8000 346 153 0.4422
6794.3000 346 154 0.4451
6800.0000 347 154 0.4438
6804.5000 347 155 0.4467
6816.0000 348 155 0.4454
6827.4000 348 156 0.4483
6839.0000 349 156 0.4470
6854.0000 350 156 0.4457
6874.0000 351 156 0.4444
6889.0000 352 156 0.4432
6893.6000 352 157 0.4460
6897.1000 352 158 0.4489
6909.0000 353 158 0.4476
6917.1000 353 159 0.4504
6930.0000 354 159 0.4492
6951.0000 355 159 0.4479
6971.0000 356 159 0.4466
6995.0000 357 159 0.4454
7010.0000 358 159 0.4441
7029.0000 359 159 0.4429
7045.6000 359 160 0.4457
7048.0000 360 160 0.4444
7052.0000 360 161 0.4472
7071.0000 361 161 0.4460
7091.8000 361 162 0.4488
7093.0000 362 162 0.4475
7093.0000 362 163 0.4503
7093.3000 362 164 0.4530
7108.0000 363 164 0.4518
7111.5000 363 165 0.4545
7130.0000 364 165 0.4533
7147.0000 365 165 0.4521
7163.0000 366 165 0.4508
7171.6000 366 166 0.4536
7176.4000 366 167 0.4563
7179.7000 366 168 0.4590
7180.0000 367 168 0.4578
7197.0000 368 168 0.4565
7221.0000 369 168 0.4553
7222.3000 369 169 0.4580
7240.0000 370 169 0.4568
7255.0000 371 169 0.4555
7272.0000 372 169 0.4543
7274.0000 372 170 0.4570
7275.9000 372 171 0.4597
7296.0000 373 171 0.4584
7301.8000 373 172 0.4611
7304.4000 373 173 0.4638
7319.0000 374 173 0.4626
7333.2000 374 174 0.4652
7335.0000 375 174 0.4640
7351.5000 375 175 0.4667
7358.0000 376 175 0.4654
7378.0000 377 175 0.4642
7394.0000 378 175 0.4630
7406.7000 378 176 0.4656
7411.0000 379 176 0.4644
7435.0000 380 176 0.4632
7436.5000 380 177 0.4658
7459.0000 381 177 0.4646
7472.0000 381 178 0.4672
7480.0000 382 178 0.4660
7498.0000 383 178 0.4648
7500.1000 383 179 0.4674
7514.0000 384 179 0.4661
7533.1000 384 180 0.4688
7536.0000 385 180 0.4675
7550.1000 385 181 0.4701
7559.0000 386 181 0.4689
7574.0000 387 181 0.4677
7585.3000 387 182 0.4703
7595.0000 388 182 0.4691
7596.4000 388 183 0.4716
7613.0000 389 183 0.4704
7621.5000 389 184 0.4730
7632.0000 390 184 0.4718
7656.0000 391 184 0.4706
7673.0000 392 184 0.4694
7696.0000 393 184 0.4682
7703.3000 393 185 0.4707
7713.0000 394 185 0.4695
7730.0000 395 185 0.4684
7745.0000 396 185 0.4672
7762.0000 397 185 0.4660
7774.1000 397 186 0.4685
7784.0000 398 186 0.4673
7804.0000 399 186 0.4662
7822.0000 400 186 0.4650
7840.0000 401 186 0.4638
7858.0000 402 186 0.4627
7874.0000 403 186 0.4615
7874.5000 403 187 0.4640
7895.0000 404 187 0.4629
7907.7000 404 188 0.4653
7914.0000 405 188 0.4642
7931.0000 406 188 0.4631
7935.9000 406 189 0.4655
7948.0000 407 189 0.4644
7960.8000 407 190 0.4668
7972.0000 408 190 0.4657
7973.5000 408 191 0.4681
7982.8000 408 192 0.4706
7987.0000 409 192 0.4694
7992.4000 409 193 0.4719
8002.0000 410 193 0.4707
8024.0000 411 193 0.4696
8040.0000 412 193 0.4684
8041.7000 412 194 0.4709
8059.0000 413 194 0.4697
8059.2000 413 195 0.4722
8069.1000 413 196 0.4746
8082.0000 414 196 0.4734
8099.0000 415 196 0.4723
8116.0000 416 196 0.4712
8137.0000 417 196 0.4700
8158.0000 418 196 0.4689
8173.0000 419 196 0.4678
8190.0000 420 196 0.4667
8205.0000 421 196 0.4656
8205.7000 421 197 0.4679
8219.6000 421 198 0.4703
8227.0000 422 198 0.4692
8235.0000 422 199 0.4716
8237.1000 422 200 0.4739
8251.0000 423 200 0.4728
8270.0000 423 201 0.4752
8275.0000 424 201 0.4741
8297.0000 425 201 0.4729
8317.0000 426 201 0.4718
8317.2000 426 202 0.4742
8336.0000 427 202 0.4731
8353.8000 427 203 0.4754
8359.0000 428 203 0.4743
8360.6000 428 204 0.4766
8363.8000 428 205 0.4790
8375.0000 429 205 0.4779
8396.0000 430 205 0.4767
8399.6000 430 206 0.4791
8414.0000 431 206 0.4780
8427.0000 431 207 0.4803
8437.0000 432 207 0.4792
8453.0000 433 207 0.4781
8461.3000 433 208 0.4804
8462.2000 433 209 0.4827
8468.0000 434 209 0.4816
8492.0000 435 209 0.4805
8495.9000 435 210 0.4828
8510.0000 436 210 0.4817
8525.0000 437 210 0.4805
8544.0000 438 210 0.4795
8566.0000 439 210 0.4784
8578.2000 439 211 0.4806
8586.0000 440 211 0.4795
8609.0000 441 211 0.4785
8625.0000 442 211 0.4774
8641.3000 442 212 0.4796
8644.0000 443 212 0.4786
8663.0000 444 212 0.4775
8663.0000 444 213 0.4797
8681.0000 445 213 0.4787
8697.0000 446 213 0.4776
8703.5000 446 214 0.4798
8719.0000 447 214 0.4787
8743.0000 448 214 0.4777
8767.0000 449 214 0.4766
8778.0000 449 215 0.4788
8784.0000 450 215 0.4778
8800.0000 451 215 0.4767
8808.2000 451 216 0.4789
8823.0000 452 216 0.4779
8824.9000 452 217 0.4801
8839.0000 453 217 0.4790
8853.5000 453 218 0.4812
8854.0000 454 218 0.4802
8869.0000 455 218 0.4791
8882.6000 455 219 0.4813
8889.9000 455 220 0.4835
8892.0000 456 220 0.4825
8893.2000 456 221 0.4846
8897.8000 456 222 0.4868
8899.2000 456 223 0.4890
8911.0000 457 223 0.4880
8929.0000 458 223 0.4869
8944.0000 459 223 0.4858
8955.3000 459 224 0.4880
8955.8000 459 225 0.4902
8961.0000 460 225 0.4891
8979.0000 461 225 0.4881
8996.6000 461 226 0.4902
8997.0000 462 226 0.4892
9004.4000 462 227 0.4913
9007.5000 462 228 0.4935
9011.3000 462 229 0.4957
9013.0000 463 229 0.4946
9028.9000 463 230 0.4968
9035.0000 464 230 0.4957
9058.0000 465 230 0.4946
9066.4000 465 231 0.4968
9073.0000 466 231 0.4957
9090.7000 466 232 0.4979
9095.0000 467 232 0.4968
9098.9000 467 233 0.4989
9119.0000 468 233 0.4979
9124.0000 468 234 0.5000
9129.2000 468 235 0.5021
9130.1000 468 236 0.5043
9143.0000 469 236 0.5032
9153.5000 469 237 0.5053
9162.0000 470 237 0.5043
9186.0000 471 237 0.5032
9196.5000 471 238 0.5053
9209.0000 472 238 0.5042
9215.1000 472 239 0.5064
9217.7000 472 240 0.5085
9224.0000 473 240 0.5074
9245.0000 474 240 0.5063
9264.0000 475 240 0.5053
9288.0000 476 240 0.5042
9306.5000 476 241 0.5063
9310.0000 477 241 0.5052
9315.8000 477 242 0.5073
9326.0000 478 242 0.5063
9341.0000 479 242 0.5052
9341.4000 479 243 0.5073
9365.0000 480 243 0.5063
9378.3000 480 244 0.5083
9384.8000 480 245 0.5104
9387.0000 481 245 0.5094
9403.0000 482 245 0.5083
9426.0000 483 245 0.5072
9444.0000 484 245 0.5062
9448.7000 484 246 0.5083
9452.1000 484 247 0.5103
9461.1000 484 248 0.5124
9468.0000 485 248 0.5113
9485.0000 486 248 0.5103
9503.0000 487 248 0.5092
9504.6000 487 249 0.5113
9527.0000 488 249 0.5102
9534.6000 488 250 0.5123
9548.3000 488 251 0.5143
9550.0000 489 251 0.5133
9551.7000 489 252 0.5153
9573.0000 490 252 0.5143
9591.0000 491 252 0.5132
9614.0000 492 252 0.5122
9632.0000 493 252 0.5112
9653.0000 494 252 0.5101
9676.0000 495 252 0.5091
9693.0000 496 252 0.5081
9715.0000 497 252 0.5070
9736.0000 498 252 0.5060
9750.0000 498 253 0.5080
9752.0000 499 253 0.5070
9776.0000 500 253 0.5060
9793.6000 500 254 0.5080
9799.0000 501 254 0.5070
9821.0000 502 254 0.5060
9837.0000 503 254 0.5050
9845.1000 503 255 0.5070
9846.7000 503 256 0.5089
9861.0000 504 256 0.5079
9879.0000 505 256 0.5069
9894.0000 506 256 0.5059
9905.9000 506 257 0.5079
9909.0000 507 257 0.5069
9927.0000 508 257 0.5059
9946.0000 509 257 0.5049
9946.7000 509 258 0.5069
9952.0000 509 259 0.5088
9969.0000 510 259 0.5078
9988.0000 511 259 0.5068
10007.0000 512 259 0.5059
10024.0000 513 259 0.5049
10027.6000 513 260 0.5068
10044.0000 514 260 0.5058
10045.4000 514 261 0.5078
10064.0000 514 262 0.5097
10067.0000 515 262 0.5087
10087.0000 516 262 0.5078
10111.0000 517 262 0.5068
10117.8000 517 263 0.5087
10132.0000 518 263 0.5077
10154.0000 519 263 0.5067
10177.0000 520 263 0.5058
10194.0000 521 263 0.5048
10205.0000 521 264 0.5067
10216.0000 522 264 0.5057
10233.6000 522 265 0.5077
10235.0000 523 265 0.5067
10257.0000 524 265 0.5057
10262.8000 524 266 0.5076
10281.0000 525 266 0.5067
10300.0000 526 266 0.5057
10320.0000 527 266 0.5047
10343.0000 528 266 0.5038
10356.0000 528 267 0.5057
10356.7000 528 268 0.5076
10366.0000 529 268 0.5066
10382.0000 530 268 0.5057
10398.7000 530 269 0.5075
10402.0000 531 269 0.5066
10423.0000 532 269 0.5056
10441.0000 533 269 0.5047
10443.4000 533 270 0.5066
10461.0000 534 270 0.5056
10480.0000 535 270 0.5047
10488.2000 535 271 0.5065
10496.9000 535 272 0.5084
10497.0000 536 272 0.5075
10497.9000 536 273 0.5093
10518.0000 537 273 0.5084
10525.5000 537 274 0.5102
10537.0000 538 274 0.5093
10537.2000 538 275 0.5112
10552.3000 538 276 0.5130
10555.0000 539 276 0.5121
10571.0000 540 276 0.5111
10591.0000 541 276 0.5102
10595.7000 541 277 0.5120
10600.1000 541 278 0.5139
10615.0000 542 278 0.5129
10637.0000 543 278 0.5120
10644.4000 543 279 0.5138
10645.7000 543 280 0.5157
10657.0000 544 280 0.5147
10666.1000 544 281 0.5165
10681.0000 545 281 0.5156
10703.0000 546 281 0.5147
10715.1000 546 282 0.5165
10726.0000 547 282 0.5155
10748.0000 548 282 0.5146
10768.0000 549 282 0.5137
10781.7000 549 283 0.5155
10788.0000 550 283 0.5145
10808.0000 551 283 0.5136
10823.0000 552 283 0.5127
10837.7000 552 284 0.5145
10842.0000 553 284 0.5136
10862.3000 553 285 0.5154
10866.0000 554 285 0.5144
10875.4000 554 286 0.5162
10879.1000 554 287 0.5181
10885.0000 555 287 0.5171
10887.6000 555 288 0.5189
10889.4000 555 289 0.5207
10907.0000 556 289 0.5198
10925.0000 557 289 0.5189
10942.0000 558 289 0.5179
10952.2000 558 290 0.5197
10966.0000 559 290 0.5188
10983.0000 560 290 0.5179
11006.0000 561 290 0.5169
11019.4000 561 291 0.5187
11023.0000 562 291 0.5178
11046.0000 563 291 0.5169
11058.5000 563 292 0.5187
11068.0000 564 292 0.5177
11084.0000 565 292 0.5168
11087.3000 565 293 0.5186
11094.3000 565 294 0.5204
11102.0000 566 294 0.5194
11116.8000 566 295 0.5212
11117.4000 566 296 0.5230
11120.0000 567 296 0.5220
11126.6000 567 297 0.5238
11141.2000 567 298 0.5256
11143.0000 568 298 0.5246
11166.0000 569 298 0.5237
11173.4000 569 299 0.5255
11178.5000 569 300 0.5272
11182.0000 570 300 0.5263
11198.9000 570 301 0.5281
11201.0000 571 301 0.5271
11218.0000 572 301 0.5262
11231.0000 572 302 0.5280
11238.0000 573 302 0.5271
11250.8000 573 303 0.5288
11252.6000 573 304 0.5305
11260.0000 574 304 0.5296
11265.4000 574 305 0.5314
11269.9000 574 306 0.5331
11271.1000 574 307 0.5348
11280.0000 575 307 0.5339
11298.0000 576 307 0.5330
11308.0000 576 308 0.5347
11319.0000 577 308 0.5338
11343.0000 578 308 0.5329
11351.6000 578 309 0.5346
11363.0000 579 309 0.5337
11381.0000 580 309 0.5328
11405.0000 581 309 0.5318
11424.0000 582 309 0.5309
11432.3000 582 310 0.5326
11443.0000 583 310 0.5317
11467.0000 584 310 0.5308
11491.0000 585 310 0.5299
11508.6000 585 311 0.5316
11511.0000 586 311 0.5307
11513.2000 586 312 0.5324
11529.0000 587 312 0.5315
11534.4000 587 313 0.5332
11540.0000 587 314 0.5349
11547.0000 588 314 0.5340
11560.8000 588 315 0.5357
11564.3000 588 316 0.5374
11566.0000 589 316 0.5365
11576.8000 589 317 0.5382
11586.0000 590 317 0.5373
11610.0000 591 317 0.5364
11611.3000 591 318 0.5381
11626.0000 592 318 0.5372
11640.2000 592 319 0.5389
11650.0000 593 319 0.5379
11665.0000 594 319 0.5370
11670.7000 594 320 0.5387
11680.0000 595 320 0.5378
11696.0000 596 320 0.5369
11704.0000 596 321 0.5386
11711.0000 597 321 0.5377
11717.6000 597 322 0.5394
11731.0000 598 322 0.5385
11755.0000 599 322 0.5376
11771.0000 600 322 0.5367
11789.8000 600 323 0.5383
11790.0000 601 323 0.5374
11805.5000 601 324 0.5391
11809.0000 602 324 0.5382
11812.5000 602 325 0.5399
11817.5000 602 326 0.5415
11827.0000 603 326 0.5406
11851.0000 604 326 0.5397
11867.0000 605 326 0.5388
11871.6000 605 327 0.5405
11885.0000 606 327 0.5396
11907.0000 607 327 0.5387
11917.3000 607 328 0.5404
11927.3000 607 329 0.5420
11929.0000 608 329 0.5411
11933.3000 608 330 0.5428
11940.3000 608 331 0.5444
11946.4000 608 332 0.5461
11948.0000 609 332 0.5452
11959.7000 609 333 0.5468
11971.0000 610 333 0.5459
11980.9000 610 334 0.5475
11990.8000 610 335 0.5492
11995.0000 611 335 0.5483
12012.0000 612 335 0.5474
12033.0000 613 335 0.5465
12048.0000 614 335 0.5456
12066.6000 614 336 0.5472
12070.0000 615 336 0.5463
12072.7000 615 337 0.5480
12075.7000 615 338 0.5496
12088.0000 616 338 0.5487
12091.1000 616 339 0.5503
12104.0000 617 339 0.5494
12124.0000 618 339 0.5485
12135.5000 618 340 0.5502
12145.0000 619 340 0.5493
12150.7000 619 341 0.5509
12153.5000 619 342 0.5525
12155.1000 619 343 0.5541
12165.0000 620 343 0.5532
12166.7000 620 344 0.5548
12185.5000 620 345 0.5565
12189.0000 621 345 0.5556
12197.6000 621 346 0.5572
12209.0000 622 346 0.5563
12214.1000 622 347 0.5579
12218.2000 622 348 0.5595
12220.5000 622 349 0.5611
12226.0000 623 349 0.5602
12249.0000 624 349 0.5593
12270.0000 625 349 0.5584
12280.1000 625 350 0.5600
12286.7000 625 351 0.5616
12287.0000 626 351 0.5607
12295.9000 626 352 0.5623
12305.0000 627 352 0.5614
12317.2000 627 353 0.5630
12318.7000 627 354 0.5646
12323.0000 628 354 0.5637
12330.4000 628 355 0.5653
12339.0000 629 355 0.5644
12344.5000 629 356 0.5660
12353.4000 629 357 0.5676
12354.6000 629 358 0.5692
12358.0000 630 358 0.5683
12377.0000 631 358 0.5674
12399.0000 632 358 0.5665
12421.0000 633 358 0.5656
12444.0000 634 358 0.5647
12463.0000 635 358 0.5638
12479.0000 636 358 0.5629
12481.0000 636 359 0.5645
12497.0000 637 359 0.5636
12518.0000 638 359 0.5627
12533.8000 638 360 0.5643
12538.0000 639 360 0.5634
12544.3000 639 361 0.5649
12556.0000 640 361 0.5641
12575.0000 641 361 0.5632
12596.0000 642 361 0.5623
12599.7000 642 362 0.5639
12605.0000 642 363 0.5654
12611.0000 643 363 0.5645
12617.0000 643 364 0.5661
12635.0000 644 364 0.5652
12642.9000 644 365 0.5668
12655.0000 645 365 0.5659
12668.6000 645 366 0.5674
12669.4000 645 367 0.5690
12672.0000 646 367 0.5681
12689.5000 646 368 0.5697
12691.0000 647 368 0.5688
12713.0000 648 368 0.5679
12726.0000 648 369 0.5694
12727.4000 648 370 0.5710
12737.0000 649 370 0.5701
12761.0000 650 370 0.5692
12781.0000 651 370 0.5684
12798.0000 652 370 0.5675
12818.0000 653 370 0.5666
12830.3000 653 371 0.5681
12836.3000 653 372 0.5697
12839.0000 654 372 0.5688
12855.5000 654 373 0.5703
12863.0000 655 373 0.5695
12884.0000 656 373 0.5686
12901.0000 657 373 0.5677
12919.0000 658 373 0.5669
12936.0000 659 373 0.5660
12940.3000 659 374 0.5675
12954.0000 660 374 0.5667
12971.0000 661 374 0.5658
12976.7000 661 375 0.5673
12985.5000 661 376 0.5688
12986.0000 662 376 0.5680
13009.0000 663 376 0.5671
13029.0000 664 376 0.5663
13042.4000 664 377 0.5678
13042.8000 664 378 0.5693
13048.0000 665 378 0.5684
13049.7000 665 379 0.5699
13069.0000 666 379 0.5691
13080.5000 666 380 0.5706
13090.0000 667 380 0.5697
13097.2000 667 381 0.5712
13112.0000 668 381 0.5704
13133.2000 668 382 0.5719
13133.9000 668 383 0.5734
13135.0000 669 383 0.5725
13146.6000 669 384 0.5740
13157.0000 670 384 0.5731
13175.0000 671 384 0.5723
13198.0000 672 384 0.5714
13202.0000 672 385 0.5729
13222.0000 673 385 0.5721
13237.0000 674 385 0.5712
13238.8000 674 386 0.5727
13244.3000 674 387 0.5742
13261.0000 675 387 0.5733
13279.0000 676 387 0.5725
13290.8000 676 388 0.5740
13292.7000 676 389 0.5754
13303.0000 677 389 0.5746
13315.2000 677 390 0.5761
13327.0000 678 390 0.5752
13344.0000 679 390 0.5744
13344.0000 679 391 0.5758
13367.0000 680 391 0.5750
13385.0000 681 391 0.5742
13400.0000 682 391 0.5733
13421.8000 682 392 0.5748
13422.0000 683 392 0.5739
13439.0000 684 392 0.5731
13439.4000 684 393 0.5746
13455.3000 684 394 0.5760
13463.0000 685 394 0.5752
13485.0000 686 394 0.5743
13501.0000 687 394 0.5735
13522.0000 688 394 0.5727
13535.5000 688 395 0.5741
13543.0000 689 395 0.5733
13558.0000 690 395 0.5725
13578.0000 691 395 0.5716
13579.3000 691 396 0.5731
13597.0000 692 396 0.5723
13601.2000 692 397 0.5737
13605.2000 692 398 0.5751
13612.0000 693 398 0.5743
13622.2000 693 399 0.5758
13633.0000 694 399 0.5749
13642.3000 694 400 0.5764
13654.0000 695 400 0.5755
13662.9000 695 401 0.5770
13669.7000 695 402 0.5784
13674.0000 696 402 0.5776
13689.0000 697 402 0.5768
13713.0000 698 402 0.5759
13733.0000 699 402 0.5751
13750.0000 700 402 0.5743
13771.0000 701 402 0.5735
13771.2000 701 403 0.5749
13787.0000 702 403 0.5741
13808.0000 703 403 0.5733
13813.8000 703 404 0.5747
13831.0000 704 404 0.5739
13836.3000 704 405 0.5753
13853.0000 705 405 0.5745
13874.0000 706 405 0.5737
13894.0000 707 405 0.5728
13915.0000 708 405 0.5720
13928.1000 708 406 0.5734
13935.0000 708 407 0.5749
13937.0000 709 407 0.5740
13952.0000 710 407 0.5732
13954.6000 710 408 0.5746
13976.0000 711 408 0.5738
13994.0000 712 408 0.5730
14011.0000 713 408 0.5722
14032.0000 714 408 0.5714
14039.9000 714 409 0.5728
14056.0000 715 409 0.5720
14077.0000 716 409 0.5712
14092.0000 717 409 0.5704
14107.0000 718 409 0.5696
14108.3000 718 410 0.5710
14123.0000 719 410 0.5702
14147.0000 720 410 0.5694
14167.0000 721 410 0.5687
14186.0000 722 410 0.5679
14204.0000 723 410 0.5671
14220.8000 723 411 0.5685
14225.0000 724 411 0.5677
14230.9000 724 412 0.5691
14245.0000 725 412 0.5683
14267.0000 726 412 0.5675
14282.5000 726 413 0.5689
14286.0000 727 413 0.5681
14304.0000 728 413 0.5673
14314.9000 728 414 0.5687
14315.4000 728 415 0.5701
14323.0000 729 415 0.5693
14323.2000 729 416 0.5706
14328.5000 729 417 0.5720
14343.0000 730 417 0.5712
14363.0000 731 417 0.5705
14367.5000 731 418 0.5718
14380.7000 731 419 0.5732
14385.0000 732 419 0.5724
14404.0000 733 419 0.5716
14420.0000 734 419 0.5708
14441.0000 735 419 0.5701
14456.0000 736 419 0.5693
14466.4000 736 420 0.5707
14475.0000 737 420 0.5699
14499.0000 738 420 0.5691
14523.0000 739 420 0.5683
14544.0000 740 420 0.5676
14563.7000 740 421 0.5689
14568.0000 741 421 0.5682
14588.0000 742 421 0.5674
14603.0000 743 421 0.5666
14618.0000 744 421 0.5659
14629.4000 744 422 0.5672
14639.0000 745 422 0.5664
14655.0000 746 422 0.5657
14676.0000 747 422 0.5649
14689.2000 747 423 0.5663
14696.0000 748 423 0.5655
14705.3000 748 424 0.5668
14718.0000 749 424 0.5661
14736.0000 750 424 0.5653
14740.9000 750 425 0.5667
14746.0000 750 426 0.5680
14756.0000 751 426 0.5672
14773.0000 752 426 0.5665
14790.0000 753 426 0.5657
14809.0000 754 426 0.5650
14831.0000 755 426 0.5642
14848.0000 756 426 0.5635
14867.0000 757 426 0.5627
14889.0000 758 426 0.5620
14905.0000 759 426 0.5613
14905.1000 759 427 0.5626
14927.0000 760 427 0.5618
14942.0000 761 427 0.5611
14961.0000 762 427 0.5604
14964.2000 762 428 0.5617
14975.5000 762 429 0.5630
14975.8000 762 430 0.5643
14984.0000 763 430 0.5636
14999.0000 764 430 0.5628
15001.4000 764 431 0.5641
15021.0000 765 431 0.5634
15031.8000 765 432 0.5647
15041.0000 766 432 0.5640
15058.0000 767 432 0.5632
15071.9000 767 433 0.5645
15074.0000 768 433 0.5638
15093.0000 769 433 0.5631
15101.5000 769 434 0.5644
15114.0000 770 434 0.5636
15132.0000 771 434 0.5629
15149.0000 772 434 0.5622
15172.0000 773 434 0.5614
15183.2000 773 435 0.5627
15190.0000 774 435 0.5620
15212.0000 775 435 0.5613
15235.0000 776 435 0.5606
15244.2000 776 436 0.5619
15256.0000 777 436 0.5611
15280.0000 778 436 0.5604
15297.0000 779 436 0.5597
15318.0000 780 436 0.5590
15319.4000 780 437 0.5603
15336.0000 781 437 0.5595
15360.0000 782 437 0.5588
15381.0000 783 437 0.5581
15399.0000 784 437 0.5574
15419.0000 785 437 0.5567
15439.2000 785 438 0.5580
15441.0000 786 438 0.5573
15459.3000 786 439 0.5585
15465.0000 787 439 0.5578
15482.0000 788 439 0.5571
15502.9000 788 440 0.5584
15504.0000 789 440 0.5577
15517.2000 789 441 0.5589
15526.0000 790 441 0.5582
15538.7000 790 442 0.5595
15547.0000 791 442 0.5588
15569.0000 792 442 0.5581
15583.0000 792 443 0.5593
15591.0000 793 443 0.5586
15615.0000 794 443 0.5579
15632.0000 795 443 0.5572
15651.0000 796 443 0.5565
15666.0000 797 443 0.5558
15684.0000 798 443 0.5551
15708.0000 799 443 0.5544
15724.0000 800 443 0.5538
15746.0000 801 443 0.5531
15764.0000 802 443 0.5524
15780.2000 802 444 0.5536
15782.0000 803 444 0.5529
15782.5000 803 445 0.5542
15793.3000 803 446 0.5554
15799.0000 804 446 0.5547
15808.4000 804 447 0.5560
15815.0000 805 447 0.5553
15838.0000 806 447 0.5546
15854.0000 807 447 0.5539
15873.0000 808 447 0.5532
15891.0000 808 448 0.5545
15894.0000 809 448 0.5538
15909.0000 810 448 0.5531
15927.0000 811 448 0.5524
15948.0000 812 448 0.5517
15953.1000 812 449 0.5530
15967.0000 813 449 0.5523
15971.6000 813 450 0.5535
15981.4000 813 451 0.5547
15990.0000 814 451 0.5541
16004.6000 814 452 0.5553
16010.0000 815 452 0.5546
16027.0000 816 452 0.5539
16042.0000 817 452 0.5532
16061.0000 818 452 0.5526
16080.0000 819 452 0.5519
16104.0000 820 452 0.5512
16124.0000 821 452 0.5505
16135.7000 821 453 0.5518
16139.0000 822 453 0.5511
16155.0000 823 453 0.5504
16175.0000 824 453 0.5498
16178.2000 824 454 0.5510
16196.0000 825 454 0.5503
16212.0000 826 454 0.5496
16220.0000 826 455 0.5508
16230.0000 827 455 0.5502
16245.0000 828 455 0.5495
16261.0000 829 455 0.5489
16281.0000 830 455 0.5482
16295.8000 830 456 0.5494
16297.5000 830 457 0.5506
16301.0000 831 457 0.5499
16309.7000 831 458 0.5511
16322.0000 832 458 0.5505
16338.0000 833 458 0.5498
16357.0000 834 458 0.5492
16380.0000 835 458 0.5485
16399.0000 836 458 0.5478
16416.0000 837 458 0.5472
16424.4000 837 459 0.5484
16433.0000 838 459 0.5477
16455.0000 839 459 0.5471
16479.0000 840 459 0.5464
16503.0000 841 459 0.5458
16508.1000 841 460 0.5470
16520.1000 841 461 0.5482
16526.0000 842 461 0.5475
16547.0000 843 461 0.5469
16568.0000 844 461 0.5462
16588.6000 844 462 0.5474
16588.9000 844 463 0.5486
16589.0000 845 463 0.5479
16595.5000 845 464 0.5491
16610.0000 846 464 0.5485
16619.5000 846 465 0.5496
16627.3000 846 466 0.5508
16628.0000 847 466 0.5502
16646.0000 848 466 0.5495
16662.0000 849 466 0.5489
16666.8000 849 467 0.5501
16682.0000 850 467 0.5494
16691.8000 850 468 0.5506
16699.0000 851 468 0.5499
16721.7000 851 469 0.5511
16721.9000 851 470 0.5523
16723.0000 852 470 0.5516
16745.0000 853 470 0.5510
16760.0000 854 470 0.5504
16783.0000 855 470 0.5497
16784.2000 855 471 0.5509
16800.0000 856 471 0.5502
16818.0000 857 471 0.5496
16835.0000 858 471 0.5490
16849.4000 858 472 0.5501
16852.1000 858 473 0.5513
16858.0000 859 473 0.5506
16881.0000 860 473 0.5500
16901.0000 861 473 0.5494
16905.1000 861 474 0.5505
16917.0000 862 474 0.5499
16930.8000 862 475 0.5510
16935.0000 863 475 0.5504
16959.0000 864 475 0.5498
16978.3000 864 476 0.5509
16980.0000 865 476 0.5503
16988.1000 865 477 0.5514
16997.0000 866 477 0.5508
17021.0000 867 477 0.5502
17034.1000 867 478 0.5513
17037.7000 867 479 0.5525
17040.0000 868 479 0.5518
17049.6000 868 480 0.5530
17061.8000 868 481 0.5541
17063.0000 869 481 0.5535
17082.0000 870 481 0.5529
17096.9000 870 482 0.5540
17105.0000 871 482 0.5534
17126.0000 872 482 0.5528
17143.0000 873 482 0.5521
17162.0000 874 482 0.5515
17177.6000 874 483 0.5526
17181.0000 875 483 0.5520
17202.0000 876 483 0.5514
17225.0000 877 483 0.5507
17226.3000 877 484 0.5519
17238.1000 877 485 0.5530
17240.0000 878 485 0.5524
17259.0000 879 485 0.5518
17278.0000 880 485 0.5511
17299.0000 881 485 0.5505
17312.5000 881 486 0.5516
17313.9000 881 487 0.5528
17318.0000 882 487 0.5522
17336.0000 883 487 0.5515
17342.5000 883 488 0.5527
17353.0000 884 488 0.5520
17357.6000 884 489 0.5532
17370.0000 885 489 0.5525
17372.5000 885 490 0.5537
17373.0000 885 491 0.5548
17393.6000 885 492 0.5559
17394.0000 886 492 0.5553
17416.0000 887 492 0.5547
17439.0000 888 492 0.5541
17454.0000 889 492 0.5534
17469.2000 889 493 0.5546
17477.0000 890 493 0.5539
17497.0000 891 493 0.5533
17515.0000 892 493 0.5527
17535.0000 893 493 0.5521
17550.3000 893 494 0.5532
17550.9000 893 495 0.5543
17556.3000 893 496 0.5554
17558.0000 894 496 0.5548
17574.0000 895 496 0.5542
17598.0000 896 496 0.5536
17616.7000 896 497 0.5547
17619.0000 897 497 0.5541
17635.6000 897 498 0.5552
17639.0000 898 498 0.5546
17654.0000 899 498 0.5539
17672.0000 900 498 0.5533
17690.0000 901 498 0.5527
17710.0000 902 498 0.5521
17734.0000 903 498 0.5515
17751.0000 904 498 0.5509
17773.8000 904 499 0.5520
17774.0000 905 499 0.5514
17785.2000 905 500 0.5525
17793.0000 906 500 0.5519
17808.0000 907 500 0.5513
17816.2000 907 501 0.5524
17826.0000 908 501 0.5518
17840.8000 908 502 0.5529
17846.0000 909 502 0.5523
17849.1000 909 503 0.5534
17864.0000 910 503 0.5527
17884.0000 911 503 0.5521
17899.0000 912 503 0.5515
17915.7000 912 504 0.5526
17917.0000 913 504 0.5520
17934.5000 913 505 0.5531
17934.7000 913 506 0.5542
17936.0000 914 506 0.5536
17951.1000 914 507 0.5547
17958.0000 915 507 0.5541
17975.9000 915 508 0.5552
17976.0000 916 508 0.5546
18000.0000 917 508 0.5540
