# time  created  delivered  delivered/created
22.0000 1 0 0.0000
38.0000 2 0 0.0000
54.0000 3 0 0.0000
72.0000 4 0 0.0000
94.0000 5 0 0.0000
110.0000 6 0 0.0000
133.0000 7 0 0.0000
153.0000 8 0 0.0000
175.0000 9 0 0.0000
191.0000 10 0 0.0000
210.0000 11 0 0.0000
225.0000 12 0 0.0000
249.0000 13 0 0.0000
265.0000 14 0 0.0000
281.0000 15 0 0.0000
304.0000 16 0 0.0000
328.0000 17 0 0.0000
343.0000 18 0 0.0000
367.0000 19 0 0.0000
382.0000 20 0 0.0000
399.0000 21 0 0.0000
420.0000 22 0 0.0000
439.0000 23 0 0.0000
458.0000 24 0 0.0000
480.0000 25 0 0.0000
497.0000 26 0 0.0000
515.0000 27 0 0.0000
538.0000 28 0 0.0000
562.0000 29 0 0.0000
581.0000 30 0 0.0000
583.9000 30 1 0.0333
603.0000 31 1 0.0323
625.0000 32 1 0.0313
642.8000 32 2 0.0625
646.0000 33 2 0.0606
661.6000 33 3 0.0909
667.0000 34 3 0.0882
685.0000 35 3 0.0857
691.0000 35 4 0.1143
700.0000 36 4 0.1111
714.9000 36 5 0.1389
722.0000 37 5 0.1351
741.0000 38 5 0.1316
764.0000 39 5 0.1282
773.6000 39 6 0.1538
784.0000 40 6 0.1500
806.0000 41 6 0.1463
829.0000 42 6 0.1429
851.0000 43 6 0.1395
873.0000 44 6 0.1364
895.0000 45 6 0.1333
918.0000 46 6 0.1304
935.7000 46 7 0.1522
941.0000 47 7 0.1489
957.0000 48 7 0.1458
975.0000 49 7 0.1429
998.0000 50 7 0.1400
1018.0000 51 7 0.1373
1040.0000 52 7 0.1346
1056.0000 53 7 0.1321
1077.0000 54 7 0.1296
1096.0000 55 7 0.1273
1117.0000 56 7 0.1250
1137.0000 57 7 0.1228
1159.0000 58 7 0.1207
1179.0000 59 7 0.1186
1193.3000 59 8 0.1356
1201.0000 60 8 0.1333
1216.0000 61 8 0.1311
1225.2000 61 9 0.1475
1226.1000 61 10 0.1639
1232.0000 62 10 0.1613
1251.0000 63 10 0.1587
1268.0000 64 10 0.1563
1287.0000 65 10 0.1538
1308.0000 66 10 0.1515
1327.0000 67 10 0.1493
1342.0000 68 10 0.1471
1364.0000 69 10 0.1449
1381.1000 69 11 0.1594
1388.0000 70 11 0.1571
1397.1000 70 12 0.1714
1407.0000 71 12 0.1690
1422.0000 72 12 0.1667
1442.0000 73 12 0.1644
1464.0000 74 12 0.1622
1476.9000 74 13 0.1757
1479.0000 75 13 0.1733
1483.1000 75 14 0.1867
1500.0000 76 14 0.1842
1518.0000 77 14 0.1818
1542.0000 78 14 0.1795
1562.0000 79 14 0.1772
1577.0000 80 14 0.1750
1585.3000 80 15 0.1875
1594.5000 80 16 0.2000
1600.0000 81 16 0.1975
1620.0000 82 16 0.1951
1637.0000 83 16 0.1928
1652.0000 84 16 0.1905
1673.0000 85 16 0.1882
1695.0000 86 16 0.1860
1704.6000 86 17 0.1977
1706.4000 86 18 0.2093
1713.0000 87 18 0.2069
1736.2000 87 19 0.2184
1737.0000 87 20 0.2299
1737.0000 88 20 0.2273
1739.4000 88 21 0.2386
1739.8000 88 22 0.2500
1760.0000 89 22 0.2472
1781.0000 90 22 0.2444
1804.0000 91 22 0.2418
1826.0000 92 22 0.2391
1849.0000 93 22 0.2366
1870.0000 94 22 0.2340
1880.0000 94 23 0.2447
1882.8000 94 24 0.2553
1890.0000 95 24 0.2526
1911.0000 96 24 0.2500
1929.0000 97 24 0.2474
1948.0000 98 24 0.2449
1965.0000 99 24 0.2424
1980.0000 100 24 0.2400
1991.7000 100 25 0.2500
2002.0000 101 25 0.2475
2024.0000 102 25 0.2451
2035.6000 102 26 0.2549
2041.0000 103 26 0.2524
2064.0000 104 26 0.2500
2080.0000 105 26 0.2476
2095.0000 106 26 0.2453
2119.0000 107 26 0.2430
2139.0000 108 26 0.2407
2143.6000 108 27 0.2500
2161.0000 109 27 0.2477
2178.0000 110 27 0.2455
2199.0000 111 27 0.2432
2214.3000 111 28 0.2523
2217.0000 111 29 0.2613
2222.0000 112 29 0.2589
2240.0000 113 29 0.2566
2259.0000 114 29 0.2544
2275.0000 115 29 0.2522
2295.0000 116 29 0.2500
2314.0000 117 29 0.2479
2326.3000 117 30 0.2564
2335.0000 118 30 0.2542
2354.0000 119 30 0.2521
2377.0000 120 30 0.2500
2396.0000 121 30 0.2479
2405.9000 121 31 0.2562
2411.0000 122 31 0.2541
2412.0000 122 32 0.2623
2433.0000 123 32 0.2602
2452.0000 124 32 0.2581
2460.7000 124 33 0.2661
2464.9000 124 34 0.2742
2470.4000 124 35 0.2823
2474.0000 125 35 0.2800
2490.0000 125 36 0.2880
2496.0000 126 36 0.2857
2511.0000 127 36 0.2835
2526.0000 128 36 0.2813
2546.0000 129 36 0.2791
2554.8000 129 37 0.2868
2557.4000 129 38 0.2946
2563.0000 130 38 0.2923
2586.0000 131 38 0.2901
2601.0000 132 38 0.2879
2621.0000 133 38 0.2857
2641.0000 134 38 0.2836
2662.0000 135 38 0.2815
2678.0000 136 38 0.2794
2689.6000 136 39 0.2868
2690.0000 136 40 0.2941
2690.9000 136 41 0.3015
2693.0000 137 41 0.2993
2716.0000 138 41 0.2971
2729.2000 138 42 0.3043
2735.0000 139 42 0.3022
2741.3000 139 43 0.3094
2742.9000 139 44 0.3165
2754.0000 140 44 0.3143
2771.0000 141 44 0.3121
2788.0000 142 44 0.3099
2800.0000 142 45 0.3169
2803.7000 142 46 0.3239
2807.0000 143 46 0.3217
2823.3000 143 47 0.3287
2831.0000 144 47 0.3264
2838.8000 144 48 0.3333
2853.0000 145 48 0.3310
2868.0000 146 48 0.3288
2891.0000 147 48 0.3265
2899.2000 147 49 0.3333
2911.0000 148 49 0.3311
2926.0000 149 49 0.3289
2942.0000 150 49 0.3267
2947.3000 150 50 0.3333
2954.4000 150 51 0.3400
2962.0000 151 51 0.3377
2979.0000 152 51 0.3355
3003.0000 153 51 0.3333
3022.3000 153 52 0.3399
3024.0000 154 52 0.3377
3040.0000 155 52 0.3355
3059.0000 155 53 0.3419
3064.0000 156 53 0.3397
3065.8000 156 54 0.3462
3084.5000 156 55 0.3526
3086.0000 157 55 0.3503
3110.0000 158 55 0.3481
3118.8000 158 56 0.3544
3129.0000 159 56 0.3522
3131.0000 159 57 0.3585
3147.0000 160 57 0.3563
3166.0000 161 57 0.3540
3190.0000 162 57 0.3519
3204.1000 162 58 0.3580
3210.0000 163 58 0.3558
3225.0000 164 58 0.3537
3243.0000 165 58 0.3515
3260.0000 166 58 0.3494
3261.2000 166 59 0.3554
3271.5000 166 60 0.3614
3272.8000 166 61 0.3675
3283.0000 167 61 0.3653
3288.4000 167 62 0.3713
3305.0000 168 62 0.3690
3321.0000 169 62 0.3669
3344.0000 170 62 0.3647
3363.3000 170 63 0.3706
3365.0000 171 63 0.3684
3365.9000 171 64 0.3743
3385.0000 172 64 0.3721
3396.5000 172 65 0.3779
3408.0000 173 65 0.3757
3414.1000 173 66 0.3815
3414.4000 173 67 0.3873
3423.8000 173 68 0.3931
3426.0000 173 69 0.3988
3428.0000 174 69 0.3966
3449.0000 175 69 0.3943
3456.6000 175 70 0.4000
3472.0000 176 70 0.3977
3488.0000 177 70 0.3955
3511.0000 178 70 0.3933
3512.4000 178 71 0.3989
3528.8000 178 72 0.4045
3530.6000 178 73 0.4101
3535.0000 179 73 0.4078
3547.0000 179 74 0.4134
3550.1000 179 75 0.4190
3551.5000 179 76 0.4246
3552.0000 180 76 0.4222
3570.0000 181 76 0.4199
3576.3000 181 77 0.4254
3589.0000 182 77 0.4231
3604.0000 183 77 0.4208
3619.0000 184 77 0.4185
3638.0000 185 77 0.4162
3653.0000 186 77 0.4140
3669.0000 187 77 0.4118
3689.0000 188 77 0.4096
3712.0000 189 77 0.4074
3730.0000 190 77 0.4053
3754.0000 191 77 0.4031
3771.0000 192 77 0.4010
3787.0000 193 77 0.3990
3809.0000 194 77 0.3969
3822.2000 194 78 0.4021
3825.6000 194 79 0.4072
3832.0000 195 79 0.4051
3846.4000 195 80 0.4103
3854.0000 196 80 0.4082
3873.0000 197 80 0.4061
3895.0000 198 80 0.4040
3919.0000 199 80 0.4020
3938.0000 200 80 0.4000
3946.3000 200 81 0.4050
3946.9000 200 82 0.4100
3950.8000 200 83 0.4150
3953.0000 200 84 0.4200
3955.0000 201 84 0.4179
3975.0000 202 84 0.4158
3996.0000 203 84 0.4138
4012.0000 204 84 0.4118
4018.5000 204 85 0.4167
4031.0000 205 85 0.4146
4052.0000 206 85 0.4126
4054.9000 206 86 0.4175
4058.7000 206 87 0.4223
4060.0000 206 88 0.4272
4061.0000 206 89 0.4320
4070.0000 207 89 0.4300
4094.0000 208 89 0.4279
4115.0000 209 89 0.4258
4134.0000 210 89 0.4238
4153.0000 211 89 0.4218
4171.0000 212 89 0.4198
4187.1000 212 90 0.4245
4194.0000 213 90 0.4225
4205.9000 213 91 0.4272
4214.0000 214 91 0.4252
4222.4000 214 92 0.4299
4235.0000 215 92 0.4279
4245.6000 215 93 0.4326
4248.5000 215 94 0.4372
4251.0000 216 94 0.4352
4268.6000 216 95 0.4398
4272.0000 217 95 0.4378
4287.3000 217 96 0.4424
4290.0000 218 96 0.4404
4297.6000 218 97 0.4450
4308.6000 218 98 0.4495
4314.0000 219 98 0.4475
4338.0000 220 98 0.4455
4343.1000 220 99 0.4500
4360.0000 221 99 0.4480
4364.3000 221 100 0.4525
4381.0000 222 100 0.4505
4400.0000 223 100 0.4484
4419.0000 224 100 0.4464
4419.1000 224 101 0.4509
4434.0000 225 101 0.4489
4435.5000 225 102 0.4533
4452.4000 225 103 0.4578
4454.5000 225 104 0.4622
4458.0000 226 104 0.4602
4463.0000 226 105 0.4646
4476.0000 227 105 0.4626
4497.0000 228 105 0.4605
4505.4000 228 106 0.4649
4515.0000 229 106 0.4629
4537.0000 230 106 0.4609
4556.0000 231 106 0.4589
4561.4000 231 107 0.4632
4580.0000 232 107 0.4612
4597.0000 233 107 0.4592
4614.0000 234 107 0.4573
4634.0000 235 107 0.4553
4655.0000 236 107 0.4534
4665.1000 236 108 0.4576
4670.2000 236 109 0.4619
4672.0000 237 109 0.4599
4689.0000 238 109 0.4580
4706.0000 239 109 0.4561
4729.0000 240 109 0.4542
4743.5000 240 110 0.4583
4747.0000 241 110 0.4564
4762.0000 242 110 0.4545
4764.8000 242 111 0.4587
4783.0000 243 111 0.4568
4795.2000 243 112 0.4609
4807.0000 244 112 0.4590
4824.0000 245 112 0.4571
4848.0000 246 112 0.4553
4867.0000 247 112 0.4534
4886.0000 248 112 0.4516
4897.1000 248 113 0.4556
4909.0000 249 113 0.4538
4928.0000 250 113 0.4520
4951.0000 251 113 0.4502
4966.0000 252 113 0.4484
4979.3000 252 114 0.4524
4986.0000 253 114 0.4506
4988.9000 253 115 0.4545
4993.8000 253 116 0.4585
4995.1000 253 117 0.4625
5010.0000 254 117 0.4606
5033.0000 255 117 0.4588
5048.0000 256 117 0.4570
5072.0000 257 117 0.4553
5089.0000 258 117 0.4535
5112.0000 259 117 0.4517
5131.0000 260 117 0.4500
5143.9000 260 118 0.4538
5151.0000 261 118 0.4521
5175.0000 262 118 0.4504
5194.0000 263 118 0.4487
5215.0000 264 118 0.4470
5237.0000 265 118 0.4453
5238.4000 265 119 0.4491
5241.3000 265 120 0.4528
5254.0000 266 120 0.4511
5269.0000 267 120 0.4494
5291.0000 268 120 0.4478
5307.0000 269 120 0.4461
5324.0000 270 120 0.4444
5324.5000 270 121 0.4481
5339.0000 271 121 0.4465
5355.3000 271 122 0.4502
5356.0000 272 122 0.4485
5371.0000 273 122 0.4469
5387.0000 274 122 0.4453
5410.0000 275 122 0.4436
5410.3000 275 123 0.4473
5426.0000 276 123 0.4457
5430.3000 276 124 0.4493
5447.0000 277 124 0.4477
5470.0000 278 124 0.4460
5490.0000 279 124 0.4444
5504.6000 279 125 0.4480
5507.0000 280 125 0.4464
5516.5000 280 126 0.4500
5528.0000 281 126 0.4484
5542.9000 281 127 0.4520
5546.0000 282 127 0.4504
5553.3000 282 128 0.4539
5564.0000 283 128 0.4523
5566.2000 283 129 0.4558
5568.1000 283 130 0.4594
5584.0000 284 130 0.4577
5607.0000 285 130 0.4561
5622.0000 285 131 0.4596
5625.0000 286 131 0.4580
5643.0000 287 131 0.4564
5665.0000 288 131 0.4549
5685.0000 289 131 0.4533
5686.6000 289 132 0.4567
5704.0000 290 132 0.4552
5724.0000 291 132 0.4536
5745.0000 292 132 0.4521
5745.2000 292 133 0.4555
5760.0000 293 133 0.4539
5770.4000 293 134 0.4573
5778.9000 293 135 0.4608
5784.0000 294 135 0.4592
5805.0000 295 135 0.4576
5807.1000 295 136 0.4610
5822.0000 296 136 0.4595
5841.0000 297 136 0.4579
5855.7000 297 137 0.4613
5859.0000 298 137 0.4597
5860.0000 298 138 0.4631
5860.3000 298 139 0.4664
5863.7000 298 140 0.4698
5873.7000 298 141 0.4732
5874.0000 299 141 0.4716
5893.0000 300 141 0.4700
5895.4000 300 142 0.4733
5896.1000 300 143 0.4767
5914.0000 301 143 0.4751
5914.2000 301 144 0.4784
5932.0000 302 144 0.4768
5953.0000 303 144 0.4752
5968.7000 303 145 0.4785
5971.0000 304 145 0.4770
5986.0000 305 145 0.4754
5996.8000 305 146 0.4787
6003.8000 305 147 0.4820
6007.7000 305 148 0.4852
6008.0000 306 148 0.4837
6008.4000 306 149 0.4869
6012.5000 306 150 0.4902
6024.0000 307 150 0.4886
6029.0000 307 151 0.4919
6031.6000 307 152 0.4951
6041.0000 308 152 0.4935
6041.3000 308 153 0.4968
6063.0000 309 153 0.4951
6068.1000 309 154 0.4984
6074.6000 309 155 0.5016
6087.0000 310 155 0.5000
6105.0000 311 155 0.4984
6114.3000 311 156 0.5016
6124.0000 312 156 0.5000
6128.7000 312 157 0.5032
6129.8000 312 158 0.5064
6145.0000 313 158 0.5048
6166.0000 314 158 0.5032
6177.5000 314 159 0.5064
6182.0000 315 159 0.5048
6201.0000 316 159 0.5032
6211.5000 316 160 0.5063
6216.0000 317 160 0.5047
6231.0000 318 160 0.5031
6245.2000 318 161 0.5063
6248.0000 319 161 0.5047
6261.7000 319 162 0.5078
6267.0000 320 162 0.5063
6289.0000 321 162 0.5047
6289.1000 321 163 0.5078
6301.4000 321 164 0.5109
6308.0000 322 164 0.5093
6332.0000 323 164 0.5077
6338.7000 323 165 0.5108
6355.0000 324 165 0.5093
6372.0000 325 165 0.5077
6374.6000 325 166 0.5108
6385.0000 325 167 0.5138
6390.4000 325 168 0.5169
6391.9000 325 169 0.5200
6393.0000 326 169 0.5184
6412.5000 326 170 0.5215
6417.0000 327 170 0.5199
6425.4000 327 171 0.5229
6431.8000 327 172 0.5260
6441.0000 328 172 0.5244
6460.0000 328 173 0.5274
6465.0000 329 173 0.5258
6467.3000 329 174 0.5289
6486.0000 330 174 0.5273
6502.0000 331 174 0.5257
6518.0000 332 174 0.5241
6536.0000 333 174 0.5225
6548.1000 333 175 0.5255
6555.0000 334 175 0.5240
6565.6000 334 176 0.5269
6572.0000 335 176 0.5254
6591.0000 336 176 0.5238
6606.9000 336 177 0.5268
6608.0000 337 177 0.5252
6622.6000 337 178 0.5282
6631.0000 338 178 0.5266
6646.0000 339 178 0.5251
6665.0000 340 178 0.5235
6669.5000 340 179 0.5265
6684.0000 341 179 0.5249
6687.9000 341 180 0.5279
6696.4000 341 181 0.5308
6708.0000 342 181 0.5292
6725.0000 343 181 0.5277
6745.0000 344 181 0.5262
6752.0000 344 182 0.5291
6754.2000 344 183 0.5320
6760.0000 345 183 0.5304
6770.7000 345 184 0.5333
6776.9000 345 185 0.5362
6781.0000 346 185 0.5347
6795.4000 346 186 0.5376
6800.0000 347 186 0.5360
6816.0000 348 186 0.5345
6827.4000 348 187 0.5374
6828.7000 348 188 0.5402
6839.0000 349 188 0.5387
6854.0000 350 188 0.5371
6867.6000 350 189 0.5400
6874.0000 351 189 0.5385
6889.0000 352 189 0.5369
6893.6000 352 190 0.5398
6900.6000 352 191 0.5426
6909.0000 353 191 0.5411
6919.7000 353 192 0.5439
6930.0000 354 192 0.5424
6941.5000 354 193 0.5452
6950.0000 354 194 0.5480
6951.0000 355 194 0.5465
6971.0000 356 194 0.5449
6973.6000 356 195 0.5478
6978.5000 356 196 0.5506
6995.0000 357 196 0.5490
7010.0000 358 196 0.5475
7010.7000 358 197 0.5503
7012.1000 358 198 0.5531
7019.8000 358 199 0.5559
7020.1000 358 200 0.5587
7021.7000 358 201 0.5615
7029.0000 359 201 0.5599
7044.3000 359 202 0.5627
7048.0000 360 202 0.5611
7061.9000 360 203 0.5639
7071.0000 361 203 0.5623
7073.0000 361 204 0.5651
7093.0000 362 204 0.5635
7093.3000 362 205 0.5663
7108.0000 363 205 0.5647
7111.5000 363 206 0.5675
7112.8000 363 207 0.5702
7130.0000 364 207 0.5687
7147.0000 365 207 0.5671
7163.0000 366 207 0.5656
7176.4000 366 208 0.5683
7180.0000 367 208 0.5668
7190.6000 367 209 0.5695
7197.0000 368 209 0.5679
7218.9000 368 210 0.5707
7221.0000 369 210 0.5691
7240.0000 370 210 0.5676
7243.4000 370 211 0.5703
7253.6000 370 212 0.5730
7255.0000 371 212 0.5714
7272.0000 372 212 0.5699
7290.8000 372 213 0.5726
7296.0000 373 213 0.5710
7305.1000 373 214 0.5737
7314.6000 373 215 0.5764
7315.8000 373 216 0.5791
7319.0000 374 216 0.5775
7333.2000 374 217 0.5802
7335.0000 375 217 0.5787
7351.5000 375 218 0.5813
7358.0000 376 218 0.5798
7378.0000 377 218 0.5782
7394.0000 378 218 0.5767
7411.0000 379 218 0.5752
7412.9000 379 219 0.5778
7432.0000 379 220 0.5805
7435.0000 380 220 0.5789
7436.5000 380 221 0.5816
7459.0000 381 221 0.5801
7468.4000 381 222 0.5827
7480.0000 382 222 0.5812
7498.0000 383 222 0.5796
7498.8000 383 223 0.5822
7514.0000 384 223 0.5807
7536.0000 385 223 0.5792
7546.0000 385 224 0.5818
7549.9000 385 225 0.5844
7559.0000 386 225 0.5829
7566.1000 386 226 0.5855
7574.0000 387 226 0.5840
7583.5000 387 227 0.5866
7589.5000 387 228 0.5891
7595.0000 388 228 0.5876
7610.5000 388 229 0.5902
7613.0000 389 229 0.5887
7621.5000 389 230 0.5913
7632.0000 390 230 0.5897
7650.2000 390 231 0.5923
7656.0000 391 231 0.5908
7673.0000 392 231 0.5893
7685.6000 392 232 0.5918
7696.0000 393 232 0.5903
7697.1000 393 233 0.5929
7713.0000 394 233 0.5914
7730.0000 395 233 0.5899
7745.0000 396 233 0.5884
7762.0000 397 233 0.5869
7769.2000 397 234 0.5894
7772.3000 397 235 0.5919
7784.0000 398 235 0.5905
7804.0000 399 235 0.5890
7822.0000 400 235 0.5875
7822.3000 400 236 0.5900
7840.0000 401 236 0.5885
7858.0000 402 236 0.5871
7874.0000 403 236 0.5856
7878.2000 403 237 0.5881
7883.6000 403 238 0.5906
7895.0000 404 238 0.5891
7914.0000 405 238 0.5877
7922.2000 405 239 0.5901
7931.0000 406 239 0.5887
7934.8000 406 240 0.5911
7948.0000 407 240 0.5897
7961.8000 407 241 0.5921
7972.0000 408 241 0.5907
7987.0000 409 241 0.5892
7992.4000 409 242 0.5917
8002.0000 410 242 0.5902
8024.0000 411 242 0.5888
8040.0000 412 242 0.5874
8041.7000 412 243 0.5898
8059.0000 413 243 0.5884
8082.0000 414 243 0.5870
8085.2000 414 244 0.5894
8099.0000 415 244 0.5880
8116.0000 416 244 0.5865
8130.8000 416 245 0.5889
8137.0000 417 245 0.5875
8158.0000 418 245 0.5861
8173.0000 419 245 0.5847
8190.0000 420 245 0.5833
8205.0000 421 245 0.5819
8205.7000 421 246 0.5843
8227.0000 422 246 0.5829
8235.0000 422 247 0.5853
8251.0000 423 247 0.5839
8270.0000 423 248 0.5863
8271.7000 423 249 0.5887
8272.4000 423 250 0.5910
8272.4000 423 251 0.5934
8275.0000 424 251 0.5920
8283.2000 424 252 0.5943
8284.1000 424 253 0.5967
8285.2000 424 254 0.5991
8297.0000 425 254 0.5976
8317.0000 426 254 0.5962
8336.0000 427 254 0.5948
8340.9000 427 255 0.5972
8354.3000 427 256 0.5995
8359.0000 428 256 0.5981
8375.0000 429 256 0.5967
8396.0000 430 256 0.5953
8399.8000 430 257 0.5977
8405.3000 430 258 0.6000
8408.0000 430 259 0.6023
8414.0000 431 259 0.6009
8417.9000 431 260 0.6032
8421.2000 431 261 0.6056
8427.0000 431 262 0.6079
8428.2000 431 263 0.6102
8437.0000 432 263 0.6088
8444.5000 432 264 0.6111
8453.0000 433 264 0.6097
8468.0000 434 264 0.6083
8489.9000 434 265 0.6106
8492.0000 435 265 0.6092
8510.0000 436 265 0.6078
8525.0000 437 265 0.6064
8544.0000 438 265 0.6050
8548.0000 438 266 0.6073
8566.0000 439 266 0.6059
8570.0000 439 267 0.6082
8573.0000 439 268 0.6105
8578.2000 439 269 0.6128
8586.0000 440 269 0.6114
8609.0000 441 269 0.6100
8625.0000 442 269 0.6086
8630.3000 442 270 0.6109
8630.8000 442 271 0.6131
8641.3000 442 272 0.6154
8644.0000 443 272 0.6140
8663.0000 444 272 0.6126
8663.0000 444 273 0.6149
8681.0000 445 273 0.6135
8697.0000 446 273 0.6121
8699.3000 446 274 0.6143
8705.9000 446 275 0.6166
8711.9000 446 276 0.6188
8719.0000 447 276 0.6174
8725.4000 447 277 0.6197
8738.1000 447 278 0.6219
8743.0000 448 278 0.6205
8748.8000 448 279 0.6228
8767.0000 449 279 0.6214
8778.0000 449 280 0.6236
8784.0000 450 280 0.6222
8793.6000 450 281 0.6244
8794.1000 450 282 0.6267
8800.0000 451 282 0.6253
8823.0000 452 282 0.6239
8824.9000 452 283 0.6261
8839.0000 453 283 0.6247
8854.0000 454 283 0.6233
8869.0000 455 283 0.6220
8888.6000 455 284 0.6242
8892.0000 456 284 0.6228
8897.5000 456 285 0.6250
8911.0000 457 285 0.6236
8929.0000 458 285 0.6223
8944.0000 459 285 0.6209
8955.3000 459 286 0.6231
8961.0000 460 286 0.6217
8979.0000 461 286 0.6204
8996.6000 461 287 0.6226
8997.0000 462 287 0.6212
9011.3000 462 288 0.6234
9012.1000 462 289 0.6255
9013.0000 463 289 0.6242
9035.0000 464 289 0.6228
9058.0000 465 289 0.6215
9065.9000 465 290 0.6237
9070.2000 465 291 0.6258
9071.2000 465 292 0.6280
9073.0000 466 292 0.6266
9075.4000 466 293 0.6288
9076.8000 466 294 0.6309
9093.5000 466 295 0.6330
9095.0000 467 295 0.6317
9119.0000 468 295 0.6303
9143.0000 469 295 0.6290
9153.4000 469 296 0.6311
9162.0000 470 296 0.6298
9171.7000 470 297 0.6319
9174.0000 470 298 0.6340
9184.4000 470 299 0.6362
9186.0000 471 299 0.6348
9209.0000 472 299 0.6335
9209.2000 472 300 0.6356
9224.0000 473 300 0.6342
9245.0000 474 300 0.6329
9253.4000 474 301 0.6350
9264.0000 475 301 0.6337
9277.9000 475 302 0.6358
9288.0000 476 302 0.6345
9294.6000 476 303 0.6366
9300.8000 476 304 0.6387
9306.5000 476 305 0.6408
9306.7000 476 306 0.6429
9310.0000 477 306 0.6415
9314.9000 477 307 0.6436
9326.0000 478 307 0.6423
9341.0000 479 307 0.6409
9365.0000 480 307 0.6396
9382.6000 480 308 0.6417
9387.0000 481 308 0.6403
9403.0000 482 308 0.6390
9424.3000 482 309 0.6411
9426.0000 483 309 0.6398
9444.0000 484 309 0.6384
9452.1000 484 310 0.6405
9455.8000 484 311 0.6426
9464.9000 484 312 0.6446
9468.0000 485 312 0.6433
9485.0000 486 312 0.6420
9503.0000 487 312 0.6407
9511.6000 487 313 0.6427
9527.0000 488 313 0.6414
9528.3000 488 314 0.6434
9528.7000 488 315 0.6455
9550.0000 489 315 0.6442
9550.4000 489 316 0.6462
9570.6000 489 317 0.6483
9573.0000 490 317 0.6469
9591.0000 491 317 0.6456
9614.0000 492 317 0.6443
9614.9000 492 318 0.6463
9615.4000 492 319 0.6484
9632.0000 493 319 0.6471
9653.0000 494 319 0.6457
9665.0000 494 320 0.6478
9676.0000 495 320 0.6465
9689.9000 495 321 0.6485
9693.0000 496 321 0.6472
9715.0000 497 321 0.6459
9736.0000 498 321 0.6446
9738.5000 498 322 0.6466
9748.3000 498 323 0.6486
9748.5000 498 324 0.6506
9748.9000 498 325 0.6526
9750.0000 498 326 0.6546
9752.0000 499 326 0.6533
9761.5000 499 327 0.6553
9776.0000 500 327 0.6540
9799.0000 501 327 0.6527
9821.0000 502 327 0.6514
9837.0000 503 327 0.6501
9845.1000 503 328 0.6521
9846.7000 503 329 0.6541
9861.0000 504 329 0.6528
9879.0000 505 329 0.6515
9881.3000 505 330 0.6535
9894.0000 506 330 0.6522
9905.9000 506 331 0.6542
9907.1000 506 332 0.6561
9909.0000 507 332 0.6548
9918.2000 507 333 0.6568
9927.0000 508 333 0.6555
9946.0000 509 333 0.6542
9967.3000 509 334 0.6562
9969.0000 510 334 0.6549
9988.0000 511 334 0.6536
9995.7000 511 335 0.6556
10004.1000 511 336 0.6575
10007.0000 512 336 0.6563
10007.4000 512 337 0.6582
10010.7000 512 338 0.6602
10024.0000 513 338 0.6589
10026.8000 513 339 0.6608
10037.7000 513 340 0.6628
10042.5000 513 341 0.6647
10044.0000 514 341 0.6634
10067.0000 515 341 0.6621
10087.0000 516 341 0.6609
10111.0000 517 341 0.6596
10117.8000 517 342 0.6615
10123.9000 517 343 0.6634
10132.0000 518 343 0.6622
10154.0000 519 343 0.6609
10155.7000 519 344 0.6628
10175.8000 519 345 0.6647
10177.0000 520 345 0.6635
10184.3000 520 346 0.6654
10186.0000 520 347 0.6673
10194.0000 521 347 0.6660
10205.0000 521 348 0.6679
10216.0000 522 348 0.6667
10233.6000 522 349 0.6686
10235.0000 523 349 0.6673
10257.0000 524 349 0.6660
10265.1000 524 350 0.6679
10272.5000 524 351 0.6698
10277.0000 524 352 0.6718
10281.0000 525 352 0.6705
10292.1000 525 353 0.6724
10300.0000 526 353 0.6711
10301.2000 526 354 0.6730
10320.0000 527 354 0.6717
10343.0000 528 354 0.6705
10343.4000 528 355 0.6723
10366.0000 529 355 0.6711
10374.1000 529 356 0.6730
10379.4000 529 357 0.6749
10382.0000 530 357 0.6736
10402.0000 531 357 0.6723
10403.4000 531 358 0.6742
10422.8000 531 359 0.6761
10423.0000 532 359 0.6748
10424.8000 532 360 0.6767
10439.6000 532 361 0.6786
10441.0000 533 361 0.6773
10442.7000 533 362 0.6792
10461.0000 534 362 0.6779
10474.0000 534 363 0.6798
10480.0000 535 363 0.6785
10496.9000 535 364 0.6804
10497.0000 536 364 0.6791
10518.0000 537 364 0.6778
10524.1000 537 365 0.6797
10536.0000 537 366 0.6816
10537.0000 538 366 0.6803
10552.3000 538 367 0.6822
10554.1000 538 368 0.6840
10555.0000 539 368 0.6827
10571.0000 540 368 0.6815
10589.4000 540 369 0.6833
10591.0000 541 369 0.6821
10615.0000 542 369 0.6808
10637.0000 543 369 0.6796
10645.7000 543 370 0.6814
10648.9000 543 371 0.6832
10649.8000 543 372 0.6851
10657.0000 544 372 0.6838
10665.2000 544 373 0.6857
10667.4000 544 374 0.6875
10681.0000 545 374 0.6862
10703.0000 546 374 0.6850
10716.2000 546 375 0.6868
10726.0000 547 375 0.6856
10748.0000 548 375 0.6843
10768.0000 549 375 0.6831
10787.7000 549 376 0.6849
10788.0000 550 376 0.6836
10799.3000 550 377 0.6855
10806.9000 550 378 0.6873
10808.0000 551 378 0.6860
10823.0000 552 378 0.6848
10842.0000 553 378 0.6835
10862.3000 553 379 0.6854
10866.0000 554 379 0.6841
10875.2000 554 380 0.6859
10877.9000 554 381 0.6877
10884.2000 554 382 0.6895
10885.0000 555 382 0.6883
10887.3000 555 383 0.6901
10889.1000 555 384 0.6919
10896.9000 555 385 0.6937
10907.0000 556 385 0.6924
10925.0000 557 385 0.6912
10942.0000 558 385 0.6900
10966.0000 559 385 0.6887
10983.0000 560 385 0.6875
11006.0000 561 385 0.6863
11019.7000 561 386 0.6881
11021.3000 561 387 0.6898
11023.0000 562 387 0.6886
11040.2000 562 388 0.6904
11046.0000 563 388 0.6892
11058.8000 563 389 0.6909
11068.0000 564 389 0.6897
11079.9000 564 390 0.6915
11084.0000 565 390 0.6903
11086.8000 565 391 0.6920
11098.4000 565 392 0.6938
11102.0000 566 392 0.6926
11116.8000 566 393 0.6943
11120.0000 567 393 0.6931
11126.6000 567 394 0.6949
11137.9000 567 395 0.6966
11143.0000 568 395 0.6954
11144.0000 568 396 0.6972
11166.0000 569 396 0.6960
11171.9000 569 397 0.6977
11182.0000 570 397 0.6965
11191.1000 570 398 0.6982
11201.0000 571 398 0.6970
11207.5000 571 399 0.6988
11210.6000 571 400 0.7005
11216.8000 571 401 0.7023
11218.0000 572 401 0.7010
11238.0000 573 401 0.6998
11251.1000 573 402 0.7016
11251.7000 573 403 0.7033
11260.0000 574 403 0.7021
11265.5000 574 404 0.7038
11280.0000 575 404 0.7026
11293.6000 575 405 0.7043
11298.0000 576 405 0.7031
11308.0000 576 406 0.7049
11308.0000 576 407 0.7066
11314.3000 576 408 0.7083
11319.0000 577 408 0.7071
11343.0000 578 408 0.7059
11363.0000 579 408 0.7047
11381.0000 580 408 0.7034
11394.7000 580 409 0.7052
11404.0000 580 410 0.7069
11405.0000 581 410 0.7057
11424.0000 582 410 0.7045
11432.9000 582 411 0.7062
11443.0000 583 411 0.7050
11443.6000 583 412 0.7067
11459.6000 583 413 0.7084
11467.0000 584 413 0.7072
11491.0000 585 413 0.7060
11508.2000 585 414 0.7077
11508.7000 585 415 0.7094
11511.0000 586 415 0.7082
11513.2000 586 416 0.7099
11529.0000 587 416 0.7087
11534.4000 587 417 0.7104
11547.0000 588 417 0.7092
11566.0000 589 417 0.7080
11586.0000 590 417 0.7068
11610.0000 591 417 0.7056
11611.8000 591 418 0.7073
11623.1000 591 419 0.7090
11626.0000 592 419 0.7078
11640.2000 592 420 0.7095
11646.4000 592 421 0.7111
11650.0000 593 421 0.7099
11665.0000 594 421 0.7088
11677.5000 594 422 0.7104
11680.0000 595 422 0.7092
11687.9000 595 423 0.7109
11696.0000 596 423 0.7097
11711.0000 597 423 0.7085
11731.0000 598 423 0.7074
11755.0000 599 423 0.7062
11771.0000 600 423 0.7050
11774.2000 600 424 0.7067
11781.7000 600 425 0.7083
11790.0000 601 425 0.7072
11805.5000 601 426 0.7088
11809.0000 602 426 0.7076
11809.6000 602 427 0.7093
11813.0000 602 428 0.7110
11827.0000 603 428 0.7098
11827.1000 603 429 0.7114
11840.7000 603 430 0.7131
11851.0000 604 430 0.7119
11867.0000 605 430 0.7107
11869.6000 605 431 0.7124
11872.0000 605 432 0.7140
11872.7000 605 433 0.7157
11874.6000 605 434 0.7174
11885.0000 606 434 0.7162
11907.0000 607 434 0.7150
11929.0000 608 434 0.7138
11935.8000 608 435 0.7155
11940.3000 608 436 0.7171
11948.0000 609 436 0.7159
11948.0000 609 437 0.7176
11951.7000 609 438 0.7192
11959.7000 609 439 0.7209
11960.0000 609 440 0.7225
11971.0000 610 440 0.7213
11991.9000 610 441 0.7230
11995.0000 611 441 0.7218
12012.0000 612 441 0.7206
12033.0000 613 441 0.7194
12042.0000 613 442 0.7210
12048.0000 614 442 0.7199
12050.3000 614 443 0.7215
12051.8000 614 444 0.7231
12070.0000 615 444 0.7220
12073.0000 615 445 0.7236
12073.1000 615 446 0.7252
12088.0000 616 446 0.7240
12091.1000 616 447 0.7256
12092.1000 616 448 0.7273
12094.3000 616 449 0.7289
12102.0000 616 450 0.7305
12104.0000 617 450 0.7293
12124.0000 618 450 0.7282
12135.5000 618 451 0.7298
12145.0000 619 451 0.7286
12146.0000 619 452 0.7302
12153.5000 619 453 0.7318
12165.0000 620 453 0.7306
12184.3000 620 454 0.7323
12189.0000 621 454 0.7311
12197.4000 621 455 0.7327
12209.0000 622 455 0.7315
12211.8000 622 456 0.7331
12216.4000 622 457 0.7347
12217.1000 622 458 0.7363
12218.2000 622 459 0.7379
12220.5000 622 460 0.7395
12226.0000 623 460 0.7384
12243.7000 623 461 0.7400
12249.0000 624 461 0.7388
12262.4000 624 462 0.7404
12262.9000 624 463 0.7420
12270.0000 625 463 0.7408
12280.1000 625 464 0.7424
12287.0000 626 464 0.7412
12289.4000 626 465 0.7428
12304.8000 626 466 0.7444
12305.0000 627 466 0.7432
12314.7000 627 467 0.7448
12323.0000 628 467 0.7436
12330.4000 628 468 0.7452
12332.7000 628 469 0.7468
12339.0000 629 469 0.7456
12358.0000 630 469 0.7444
12375.1000 630 470 0.7460
12377.0000 631 470 0.7448
12379.9000 631 471 0.7464
12389.5000 631 472 0.7480
12399.0000 632 472 0.7468
12416.9000 632 473 0.7484
12418.6000 632 474 0.7500
12421.0000 633 474 0.7488
12444.0000 634 474 0.7476
12444.7000 634 475 0.7492
12457.9000 634 476 0.7508
12463.0000 635 476 0.7496
12464.2000 635 477 0.7512
12479.0000 636 477 0.7500
12483.1000 636 478 0.7516
12487.2000 636 479 0.7531
12488.7000 636 480 0.7547
12497.0000 637 480 0.7535
12518.0000 638 480 0.7524
12535.5000 638 481 0.7539
12538.0000 639 481 0.7527
12538.0000 639 482 0.7543
12556.0000 640 482 0.7531
12566.4000 640 483 0.7547
12568.5000 640 484 0.7563
12575.0000 641 484 0.7551
12592.6000 641 485 0.7566
12593.6000 641 486 0.7582
12596.0000 642 486 0.7570
12611.0000 643 486 0.7558
12627.6000 643 487 0.7574
12635.0000 644 487 0.7562
12641.8000 644 488 0.7578
12644.0000 644 489 0.7593
12655.0000 645 489 0.7581
12670.8000 645 490 0.7597
12672.0000 646 490 0.7585
12691.0000 647 490 0.7573
12708.6000 647 491 0.7589
12713.0000 648 491 0.7577
12726.0000 648 492 0.7593
12727.4000 648 493 0.7608
12737.0000 649 493 0.7596
12761.0000 650 493 0.7585
12781.0000 651 493 0.7573
12784.8000 651 494 0.7588
12798.0000 652 494 0.7577
12818.0000 653 494 0.7565
12830.3000 653 495 0.7580
12836.3000 653 496 0.7596
12839.0000 654 496 0.7584
12855.5000 654 497 0.7599
12857.7000 654 498 0.7615
12863.0000 655 498 0.7603
12868.3000 655 499 0.7618
12884.0000 656 499 0.7607
12895.5000 656 500 0.7622
12901.0000 657 500 0.7610
12919.0000 658 500 0.7599
12936.0000 659 500 0.7587
12954.0000 660 500 0.7576
12971.0000 661 500 0.7564
12976.7000 661 501 0.7579
12986.0000 662 501 0.7568
12986.4000 662 502 0.7583
12995.9000 662 503 0.7598
12997.4000 662 504 0.7613
13009.0000 663 504 0.7602
13024.0000 663 505 0.7617
13029.0000 664 505 0.7605
13042.8000 664 506 0.7620
13048.0000 665 506 0.7609
13069.0000 666 506 0.7598
13080.5000 666 507 0.7613
13081.1000 666 508 0.7628
13090.0000 667 508 0.7616
13092.7000 667 509 0.7631
13102.7000 667 510 0.7646
13112.0000 668 510 0.7635
13133.2000 668 511 0.7650
13133.9000 668 512 0.7665
13135.0000 669 512 0.7653
13137.4000 669 513 0.7668
13139.6000 669 514 0.7683
13146.6000 669 515 0.7698
13157.0000 670 515 0.7687
13172.9000 670 516 0.7701
13175.0000 671 516 0.7690
13182.3000 671 517 0.7705
13198.0000 672 517 0.7693
13222.0000 673 517 0.7682
13235.4000 673 518 0.7697
13237.0000 674 518 0.7685
13261.0000 675 518 0.7674
13279.0000 676 518 0.7663
13288.8000 676 519 0.7678
13290.7000 676 520 0.7692
13295.2000 676 521 0.7707
13303.0000 677 521 0.7696
13309.1000 677 522 0.7710
13327.0000 678 522 0.7699
13339.1000 678 523 0.7714
13341.1000 678 524 0.7729
13344.0000 679 524 0.7717
13360.6000 679 525 0.7732
13367.0000 680 525 0.7721
13370.8000 680 526 0.7735
13384.5000 680 527 0.7750
13385.0000 681 527 0.7739
13385.1000 681 528 0.7753
13387.8000 681 529 0.7768
13400.0000 682 529 0.7757
13404.1000 682 530 0.7771
13422.0000 683 530 0.7760
13422.6000 683 531 0.7775
13439.0000 684 531 0.7763
13439.2000 684 532 0.7778
13454.9000 684 533 0.7792
13463.0000 685 533 0.7781
13485.0000 686 533 0.7770
13500.8000 686 534 0.7784
13501.0000 687 534 0.7773
13512.8000 687 535 0.7787
13522.0000 688 535 0.7776
13534.7000 688 536 0.7791
13543.0000 689 536 0.7779
13558.0000 690 536 0.7768
13578.0000 691 536 0.7757
13582.3000 691 537 0.7771
13597.0000 692 537 0.7760
13600.2000 692 538 0.7775
13601.2000 692 539 0.7789
13605.2000 692 540 0.7803
13605.9000 692 541 0.7818
13612.0000 693 541 0.7807
13622.2000 693 542 0.7821
13633.0000 694 542 0.7810
13639.8000 694 543 0.7824
13654.0000 695 543 0.7813
13662.9000 695 544 0.7827
13669.7000 695 545 0.7842
13674.0000 696 545 0.7830
13689.0000 697 545 0.7819
13694.9000 697 546 0.7834
13696.0000 697 547 0.7848
13701.0000 697 548 0.7862
13701.7000 697 549 0.7877
13704.0000 697 550 0.7891
13713.0000 698 550 0.7880
13732.6000 698 551 0.7894
13733.0000 699 551 0.7883
13735.7000 699 552 0.7897
13743.2000 699 553 0.7911
13750.0000 700 553 0.7900
13751.3000 700 554 0.7914
13770.6000 700 555 0.7929
13771.0000 701 555 0.7917
13787.0000 702 555 0.7906
13793.0000 702 556 0.7920
13808.0000 703 556 0.7909
13808.1000 703 557 0.7923
13812.8000 703 558 0.7937
13831.0000 704 558 0.7926
13853.0000 705 558 0.7915
13874.0000 706 558 0.7904
13894.0000 707 558 0.7893
13915.0000 708 558 0.7881
13937.0000 709 558 0.7870
13952.0000 710 558 0.7859
13955.8000 710 559 0.7873
13976.0000 711 559 0.7862
13979.8000 711 560 0.7876
13986.7000 711 561 0.7890
13994.0000 712 561 0.7879
14006.6000 712 562 0.7893
14007.7000 712 563 0.7907
14011.0000 713 563 0.7896
14028.3000 713 564 0.7910
14032.0000 714 564 0.7899
14039.9000 714 565 0.7913
14056.0000 715 565 0.7902
14071.0000 715 566 0.7916
14077.0000 716 566 0.7905
14092.0000 717 566 0.7894
14107.0000 718 566 0.7883
14123.0000 719 566 0.7872
14147.0000 720 566 0.7861
14167.0000 721 566 0.7850
14170.4000 721 567 0.7864
14186.0000 722 567 0.7853
14204.0000 723 567 0.7842
14225.0000 724 567 0.7831
14245.0000 725 567 0.7821
14267.0000 726 567 0.7810
14286.0000 727 567 0.7799
14304.0000 728 567 0.7788
14313.7000 728 568 0.7802
14323.0000 729 568 0.7791
14343.0000 730 568 0.7781
14363.0000 731 568 0.7770
14368.4000 731 569 0.7784
14385.0000 732 569 0.7773
14404.0000 733 569 0.7763
14419.0000 733 570 0.7776
14420.0000 734 570 0.7766
14421.8000 734 571 0.7779
14434.2000 734 572 0.7793
14441.0000 735 572 0.7782
14456.0000 736 572 0.7772
14466.4000 736 573 0.7785
14475.0000 737 573 0.7775
14499.0000 738 573 0.7764
14504.4000 738 574 0.7778
14508.8000 738 575 0.7791
14523.0000 739 575 0.7781
14533.2000 739 576 0.7794
14544.0000 740 576 0.7784
14563.7000 740 577 0.7797
14568.0000 741 577 0.7787
14569.4000 741 578 0.7800
14588.0000 742 578 0.7790
14603.0000 743 578 0.7779
14618.0000 744 578 0.7769
14618.4000 744 579 0.7782
14630.0000 744 580 0.7796
14630.6000 744 581 0.7809
14639.0000 745 581 0.7799
14655.0000 746 581 0.7788
14657.4000 746 582 0.7802
14663.1000 746 583 0.7815
14676.0000 747 583 0.7805
14696.0000 748 583 0.7794
14701.7000 748 584 0.7807
14718.0000 749 584 0.7797
14723.2000 749 585 0.7810
14736.0000 750 585 0.7800
14746.0000 750 586 0.7813
14753.9000 750 587 0.7827
14756.0000 751 587 0.7816
14772.8000 751 588 0.7830
14773.0000 752 588 0.7819
14790.0000 753 588 0.7809
14809.0000 754 588 0.7798
14830.5000 754 589 0.7812
14831.0000 755 589 0.7801
14847.9000 755 590 0.7815
14848.0000 756 590 0.7804
14867.0000 757 590 0.7794
14889.0000 758 590 0.7784
14905.0000 759 590 0.7773
14915.3000 759 591 0.7787
14921.8000 759 592 0.7800
14927.0000 760 592 0.7789
14942.0000 761 592 0.7779
14958.9000 761 593 0.7792
14959.9000 761 594 0.7806
14961.0000 762 594 0.7795
14962.1000 762 595 0.7808
14976.2000 762 596 0.7822
14984.0000 763 596 0.7811
14999.0000 764 596 0.7801
15001.4000 764 597 0.7814
15002.1000 764 598 0.7827
15021.0000 765 598 0.7817
15036.9000 765 599 0.7830
15039.7000 765 600 0.7843
15041.0000 766 600 0.7833
15058.0000 767 600 0.7823
15073.7000 767 601 0.7836
15074.0000 768 601 0.7826
15093.0000 769 601 0.7815
15114.0000 770 601 0.7805
15125.1000 770 602 0.7818
15132.0000 771 602 0.7808
15149.0000 772 602 0.7798
15159.2000 772 603 0.7811
15170.3000 772 604 0.7824
15172.0000 773 604 0.7814
15190.0000 774 604 0.7804
15212.0000 775 604 0.7794
15225.0000 775 605 0.7806
15235.0000 776 605 0.7796
15244.2000 776 606 0.7809
15256.0000 777 606 0.7799
15257.4000 777 607 0.7812
15273.9000 777 608 0.7825
15274.9000 777 609 0.7838
15280.0000 778 609 0.7828
15290.0000 778 610 0.7841
15297.0000 779 610 0.7831
15318.0000 780 610 0.7821
15336.0000 781 610 0.7810
15360.0000 782 610 0.7801
15381.0000 783 610 0.7791
15395.7000 783 611 0.7803
15399.0000 784 611 0.7793
15419.0000 785 611 0.7783
15439.2000 785 612 0.7796
15441.0000 786 612 0.7786
15442.1000 786 613 0.7799
15465.0000 787 613 0.7789
15482.0000 788 613 0.7779
15499.7000 788 614 0.7792
15504.0000 789 614 0.7782
15526.0000 790 614 0.7772
15537.9000 790 615 0.7785
15538.7000 790 616 0.7797
15539.5000 790 617 0.7810
15547.0000 791 617 0.7800
15569.0000 792 617 0.7790
15591.0000 793 617 0.7781
15615.0000 794 617 0.7771
15632.0000 795 617 0.7761
15640.2000 795 618 0.7774
15651.0000 796 618 0.7764
15666.0000 797 618 0.7754
15679.6000 797 619 0.7767
15684.0000 798 619 0.7757
15708.0000 799 619 0.7747
15724.0000 800 619 0.7738
15745.3000 800 620 0.7750
15746.0000 801 620 0.7740
15755.2000 801 621 0.7753
15761.5000 801 622 0.7765
15764.0000 802 622 0.7756
15772.1000 802 623 0.7768
15780.2000 802 624 0.7781
15782.0000 803 624 0.7771
15793.3000 803 625 0.7783
15795.4000 803 626 0.7796
15799.0000 804 626 0.7786
15808.1000 804 627 0.7799
15815.0000 805 627 0.7789
15817.2000 805 628 0.7801
15838.0000 806 628 0.7792
15854.0000 807 628 0.7782
15873.0000 808 628 0.7772
15880.0000 808 629 0.7785
15891.0000 808 630 0.7797
15894.0000 809 630 0.7787
15909.0000 810 630 0.7778
15922.7000 810 631 0.7790
15927.0000 811 631 0.7781
15948.0000 812 631 0.7771
15953.1000 812 632 0.7783
15956.3000 812 633 0.7796
15967.0000 813 633 0.7786
15981.4000 813 634 0.7798
15990.0000 814 634 0.7789
16004.6000 814 635 0.7801
16006.3000 814 636 0.7813
16010.0000 815 636 0.7804
16019.2000 815 637 0.7816
16027.0000 816 637 0.7806
16039.8000 816 638 0.7819
16042.0000 817 638 0.7809
16048.6000 817 639 0.7821
16060.9000 817 640 0.7834
16061.0000 818 640 0.7824
16064.0000 818 641 0.7836
16065.1000 818 642 0.7848
16080.0000 819 642 0.7839
16104.0000 820 642 0.7829
16124.0000 821 642 0.7820
16127.8000 821 643 0.7832
16139.0000 822 643 0.7822
16155.0000 823 643 0.7813
16175.0000 824 643 0.7803
16196.0000 825 643 0.7794
16212.0000 826 643 0.7785
16220.0000 826 644 0.7797
16230.0000 827 644 0.7787
16232.1000 827 645 0.7799
16245.0000 828 645 0.7790
16250.6000 828 646 0.7802
16251.0000 828 647 0.7814
16261.0000 829 647 0.7805
16281.0000 830 647 0.7795
16295.8000 830 648 0.7807
16301.0000 831 648 0.7798
16305.1000 831 649 0.7810
16322.0000 832 649 0.7800
16332.6000 832 650 0.7813
16333.8000 832 651 0.7825
16338.0000 833 651 0.7815
16349.0000 833 652 0.7827
16357.0000 834 652 0.7818
16380.0000 835 652 0.7808
16390.3000 835 653 0.7820
16399.0000 836 653 0.7811
16410.7000 836 654 0.7823
16416.0000 837 654 0.7814
16433.0000 838 654 0.7804
16455.0000 839 654 0.7795
16479.0000 840 654 0.7786
16503.0000 841 654 0.7776
16520.1000 841 655 0.7788
16526.0000 842 655 0.7779
16543.7000 842 656 0.7791
16547.0000 843 656 0.7782
16568.0000 844 656 0.7773
16589.0000 845 656 0.7763
16606.0000 845 657 0.7775
16610.0000 846 657 0.7766
16628.0000 847 657 0.7757
16628.2000 847 658 0.7769
16646.0000 848 658 0.7759
16662.0000 849 658 0.7750
16666.9000 849 659 0.7762
16682.0000 850 659 0.7753
16699.0000 851 659 0.7744
16721.7000 851 660 0.7756
16723.0000 852 660 0.7746
16745.0000 853 660 0.7737
16760.0000 854 660 0.7728
16783.0000 855 660 0.7719
16800.0000 856 660 0.7710
16802.4000 856 661 0.7722
16818.0000 857 661 0.7713
16835.0000 858 661 0.7704
16850.9000 858 662 0.7716
16852.0000 858 663 0.7727
16852.1000 858 664 0.7739
16858.0000 859 664 0.7730
16881.0000 860 664 0.7721
16897.9000 860 665 0.7733
16901.0000 861 665 0.7724
16902.8000 861 666 0.7735
16917.0000 862 666 0.7726
16930.8000 862 667 0.7738
16932.7000 862 668 0.7749
16935.0000 863 668 0.7740
16937.4000 863 669 0.7752
16959.0000 864 669 0.7743
16980.0000 865 669 0.7734
16988.1000 865 670 0.7746
16997.0000 866 670 0.7737
17021.0000 867 670 0.7728
17040.0000 868 670 0.7719
17063.0000 869 670 0.7710
17082.0000 870 670 0.7701
17105.0000 871 670 0.7692
17119.1000 871 671 0.7704
17126.0000 872 671 0.7695
17135.1000 872 672 0.7706
17143.0000 873 672 0.7698
17152.2000 873 673 0.7709
17152.7000 873 674 0.7721
17162.0000 874 674 0.7712
17181.0000 875 674 0.7703
17202.0000 876 674 0.7694
17223.7000 876 675 0.7705
17225.0000 877 675 0.7697
17238.1000 877 676 0.7708
17240.0000 878 676 0.7699
17259.0000 879 676 0.7691
17278.0000 880 676 0.7682
17279.7000 880 677 0.7693
17299.0000 881 677 0.7684
17318.0000 882 677 0.7676
17336.0000 883 677 0.7667
17338.6000 883 678 0.7678
17343.6000 883 679 0.7690
17353.0000 884 679 0.7681
17354.6000 884 680 0.7692
17357.6000 884 681 0.7704
17365.7000 884 682 0.7715
17367.9000 884 683 0.7726
17368.8000 884 684 0.7738
17370.0000 885 684 0.7729
17371.3000 885 685 0.7740
17393.6000 885 686 0.7751
17394.0000 886 686 0.7743
17404.8000 886 687 0.7754
17416.0000 887 687 0.7745
17427.9000 887 688 0.7756
17439.0000 888 688 0.7748
17454.0000 889 688 0.7739
17469.2000 889 689 0.7750
17477.0000 890 689 0.7742
17497.0000 891 689 0.7733
17515.0000 892 689 0.7724
17526.5000 892 690 0.7735
17535.0000 893 690 0.7727
17547.1000 893 691 0.7738
17558.0000 894 691 0.7729
17574.0000 895 691 0.7721
17582.3000 895 692 0.7732
17598.0000 896 692 0.7723
17619.0000 897 692 0.7715
17632.9000 897 693 0.7726
17639.0000 898 693 0.7717
17654.0000 899 693 0.7709
17672.0000 900 693 0.7700
17682.8000 900 694 0.7711
17690.0000 901 694 0.7703
17710.0000 902 694 0.7694
17734.0000 903 694 0.7685
17751.0000 904 694 0.7677
17758.4000 904 695 0.7688
17759.1000 904 696 0.7699
17771.2000 904 697 0.7710
17773.8000 904 698 0.7721
17774.0000 905 698 0.7713
17785.2000 905 699 0.7724
17793.0000 906 699 0.7715
17808.0000 907 699 0.7707
17813.6000 907 700 0.7718
17816.7000 907 701 0.7729
17826.0000 908 701 0.7720
17835.5000 908 702 0.7731
17846.0000 909 702 0.7723
17864.0000 910 702 0.7714
17883.2000 910 703 0.7725
17884.0000 911 703 0.7717
17886.6000 911 704 0.7728
17899.0000 912 704 0.7719
17916.1000 912 705 0.7730
17917.0000 913 705 0.7722
17934.5000 913 706 0.7733
17934.7000 913 707 0.7744
17936.0000 914 707 0.7735
17942.6000 914 708 0.7746
17958.0000 915 708 0.7738
17976.0000 916 708 0.7729
17976.3000 916 709 0.7740
18000.0000 917 709 0.7732
18020.6000 917 710 0.7743
18021.0000 918 710 0.7734
18040.0000 919 710 0.7726
18057.4000 919 711 0.7737
18059.0000 920 711 0.7728
18077.0000 921 711 0.7720
18077.2000 921 712 0.7731
18087.1000 921 713 0.7742
18092.0000 922 713 0.7733
18097.7000 922 714 0.7744
18109.3000 922 715 0.7755
18112.1000 922 716 0.7766
18113.0000 923 716 0.7757
18124.5000 923 717 0.7768
18132.0000 924 717 0.7760
18140.6000 924 718 0.7771
18147.7000 924 719 0.7781
18148.6000 924 720 0.7792
18153.3000 924 721 0.7803
18155.0000 925 721 0.7795
18170.8000 925 722 0.7805
18171.2000 925 723 0.7816
18177.0000 926 723 0.7808
18190.3000 926 724 0.7819
18192.0000 927 724 0.7810
18206.3000 927 725 0.7821
18214.0000 928 725 0.7813
18221.6000 928 726 0.7823
18225.3000 928 727 0.7834
18236.0000 929 727 0.7826
18259.0000 930 727 0.7817
18275.0000 931 727 0.7809
18298.0000 932 727 0.7800
18316.7000 932 728 0.7811
18321.0000 933 728 0.7803
18340.0000 934 728 0.7794
18342.8000 934 729 0.7805
18353.1000 934 730 0.7816
18364.0000 935 730 0.7807
18383.0000 936 730 0.7799
18402.0000 937 730 0.7791
18425.0000 938 730 0.7783
18446.6000 938 731 0.7793
18449.0000 939 731 0.7785
18461.5000 939 732 0.7796
18472.7000 939 733 0.7806
18473.0000 940 733 0.7798
18474.4000 940 734 0.7809
18474.9000 940 735 0.7819
18488.0000 941 735 0.7811
18512.0000 942 735 0.7803
18517.2000 942 736 0.7813
18534.0000 943 736 0.7805
18536.1000 943 737 0.7815
18549.0000 944 737 0.7807
18570.0000 945 737 0.7799
18590.0000 946 737 0.7791
18593.2000 946 738 0.7801
18613.0000 947 738 0.7793
18626.0000 947 739 0.7804
18629.1000 947 740 0.7814
18632.0000 948 740 0.7806
18649.6000 948 741 0.7816
18653.0000 949 741 0.7808
18677.0000 950 741 0.7800
18696.0000 951 741 0.7792
18704.5000 951 742 0.7802
18715.0000 952 742 0.7794
18729.9000 952 743 0.7805
18738.0000 953 743 0.7796
18753.0000 954 743 0.7788
18768.0000 955 743 0.7780
18784.0000 955 744 0.7791
18786.0000 956 744 0.7782
18792.1000 956 745 0.7793
18799.2000 956 746 0.7803
18809.0000 957 746 0.7795
18828.0000 958 746 0.7787
18841.2000 958 747 0.7797
18845.0000 959 747 0.7789
18862.0000 960 747 0.7781
18884.0000 961 747 0.7773
18893.7000 961 748 0.7784
18894.5000 961 749 0.7794
18899.0000 962 749 0.7786
18922.0000 963 749 0.7778
18939.0000 964 749 0.7770
18952.3000 964 750 0.7780
18956.0000 965 750 0.7772
18964.9000 965 751 0.7782
18973.8000 965 752 0.7793
18977.0000 966 752 0.7785
18990.3000 966 753 0.7795
18990.8000 966 754 0.7805
18993.0000 967 754 0.7797
19015.0000 968 754 0.7789
19020.5000 968 755 0.7800
19037.0000 969 755 0.7792
19038.4000 969 756 0.7802
19055.0000 970 756 0.7794
19072.0000 971 756 0.7786
19087.0000 972 756 0.7778
19095.5000 972 757 0.7788
19097.1000 972 758 0.7798
19108.0000 973 758 0.7790
19129.0000 974 758 0.7782
19151.0000 975 758 0.7774
19154.3000 975 759 0.7785
19161.8000 975 760 0.7795
19173.0000 976 760 0.7787
19192.0000 977 760 0.7779
19193.6000 977 761 0.7789
19211.0000 978 761 0.7781
19217.5000 978 762 0.7791
19231.0000 979 762 0.7783
19236.7000 979 763 0.7794
19244.1000 979 764 0.7804
19253.8000 979 765 0.7814
19254.0000 980 765 0.7806
19258.7000 980 766 0.7816
19277.0000 981 766 0.7808
19300.0000 981 767 0.7819
19301.0000 982 767 0.7811
19307.5000 982 768 0.7821
19313.4000 982 769 0.7831
19316.0000 983 769 0.7823
19340.0000 984 769 0.7815
19355.0000 985 769 0.7807
19373.0000 986 769 0.7799
19374.5000 986 770 0.7809
19391.0000 987 770 0.7801
19403.7000 987 771 0.7812
19406.0000 988 771 0.7804
19418.6000 988 772 0.7814
19423.0000 989 772 0.7806
19438.5000 989 773 0.7816
19439.0000 990 773 0.7808
19455.0000 991 773 0.7800
19479.0000 992 773 0.7792
19497.0000 993 773 0.7784
19502.9000 993 774 0.7795
19518.9000 993 775 0.7805
19521.0000 994 775 0.7797
19531.4000 994 776 0.7807
19542.0000 995 776 0.7799
19547.1000 995 777 0.7809
19559.2000 995 778 0.7819
19565.0000 996 778 0.7811
19586.0000 997 778 0.7803
19601.0000 998 778 0.7796
19621.8000 998 779 0.7806
19622.0000 999 779 0.7798
19623.5000 999 780 0.7808
19641.0000 1000 780 0.7800
19660.0000 1001 780 0.7792
19669.0000 1001 781 0.7802
19677.0000 1002 781 0.7794
19692.0000 1003 781 0.7787
19702.7000 1003 782 0.7797
19716.0000 1004 782 0.7789
19727.5000 1004 783 0.7799
19739.0000 1005 783 0.7791
19755.0000 1006 783 0.7783
19770.0000 1007 783 0.7776
19783.1000 1007 784 0.7786
19783.2000 1007 785 0.7795
19783.7000 1007 786 0.7805
19792.0000 1008 786 0.7798
19815.0000 1009 786 0.7790
19816.1000 1009 787 0.7800
19826.4000 1009 788 0.7810
19826.5000 1009 789 0.7820
19828.3000 1009 790 0.7830
19833.0000 1010 790 0.7822
19848.3000 1010 791 0.7832
19848.4000 1010 792 0.7842
19852.0000 1011 792 0.7834
19872.9000 1011 793 0.7844
19876.0000 1012 793 0.7836
19891.0000 1013 793 0.7828
19894.8000 1013 794 0.7838
19908.0000 1014 794 0.7830
19924.9000 1014 795 0.7840
19932.0000 1015 795 0.7833
19956.0000 1016 795 0.7825
19968.8000 1016 796 0.7835
19970.9000 1016 797 0.7844
19973.1000 1016 798 0.7854
19975.0000 1016 799 0.7864
19976.0000 1017 799 0.7856
19987.9000 1017 800 0.7866
19996.6000 1017 801 0.7876
19998.0000 1018 801 0.7868
20019.0000 1019 801 0.7861
20027.8000 1019 802 0.7870
20034.0000 1020 802 0.7863
20039.7000 1020 803 0.7873
20041.7000 1020 804 0.7882
20053.8000 1020 805 0.7892
20054.9000 1020 806 0.7902
20057.0000 1021 806 0.7894
20075.0000 1022 806 0.7886
20094.0000 1023 806 0.7879
20095.2000 1023 807 0.7889
20118.0000 1024 807 0.7881
20132.1000 1024 808 0.7891
20135.0000 1025 808 0.7883
20136.9000 1025 809 0.7893
20141.0000 1025 810 0.7902
20157.0000 1026 810 0.7895
20167.4000 1026 811 0.7904
20178.6000 1026 812 0.7914
20179.0000 1027 812 0.7907
20179.8000 1027 813 0.7916
20184.0000 1027 814 0.7926
20196.4000 1027 815 0.7936
20197.0000 1028 815 0.7928
20199.1000 1028 816 0.7938
20204.0000 1028 817 0.7947
20204.5000 1028 818 0.7957
20221.0000 1029 818 0.7949
20237.0000 1030 818 0.7942
20243.4000 1030 819 0.7951
20259.0000 1031 819 0.7944
20276.0000 1032 819 0.7936
20293.0000 1033 819 0.7928
20307.6000 1033 820 0.7938
20308.0000 1034 820 0.7930
20309.4000 1034 821 0.7940
20327.0000 1035 821 0.7932
20336.5000 1035 822 0.7942
20345.9000 1035 823 0.7952
20349.5000 1035 824 0.7961
20350.0000 1036 824 0.7954
20350.7000 1036 825 0.7963
20366.0000 1037 825 0.7956
20372.7000 1037 826 0.7965
20373.6000 1037 827 0.7975
20385.0000 1038 827 0.7967
20401.0000 1039 827 0.7960
20401.6000 1039 828 0.7969
20421.0000 1040 828 0.7962
20427.1000 1040 829 0.7971
20428.5000 1040 830 0.7981
20437.0000 1041 830 0.7973
20461.0000 1042 830 0.7965
20477.3000 1042 831 0.7975
20485.0000 1043 831 0.7967
20504.8000 1043 832 0.7977
20508.0000 1044 832 0.7969
20532.0000 1045 832 0.7962
20533.4000 1045 833 0.7971
20554.0000 1046 833 0.7964
20576.0000 1047 833 0.7956
20588.3000 1047 834 0.7966
20594.0000 1048 834 0.7958
20609.2000 1048 835 0.7968
20611.0000 1049 835 0.7960
20635.0000 1050 835 0.7952
20655.0000 1050 836 0.7962
20655.0000 1051 836 0.7954
20673.0000 1052 836 0.7947
20691.0000 1053 836 0.7939
20706.0000 1054 836 0.7932
20724.0000 1055 836 0.7924
20734.8000 1055 837 0.7934
20744.0000 1056 837 0.7926
20745.0000 1056 838 0.7936
20746.4000 1056 839 0.7945
20753.9000 1056 840 0.7955
20756.1000 1056 841 0.7964
20756.8000 1056 842 0.7973
20766.0000 1056 843 0.7983
20766.0000 1057 843 0.7975
20776.2000 1057 844 0.7985
20782.0000 1058 844 0.7977
20797.6000 1058 845 0.7987
20800.0000 1059 845 0.7979
20801.3000 1059 846 0.7989
20817.3000 1059 847 0.7998
20821.0000 1060 847 0.7991
20840.9000 1060 848 0.8000
20842.1000 1060 849 0.8009
20844.0000 1061 849 0.8002
20855.4000 1061 850 0.8011
20855.6000 1061 851 0.8021
20857.6000 1061 852 0.8030
20864.0000 1062 852 0.8023
20887.1000 1062 853 0.8032
20888.0000 1063 853 0.8024
20889.0000 1063 854 0.8034
20911.0000 1064 854 0.8026
20931.0000 1065 854 0.8019
20952.0000 1066 854 0.8011
20955.8000 1066 855 0.8021
20965.5000 1066 856 0.8030
20968.0000 1067 856 0.8022
20968.5000 1067 857 0.8032
20980.0000 1067 858 0.8041
20982.3000 1067 859 0.8051
20987.6000 1067 860 0.8060
20990.0000 1068 860 0.8052
21007.0000 1069 860 0.8045
21008.6000 1069 861 0.8054
21031.0000 1070 861 0.8047
21034.6000 1070 862 0.8056
21055.0000 1071 862 0.8049
21067.1000 1071 863 0.8058
21068.2000 1071 864 0.8067
21068.2000 1071 865 0.8077
21077.0000 1072 865 0.8069
21078.1000 1072 866 0.8078
21092.0000 1073 866 0.8071
21097.4000 1073 867 0.8080
21116.0000 1074 867 0.8073
21127.7000 1074 868 0.8082
21132.0000 1075 868 0.8074
21138.4000 1075 869 0.8084
21148.0000 1076 869 0.8076
21166.0000 1077 869 0.8069
21169.4000 1077 870 0.8078
21182.5000 1077 871 0.8087
21184.0000 1078 871 0.8080
21189.3000 1078 872 0.8089
21189.4000 1078 873 0.8098
21190.0000 1078 874 0.8108
21204.0000 1079 874 0.8100
21223.0000 1080 874 0.8093
21225.8000 1080 875 0.8102
21235.3000 1080 876 0.8111
21239.3000 1080 877 0.8120
21247.0000 1081 877 0.8113
21271.0000 1082 877 0.8105
21292.0000 1083 877 0.8098
21309.0000 1084 877 0.8090
21319.5000 1084 878 0.8100
21327.0000 1085 878 0.8092
21331.3000 1085 879 0.8101
21332.7000 1085 880 0.8111
21334.3000 1085 881 0.8120
21350.8000 1085 882 0.8129
21351.0000 1086 882 0.8122
21352.7000 1086 883 0.8131
21353.7000 1086 884 0.8140
21355.6000 1086 885 0.8149
21367.7000 1086 886 0.8158
21368.0000 1087 886 0.8151
21369.9000 1087 887 0.8160
21372.8000 1087 888 0.8169
21373.4000 1087 889 0.8178
21374.2000 1087 890 0.8188
21387.0000 1088 890 0.8180
21389.5000 1088 891 0.8189
21407.0000 1089 891 0.8182
21424.0000 1090 891 0.8174
21444.0000 1091 891 0.8167
21445.0000 1091 892 0.8176
21459.5000 1091 893 0.8185
21460.9000 1091 894 0.8194
21463.0000 1092 894 0.8187
21475.2000 1092 895 0.8196
21483.0000 1093 895 0.8188
21505.0000 1094 895 0.8181
21507.0000 1094 896 0.8190
21523.0000 1095 896 0.8183
21539.0000 1096 896 0.8175
21556.0000 1097 896 0.8168
21575.0000 1097 897 0.8177
21577.0000 1098 897 0.8169
21599.0000 1099 897 0.8162
21615.0000 1100 897 0.8155
21632.0000 1101 897 0.8147
21648.0000 1102 897 0.8140
21651.4000 1102 898 0.8149
21665.0000 1103 898 0.8141
21665.4000 1103 899 0.8150
21666.7000 1103 900 0.8160
21689.0000 1104 900 0.8152
21695.2000 1104 901 0.8161
21707.0000 1105 901 0.8154
21713.3000 1105 902 0.8163
21721.2000 1105 903 0.8172
21731.0000 1106 903 0.8165
21740.1000 1106 904 0.8174
21741.0000 1106 905 0.8183
21755.0000 1107 905 0.8175
21755.7000 1107 906 0.8184
21769.5000 1107 907 0.8193
21772.2000 1107 908 0.8202
21777.0000 1108 908 0.8195
21794.0000 1109 908 0.8188
21814.0000 1109 909 0.8197
21818.0000 1110 909 0.8189
21837.0000 1111 909 0.8182
21860.0000 1112 909 0.8174
21861.0000 1112 910 0.8183
21861.6000 1112 911 0.8192
21883.0000 1113 911 0.8185
21897.8000 1113 912 0.8194
21898.0000 1114 912 0.8187
21901.2000 1114 913 0.8196
21916.0000 1115 913 0.8188
21923.1000 1115 914 0.8197
21939.0000 1116 914 0.8190
21949.4000 1116 915 0.8199
21952.6000 1116 916 0.8208
21960.0000 1117 916 0.8201
21971.6000 1117 917 0.8209
21976.0000 1118 917 0.8202
21985.3000 1118 918 0.8211
21993.9000 1118 919 0.8220
21999.0000 1119 919 0.8213
22018.1000 1119 920 0.8222
22022.0000 1120 920 0.8214
22024.8000 1120 921 0.8223
22041.0000 1121 921 0.8216
22052.4000 1121 922 0.8225
22061.0000 1122 922 0.8217
22078.0000 1123 922 0.8210
22079.3000 1123 923 0.8219
22101.0000 1124 923 0.8212
22106.6000 1124 924 0.8221
22121.0000 1125 924 0.8213
22124.3000 1125 925 0.8222
22140.0000 1126 925 0.8215
22143.1000 1126 926 0.8224
22152.1000 1126 927 0.8233
22159.0000 1127 927 0.8225
22165.8000 1127 928 0.8234
22183.0000 1128 928 0.8227
22199.0000 1129 928 0.8220
22212.7000 1129 929 0.8229
22213.1000 1129 930 0.8237
22218.0000 1130 930 0.8230
22228.1000 1130 931 0.8239
22234.9000 1130 932 0.8248
22242.0000 1131 932 0.8240
22263.0000 1132 932 0.8233
22264.8000 1132 933 0.8242
22281.0000 1133 933 0.8235
22286.9000 1133 934 0.8244
22291.8000 1133 935 0.8252
22304.0000 1134 935 0.8245
22310.8000 1134 936 0.8254
22321.2000 1134 937 0.8263
22322.0000 1135 937 0.8256
22335.9000 1135 938 0.8264
22346.0000 1136 938 0.8257
22363.0000 1137 938 0.8250
22385.0000 1138 938 0.8243
22400.2000 1138 939 0.8251
22405.0000 1139 939 0.8244
22420.0000 1140 939 0.8237
22431.4000 1140 940 0.8246
22444.0000 1141 940 0.8238
22445.7000 1141 941 0.8247
22464.0000 1142 941 0.8240
22482.0000 1143 941 0.8233
22492.6000 1143 942 0.8241
22500.0000 1144 942 0.8234
22521.0000 1145 942 0.8227
22543.6000 1145 943 0.8236
22544.0000 1146 943 0.8229
22546.3000 1146 944 0.8237
22560.0000 1147 944 0.8230
22571.5000 1147 945 0.8239
22574.7000 1147 946 0.8248
22578.0000 1148 946 0.8240
22595.0000 1149 946 0.8233
22613.0000 1150 946 0.8226
22628.0000 1151 946 0.8219
22644.9000 1151 947 0.8228
22648.0000 1152 947 0.8220
22660.7000 1152 948 0.8229
22666.0000 1153 948 0.8222
22668.3000 1153 949 0.8231
22677.3000 1153 950 0.8239
22679.8000 1153 951 0.8248
22682.0000 1154 951 0.8241
22691.8000 1154 952 0.8250
22698.0000 1155 952 0.8242
22713.0000 1156 952 0.8235
22717.4000 1156 953 0.8244
22735.0000 1157 953 0.8237
22744.0000 1157 954 0.8245
22751.7000 1157 955 0.8254
22755.8000 1157 956 0.8263
22758.0000 1158 956 0.8256
22771.2000 1158 957 0.8264
22779.0000 1159 957 0.8257
22781.5000 1159 958 0.8266
22781.6000 1159 959 0.8274
22799.0000 1160 959 0.8267
22802.8000 1160 960 0.8276
22807.4000 1160 961 0.8284
22809.4000 1160 962 0.8293
22820.0000 1161 962 0.8286
22824.1000 1161 963 0.8295
22835.0000 1162 963 0.8287
22850.0000 1163 963 0.8280
22860.3000 1163 964 0.8289
22869.0000 1164 964 0.8282
22891.0000 1165 964 0.8275
22912.1000 1165 965 0.8283
22913.0000 1166 965 0.8276
22914.7000 1166 966 0.8285
22916.0000 1166 967 0.8293
22916.7000 1166 968 0.8302
22926.4000 1166 969 0.8310
22931.0000 1167 969 0.8303
22954.0000 1168 969 0.8296
22971.0000 1169 969 0.8289
22978.7000 1169 970 0.8298
22991.0000 1170 970 0.8291
23007.0000 1171 970 0.8284
23031.0000 1172 970 0.8276
23039.3000 1172 971 0.8285
23047.0000 1173 971 0.8278
23047.9000 1173 972 0.8286
23049.3000 1173 973 0.8295
23052.4000 1173 974 0.8303
23070.0000 1174 974 0.8296
23085.0000 1175 974 0.8289
23106.0000 1176 974 0.8282
23114.0000 1176 975 0.8291
23122.5000 1176 976 0.8299
23127.0000 1177 976 0.8292
23142.0000 1177 977 0.8301
23149.0000 1178 977 0.8294
23165.0000 1179 977 0.8287
23179.9000 1179 978 0.8295
23180.0000 1180 978 0.8288
23183.0000 1180 979 0.8297
23183.5000 1180 980 0.8305
23185.0000 1180 981 0.8314
23187.7000 1180 982 0.8322
23198.0000 1181 982 0.8315
23214.0000 1182 982 0.8308
23238.0000 1183 982 0.8301
23252.6000 1183 983 0.8309
23258.0000 1184 983 0.8302
23280.0000 1185 983 0.8295
23295.0000 1186 983 0.8288
23303.3000 1186 984 0.8297
23304.8000 1186 985 0.8305
23306.9000 1186 986 0.8314
23319.0000 1187 986 0.8307
23339.0000 1188 986 0.8300
23360.0000 1189 986 0.8293
23377.0000 1190 986 0.8286
23393.0000 1191 986 0.8279
23409.0000 1192 986 0.8272
23428.0000 1193 986 0.8265
23430.5000 1193 987 0.8273
23435.6000 1193 988 0.8282
23445.0000 1194 988 0.8275
23463.8000 1194 989 0.8283
23464.0000 1195 989 0.8276
23466.7000 1195 990 0.8285
23482.0000 1196 990 0.8278
23498.0000 1197 990 0.8271
23499.9000 1197 991 0.8279
23504.5000 1197 992 0.8287
23507.8000 1197 993 0.8296
23516.0000 1198 993 0.8289
23532.0000 1199 993 0.8282
23547.0000 1200 993 0.8275
23558.7000 1200 994 0.8283
23565.9000 1200 995 0.8292
23567.0000 1200 996 0.8300
23568.0000 1201 996 0.8293
23589.0000 1202 996 0.8286
23603.9000 1202 997 0.8295
23613.0000 1203 997 0.8288
23629.0000 1204 997 0.8281
23647.0000 1205 997 0.8274
23653.6000 1205 998 0.8282
23662.0000 1206 998 0.8275
23678.4000 1206 999 0.8284
23681.0000 1207 999 0.8277
23694.2000 1207 1000 0.8285
23702.0000 1208 1000 0.8278
23710.9000 1208 1001 0.8286
23713.1000 1208 1002 0.8295
23723.9000 1208 1003 0.8303
23726.0000 1209 1003 0.8296
23726.3000 1209 1004 0.8304
23735.3000 1209 1005 0.8313
23736.0000 1209 1006 0.8321
23741.0000 1210 1006 0.8314
23746.9000 1210 1007 0.8322
23757.0000 1210 1008 0.8331
23760.0000 1211 1008 0.8324
23771.5000 1211 1009 0.8332
23778.0000 1212 1009 0.8325
23782.4000 1212 1010 0.8333
23785.5000 1212 1011 0.8342
23798.0000 1213 1011 0.8335
23817.0000 1214 1011 0.8328
23823.0000 1214 1012 0.8336
23837.0000 1215 1012 0.8329
23843.7000 1215 1013 0.8337
23846.7000 1215 1014 0.8346
23859.0000 1216 1014 0.8339
23874.0000 1217 1014 0.8332
23895.0000 1218 1014 0.8325
23907.6000 1218 1015 0.8333
23909.0000 1218 1016 0.8342
23916.0000 1219 1016 0.8335
23937.0000 1220 1016 0.8328
23961.0000 1221 1016 0.8321
23978.4000 1221 1017 0.8329
23981.0000 1222 1017 0.8322
23985.1000 1222 1018 0.8331
24004.0000 1223 1018 0.8324
24016.0000 1223 1019 0.8332
24018.5000 1223 1020 0.8340
24026.0000 1224 1020 0.8333
24035.7000 1224 1021 0.8342
24037.4000 1224 1022 0.8350
24043.0000 1225 1022 0.8343
24046.5000 1225 1023 0.8351
24062.0000 1226 1023 0.8344
24077.5000 1226 1024 0.8352
24079.0000 1227 1024 0.8346
24095.0000 1228 1024 0.8339
24110.0000 1229 1024 0.8332
24134.0000 1230 1024 0.8325
24151.7000 1230 1025 0.8333
24153.1000 1230 1026 0.8341
24157.0000 1231 1026 0.8335
24179.0000 1232 1026 0.8328
24196.3000 1232 1027 0.8336
24203.0000 1233 1027 0.8329
24222.0000 1234 1027 0.8323
24224.3000 1234 1028 0.8331
24225.8000 1234 1029 0.8339
24242.4000 1234 1030 0.8347
24245.0000 1235 1030 0.8340
24253.4000 1235 1031 0.8348
24254.9000 1235 1032 0.8356
24262.0000 1236 1032 0.8350
24271.3000 1236 1033 0.8358
24286.0000 1237 1033 0.8351
24293.0000 1237 1034 0.8359
24305.0000 1238 1034 0.8352
24326.0000 1239 1034 0.8345
24334.4000 1239 1035 0.8354
24349.0000 1240 1035 0.8347
24361.5000 1240 1036 0.8355
24364.6000 1240 1037 0.8363
24368.0000 1241 1037 0.8356
24379.5000 1241 1038 0.8364
24380.6000 1241 1039 0.8372
24383.0000 1242 1039 0.8366
24407.0000 1243 1039 0.8359
24423.1000 1243 1040 0.8367
24427.0000 1244 1040 0.8360
24445.2000 1244 1041 0.8368
24447.0000 1245 1041 0.8361
24468.0000 1246 1041 0.8355
24468.8000 1246 1042 0.8363
24473.7000 1246 1043 0.8371
24483.1000 1246 1044 0.8379
24490.0000 1247 1044 0.8372
24490.3000 1247 1045 0.8380
24493.5000 1247 1046 0.8388
24495.4000 1247 1047 0.8396
24514.0000 1248 1047 0.8389
24530.0000 1249 1047 0.8383
24536.4000 1249 1048 0.8391
24550.1000 1249 1049 0.8399
24552.8000 1249 1050 0.8407
24553.0000 1250 1050 0.8400
24568.0000 1251 1050 0.8393
24591.0000 1252 1050 0.8387
24605.9000 1252 1051 0.8395
24607.0000 1253 1051 0.8388
24624.0000 1254 1051 0.8381
24641.0000 1255 1051 0.8375
24652.9000 1255 1052 0.8382
24653.7000 1255 1053 0.8390
24656.0000 1256 1053 0.8384
24662.2000 1256 1054 0.8392
24677.0000 1257 1054 0.8385
24693.0000 1258 1054 0.8378
24702.5000 1258 1055 0.8386
24712.0000 1259 1055 0.8380
24736.0000 1260 1055 0.8373
24751.0000 1261 1055 0.8366
24752.6000 1261 1056 0.8374
24768.0000 1262 1056 0.8368
24773.9000 1262 1057 0.8376
24777.3000 1262 1058 0.8384
24780.2000 1262 1059 0.8391
24790.0000 1263 1059 0.8385
24809.0000 1264 1059 0.8378
24824.0000 1265 1059 0.8372
24828.3000 1265 1060 0.8379
24844.0000 1266 1060 0.8373
24867.0000 1267 1060 0.8366
24870.4000 1267 1061 0.8374
24883.0000 1268 1061 0.8368
24894.8000 1268 1062 0.8375
24903.8000 1268 1063 0.8383
24905.0000 1268 1064 0.8391
24906.0000 1269 1064 0.8385
24921.0000 1270 1064 0.8378
24945.0000 1271 1064 0.8371
24963.0000 1272 1064 0.8365
24980.0000 1273 1064 0.8358
24999.0000 1274 1064 0.8352
25007.3000 1274 1065 0.8359
25015.0000 1275 1065 0.8353
25023.3000 1275 1066 0.8361
25029.2000 1275 1067 0.8369
25034.0000 1276 1067 0.8362
25055.0000 1277 1067 0.8356
25067.9000 1277 1068 0.8363
25074.0000 1278 1068 0.8357
25078.3000 1278 1069 0.8365
25094.7000 1278 1070 0.8372
25095.0000 1279 1070 0.8366
25106.8000 1279 1071 0.8374
25107.0000 1279 1072 0.8382
25116.1000 1279 1073 0.8389
25119.0000 1280 1073 0.8383
25130.1000 1280 1074 0.8391
25138.0000 1281 1074 0.8384
25148.0000 1281 1075 0.8392
25162.0000 1282 1075 0.8385
25169.4000 1282 1076 0.8393
25183.0000 1283 1076 0.8387
