# time  created  delivered  delivered/created
22.0000 1 0 0.0000
38.0000 2 0 0.0000
54.0000 3 0 0.0000
72.0000 4 0 0.0000
94.0000 5 0 0.0000
110.0000 6 0 0.0000
133.0000 7 0 0.0000
153.0000 8 0 0.0000
175.0000 9 0 0.0000
191.0000 10 0 0.0000
210.0000 11 0 0.0000
225.0000 12 0 0.0000
249.0000 13 0 0.0000
265.0000 14 0 0.0000
281.0000 15 0 0.0000
304.0000 16 0 0.0000
328.0000 17 0 0.0000
343.0000 18 0 0.0000
367.0000 19 0 0.0000
382.0000 20 0 0.0000
399.0000 21 0 0.0000
420.0000 22 0 0.0000
439.0000 23 0 0.0000
458.0000 24 0 0.0000
480.0000 25 0 0.0000
497.0000 26 0 0.0000
515.0000 27 0 0.0000
538.0000 28 0 0.0000
562.0000 29 0 0.0000
581.0000 30 0 0.0000
583.9000 30 1 0.0333
603.0000 31 1 0.0323
625.0000 32 1 0.0313
641.2000 32 2 0.0625
646.0000 33 2 0.0606
661.6000 33 3 0.0909
667.0000 34 3 0.0882
685.0000 35 3 0.0857
691.0000 35 4 0.1143
700.0000 36 4 0.1111
715.2000 36 5 0.1389
722.0000 37 5 0.1351
741.0000 38 5 0.1316
764.0000 39 5 0.1282
784.0000 40 5 0.1250
786.4000 40 6 0.1500
806.0000 41 6 0.1463
829.0000 42 6 0.1429
851.0000 43 6 0.1395
873.0000 44 6 0.1364
895.0000 45 6 0.1333
904.9000 45 7 0.1556
918.0000 46 7 0.1522
941.0000 47 7 0.1489
957.0000 48 7 0.1458
975.0000 49 7 0.1429
998.0000 50 7 0.1400
1018.0000 51 7 0.1373
1040.0000 52 7 0.1346
1056.0000 53 7 0.1321
1077.0000 54 7 0.1296
1096.0000 55 7 0.1273
1117.0000 56 7 0.1250
1137.0000 57 7 0.1228
1159.0000 58 7 0.1207
1179.0000 59 7 0.1186
1195.2000 59 8 0.1356
1201.0000 60 8 0.1333
1216.0000 61 8 0.1311
1225.1000 61 9 0.1475
1226.1000 61 10 0.1639
1232.0000 62 10 0.1613
1251.0000 63 10 0.1587
1268.0000 64 10 0.1563
1287.0000 65 10 0.1538
1308.0000 66 10 0.1515
1327.0000 67 10 0.1493
1342.0000 68 10 0.1471
1364.0000 69 10 0.1449
1381.1000 69 11 0.1594
1388.0000 70 11 0.1571
1397.1000 70 12 0.1714
1407.0000 71 12 0.1690
1408.4000 71 13 0.1831
1422.0000 72 13 0.1806
1442.0000 73 13 0.1781
1464.0000 74 13 0.1757
1477.7000 74 14 0.1892
1479.0000 75 14 0.1867
1483.1000 75 15 0.2000
1500.0000 76 15 0.1974
1518.0000 77 15 0.1948
1542.0000 78 15 0.1923
1560.8000 78 16 0.2051
1562.0000 79 16 0.2025
1577.0000 80 16 0.2000
1600.0000 81 16 0.1975
1620.0000 82 16 0.1951
1637.0000 83 16 0.1928
1652.0000 84 16 0.1905
1673.0000 85 16 0.1882
1695.0000 86 16 0.1860
1706.4000 86 17 0.1977
1713.0000 87 17 0.1954
1736.2000 87 18 0.2069
1736.7000 87 19 0.2184
1737.0000 88 19 0.2159
1760.0000 89 19 0.2135
1768.1000 89 20 0.2247
1781.0000 90 20 0.2222
1804.0000 91 20 0.2198
1826.0000 92 20 0.2174
1849.0000 93 20 0.2151
1870.0000 94 20 0.2128
1880.0000 94 21 0.2234
1890.0000 95 21 0.2211
1911.0000 96 21 0.2188
1929.0000 97 21 0.2165
1948.0000 98 21 0.2143
1965.0000 99 21 0.2121
1980.0000 100 21 0.2100
2002.0000 101 21 0.2079
2024.0000 102 21 0.2059
2035.6000 102 22 0.2157
2041.0000 103 22 0.2136
2064.0000 104 22 0.2115
2080.0000 105 22 0.2095
2095.0000 106 22 0.2075
2112.7000 106 23 0.2170
2119.0000 107 23 0.2150
2139.0000 108 23 0.2130
2142.8000 108 24 0.2222
2161.0000 109 24 0.2202
2178.0000 110 24 0.2182
2195.4000 110 25 0.2273
2199.0000 111 25 0.2252
2217.0000 111 26 0.2342
2222.0000 112 26 0.2321
2240.0000 113 26 0.2301
2259.0000 114 26 0.2281
2275.0000 115 26 0.2261
2295.0000 116 26 0.2241
2314.0000 117 26 0.2222
2335.0000 118 26 0.2203
2354.0000 119 26 0.2185
2377.0000 120 26 0.2167
2396.0000 121 26 0.2149
2411.0000 122 26 0.2131
2412.0000 122 27 0.2213
2433.0000 123 27 0.2195
2452.0000 124 27 0.2177
2460.7000 124 28 0.2258
2474.0000 125 28 0.2240
2496.0000 126 28 0.2222
2511.0000 127 28 0.2205
2526.0000 128 28 0.2188
2546.0000 129 28 0.2171
2557.4000 129 29 0.2248
2563.0000 130 29 0.2231
2586.0000 131 29 0.2214
2601.0000 132 29 0.2197
2621.0000 133 29 0.2180
2640.8000 133 30 0.2256
2641.0000 134 30 0.2239
2662.0000 135 30 0.2222
2678.0000 136 30 0.2206
2689.6000 136 31 0.2279
2690.9000 136 32 0.2353
2693.0000 137 32 0.2336
2696.9000 137 33 0.2409
2716.0000 138 33 0.2391
2735.0000 139 33 0.2374
2741.3000 139 34 0.2446
2754.0000 140 34 0.2429
2771.0000 141 34 0.2411
2773.0000 141 35 0.2482
2788.0000 142 35 0.2465
2800.0000 142 36 0.2535
2807.0000 143 36 0.2517
2823.1000 143 37 0.2587
2831.0000 144 37 0.2569
2836.3000 144 38 0.2639
2853.0000 145 38 0.2621
2868.0000 146 38 0.2603
2891.0000 147 38 0.2585
2911.0000 148 38 0.2568
2926.0000 149 38 0.2550
2942.0000 150 38 0.2533
2947.3000 150 39 0.2600
2955.3000 150 40 0.2667
2962.0000 151 40 0.2649
2979.0000 152 40 0.2632
3003.0000 153 40 0.2614
3024.0000 154 40 0.2597
3040.0000 155 40 0.2581
3064.0000 156 40 0.2564
3086.0000 157 40 0.2548
3110.0000 158 40 0.2532
3129.0000 159 40 0.2516
3131.0000 159 41 0.2579
3147.0000 160 41 0.2563
3166.0000 161 41 0.2547
3190.0000 162 41 0.2531
3210.0000 163 41 0.2515
3225.0000 164 41 0.2500
3243.0000 165 41 0.2485
3260.0000 166 41 0.2470
3272.8000 166 42 0.2530
3283.0000 167 42 0.2515
3305.0000 168 42 0.2500
3321.0000 169 42 0.2485
3344.0000 170 42 0.2471
3364.5000 170 43 0.2529
3365.0000 171 43 0.2515
3385.0000 172 43 0.2500
3408.0000 173 43 0.2486
3423.8000 173 44 0.2543
3428.0000 174 44 0.2529
3449.0000 175 44 0.2514
3472.0000 176 44 0.2500
3488.0000 177 44 0.2486
3511.0000 178 44 0.2472
3535.0000 179 44 0.2458
3552.0000 180 44 0.2444
3566.8000 180 45 0.2500
3570.0000 181 45 0.2486
3575.8000 181 46 0.2541
3589.0000 182 46 0.2527
