# time  created  delivered  delivered/created
22.0000 1 0 0.0000
38.0000 2 0 0.0000
54.0000 3 0 0.0000
72.0000 4 0 0.0000
94.0000 5 0 0.0000
110.0000 6 0 0.0000
133.0000 7 0 0.0000
153.0000 8 0 0.0000
175.0000 9 0 0.0000
191.0000 10 0 0.0000
210.0000 11 0 0.0000
225.0000 12 0 0.0000
249.0000 13 0 0.0000
265.0000 14 0 0.0000
281.0000 15 0 0.0000
304.0000 16 0 0.0000
328.0000 17 0 0.0000
343.0000 18 0 0.0000
367.0000 19 0 0.0000
382.0000 20 0 0.0000
399.0000 21 0 0.0000
420.0000 22 0 0.0000
439.0000 23 0 0.0000
458.0000 24 0 0.0000
480.0000 25 0 0.0000
497.0000 26 0 0.0000
515.0000 27 0 0.0000
538.0000 28 0 0.0000
562.0000 29 0 0.0000
581.0000 30 0 0.0000
583.9000 30 1 0.0333
603.0000 31 1 0.0323
625.0000 32 1 0.0313
640.9000 32 2 0.0625
646.0000 33 2 0.0606
661.6000 33 3 0.0909
667.0000 34 3 0.0882
685.0000 35 3 0.0857
691.0000 35 4 0.1143
700.0000 36 4 0.1111
714.1000 36 5 0.1389
722.0000 37 5 0.1351
741.0000 38 5 0.1316
764.0000 39 5 0.1282
773.6000 39 6 0.1538
784.0000 40 6 0.1500
806.0000 41 6 0.1463
829.0000 42 6 0.1429
851.0000 43 6 0.1395
873.0000 44 6 0.1364
895.0000 45 6 0.1333
903.5000 45 7 0.1556
918.0000 46 7 0.1522
941.0000 47 7 0.1489
957.0000 48 7 0.1458
975.0000 49 7 0.1429
998.0000 50 7 0.1400
1018.0000 51 7 0.1373
1040.0000 52 7 0.1346
1056.0000 53 7 0.1321
1077.0000 54 7 0.1296
1096.0000 55 7 0.1273
1117.0000 56 7 0.1250
1137.0000 57 7 0.1228
1159.0000 58 7 0.1207
1179.0000 59 7 0.1186
1193.3000 59 8 0.1356
1201.0000 60 8 0.1333
1216.0000 61 8 0.1311
1225.1000 61 9 0.1475
1226.1000 61 10 0.1639
1232.0000 62 10 0.1613
1251.0000 63 10 0.1587
1268.0000 64 10 0.1563
1287.0000 65 10 0.1538
1308.0000 66 10 0.1515
1327.0000 67 10 0.1493
1342.0000 68 10 0.1471
1364.0000 69 10 0.1449
1381.7000 69 11 0.1594
1388.0000 70 11 0.1571
1397.1000 70 12 0.1714
1407.0000 71 12 0.1690
1422.0000 72 12 0.1667
1442.0000 73 12 0.1644
1464.0000 74 12 0.1622
1476.9000 74 13 0.1757
1479.0000 75 13 0.1733
1483.9000 75 14 0.1867
1500.0000 76 14 0.1842
1518.0000 77 14 0.1818
1542.0000 78 14 0.1795
1560.8000 78 15 0.1923
1562.0000 79 15 0.1899
1577.0000 80 15 0.1875
1594.5000 80 16 0.2000
1600.0000 81 16 0.1975
1620.0000 82 16 0.1951
1637.0000 83 16 0.1928
1652.0000 84 16 0.1905
1673.0000 85 16 0.1882
1695.0000 86 16 0.1860
1707.0000 86 17 0.1977
1709.8000 86 18 0.2093
1713.0000 87 18 0.2069
1736.2000 87 19 0.2184
1737.0000 88 19 0.2159
1739.4000 88 20 0.2273
1739.8000 88 21 0.2386
1760.0000 89 21 0.2360
1781.0000 90 21 0.2333
1804.0000 91 21 0.2308
1826.0000 92 21 0.2283
1849.0000 93 21 0.2258
1870.0000 94 21 0.2234
1880.0000 94 22 0.2340
1882.8000 94 23 0.2447
1890.0000 95 23 0.2421
1911.0000 96 23 0.2396
1929.0000 97 23 0.2371
1948.0000 98 23 0.2347
1965.0000 99 23 0.2323
1980.0000 100 23 0.2300
2002.0000 101 23 0.2277
2024.0000 102 23 0.2255
2027.3000 102 24 0.2353
2035.6000 102 25 0.2451
2041.0000 103 25 0.2427
2064.0000 104 25 0.2404
2075.9000 104 26 0.2500
2080.0000 105 26 0.2476
2095.0000 106 26 0.2453
2112.2000 106 27 0.2547
2119.0000 107 27 0.2523
2139.0000 108 27 0.2500
2142.8000 108 28 0.2593
2161.0000 109 28 0.2569
2178.0000 110 28 0.2545
2199.0000 111 28 0.2523
2222.0000 112 28 0.2500
2240.0000 113 28 0.2478
2256.4000 113 29 0.2566
2259.0000 114 29 0.2544
2275.0000 115 29 0.2522
2295.0000 116 29 0.2500
2314.0000 117 29 0.2479
2324.4000 117 30 0.2564
2335.0000 118 30 0.2542
2354.0000 119 30 0.2521
2377.0000 120 30 0.2500
2396.0000 121 30 0.2479
2405.9000 121 31 0.2562
2411.0000 122 31 0.2541
2412.0000 122 32 0.2623
2433.0000 123 32 0.2602
2452.0000 124 32 0.2581
2460.7000 124 33 0.2661
2464.9000 124 34 0.2742
2470.3000 124 35 0.2823
2474.0000 125 35 0.2800
2490.0000 125 36 0.2880
2496.0000 126 36 0.2857
2502.5000 126 37 0.2937
2506.7000 126 38 0.3016
2511.0000 127 38 0.2992
2512.1000 127 39 0.3071
2526.0000 128 39 0.3047
2546.0000 129 39 0.3023
2555.6000 129 40 0.3101
2556.4000 129 41 0.3178
2563.0000 130 41 0.3154
2586.0000 131 41 0.3130
2601.0000 132 41 0.3106
2621.0000 133 41 0.3083
2641.0000 134 41 0.3060
2662.0000 135 41 0.3037
2678.0000 136 41 0.3015
2679.1000 136 42 0.3088
2689.6000 136 43 0.3162
2693.0000 137 43 0.3139
2716.0000 138 43 0.3116
2735.0000 139 43 0.3094
2741.3000 139 44 0.3165
2754.0000 140 44 0.3143
2771.0000 141 44 0.3121
2773.0000 141 45 0.3191
2788.0000 142 45 0.3169
2800.0000 142 46 0.3239
2803.7000 142 47 0.3310
2807.0000 143 47 0.3287
2823.1000 143 48 0.3357
2831.0000 144 48 0.3333
2853.0000 145 48 0.3310
2868.0000 146 48 0.3288
2891.0000 147 48 0.3265
2899.2000 147 49 0.3333
2903.6000 147 50 0.3401
2911.0000 148 50 0.3378
2926.0000 149 50 0.3356
2942.0000 150 50 0.3333
2954.4000 150 51 0.3400
2962.0000 151 51 0.3377
2979.0000 152 51 0.3355
3003.0000 153 51 0.3333
3024.0000 154 51 0.3312
3040.0000 155 51 0.3290
3064.0000 156 51 0.3269
3065.8000 156 52 0.3333
3086.0000 157 52 0.3312
3086.2000 157 53 0.3376
3110.0000 158 53 0.3354
3122.5000 158 54 0.3418
3129.0000 159 54 0.3396
3147.0000 160 54 0.3375
3166.0000 161 54 0.3354
3190.0000 162 54 0.3333
3210.0000 163 54 0.3313
3225.0000 164 54 0.3293
3243.0000 165 54 0.3273
3260.0000 166 54 0.3253
3273.4000 166 55 0.3313
3274.0000 166 56 0.3373
3283.0000 167 56 0.3353
3289.8000 167 57 0.3413
3292.6000 167 58 0.3473
3305.0000 168 58 0.3452
3321.0000 169 58 0.3432
3344.0000 170 58 0.3412
3365.0000 171 58 0.3392
3385.0000 172 58 0.3372
3408.0000 173 58 0.3353
3408.2000 173 59 0.3410
3413.6000 173 60 0.3468
3414.4000 173 61 0.3526
3425.8000 173 62 0.3584
3428.0000 174 62 0.3563
3449.0000 175 62 0.3543
3472.0000 176 62 0.3523
3488.0000 177 62 0.3503
3510.8000 177 63 0.3559
3511.0000 178 63 0.3539
3527.0000 178 64 0.3596
3532.4000 178 65 0.3652
3533.2000 178 66 0.3708
3535.0000 179 66 0.3687
3547.0000 179 67 0.3743
3552.0000 180 67 0.3722
3552.2000 180 68 0.3778
3570.0000 181 68 0.3757
3570.6000 181 69 0.3812
3575.8000 181 70 0.3867
3589.0000 182 70 0.3846
3604.0000 183 70 0.3825
3619.0000 184 70 0.3804
3638.0000 185 70 0.3784
3653.0000 186 70 0.3763
3669.0000 187 70 0.3743
3689.0000 188 70 0.3723
3703.1000 188 71 0.3777
3712.0000 189 71 0.3757
3730.0000 190 71 0.3737
3754.0000 191 71 0.3717
3771.0000 192 71 0.3698
3787.0000 193 71 0.3679
3809.0000 194 71 0.3660
3812.8000 194 72 0.3711
3832.0000 195 72 0.3692
3854.0000 196 72 0.3673
3873.0000 197 72 0.3655
3874.9000 197 73 0.3706
3895.0000 198 73 0.3687
3919.0000 199 73 0.3668
3929.3000 199 74 0.3719
3930.6000 199 75 0.3769
3938.0000 200 75 0.3750
3953.0000 200 76 0.3800
3955.0000 201 76 0.3781
3975.0000 202 76 0.3762
3996.0000 203 76 0.3744
4012.0000 204 76 0.3725
4031.0000 205 76 0.3707
4052.0000 206 76 0.3689
4054.9000 206 77 0.3738
4060.0000 206 78 0.3786
4070.0000 207 78 0.3768
4094.0000 208 78 0.3750
4114.2000 208 79 0.3798
4115.0000 209 79 0.3780
4134.0000 210 79 0.3762
4153.0000 211 79 0.3744
4171.0000 212 79 0.3726
4194.0000 213 79 0.3709
4214.0000 214 79 0.3692
4223.6000 214 80 0.3738
4235.0000 215 80 0.3721
4245.1000 215 81 0.3767
4251.0000 216 81 0.3750
4268.6000 216 82 0.3796
4272.0000 217 82 0.3779
4284.9000 217 83 0.3825
4290.0000 218 83 0.3807
4291.5000 218 84 0.3853
4314.0000 219 84 0.3836
4338.0000 220 84 0.3818
4360.0000 221 84 0.3801
4363.6000 221 85 0.3846
4381.0000 222 85 0.3829
4400.0000 223 85 0.3812
4419.0000 224 85 0.3795
4419.1000 224 86 0.3839
4434.0000 225 86 0.3822
4451.0000 225 87 0.3867
4452.4000 225 88 0.3911
4458.0000 226 88 0.3894
4463.0000 226 89 0.3938
4476.0000 227 89 0.3921
4497.0000 228 89 0.3904
4505.4000 228 90 0.3947
4515.0000 229 90 0.3930
4537.0000 230 90 0.3913
4556.0000 231 90 0.3896
4580.0000 232 90 0.3879
4597.0000 233 90 0.3863
4607.1000 233 91 0.3906
4610.6000 233 92 0.3948
4614.0000 234 92 0.3932
4617.8000 234 93 0.3974
4634.0000 235 93 0.3957
4655.0000 236 93 0.3941
4665.1000 236 94 0.3983
4672.0000 237 94 0.3966
4683.6000 237 95 0.4008
4689.0000 238 95 0.3992
4706.0000 239 95 0.3975
4709.5000 239 96 0.4017
4729.0000 240 96 0.4000
4747.0000 241 96 0.3983
4762.0000 242 96 0.3967
4783.0000 243 96 0.3951
4807.0000 244 96 0.3934
4824.0000 245 96 0.3918
4846.7000 245 97 0.3959
4848.0000 246 97 0.3943
4859.7000 246 98 0.3984
4867.0000 247 98 0.3968
4886.0000 248 98 0.3952
4909.0000 249 98 0.3936
4914.5000 249 99 0.3976
4928.0000 250 99 0.3960
4951.0000 251 99 0.3944
4966.0000 252 99 0.3929
4973.7000 252 100 0.3968
4986.0000 253 100 0.3953
5010.0000 254 100 0.3937
5033.0000 255 100 0.3922
5048.0000 256 100 0.3906
5072.0000 257 100 0.3891
5078.6000 257 101 0.3930
5089.0000 258 101 0.3915
5089.4000 258 102 0.3953
5112.0000 259 102 0.3938
5131.0000 260 102 0.3923
5151.0000 261 102 0.3908
5175.0000 262 102 0.3893
5194.0000 263 102 0.3878
5215.0000 264 102 0.3864
5237.0000 265 102 0.3849
5254.0000 266 102 0.3835
5269.0000 267 102 0.3820
5291.0000 268 102 0.3806
5307.0000 269 102 0.3792
5309.5000 269 103 0.3829
5324.0000 270 103 0.3815
5339.0000 271 103 0.3801
5356.0000 272 103 0.3787
5371.0000 273 103 0.3773
5387.0000 274 103 0.3759
5388.8000 274 104 0.3796
5410.0000 275 104 0.3782
5426.0000 276 104 0.3768
5447.0000 277 104 0.3755
5470.0000 278 104 0.3741
5490.0000 279 104 0.3728
5504.6000 279 105 0.3763
5507.0000 280 105 0.3750
5517.4000 280 106 0.3786
5528.0000 281 106 0.3772
5546.0000 282 106 0.3759
5564.0000 283 106 0.3746
5566.2000 283 107 0.3781
5584.0000 284 107 0.3768
5607.0000 285 107 0.3754
5625.0000 286 107 0.3741
5643.0000 287 107 0.3728
5665.0000 288 107 0.3715
5685.0000 289 107 0.3702
5690.1000 289 108 0.3737
5693.9000 289 109 0.3772
5704.0000 290 109 0.3759
5724.0000 291 109 0.3746
5729.6000 291 110 0.3780
5745.0000 292 110 0.3767
5760.0000 293 110 0.3754
5771.8000 293 111 0.3788
5784.0000 294 111 0.3776
5805.0000 295 111 0.3763
5822.0000 296 111 0.3750
5841.0000 297 111 0.3737
5859.0000 298 111 0.3725
5869.1000 298 112 0.3758
5874.0000 299 112 0.3746
5893.0000 300 112 0.3733
5895.4000 300 113 0.3767
5914.0000 301 113 0.3754
5914.2000 301 114 0.3787
5932.0000 302 114 0.3775
5938.5000 302 115 0.3808
5953.0000 303 115 0.3795
5968.3000 303 116 0.3828
5971.0000 304 116 0.3816
5982.8000 304 117 0.3849
5986.0000 305 117 0.3836
5995.1000 305 118 0.3869
6003.8000 305 119 0.3902
6008.0000 306 119 0.3889
6011.0000 306 120 0.3922
6024.0000 307 120 0.3909
6029.0000 307 121 0.3941
6041.0000 308 121 0.3929
6063.0000 309 121 0.3916
6067.3000 309 122 0.3948
6068.1000 309 123 0.3981
6076.1000 309 124 0.4013
6087.0000 310 124 0.4000
6105.0000 311 124 0.3987
6124.0000 312 124 0.3974
6137.0000 312 125 0.4006
6145.0000 313 125 0.3994
6149.8000 313 126 0.4026
6166.0000 314 126 0.4013
6182.0000 315 126 0.4000
6201.0000 316 126 0.3987
6216.0000 317 126 0.3975
6231.0000 318 126 0.3962
6248.0000 319 126 0.3950
6261.7000 319 127 0.3981
6267.0000 320 127 0.3969
6288.8000 320 128 0.4000
6289.0000 321 128 0.3988
6308.0000 322 128 0.3975
6320.2000 322 129 0.4006
6332.0000 323 129 0.3994
6338.7000 323 130 0.4025
6355.0000 324 130 0.4012
6372.0000 325 130 0.4000
6374.6000 325 131 0.4031
6393.0000 326 131 0.4018
6417.0000 327 131 0.4006
6441.0000 328 131 0.3994
6457.1000 328 132 0.4024
6465.0000 329 132 0.4012
6465.0000 329 133 0.4043
6467.3000 329 134 0.4073
6474.5000 329 135 0.4103
6486.0000 330 135 0.4091
6502.0000 331 135 0.4079
6518.0000 332 135 0.4066
6536.0000 333 135 0.4054
6555.0000 334 135 0.4042
6572.0000 335 135 0.4030
6591.0000 336 135 0.4018
6601.2000 336 136 0.4048
6608.0000 337 136 0.4036
6631.0000 338 136 0.4024
6646.0000 339 136 0.4012
6665.0000 340 136 0.4000
6684.0000 341 136 0.3988
6696.4000 341 137 0.4018
6708.0000 342 137 0.4006
6725.0000 343 137 0.3994
6745.0000 344 137 0.3983
6760.0000 345 137 0.3971
6781.0000 346 137 0.3960
6793.2000 346 138 0.3988
6800.0000 347 138 0.3977
6816.0000 348 138 0.3966
6827.4000 348 139 0.3994
6839.0000 349 139 0.3983
6854.0000 350 139 0.3971
6860.0000 350 140 0.4000
6862.1000 350 141 0.4029
6874.0000 351 141 0.4017
6889.0000 352 141 0.4006
6893.6000 352 142 0.4034
6909.0000 353 142 0.4023
6930.0000 354 142 0.4011
6951.0000 355 142 0.4000
6971.0000 356 142 0.3989
6978.5000 356 143 0.4017
6995.0000 357 143 0.4006
7010.0000 358 143 0.3994
7029.0000 359 143 0.3983
7045.6000 359 144 0.4011
7048.0000 360 144 0.4000
7051.0000 360 145 0.4028
7071.0000 361 145 0.4017
7093.0000 362 145 0.4006
7093.3000 362 146 0.4033
7104.9000 362 147 0.4061
7108.0000 363 147 0.4050
7113.0000 363 148 0.4077
7130.0000 364 148 0.4066
7147.0000 365 148 0.4055
7163.0000 366 148 0.4044
7172.7000 366 149 0.4071
7176.4000 366 150 0.4098
7180.0000 367 150 0.4087
7189.3000 367 151 0.4114
7192.1000 367 152 0.4142
7197.0000 368 152 0.4130
7219.6000 368 153 0.4158
7221.0000 369 153 0.4146
7240.0000 370 153 0.4135
7253.6000 370 154 0.4162
7255.0000 371 154 0.4151
7272.0000 372 154 0.4140
7296.0000 373 154 0.4129
7314.6000 373 155 0.4155
7319.0000 374 155 0.4144
7333.2000 374 156 0.4171
7335.0000 375 156 0.4160
7358.0000 376 156 0.4149
7378.0000 377 156 0.4138
7387.9000 377 157 0.4164
7394.0000 378 157 0.4153
7411.0000 379 157 0.4142
7430.8000 379 158 0.4169
7435.0000 380 158 0.4158
7455.5000 380 159 0.4184
7459.0000 381 159 0.4173
7480.0000 382 159 0.4162
7498.0000 383 159 0.4151
7514.0000 384 159 0.4141
7516.2000 384 160 0.4167
7532.7000 384 161 0.4193
7536.0000 385 161 0.4182
7545.4000 385 162 0.4208
7548.9000 385 163 0.4234
7559.0000 386 163 0.4223
7574.0000 387 163 0.4212
7589.3000 387 164 0.4238
7595.0000 388 164 0.4227
7613.0000 389 164 0.4216
7617.6000 389 165 0.4242
7621.0000 389 166 0.4267
7623.4000 389 167 0.4293
7632.0000 390 167 0.4282
7656.0000 391 167 0.4271
7673.0000 392 167 0.4260
7679.2000 392 168 0.4286
7696.0000 393 168 0.4275
7710.0000 393 169 0.4300
7713.0000 394 169 0.4289
7730.0000 395 169 0.4278
7745.0000 396 169 0.4268
7749.4000 396 170 0.4293
7762.0000 397 170 0.4282
7784.0000 398 170 0.4271
7804.0000 399 170 0.4261
7821.7000 399 171 0.4286
7822.0000 400 171 0.4275
7840.0000 401 171 0.4264
7849.5000 401 172 0.4289
7858.0000 402 172 0.4279
7874.0000 403 172 0.4268
7895.0000 404 172 0.4257
7907.7000 404 173 0.4282
7914.0000 405 173 0.4272
7931.0000 406 173 0.4261
7948.0000 407 173 0.4251
7960.8000 407 174 0.4275
7972.0000 408 174 0.4265
7987.0000 409 174 0.4254
7992.4000 409 175 0.4279
8002.0000 410 175 0.4268
8024.0000 411 175 0.4258
8040.0000 412 175 0.4248
8041.7000 412 176 0.4272
8059.0000 413 176 0.4262
8060.4000 413 177 0.4286
8082.0000 414 177 0.4275
8099.0000 415 177 0.4265
8116.0000 416 177 0.4255
8137.0000 417 177 0.4245
8158.0000 418 177 0.4234
8173.0000 419 177 0.4224
8190.0000 420 177 0.4214
8205.0000 421 177 0.4204
8205.7000 421 178 0.4228
8227.0000 422 178 0.4218
8229.7000 422 179 0.4242
8235.0000 422 180 0.4265
8251.0000 423 180 0.4255
8270.0000 423 181 0.4279
8275.0000 424 181 0.4269
8297.0000 425 181 0.4259
8317.0000 426 181 0.4249
8325.4000 426 182 0.4272
8336.0000 427 182 0.4262
8359.0000 428 182 0.4252
8365.0000 428 183 0.4276
8366.0000 428 184 0.4299
8375.0000 429 184 0.4289
8396.0000 430 184 0.4279
8399.6000 430 185 0.4302
8414.0000 431 185 0.4292
8437.0000 432 185 0.4282
8447.4000 432 186 0.4306
8453.0000 433 186 0.4296
8468.0000 434 186 0.4286
8492.0000 435 186 0.4276
8505.9000 435 187 0.4299
8510.0000 436 187 0.4289
8525.0000 437 187 0.4279
8544.0000 438 187 0.4269
8566.0000 439 187 0.4260
8572.8000 439 188 0.4282
8578.2000 439 189 0.4305
8586.0000 440 189 0.4295
8609.0000 441 189 0.4286
8625.0000 442 189 0.4276
8641.3000 442 190 0.4299
8644.0000 443 190 0.4289
8663.0000 444 190 0.4279
8681.0000 445 190 0.4270
8697.0000 446 190 0.4260
8719.0000 447 190 0.4251
8726.9000 447 191 0.4273
8743.0000 448 191 0.4263
8767.0000 449 191 0.4254
8784.0000 450 191 0.4244
8800.0000 451 191 0.4235
8807.3000 451 192 0.4257
8808.4000 451 193 0.4279
8823.0000 452 193 0.4270
8824.9000 452 194 0.4292
8825.6000 452 195 0.4314
8839.0000 453 195 0.4305
8849.0000 453 196 0.4327
8850.4000 453 197 0.4349
8854.0000 454 197 0.4339
8869.0000 455 197 0.4330
8882.6000 455 198 0.4352
8889.5000 455 199 0.4374
8892.0000 456 199 0.4364
8911.0000 457 199 0.4354
8929.0000 458 199 0.4345
8941.6000 458 200 0.4367
8944.0000 459 200 0.4357
8955.3000 459 201 0.4379
8961.0000 460 201 0.4370
8979.0000 461 201 0.4360
8997.0000 462 201 0.4351
9011.3000 462 202 0.4372
9013.0000 463 202 0.4363
9035.0000 464 202 0.4353
9058.0000 465 202 0.4344
9073.0000 466 202 0.4335
9095.0000 467 202 0.4325
9098.0000 467 203 0.4347
9119.0000 468 203 0.4338
9130.4000 468 204 0.4359
9143.0000 469 204 0.4350
9162.0000 470 204 0.4340
9186.0000 471 204 0.4331
9196.5000 471 205 0.4352
9209.0000 472 205 0.4343
9224.0000 473 205 0.4334
9245.0000 474 205 0.4325
9253.5000 474 206 0.4346
9264.0000 475 206 0.4337
9288.0000 476 206 0.4328
9306.5000 476 207 0.4349
9310.0000 477 207 0.4340
9314.3000 477 208 0.4361
9326.0000 478 208 0.4351
9337.0000 478 209 0.4372
9341.0000 479 209 0.4363
9365.0000 480 209 0.4354
9387.0000 481 209 0.4345
9403.0000 482 209 0.4336
9405.8000 482 210 0.4357
9426.0000 483 210 0.4348
9444.0000 484 210 0.4339
9448.9000 484 211 0.4360
9468.0000 485 211 0.4351
9485.0000 486 211 0.4342
9496.7000 486 212 0.4362
9503.0000 487 212 0.4353
9510.0000 487 213 0.4374
9527.0000 488 213 0.4365
9533.3000 488 214 0.4385
9550.0000 489 214 0.4376
9570.6000 489 215 0.4397
9573.0000 490 215 0.4388
9588.1000 490 216 0.4408
9591.0000 491 216 0.4399
9614.0000 492 216 0.4390
9632.0000 493 216 0.4381
9653.0000 494 216 0.4372
9676.0000 495 216 0.4364
9693.0000 496 216 0.4355
9695.8000 496 217 0.4375
9715.0000 497 217 0.4366
9736.0000 498 217 0.4357
9745.7000 498 218 0.4378
9750.0000 498 219 0.4398
9752.0000 499 219 0.4389
9772.0000 499 220 0.4409
9776.0000 500 220 0.4400
9791.7000 500 221 0.4420
9799.0000 501 221 0.4411
9821.0000 502 221 0.4402
9836.5000 502 222 0.4422
9837.0000 503 222 0.4414
9844.8000 503 223 0.4433
9846.7000 503 224 0.4453
9861.0000 504 224 0.4444
9879.0000 505 224 0.4436
9894.0000 506 224 0.4427
9909.0000 507 224 0.4418
9927.0000 508 224 0.4409
9946.0000 509 224 0.4401
9952.2000 509 225 0.4420
9969.0000 510 225 0.4412
9988.0000 511 225 0.4403
10007.0000 512 225 0.4395
10024.0000 513 225 0.4386
10039.7000 513 226 0.4405
10044.0000 514 226 0.4397
10067.0000 515 226 0.4388
10087.0000 516 226 0.4380
10111.0000 517 226 0.4371
10112.7000 517 227 0.4391
10132.0000 518 227 0.4382
10139.8000 518 228 0.4402
10140.0000 518 229 0.4421
10154.0000 519 229 0.4412
10177.0000 520 229 0.4404
10186.0000 520 230 0.4423
10194.0000 521 230 0.4415
10216.0000 522 230 0.4406
10235.0000 523 230 0.4398
10256.2000 523 231 0.4417
10257.0000 524 231 0.4408
10281.0000 525 231 0.4400
10284.9000 525 232 0.4419
10300.0000 526 232 0.4411
10320.0000 527 232 0.4402
10343.0000 528 232 0.4394
10366.0000 529 232 0.4386
10374.1000 529 233 0.4405
10382.0000 530 233 0.4396
10402.0000 531 233 0.4388
10403.6000 531 234 0.4407
10423.0000 532 234 0.4398
10441.0000 533 234 0.4390
10443.4000 533 235 0.4409
10461.0000 534 235 0.4401
10480.0000 535 235 0.4393
10488.2000 535 236 0.4411
10497.0000 536 236 0.4403
10518.0000 537 236 0.4395
10524.1000 537 237 0.4413
10536.0000 537 238 0.4432
10537.0000 538 238 0.4424
10538.1000 538 239 0.4442
10555.0000 539 239 0.4434
10571.0000 540 239 0.4426
10591.0000 541 239 0.4418
10615.0000 542 239 0.4410
10637.0000 543 239 0.4401
10644.4000 543 240 0.4420
10645.7000 543 241 0.4438
10657.0000 544 241 0.4430
10681.0000 545 241 0.4422
10703.0000 546 241 0.4414
10726.0000 547 241 0.4406
10748.0000 548 241 0.4398
10766.7000 548 242 0.4416
10768.0000 549 242 0.4408
10781.7000 549 243 0.4426
10788.0000 550 243 0.4418
10808.0000 551 243 0.4410
10808.6000 551 244 0.4428
10823.0000 552 244 0.4420
10823.6000 552 245 0.4438
10842.0000 553 245 0.4430
10862.3000 553 246 0.4448
10866.0000 554 246 0.4440
10875.0000 554 247 0.4458
10880.5000 554 248 0.4477
10881.6000 554 249 0.4495
10885.0000 555 249 0.4486
10896.2000 555 250 0.4505
10907.0000 556 250 0.4496
10917.0000 556 251 0.4514
10925.0000 557 251 0.4506
10942.0000 558 251 0.4498
10966.0000 559 251 0.4490
10983.0000 560 251 0.4482
11006.0000 561 251 0.4474
11019.4000 561 252 0.4492
11023.0000 562 252 0.4484
11040.6000 562 253 0.4502
11046.0000 563 253 0.4494
11068.0000 564 253 0.4486
11084.0000 565 253 0.4478
11097.9000 565 254 0.4496
11102.0000 566 254 0.4488
11110.7000 566 255 0.4505
11119.8000 566 256 0.4523
11120.0000 567 256 0.4515
11125.6000 567 257 0.4533
11127.0000 567 258 0.4550
11127.7000 567 259 0.4568
11142.8000 567 260 0.4586
11143.0000 568 260 0.4577
11166.0000 569 260 0.4569
11173.2000 569 261 0.4587
11182.0000 570 261 0.4579
11199.2000 570 262 0.4596
11201.0000 571 262 0.4588
11209.0000 571 263 0.4606
11218.0000 572 263 0.4598
11238.0000 573 263 0.4590
11250.8000 573 264 0.4607
11251.6000 573 265 0.4625
11260.0000 574 265 0.4617
11280.0000 575 265 0.4609
11298.0000 576 265 0.4601
11319.0000 577 265 0.4593
11343.0000 578 265 0.4585
11363.0000 579 265 0.4577
11381.0000 580 265 0.4569
11405.0000 581 265 0.4561
11424.0000 582 265 0.4553
11432.3000 582 266 0.4570
11443.0000 583 266 0.4563
11467.0000 584 266 0.4555
11491.0000 585 266 0.4547
11511.0000 586 266 0.4539
11514.9000 586 267 0.4556
11529.0000 587 267 0.4549
11540.0000 587 268 0.4566
11547.0000 588 268 0.4558
11550.7000 588 269 0.4575
11562.5000 588 270 0.4592
11566.0000 589 270 0.4584
11586.0000 590 270 0.4576
11610.0000 591 270 0.4569
11611.3000 591 271 0.4585
11622.5000 591 272 0.4602
11623.9000 591 273 0.4619
11626.0000 592 273 0.4611
11640.2000 592 274 0.4628
11640.7000 592 275 0.4645
11643.2000 592 276 0.4662
11650.0000 593 276 0.4654
11665.0000 594 276 0.4646
11680.0000 595 276 0.4639
11687.8000 595 277 0.4655
11696.0000 596 277 0.4648
11711.0000 597 277 0.4640
11731.0000 598 277 0.4632
11738.0000 598 278 0.4649
11755.0000 599 278 0.4641
11771.0000 600 278 0.4633
11781.4000 600 279 0.4650
11789.8000 600 280 0.4667
11790.0000 601 280 0.4659
11805.5000 601 281 0.4676
11809.0000 602 281 0.4668
11810.6000 602 282 0.4684
11813.0000 602 283 0.4701
11827.0000 603 283 0.4693
11851.0000 604 283 0.4685
11867.0000 605 283 0.4678
11877.5000 605 284 0.4694
11880.4000 605 285 0.4711
11885.0000 606 285 0.4703
11907.0000 607 285 0.4695
11929.0000 608 285 0.4688
11935.3000 608 286 0.4704
11935.8000 608 287 0.4720
11936.2000 608 288 0.4737
11940.3000 608 289 0.4753
11948.0000 609 289 0.4745
11948.8000 609 290 0.4762
11951.2000 609 291 0.4778
11971.0000 610 291 0.4770
11989.6000 610 292 0.4787
11995.0000 611 292 0.4779
12005.8000 611 293 0.4795
12012.0000 612 293 0.4788
12033.0000 613 293 0.4780
12048.0000 614 293 0.4772
12051.8000 614 294 0.4788
12070.0000 615 294 0.4780
12073.0000 615 295 0.4797
12088.0000 616 295 0.4789
12100.8000 616 296 0.4805
12104.0000 617 296 0.4797
12124.0000 618 296 0.4790
12135.5000 618 297 0.4806
12145.0000 619 297 0.4798
12150.7000 619 298 0.4814
12153.5000 619 299 0.4830
12165.0000 620 299 0.4823
12189.0000 621 299 0.4815
12209.0000 622 299 0.4807
12213.0000 622 300 0.4823
12216.4000 622 301 0.4839
12218.5000 622 302 0.4855
12220.5000 622 303 0.4871
12226.0000 623 303 0.4864
12249.0000 624 303 0.4856
12270.0000 625 303 0.4848
12287.0000 626 303 0.4840
12304.8000 626 304 0.4856
12305.0000 627 304 0.4848
12313.4000 627 305 0.4864
12314.0000 627 306 0.4880
12323.0000 628 306 0.4873
12329.4000 628 307 0.4889
12339.0000 629 307 0.4881
12352.4000 629 308 0.4897
12358.0000 630 308 0.4889
12377.0000 631 308 0.4881
12399.0000 632 308 0.4873
12421.0000 633 308 0.4866
12444.0000 634 308 0.4858
12451.8000 634 309 0.4874
12463.0000 635 309 0.4866
12479.0000 636 309 0.4858
12484.3000 636 310 0.4874
12488.4000 636 311 0.4890
12497.0000 637 311 0.4882
12506.2000 637 312 0.4898
12518.0000 638 312 0.4890
12538.0000 639 312 0.4883
12556.0000 640 312 0.4875
12575.0000 641 312 0.4867
12596.0000 642 312 0.4860
12611.0000 643 312 0.4852
12627.2000 643 313 0.4868
12635.0000 644 313 0.4860
12642.9000 644 314 0.4876
12655.0000 645 314 0.4868
12670.0000 645 315 0.4884
12672.0000 646 315 0.4876
12689.5000 646 316 0.4892
12691.0000 647 316 0.4884
12702.9000 647 317 0.4900
12713.0000 648 317 0.4892
12725.8000 648 318 0.4907
12727.4000 648 319 0.4923
12729.9000 648 320 0.4938
12737.0000 649 320 0.4931
12746.5000 649 321 0.4946
12748.2000 649 322 0.4961
12760.5000 649 323 0.4977
12761.0000 650 323 0.4969
12781.0000 651 323 0.4962
12798.0000 652 323 0.4954
12818.0000 653 323 0.4946
12831.8000 653 324 0.4962
12836.5000 653 325 0.4977
12839.0000 654 325 0.4969
12863.0000 655 325 0.4962
12884.0000 656 325 0.4954
12901.0000 657 325 0.4947
12919.0000 658 325 0.4939
12936.0000 659 325 0.4932
12954.0000 660 325 0.4924
12971.0000 661 325 0.4917
12986.0000 662 325 0.4909
12986.4000 662 326 0.4924
13009.0000 663 326 0.4917
13029.0000 664 326 0.4910
13048.0000 665 326 0.4902
13069.0000 666 326 0.4895
13080.5000 666 327 0.4910
13090.0000 667 327 0.4903
13112.0000 668 327 0.4895
13135.0000 669 327 0.4888
13146.6000 669 328 0.4903
13157.0000 670 328 0.4896
13175.0000 671 328 0.4888
13198.0000 672 328 0.4881
13202.1000 672 329 0.4896
13213.0000 672 330 0.4911
13222.0000 673 330 0.4903
13237.0000 674 330 0.4896
13245.1000 674 331 0.4911
13257.1000 674 332 0.4926
13261.0000 675 332 0.4919
13267.0000 675 333 0.4933
13279.0000 676 333 0.4926
13288.2000 676 334 0.4941
13303.0000 677 334 0.4934
13311.6000 677 335 0.4948
13327.0000 678 335 0.4941
13344.0000 679 335 0.4934
13367.0000 680 335 0.4926
13372.5000 680 336 0.4941
13382.6000 680 337 0.4956
13385.0000 681 337 0.4949
13400.0000 682 337 0.4941
13418.6000 682 338 0.4956
13421.8000 682 339 0.4971
13422.0000 683 339 0.4963
13439.0000 684 339 0.4956
13463.0000 685 339 0.4949
13485.0000 686 339 0.4942
13501.0000 687 339 0.4934
13522.0000 688 339 0.4927
13534.7000 688 340 0.4942
13543.0000 689 340 0.4935
13558.0000 690 340 0.4928
13578.0000 691 340 0.4920
13597.0000 692 340 0.4913
13600.2000 692 341 0.4928
13601.2000 692 342 0.4942
13606.1000 692 343 0.4957
13606.8000 692 344 0.4971
13612.0000 693 344 0.4964
13622.2000 693 345 0.4978
13633.0000 694 345 0.4971
13639.8000 694 346 0.4986
13654.0000 695 346 0.4978
13674.0000 696 346 0.4971
13689.0000 697 346 0.4964
13692.7000 697 347 0.4978
13713.0000 698 347 0.4971
13732.6000 698 348 0.4986
13733.0000 699 348 0.4979
13743.2000 699 349 0.4993
13750.0000 700 349 0.4986
13771.0000 701 349 0.4979
13772.7000 701 350 0.4993
13773.8000 701 351 0.5007
13787.0000 702 351 0.5000
13808.0000 703 351 0.4993
13831.0000 704 351 0.4986
13836.3000 704 352 0.5000
13853.0000 705 352 0.4993
13874.0000 706 352 0.4986
13894.0000 707 352 0.4979
13915.0000 708 352 0.4972
13937.0000 709 352 0.4965
13952.0000 710 352 0.4958
13955.9000 710 353 0.4972
13976.0000 711 353 0.4965
13994.0000 712 353 0.4958
14011.0000 713 353 0.4951
14032.0000 714 353 0.4944
14046.8000 714 354 0.4958
14056.0000 715 354 0.4951
14077.0000 716 354 0.4944
14092.0000 717 354 0.4937
14107.0000 718 354 0.4930
14108.3000 718 355 0.4944
14123.0000 719 355 0.4937
14141.4000 719 356 0.4951
14147.0000 720 356 0.4944
14167.0000 721 356 0.4938
14186.0000 722 356 0.4931
14204.0000 723 356 0.4924
14225.0000 724 356 0.4917
14245.0000 725 356 0.4910
14267.0000 726 356 0.4904
14270.3000 726 357 0.4917
14286.0000 727 357 0.4911
14304.0000 728 357 0.4904
14323.0000 729 357 0.4897
14327.4000 729 358 0.4911
14343.0000 730 358 0.4904
14363.0000 731 358 0.4897
14368.2000 731 359 0.4911
14385.0000 732 359 0.4904
14404.0000 733 359 0.4898
14420.0000 734 359 0.4891
14421.8000 734 360 0.4905
14423.7000 734 361 0.4918
14433.0000 734 362 0.4932
14441.0000 735 362 0.4925
14456.0000 736 362 0.4918
14466.4000 736 363 0.4932
14475.0000 737 363 0.4925
14478.4000 737 364 0.4939
14487.3000 737 365 0.4953
14499.0000 738 365 0.4946
14523.0000 739 365 0.4939
14544.0000 740 365 0.4932
14568.0000 741 365 0.4926
14570.9000 741 366 0.4939
14573.7000 741 367 0.4953
14588.0000 742 367 0.4946
14603.0000 743 367 0.4939
14613.1000 743 368 0.4953
14618.0000 744 368 0.4946
14619.9000 744 369 0.4960
14629.5000 744 370 0.4973
14639.0000 745 370 0.4966
14655.0000 746 370 0.4960
14676.0000 747 370 0.4953
14693.3000 747 371 0.4967
14696.0000 748 371 0.4960
14699.9000 748 372 0.4973
14718.0000 749 372 0.4967
14733.2000 749 373 0.4980
14736.0000 750 373 0.4973
14746.0000 750 374 0.4987
14756.0000 751 374 0.4980
14773.0000 752 374 0.4973
14774.0000 752 375 0.4987
14790.0000 753 375 0.4980
14801.7000 753 376 0.4993
14809.0000 754 376 0.4987
14831.0000 755 376 0.4980
14848.0000 756 376 0.4974
14860.2000 756 377 0.4987
14867.0000 757 377 0.4980
14883.8000 757 378 0.4993
14889.0000 758 378 0.4987
14905.0000 759 378 0.4980
14927.0000 760 378 0.4974
14942.0000 761 378 0.4967
14961.0000 762 378 0.4961
14961.2000 762 379 0.4974
14962.6000 762 380 0.4987
14965.6000 762 381 0.5000
14977.7000 762 382 0.5013
14978.9000 762 383 0.5026
14984.0000 763 383 0.5020
14999.0000 764 383 0.5013
15001.4000 764 384 0.5026
15021.0000 765 384 0.5020
15041.0000 766 384 0.5013
15058.0000 767 384 0.5007
15074.0000 768 384 0.5000
15093.0000 769 384 0.4993
15114.0000 770 384 0.4987
15132.0000 771 384 0.4981
15149.0000 772 384 0.4974
15172.0000 773 384 0.4968
15179.3000 773 385 0.4981
15190.0000 774 385 0.4974
15212.0000 775 385 0.4968
15235.0000 776 385 0.4961
15246.4000 776 386 0.4974
15256.0000 777 386 0.4968
15280.0000 778 386 0.4961
15297.0000 779 386 0.4955
15318.0000 780 386 0.4949
15336.0000 781 386 0.4942
15360.0000 782 386 0.4936
15381.0000 783 386 0.4930
15399.0000 784 386 0.4923
15418.1000 784 387 0.4936
15419.0000 785 387 0.4930
15439.2000 785 388 0.4943
15441.0000 786 388 0.4936
15442.1000 786 389 0.4949
15465.0000 787 389 0.4943
15482.0000 788 389 0.4937
15494.7000 788 390 0.4949
15504.0000 789 390 0.4943
15517.2000 789 391 0.4956
15526.0000 790 391 0.4949
15538.7000 790 392 0.4962
15547.0000 791 392 0.4956
15569.0000 792 392 0.4949
15583.0000 792 393 0.4962
15591.0000 793 393 0.4956
15615.0000 794 393 0.4950
15632.0000 795 393 0.4943
15651.0000 796 393 0.4937
15666.0000 797 393 0.4931
15684.0000 798 393 0.4925
15708.0000 799 393 0.4919
15724.0000 800 393 0.4913
15746.0000 801 393 0.4906
15760.1000 801 394 0.4919
15764.0000 802 394 0.4913
15780.2000 802 395 0.4925
15782.0000 803 395 0.4919
15793.3000 803 396 0.4932
15799.0000 804 396 0.4925
15815.0000 805 396 0.4919
15838.0000 806 396 0.4913
15854.0000 807 396 0.4907
15873.0000 808 396 0.4901
15894.0000 809 396 0.4895
15909.0000 810 396 0.4889
15927.0000 811 396 0.4883
15948.0000 812 396 0.4877
15953.1000 812 397 0.4889
15967.0000 813 397 0.4883
15981.4000 813 398 0.4895
15990.0000 814 398 0.4889
16007.2000 814 399 0.4902
16010.0000 815 399 0.4896
16019.2000 815 400 0.4908
16027.0000 816 400 0.4902
16042.0000 817 400 0.4896
16061.0000 818 400 0.4890
16073.4000 818 401 0.4902
16080.0000 819 401 0.4896
16086.8000 819 402 0.4908
16104.0000 820 402 0.4902
16124.0000 821 402 0.4896
16139.0000 822 402 0.4891
16155.0000 823 402 0.4885
16175.0000 824 402 0.4879
16196.0000 825 402 0.4873
16199.9000 825 403 0.4885
16212.0000 826 403 0.4879
16220.0000 826 404 0.4891
16230.0000 827 404 0.4885
16232.5000 827 405 0.4897
16245.0000 828 405 0.4891
16251.0000 828 406 0.4903
16258.9000 828 407 0.4915
16261.0000 829 407 0.4910
16281.0000 830 407 0.4904
16301.0000 831 407 0.4898
16322.0000 832 407 0.4892
16338.0000 833 407 0.4886
16357.0000 834 407 0.4880
16380.0000 835 407 0.4874
16399.0000 836 407 0.4868
16416.0000 837 407 0.4863
16433.0000 838 407 0.4857
16455.0000 839 407 0.4851
16479.0000 840 407 0.4845
16503.0000 841 407 0.4839
16520.1000 841 408 0.4851
16526.0000 842 408 0.4846
16547.0000 843 408 0.4840
16568.0000 844 408 0.4834
16589.0000 845 408 0.4828
16610.0000 846 408 0.4823
16627.3000 846 409 0.4835
16628.0000 847 409 0.4829
16630.7000 847 410 0.4841
16632.8000 847 411 0.4852
16646.0000 848 411 0.4847
16662.0000 849 411 0.4841
16668.7000 849 412 0.4853
16682.0000 850 412 0.4847
16694.9000 850 413 0.4859
16699.0000 851 413 0.4853
16721.7000 851 414 0.4865
16723.0000 852 414 0.4859
16736.8000 852 415 0.4871
16745.0000 853 415 0.4865
16760.0000 854 415 0.4859
16769.2000 854 416 0.4871
16783.0000 855 416 0.4865
16800.0000 856 416 0.4860
16818.0000 857 416 0.4854
16835.0000 858 416 0.4848
16849.4000 858 417 0.4860
16852.1000 858 418 0.4872
16858.0000 859 418 0.4866
16873.9000 859 419 0.4878
16881.0000 860 419 0.4872
16901.0000 861 419 0.4866
16902.6000 861 420 0.4878
16917.0000 862 420 0.4872
16935.0000 863 420 0.4867
16938.0000 863 421 0.4878
16959.0000 864 421 0.4873
16980.0000 865 421 0.4867
16988.1000 865 422 0.4879
16997.0000 866 422 0.4873
17021.0000 867 422 0.4867
17036.6000 867 423 0.4879
17037.0000 867 424 0.4890
17040.0000 868 424 0.4885
17047.6000 868 425 0.4896
17063.0000 869 425 0.4891
17082.0000 870 425 0.4885
17105.0000 871 425 0.4879
17119.1000 871 426 0.4891
17126.0000 872 426 0.4885
17138.2000 872 427 0.4897
17143.0000 873 427 0.4891
17162.0000 874 427 0.4886
17181.0000 875 427 0.4880
17202.0000 876 427 0.4874
17225.0000 877 427 0.4869
17240.0000 878 427 0.4863
17259.0000 879 427 0.4858
17278.0000 880 427 0.4852
17299.0000 881 427 0.4847
17318.0000 882 427 0.4841
17336.0000 883 427 0.4836
17353.0000 884 427 0.4830
17357.6000 884 428 0.4842
17370.0000 885 428 0.4836
17371.3000 885 429 0.4847
17393.6000 885 430 0.4859
17394.0000 886 430 0.4853
17410.9000 886 431 0.4865
17416.0000 887 431 0.4859
17439.0000 888 431 0.4854
17454.0000 889 431 0.4848
17458.5000 889 432 0.4859
17469.2000 889 433 0.4871
17472.7000 889 434 0.4882
17477.0000 890 434 0.4876
17497.0000 891 434 0.4871
17515.0000 892 434 0.4865
17535.0000 893 434 0.4860
17547.1000 893 435 0.4871
17558.0000 894 435 0.4866
17574.0000 895 435 0.4860
17598.0000 896 435 0.4855
17619.0000 897 435 0.4849
17639.0000 898 435 0.4844
17654.0000 899 435 0.4839
17672.0000 900 435 0.4833
17690.0000 901 435 0.4828
17710.0000 902 435 0.4823
17734.0000 903 435 0.4817
17751.0000 904 435 0.4812
17774.0000 905 435 0.4807
17793.0000 906 435 0.4801
17798.4000 906 436 0.4812
17808.0000 907 436 0.4807
17816.2000 907 437 0.4818
17826.0000 908 437 0.4813
17832.9000 908 438 0.4824
17835.8000 908 439 0.4835
17839.2000 908 440 0.4846
17846.0000 909 440 0.4840
17864.0000 910 440 0.4835
17884.0000 911 440 0.4830
17899.0000 912 440 0.4825
17917.0000 913 440 0.4819
17934.5000 913 441 0.4830
17934.7000 913 442 0.4841
17936.0000 914 442 0.4836
17951.1000 914 443 0.4847
17958.0000 915 443 0.4842
17960.0000 915 444 0.4852
17976.0000 916 444 0.4847
18000.0000 917 444 0.4842
