# time  created  delivered  delivered/created
22.0000 1 0 0.0000
38.0000 2 0 0.0000
54.0000 3 0 0.0000
72.0000 4 0 0.0000
94.0000 5 0 0.0000
110.0000 6 0 0.0000
133.0000 7 0 0.0000
153.0000 8 0 0.0000
175.0000 9 0 0.0000
191.0000 10 0 0.0000
210.0000 11 0 0.0000
225.0000 12 0 0.0000
249.0000 13 0 0.0000
265.0000 14 0 0.0000
281.0000 15 0 0.0000
304.0000 16 0 0.0000
328.0000 17 0 0.0000
343.0000 18 0 0.0000
367.0000 19 0 0.0000
382.0000 20 0 0.0000
399.0000 21 0 0.0000
420.0000 22 0 0.0000
439.0000 23 0 0.0000
458.0000 24 0 0.0000
480.0000 25 0 0.0000
497.0000 26 0 0.0000
515.0000 27 0 0.0000
538.0000 28 0 0.0000
562.0000 29 0 0.0000
581.0000 30 0 0.0000
581.2000 30 1 0.0333
603.0000 31 1 0.0323
625.0000 32 1 0.0313
640.9000 32 2 0.0625
646.0000 33 2 0.0606
661.6000 33 3 0.0909
667.0000 34 3 0.0882
685.0000 35 3 0.0857
691.0000 35 4 0.1143
700.0000 36 4 0.1111
713.8000 36 5 0.1389
722.0000 37 5 0.1351
741.0000 38 5 0.1316
764.0000 39 5 0.1282
775.8000 39 6 0.1538
784.0000 40 6 0.1500
806.0000 41 6 0.1463
829.0000 42 6 0.1429
851.0000 43 6 0.1395
873.0000 44 6 0.1364
895.0000 45 6 0.1333
903.5000 45 7 0.1556
918.0000 46 7 0.1522
941.0000 47 7 0.1489
957.0000 48 7 0.1458
975.0000 49 7 0.1429
998.0000 50 7 0.1400
1018.0000 51 7 0.1373
1040.0000 52 7 0.1346
1056.0000 53 7 0.1321
1077.0000 54 7 0.1296
1096.0000 55 7 0.1273
1117.0000 56 7 0.1250
1137.0000 57 7 0.1228
1159.0000 58 7 0.1207
1179.0000 59 7 0.1186
1194.4000 59 8 0.1356
1201.0000 60 8 0.1333
1216.0000 61 8 0.1311
1225.1000 61 9 0.1475
1226.1000 61 10 0.1639
1232.0000 62 10 0.1613
1251.0000 63 10 0.1587
1268.0000 64 10 0.1563
1287.0000 65 10 0.1538
1308.0000 66 10 0.1515
1327.0000 67 10 0.1493
1342.0000 68 10 0.1471
1364.0000 69 10 0.1449
1388.0000 70 10 0.1429
1397.1000 70 11 0.1571
1407.0000 71 11 0.1549
1408.5000 71 12 0.1690
1422.0000 72 12 0.1667
1442.0000 73 12 0.1644
1464.0000 74 12 0.1622
1475.9000 74 13 0.1757
1478.4000 74 14 0.1892
1479.0000 75 14 0.1867
1483.1000 75 15 0.2000
1500.0000 76 15 0.1974
1518.0000 77 15 0.1948
1542.0000 78 15 0.1923
1562.0000 79 15 0.1899
1577.0000 80 15 0.1875
1594.5000 80 16 0.2000
1600.0000 81 16 0.1975
1620.0000 82 16 0.1951
1637.0000 83 16 0.1928
1652.0000 84 16 0.1905
1673.0000 85 16 0.1882
1695.0000 86 16 0.1860
1706.4000 86 17 0.1977
1713.0000 87 17 0.1954
1735.2000 87 18 0.2069
1736.2000 87 19 0.2184
1737.0000 88 19 0.2159
1739.4000 88 20 0.2273
1739.8000 88 21 0.2386
1760.0000 89 21 0.2360
1781.0000 90 21 0.2333
1804.0000 91 21 0.2308
1826.0000 92 21 0.2283
1849.0000 93 21 0.2258
1870.0000 94 21 0.2234
1880.0000 94 22 0.2340
1882.8000 94 23 0.2447
1883.1000 94 24 0.2553
1890.0000 95 24 0.2526
1911.0000 96 24 0.2500
1929.0000 97 24 0.2474
1948.0000 98 24 0.2449
1965.0000 99 24 0.2424
1980.0000 100 24 0.2400
1989.9000 100 25 0.2500
2002.0000 101 25 0.2475
2024.0000 102 25 0.2451
2035.6000 102 26 0.2549
2041.0000 103 26 0.2524
2064.0000 104 26 0.2500
2080.0000 105 26 0.2476
2095.0000 106 26 0.2453
2119.0000 107 26 0.2430
2139.0000 108 26 0.2407
2142.8000 108 27 0.2500
2161.0000 109 27 0.2477
2178.0000 110 27 0.2455
2199.0000 111 27 0.2432
2217.0000 111 28 0.2523
2222.0000 112 28 0.2500
2240.0000 113 28 0.2478
2259.0000 114 28 0.2456
2275.0000 115 28 0.2435
2278.9000 115 29 0.2522
2295.0000 116 29 0.2500
2314.0000 117 29 0.2479
2324.2000 117 30 0.2564
2335.0000 118 30 0.2542
2354.0000 119 30 0.2521
2377.0000 120 30 0.2500
2396.0000 121 30 0.2479
2411.0000 122 30 0.2459
2412.0000 122 31 0.2541
2433.0000 123 31 0.2520
2452.0000 124 31 0.2500
2460.7000 124 32 0.2581
2464.9000 124 33 0.2661
2470.3000 124 34 0.2742
2474.0000 125 34 0.2720
2490.0000 125 35 0.2800
2494.6000 125 36 0.2880
2496.0000 126 36 0.2857
2511.0000 127 36 0.2835
2526.0000 128 36 0.2813
2546.0000 129 36 0.2791
2554.8000 129 37 0.2868
2563.0000 130 37 0.2846
2586.0000 131 37 0.2824
2601.0000 132 37 0.2803
2621.0000 133 37 0.2782
2641.0000 134 37 0.2761
2654.8000 134 38 0.2836
2662.0000 135 38 0.2815
2678.0000 136 38 0.2794
2681.8000 136 39 0.2868
2689.6000 136 40 0.2941
2690.0000 136 41 0.3015
2693.0000 137 41 0.2993
2716.0000 138 41 0.2971
2735.0000 139 41 0.2950
2741.3000 139 42 0.3022
2742.9000 139 43 0.3094
2754.0000 140 43 0.3071
2771.0000 141 43 0.3050
2788.0000 142 43 0.3028
2800.0000 142 44 0.3099
2803.7000 142 45 0.3169
2807.0000 143 45 0.3147
2823.1000 143 46 0.3217
2831.0000 144 46 0.3194
2840.1000 144 47 0.3264
2853.0000 145 47 0.3241
2868.0000 146 47 0.3219
2872.2000 146 48 0.3288
2891.0000 147 48 0.3265
2899.2000 147 49 0.3333
2911.0000 148 49 0.3311
2926.0000 149 49 0.3289
2942.0000 150 49 0.3267
2962.0000 151 49 0.3245
2979.0000 152 49 0.3224
3003.0000 153 49 0.3203
3024.0000 154 49 0.3182
3040.0000 155 49 0.3161
3064.0000 156 49 0.3141
3065.8000 156 50 0.3205
3084.5000 156 51 0.3269
3086.0000 157 51 0.3248
3110.0000 158 51 0.3228
3119.6000 158 52 0.3291
3129.0000 159 52 0.3270
3131.0000 159 53 0.3333
3147.0000 160 53 0.3313
3166.0000 161 53 0.3292
3190.0000 162 53 0.3272
3210.0000 163 53 0.3252
3225.0000 164 53 0.3232
3243.0000 165 53 0.3212
3260.0000 166 53 0.3193
3261.2000 166 54 0.3253
3271.5000 166 55 0.3313
3275.4000 166 56 0.3373
3283.0000 167 56 0.3353
3288.4000 167 57 0.3413
3289.8000 167 58 0.3473
3305.0000 168 58 0.3452
3319.3000 168 59 0.3512
3321.0000 169 59 0.3491
3344.0000 170 59 0.3471
3362.8000 170 60 0.3529
3365.0000 171 60 0.3509
3378.6000 171 61 0.3567
3385.0000 172 61 0.3547
3396.5000 172 62 0.3605
3408.0000 173 62 0.3584
3414.4000 173 63 0.3642
3423.8000 173 64 0.3699
3428.0000 174 64 0.3678
3429.2000 174 65 0.3736
3449.0000 175 65 0.3714
3456.6000 175 66 0.3771
3472.0000 176 66 0.3750
3488.0000 177 66 0.3729
3511.0000 178 66 0.3708
3512.4000 178 67 0.3764
3526.3000 178 68 0.3820
3532.4000 178 69 0.3876
3533.2000 178 70 0.3933
3535.0000 179 70 0.3911
3547.0000 179 71 0.3966
3551.2000 179 72 0.4022
3552.0000 180 72 0.4000
3563.1000 180 73 0.4056
3569.8000 180 74 0.4111
3570.0000 181 74 0.4088
3575.8000 181 75 0.4144
3589.0000 182 75 0.4121
3604.0000 183 75 0.4098
3619.0000 184 75 0.4076
3638.0000 185 75 0.4054
3653.0000 186 75 0.4032
3669.0000 187 75 0.4011
3689.0000 188 75 0.3989
3712.0000 189 75 0.3968
3730.0000 190 75 0.3947
3754.0000 191 75 0.3927
3771.0000 192 75 0.3906
3787.0000 193 75 0.3886
3809.0000 194 75 0.3866
3832.0000 195 75 0.3846
3846.4000 195 76 0.3897
3852.4000 195 77 0.3949
3854.0000 196 77 0.3929
3873.0000 197 77 0.3909
3895.0000 198 77 0.3889
3919.0000 199 77 0.3869
3938.0000 200 77 0.3850
3946.1000 200 78 0.3900
3948.6000 200 79 0.3950
3949.2000 200 80 0.4000
3953.0000 200 81 0.4050
3955.0000 201 81 0.4030
3975.0000 202 81 0.4010
3996.0000 203 81 0.3990
4012.0000 204 81 0.3971
4031.0000 205 81 0.3951
4052.0000 206 81 0.3932
4054.9000 206 82 0.3981
4057.7000 206 83 0.4029
4059.1000 206 84 0.4078
4070.0000 207 84 0.4058
4094.0000 208 84 0.4038
4115.0000 209 84 0.4019
4134.0000 210 84 0.4000
4153.0000 211 84 0.3981
4171.0000 212 84 0.3962
4194.0000 213 84 0.3944
4208.3000 213 85 0.3991
4209.2000 213 86 0.4038
4214.0000 214 86 0.4019
4235.0000 215 86 0.4000
4244.9000 215 87 0.4047
4248.0000 215 88 0.4093
4251.0000 216 88 0.4074
4268.6000 216 89 0.4120
4272.0000 217 89 0.4101
4287.3000 217 90 0.4147
4288.6000 217 91 0.4194
4290.0000 218 91 0.4174
4297.6000 218 92 0.4220
4314.0000 219 92 0.4201
4316.4000 219 93 0.4247
4338.0000 220 93 0.4227
4360.0000 221 93 0.4208
4381.0000 222 93 0.4189
4400.0000 223 93 0.4170
4406.0000 223 94 0.4215
4419.0000 224 94 0.4196
4419.1000 224 95 0.4241
4428.4000 224 96 0.4286
4434.0000 225 96 0.4267
4435.5000 225 97 0.4311
4452.4000 225 98 0.4356
4454.5000 225 99 0.4400
4458.0000 226 99 0.4381
4463.0000 226 100 0.4425
4476.0000 227 100 0.4405
4497.0000 228 100 0.4386
4505.4000 228 101 0.4430
4515.0000 229 101 0.4410
4537.0000 230 101 0.4391
4556.0000 231 101 0.4372
4580.0000 232 101 0.4353
4597.0000 233 101 0.4335
4614.0000 234 101 0.4316
4634.0000 235 101 0.4298
4655.0000 236 101 0.4280
4665.1000 236 102 0.4322
4670.2000 236 103 0.4364
4672.0000 237 103 0.4346
4689.0000 238 103 0.4328
4692.0000 238 104 0.4370
4701.3000 238 105 0.4412
4701.8000 238 106 0.4454
4706.0000 239 106 0.4435
4729.0000 240 106 0.4417
4741.7000 240 107 0.4458
4747.0000 241 107 0.4440
4752.0000 241 108 0.4481
4762.0000 242 108 0.4463
4783.0000 243 108 0.4444
4795.2000 243 109 0.4486
4807.0000 244 109 0.4467
4810.9000 244 110 0.4508
4824.0000 245 110 0.4490
4848.0000 246 110 0.4472
4867.0000 247 110 0.4453
4886.0000 248 110 0.4435
4897.1000 248 111 0.4476
4909.0000 249 111 0.4458
4928.0000 250 111 0.4440
4951.0000 251 111 0.4422
4966.0000 252 111 0.4405
4972.7000 252 112 0.4444
4986.0000 253 112 0.4427
4988.1000 253 113 0.4466
4996.5000 253 114 0.4506
5010.0000 254 114 0.4488
5033.0000 255 114 0.4471
5048.0000 256 114 0.4453
5062.2000 256 115 0.4492
5072.0000 257 115 0.4475
5089.0000 258 115 0.4457
5092.8000 258 116 0.4496
5095.0000 258 117 0.4535
5112.0000 259 117 0.4517
5131.0000 260 117 0.4500
5143.9000 260 118 0.4538
5151.0000 261 118 0.4521
5175.0000 262 118 0.4504
5194.0000 263 118 0.4487
5209.7000 263 119 0.4525
5211.2000 263 120 0.4563
5215.0000 264 120 0.4545
5237.0000 265 120 0.4528
5238.5000 265 121 0.4566
5254.0000 266 121 0.4549
5269.0000 267 121 0.4532
5291.0000 268 121 0.4515
5298.1000 268 122 0.4552
5307.0000 269 122 0.4535
5322.4000 269 123 0.4572
5324.0000 270 123 0.4556
5339.0000 271 123 0.4539
5355.3000 271 124 0.4576
5356.0000 272 124 0.4559
5371.0000 273 124 0.4542
5387.0000 274 124 0.4526
5410.0000 275 124 0.4509
5410.3000 275 125 0.4545
5426.0000 276 125 0.4529
5430.3000 276 126 0.4565
5447.0000 277 126 0.4549
5470.0000 278 126 0.4532
5490.0000 279 126 0.4516
5504.6000 279 127 0.4552
5507.0000 280 127 0.4536
5516.5000 280 128 0.4571
5528.0000 281 128 0.4555
5542.9000 281 129 0.4591
5546.0000 282 129 0.4574
5564.0000 283 129 0.4558
5566.2000 283 130 0.4594
5568.1000 283 131 0.4629
5584.0000 284 131 0.4613
5607.0000 285 131 0.4596
5622.0000 285 132 0.4632
5625.0000 286 132 0.4615
5643.0000 287 132 0.4599
5665.0000 288 132 0.4583
5685.0000 289 132 0.4567
5697.9000 289 133 0.4602
5704.0000 290 133 0.4586
5724.0000 291 133 0.4570
5728.9000 291 134 0.4605
5745.0000 292 134 0.4589
5745.2000 292 135 0.4623
5760.0000 293 135 0.4608
5770.4000 293 136 0.4642
5778.9000 293 137 0.4676
5784.0000 294 137 0.4660
5805.0000 295 137 0.4644
5807.1000 295 138 0.4678
5822.0000 296 138 0.4662
5841.0000 297 138 0.4646
5855.7000 297 139 0.4680
5859.0000 298 139 0.4664
5860.0000 298 140 0.4698
5862.4000 298 141 0.4732
5865.2000 298 142 0.4765
5874.0000 299 142 0.4749
5893.0000 300 142 0.4733
5895.4000 300 143 0.4767
5898.0000 300 144 0.4800
5898.7000 300 145 0.4833
5914.0000 301 145 0.4817
5932.0000 302 145 0.4801
5947.3000 302 146 0.4834
5948.5000 302 147 0.4868
5953.0000 303 147 0.4851
5969.4000 303 148 0.4884
5971.0000 304 148 0.4868
5986.0000 305 148 0.4852
5996.8000 305 149 0.4885
6003.8000 305 150 0.4918
6007.7000 305 151 0.4951
6008.0000 306 151 0.4935
6010.3000 306 152 0.4967
6024.0000 307 152 0.4951
6029.0000 307 153 0.4984
6041.0000 308 153 0.4968
6044.9000 308 154 0.5000
6063.0000 309 154 0.4984
6068.1000 309 155 0.5016
6074.6000 309 156 0.5049
6087.0000 310 156 0.5032
6105.0000 311 156 0.5016
6114.3000 311 157 0.5048
6124.0000 312 157 0.5032
6130.7000 312 158 0.5064
6145.0000 313 158 0.5048
6166.0000 314 158 0.5032
6177.5000 314 159 0.5064
6182.0000 315 159 0.5048
6201.0000 316 159 0.5032
6211.5000 316 160 0.5063
6216.0000 317 160 0.5047
6231.0000 318 160 0.5031
6245.2000 318 161 0.5063
6248.0000 319 161 0.5047
6261.7000 319 162 0.5078
6267.0000 320 162 0.5063
6289.0000 321 162 0.5047
6289.3000 321 163 0.5078
6308.0000 322 163 0.5062
6320.0000 322 164 0.5093
6321.9000 322 165 0.5124
6332.0000 323 165 0.5108
6338.7000 323 166 0.5139
6355.0000 324 166 0.5123
6372.0000 325 166 0.5108
6374.6000 325 167 0.5138
6375.7000 325 168 0.5169
6384.7000 325 169 0.5200
6391.9000 325 170 0.5231
6393.0000 326 170 0.5215
6412.5000 326 171 0.5245
6417.0000 327 171 0.5229
6424.2000 327 172 0.5260
6425.4000 327 173 0.5291
6431.8000 327 174 0.5321
6441.0000 328 174 0.5305
6462.5000 328 175 0.5335
6465.0000 329 175 0.5319
6467.3000 329 176 0.5350
6486.0000 330 176 0.5333
6502.0000 331 176 0.5317
6518.0000 332 176 0.5301
6536.0000 333 176 0.5285
6548.1000 333 177 0.5315
6555.0000 334 177 0.5299
6572.0000 335 177 0.5284
6591.0000 336 177 0.5268
6608.0000 337 177 0.5252
6608.7000 337 178 0.5282
6631.0000 338 178 0.5266
6646.0000 339 178 0.5251
6665.0000 340 178 0.5235
6671.5000 340 179 0.5265
6684.0000 341 179 0.5249
6696.4000 341 180 0.5279
6699.7000 341 181 0.5308
6708.0000 342 181 0.5292
6725.0000 343 181 0.5277
6745.0000 344 181 0.5262
6760.0000 345 181 0.5246
6781.0000 346 181 0.5231
6793.2000 346 182 0.5260
6800.0000 347 182 0.5245
6816.0000 348 182 0.5230
6827.4000 348 183 0.5259
6839.0000 349 183 0.5244
6854.0000 350 183 0.5229
6874.0000 351 183 0.5214
6889.0000 352 183 0.5199
6893.6000 352 184 0.5227
6900.6000 352 185 0.5256
6909.0000 353 185 0.5241
6917.1000 353 186 0.5269
6921.2000 353 187 0.5297
6930.0000 354 187 0.5282
6951.0000 355 187 0.5268
6951.3000 355 188 0.5296
6971.0000 356 188 0.5281
6973.6000 356 189 0.5309
6978.5000 356 190 0.5337
6995.0000 357 190 0.5322
7010.0000 358 190 0.5307
7019.8000 358 191 0.5335
7020.1000 358 192 0.5363
7021.7000 358 193 0.5391
7029.0000 359 193 0.5376
7045.6000 359 194 0.5404
7048.0000 360 194 0.5389
7061.9000 360 195 0.5417
7071.0000 361 195 0.5402
7093.0000 362 195 0.5387
7093.3000 362 196 0.5414
7104.9000 362 197 0.5442
7108.0000 363 197 0.5427
7111.5000 363 198 0.5455
7112.8000 363 199 0.5482
7130.0000 364 199 0.5467
7147.0000 365 199 0.5452
7163.0000 366 199 0.5437
7176.4000 366 200 0.5464
7180.0000 367 200 0.5450
7197.0000 368 200 0.5435
7218.9000 368 201 0.5462
7221.0000 369 201 0.5447
7240.0000 370 201 0.5432
7243.4000 370 202 0.5459
7253.6000 370 203 0.5486
7255.0000 371 203 0.5472
7272.0000 372 203 0.5457
7290.8000 372 204 0.5484
7296.0000 373 204 0.5469
7319.0000 374 204 0.5455
7333.2000 374 205 0.5481
7335.0000 375 205 0.5467
7358.0000 376 205 0.5452
7378.0000 377 205 0.5438
7394.0000 378 205 0.5423
7406.7000 378 206 0.5450
7411.0000 379 206 0.5435
7428.9000 379 207 0.5462
7430.5000 379 208 0.5488
7435.0000 380 208 0.5474
7436.5000 380 209 0.5500
7459.0000 381 209 0.5486
7480.0000 382 209 0.5471
7498.0000 383 209 0.5457
7498.8000 383 210 0.5483
7507.3000 383 211 0.5509
7514.0000 384 211 0.5495
7532.8000 384 212 0.5521
7534.2000 384 213 0.5547
7536.0000 385 213 0.5532
7546.4000 385 214 0.5558
7559.0000 386 214 0.5544
7566.1000 386 215 0.5570
7574.0000 387 215 0.5556
7583.5000 387 216 0.5581
7585.3000 387 217 0.5607
7591.0000 387 218 0.5633
7593.0000 387 219 0.5659
7595.0000 388 219 0.5644
7610.5000 388 220 0.5670
7613.0000 389 220 0.5656
7621.5000 389 221 0.5681
7632.0000 390 221 0.5667
7656.0000 391 221 0.5652
7673.0000 392 221 0.5638
7685.6000 392 222 0.5663
7696.0000 393 222 0.5649
7696.9000 393 223 0.5674
7713.0000 394 223 0.5660
7723.1000 394 224 0.5685
7730.0000 395 224 0.5671
7745.0000 396 224 0.5657
7762.0000 397 224 0.5642
7784.0000 398 224 0.5628
7804.0000 399 224 0.5614
7815.8000 399 225 0.5639
7822.0000 400 225 0.5625
7822.3000 400 226 0.5650
7840.0000 401 226 0.5636
7858.0000 402 226 0.5622
7874.0000 403 226 0.5608
7874.5000 403 227 0.5633
7878.2000 403 228 0.5658
7883.6000 403 229 0.5682
7891.0000 403 230 0.5707
7895.0000 404 230 0.5693
7914.0000 405 230 0.5679
7922.2000 405 231 0.5704
7931.0000 406 231 0.5690
7935.9000 406 232 0.5714
7948.0000 407 232 0.5700
7960.8000 407 233 0.5725
7972.0000 408 233 0.5711
7987.0000 409 233 0.5697
7992.4000 409 234 0.5721
8002.0000 410 234 0.5707
8005.1000 410 235 0.5732
8024.0000 411 235 0.5718
8040.0000 412 235 0.5704
8041.7000 412 236 0.5728
8059.0000 413 236 0.5714
8069.1000 413 237 0.5738
8082.0000 414 237 0.5725
8084.1000 414 238 0.5749
8099.0000 415 238 0.5735
8106.7000 415 239 0.5759
8116.0000 416 239 0.5745
8137.0000 417 239 0.5731
8158.0000 418 239 0.5718
8168.9000 418 240 0.5742
8173.0000 419 240 0.5728
8190.0000 420 240 0.5714
8205.0000 421 240 0.5701
8205.7000 421 241 0.5724
8227.0000 422 241 0.5711
8235.0000 422 242 0.5735
8251.0000 423 242 0.5721
8270.0000 423 243 0.5745
8271.7000 423 244 0.5768
8272.4000 423 245 0.5792
8272.4000 423 246 0.5816
8275.0000 424 246 0.5802
8284.1000 424 247 0.5825
8285.3000 424 248 0.5849
8286.6000 424 249 0.5873
8297.0000 425 249 0.5859
8317.0000 426 249 0.5845
8336.0000 427 249 0.5831
8355.0000 427 250 0.5855
8357.1000 427 251 0.5878
8359.0000 428 251 0.5864
8375.0000 429 251 0.5851
8396.0000 430 251 0.5837
8405.3000 430 252 0.5860
8407.9000 430 253 0.5884
8414.0000 431 253 0.5870
8418.8000 431 254 0.5893
8427.0000 431 255 0.5916
8428.2000 431 256 0.5940
8437.0000 432 256 0.5926
8453.0000 433 256 0.5912
8457.1000 433 257 0.5935
8458.1000 433 258 0.5958
8468.0000 434 258 0.5945
8492.0000 435 258 0.5931
8510.0000 436 258 0.5917
8525.0000 437 258 0.5904
8526.5000 437 259 0.5927
8530.8000 437 260 0.5950
8540.0000 437 261 0.5973
8544.0000 438 261 0.5959
8548.0000 438 262 0.5982
8556.0000 438 263 0.6005
8556.2000 438 264 0.6027
8559.4000 438 265 0.6050
8566.0000 439 265 0.6036
8567.4000 439 266 0.6059
8572.8000 439 267 0.6082
8578.2000 439 268 0.6105
8586.0000 440 268 0.6091
8609.0000 441 268 0.6077
8625.0000 442 268 0.6063
8630.3000 442 269 0.6086
8630.8000 442 270 0.6109
8641.3000 442 271 0.6131
8644.0000 443 271 0.6117
8663.0000 444 271 0.6104
8663.0000 444 272 0.6126
8681.0000 445 272 0.6112
8697.0000 446 272 0.6099
8699.3000 446 273 0.6121
8705.9000 446 274 0.6143
8711.9000 446 275 0.6166
8719.0000 447 275 0.6152
8730.3000 447 276 0.6174
8738.1000 447 277 0.6197
8743.0000 448 277 0.6183
8748.3000 448 278 0.6205
8752.1000 448 279 0.6228
8767.0000 449 279 0.6214
8778.0000 449 280 0.6236
8784.0000 450 280 0.6222
8794.1000 450 281 0.6244
8800.0000 451 281 0.6231
8823.0000 452 281 0.6217
8824.9000 452 282 0.6239
8839.0000 453 282 0.6225
8854.0000 454 282 0.6211
8869.0000 455 282 0.6198
8888.6000 455 283 0.6220
8892.0000 456 283 0.6206
8897.5000 456 284 0.6228
8911.0000 457 284 0.6214
8929.0000 458 284 0.6201
8944.0000 459 284 0.6187
8954.6000 459 285 0.6209
8955.3000 459 286 0.6231
8955.8000 459 287 0.6253
8961.0000 460 287 0.6239
8968.9000 460 288 0.6261
8979.0000 461 288 0.6247
8989.8000 461 289 0.6269
8996.6000 461 290 0.6291
8997.0000 462 290 0.6277
9008.9000 462 291 0.6299
9011.3000 462 292 0.6320
9013.0000 463 292 0.6307
9035.0000 464 292 0.6293
9058.0000 465 292 0.6280
9068.1000 465 293 0.6301
9073.0000 466 293 0.6288
9075.4000 466 294 0.6309
9080.7000 466 295 0.6330
9090.7000 466 296 0.6352
9093.5000 466 297 0.6373
9095.0000 467 297 0.6360
9119.0000 468 297 0.6346
9143.0000 469 297 0.6333
9162.0000 470 297 0.6319
9186.0000 471 297 0.6306
9188.3000 471 298 0.6327
9196.5000 471 299 0.6348
9209.0000 472 299 0.6335
9209.2000 472 300 0.6356
9224.0000 473 300 0.6342
9245.0000 474 300 0.6329
9253.4000 474 301 0.6350
9264.0000 475 301 0.6337
9288.0000 476 301 0.6324
9294.6000 476 302 0.6345
9300.8000 476 303 0.6366
9306.5000 476 304 0.6387
9310.0000 477 304 0.6373
9314.7000 477 305 0.6394
9323.1000 477 306 0.6415
9324.2000 477 307 0.6436
9326.0000 478 307 0.6423
9341.0000 479 307 0.6409
9365.0000 480 307 0.6396
9387.0000 481 307 0.6383
9392.3000 481 308 0.6403
9395.3000 481 309 0.6424
9403.0000 482 309 0.6411
9426.0000 483 309 0.6398
9444.0000 484 309 0.6384
9452.1000 484 310 0.6405
9461.1000 484 311 0.6426
9464.8000 484 312 0.6446
9468.0000 485 312 0.6433
9485.0000 486 312 0.6420
9503.0000 487 312 0.6407
9518.5000 487 313 0.6427
9527.0000 488 313 0.6414
9538.8000 488 314 0.6434
9550.0000 489 314 0.6421
9550.4000 489 315 0.6442
9573.0000 490 315 0.6429
9591.0000 491 315 0.6415
9609.9000 491 316 0.6436
9614.0000 492 316 0.6423
9614.9000 492 317 0.6443
9615.4000 492 318 0.6463
9632.0000 493 318 0.6450
9644.3000 493 319 0.6471
9653.0000 494 319 0.6457
9665.0000 494 320 0.6478
9676.0000 495 320 0.6465
9693.0000 496 320 0.6452
9695.2000 496 321 0.6472
9715.0000 497 321 0.6459
9724.6000 497 322 0.6479
9736.0000 498 322 0.6466
9738.5000 498 323 0.6486
9748.3000 498 324 0.6506
9750.0000 498 325 0.6526
9752.0000 499 325 0.6513
9761.5000 499 326 0.6533
9763.9000 499 327 0.6553
9768.7000 499 328 0.6573
9769.8000 499 329 0.6593
9776.0000 500 329 0.6580
9791.7000 500 330 0.6600
9799.0000 501 330 0.6587
9803.5000 501 331 0.6607
9821.0000 502 331 0.6594
9837.0000 503 331 0.6581
9843.4000 503 332 0.6600
9846.7000 503 333 0.6620
9861.0000 504 333 0.6607
9879.0000 505 333 0.6594
9880.1000 505 334 0.6614
9885.1000 505 335 0.6634
9894.0000 506 335 0.6621
9905.9000 506 336 0.6640
9907.1000 506 337 0.6660
9909.0000 507 337 0.6647
9927.0000 508 337 0.6634
9946.0000 509 337 0.6621
9969.0000 510 337 0.6608
9977.3000 510 338 0.6627
9988.0000 511 338 0.6614
9995.7000 511 339 0.6634
10004.1000 511 340 0.6654
10007.0000 512 340 0.6641
10008.6000 512 341 0.6660
10010.3000 512 342 0.6680
10024.0000 513 342 0.6667
10029.0000 513 343 0.6686
10037.7000 513 344 0.6706
10044.0000 514 344 0.6693
10045.3000 514 345 0.6712
10067.0000 515 345 0.6699
10087.0000 516 345 0.6686
10108.0000 516 346 0.6705
10111.0000 517 346 0.6692
10123.9000 517 347 0.6712
10132.0000 518 347 0.6699
10138.5000 518 348 0.6718
10154.0000 519 348 0.6705
10158.1000 519 349 0.6724
10175.8000 519 350 0.6744
10177.0000 520 350 0.6731
10184.3000 520 351 0.6750
10194.0000 521 351 0.6737
10216.0000 522 351 0.6724
10233.6000 522 352 0.6743
10235.0000 523 352 0.6730
10257.0000 524 352 0.6718
10265.1000 524 353 0.6737
10277.0000 524 354 0.6756
10281.0000 525 354 0.6743
10291.0000 525 355 0.6762
10292.1000 525 356 0.6781
10300.0000 526 356 0.6768
10320.0000 527 356 0.6755
10323.7000 527 357 0.6774
10343.0000 528 357 0.6761
10366.0000 529 357 0.6749
10374.1000 529 358 0.6767
10379.4000 529 359 0.6786
10382.0000 530 359 0.6774
10402.0000 531 359 0.6761
10403.4000 531 360 0.6780
10410.2000 531 361 0.6798
10422.8000 531 362 0.6817
10423.0000 532 362 0.6805
10424.8000 532 363 0.6823
10433.1000 532 364 0.6842
10441.0000 533 364 0.6829
10441.0000 533 365 0.6848
10442.6000 533 366 0.6867
10461.0000 534 366 0.6854
10474.4000 534 367 0.6873
10480.0000 535 367 0.6860
10496.9000 535 368 0.6879
10497.0000 536 368 0.6866
10518.0000 537 368 0.6853
10524.1000 537 369 0.6872
10536.0000 537 370 0.6890
10537.0000 538 370 0.6877
10538.1000 538 371 0.6896
10552.3000 538 372 0.6914
10555.0000 539 372 0.6902
10571.0000 540 372 0.6889
10591.0000 541 372 0.6876
10596.5000 541 373 0.6895
10615.0000 542 373 0.6882
10615.9000 542 374 0.6900
10637.0000 543 374 0.6888
10641.1000 543 375 0.6906
10645.7000 543 376 0.6924
10648.9000 543 377 0.6943
10657.0000 544 377 0.6930
10665.1000 544 378 0.6949
10665.2000 544 379 0.6967
10681.0000 545 379 0.6954
10703.0000 546 379 0.6941
10716.2000 546 380 0.6960
10726.0000 547 380 0.6947
10748.0000 548 380 0.6934
10768.0000 549 380 0.6922
10788.0000 550 380 0.6909
10808.0000 551 380 0.6897
10808.7000 551 381 0.6915
10809.6000 551 382 0.6933
10820.4000 551 383 0.6951
10823.0000 552 383 0.6938
10842.0000 553 383 0.6926
10862.3000 553 384 0.6944
10866.0000 554 384 0.6931
10875.2000 554 385 0.6949
10882.0000 554 386 0.6968
10884.2000 554 387 0.6986
10885.0000 555 387 0.6973
10887.3000 555 388 0.6991
10889.1000 555 389 0.7009
10907.0000 556 389 0.6996
10925.0000 557 389 0.6984
10942.0000 558 389 0.6971
10966.0000 559 389 0.6959
10983.0000 560 389 0.6946
11006.0000 561 389 0.6934
11019.7000 561 390 0.6952
11021.3000 561 391 0.6970
11023.0000 562 391 0.6957
11039.2000 562 392 0.6975
11046.0000 563 392 0.6963
11055.9000 563 393 0.6980
11058.5000 563 394 0.6998
11058.8000 563 395 0.7016
11059.1000 563 396 0.7034
11068.0000 564 396 0.7021
11084.0000 565 396 0.7009
11097.7000 565 397 0.7027
11098.6000 565 398 0.7044
11099.9000 565 399 0.7062
11102.0000 566 399 0.7049
11116.8000 566 400 0.7067
11120.0000 567 400 0.7055
11128.2000 567 401 0.7072
11137.9000 567 402 0.7090
11141.2000 567 403 0.7108
11143.0000 568 403 0.7095
11166.0000 569 403 0.7083
11171.9000 569 404 0.7100
11182.0000 570 404 0.7088
11191.1000 570 405 0.7105
11201.0000 571 405 0.7093
11207.5000 571 406 0.7110
11208.2000 571 407 0.7128
11216.8000 571 408 0.7145
11218.0000 572 408 0.7133
11238.0000 573 408 0.7120
11250.3000 573 409 0.7138
11260.0000 574 409 0.7125
11269.2000 574 410 0.7143
11280.0000 575 410 0.7130
11291.4000 575 411 0.7148
11298.0000 576 411 0.7135
11308.0000 576 412 0.7153
11308.0000 576 413 0.7170
11315.7000 576 414 0.7188
11319.0000 577 414 0.7175
11320.7000 577 415 0.7192
11331.7000 577 416 0.7210
11343.0000 578 416 0.7197
11363.0000 579 416 0.7185
11381.0000 580 416 0.7172
11405.0000 581 416 0.7160
11424.0000 582 416 0.7148
11432.3000 582 417 0.7165
11441.3000 582 418 0.7182
11443.0000 583 418 0.7170
11444.4000 583 419 0.7187
11445.4000 583 420 0.7204
11459.6000 583 421 0.7221
11461.6000 583 422 0.7238
11467.0000 584 422 0.7226
11485.8000 584 423 0.7243
11491.0000 585 423 0.7231
11508.7000 585 424 0.7248
11511.0000 586 424 0.7235
11513.2000 586 425 0.7253
11528.3000 586 426 0.7270
11529.0000 587 426 0.7257
11534.3000 587 427 0.7274
11547.0000 588 427 0.7262
11560.8000 588 428 0.7279
11562.9000 588 429 0.7296
11566.0000 589 429 0.7284
11576.7000 589 430 0.7301
11586.0000 590 430 0.7288
11610.0000 591 430 0.7276
11611.3000 591 431 0.7293
11626.0000 592 431 0.7280
11640.2000 592 432 0.7297
11646.4000 592 433 0.7314
11650.0000 593 433 0.7302
11665.0000 594 433 0.7290
11680.0000 595 433 0.7277
11685.7000 595 434 0.7294
11687.9000 595 435 0.7311
11689.7000 595 436 0.7328
11696.0000 596 436 0.7315
11711.0000 597 436 0.7303
11731.0000 598 436 0.7291
11755.0000 599 436 0.7279
11771.0000 600 436 0.7267
11774.2000 600 437 0.7283
11781.7000 600 438 0.7300
11789.8000 600 439 0.7317
11790.0000 601 439 0.7304
11805.5000 601 440 0.7321
11809.0000 602 440 0.7309
11812.6000 602 441 0.7326
11827.0000 603 441 0.7313
11840.6000 603 442 0.7330
11851.0000 604 442 0.7318
11867.0000 605 442 0.7306
11885.0000 606 442 0.7294
11907.0000 607 442 0.7282
11929.0000 608 442 0.7270
11933.3000 608 443 0.7286
11935.8000 608 444 0.7303
11940.3000 608 445 0.7319
11947.8000 608 446 0.7336
11948.0000 609 446 0.7323
11959.7000 609 447 0.7340
11959.8000 609 448 0.7356
11971.0000 610 448 0.7344
11980.9000 610 449 0.7361
11991.5000 610 450 0.7377
11995.0000 611 450 0.7365
12012.0000 612 450 0.7353
12033.0000 613 450 0.7341
12042.0000 613 451 0.7357
12042.5000 613 452 0.7374
12045.9000 613 453 0.7390
12048.0000 614 453 0.7378
12051.8000 614 454 0.7394
12070.0000 615 454 0.7382
12072.9000 615 455 0.7398
12073.0000 615 456 0.7415
12076.1000 615 457 0.7431
12088.0000 616 457 0.7419
12092.1000 616 458 0.7435
12104.0000 617 458 0.7423
12124.0000 618 458 0.7411
12145.0000 619 458 0.7399
12153.5000 619 459 0.7415
12165.0000 620 459 0.7403
12189.0000 621 459 0.7391
12209.0000 622 459 0.7379
12211.8000 622 460 0.7395
12216.4000 622 461 0.7412
12218.2000 622 462 0.7428
12220.5000 622 463 0.7444
12226.0000 623 463 0.7432
12249.0000 624 463 0.7420
12261.8000 624 464 0.7436
12262.3000 624 465 0.7452
12270.0000 625 465 0.7440
12281.4000 625 466 0.7456
12287.0000 626 466 0.7444
12289.4000 626 467 0.7460
12296.7000 626 468 0.7476
12304.8000 626 469 0.7492
12305.0000 627 469 0.7480
12306.9000 627 470 0.7496
12323.0000 628 470 0.7484
12329.5000 628 471 0.7500
12330.6000 628 472 0.7516
12332.7000 628 473 0.7532
12339.0000 629 473 0.7520
12358.0000 630 473 0.7508
12375.1000 630 474 0.7524
12377.0000 631 474 0.7512
12399.0000 632 474 0.7500
12412.9000 632 475 0.7516
12416.9000 632 476 0.7532
12421.0000 633 476 0.7520
12444.0000 634 476 0.7508
12444.7000 634 477 0.7524
12458.3000 634 478 0.7539
12463.0000 635 478 0.7528
12479.0000 636 478 0.7516
12483.1000 636 479 0.7531
12484.2000 636 480 0.7547
12493.4000 636 481 0.7563
12494.8000 636 482 0.7579
12495.5000 636 483 0.7594
12497.0000 637 483 0.7582
12518.0000 638 483 0.7571
12531.1000 638 484 0.7586
12537.8000 638 485 0.7602
12538.0000 639 485 0.7590
12556.0000 640 485 0.7578
12566.4000 640 486 0.7594
12568.6000 640 487 0.7609
12575.0000 641 487 0.7598
12596.0000 642 487 0.7586
12611.0000 643 487 0.7574
12615.7000 643 488 0.7589
12635.0000 644 488 0.7578
12642.9000 644 489 0.7593
12650.0000 644 490 0.7609
12651.1000 644 491 0.7624
12655.0000 645 491 0.7612
12672.0000 646 491 0.7601
12691.0000 647 491 0.7589
12706.4000 647 492 0.7604
12713.0000 648 492 0.7593
12726.0000 648 493 0.7608
12727.4000 648 494 0.7623
12737.0000 649 494 0.7612
12761.0000 650 494 0.7600
12772.9000 650 495 0.7615
12781.0000 651 495 0.7604
12784.8000 651 496 0.7619
12798.0000 652 496 0.7607
12818.0000 653 496 0.7596
12830.3000 653 497 0.7611
12836.3000 653 498 0.7626
12839.0000 654 498 0.7615
12855.5000 654 499 0.7630
12858.4000 654 500 0.7645
12863.0000 655 500 0.7634
12868.3000 655 501 0.7649
12884.0000 656 501 0.7637
12901.0000 657 501 0.7626
12919.0000 658 501 0.7614
12935.6000 658 502 0.7629
12936.0000 659 502 0.7618
12954.0000 660 502 0.7606
12971.0000 661 502 0.7595
12976.7000 661 503 0.7610
12986.0000 662 503 0.7598
12986.4000 662 504 0.7613
12993.5000 662 505 0.7628
13009.0000 663 505 0.7617
13022.3000 663 506 0.7632
13029.0000 664 506 0.7620
13048.0000 665 506 0.7609
13049.7000 665 507 0.7624
13069.0000 666 507 0.7613
13079.8000 666 508 0.7628
13080.5000 666 509 0.7643
13081.1000 666 510 0.7658
13082.6000 666 511 0.7673
13090.0000 667 511 0.7661
13092.7000 667 512 0.7676
13103.9000 667 513 0.7691
13112.0000 668 513 0.7680
13132.3000 668 514 0.7695
13135.0000 669 514 0.7683
13137.1000 669 515 0.7698
13138.0000 669 516 0.7713
13146.6000 669 517 0.7728
13150.3000 669 518 0.7743
13157.0000 670 518 0.7731
13172.9000 670 519 0.7746
13175.0000 671 519 0.7735
13198.0000 672 519 0.7723
13222.0000 673 519 0.7712
13237.0000 674 519 0.7700
13238.8000 674 520 0.7715
13242.9000 674 521 0.7730
13261.0000 675 521 0.7719
13279.0000 676 521 0.7707
13288.8000 676 522 0.7722
13290.7000 676 523 0.7737
13292.8000 676 524 0.7751
13303.0000 677 524 0.7740
13310.3000 677 525 0.7755
13327.0000 678 525 0.7743
13344.0000 679 525 0.7732
13367.0000 680 525 0.7721
13370.8000 680 526 0.7735
13382.6000 680 527 0.7750
13385.0000 681 527 0.7739
13387.8000 681 528 0.7753
13400.0000 682 528 0.7742
13421.8000 682 529 0.7757
13422.0000 683 529 0.7745
13438.0000 683 530 0.7760
13439.0000 684 530 0.7749
13454.1000 684 531 0.7763
13463.0000 685 531 0.7752
13485.0000 686 531 0.7741
13501.0000 687 531 0.7729
13522.0000 688 531 0.7718
13534.7000 688 532 0.7733
13543.0000 689 532 0.7721
13558.0000 690 532 0.7710
13578.0000 691 532 0.7699
13582.3000 691 533 0.7713
13597.0000 692 533 0.7702
13600.2000 692 534 0.7717
13601.2000 692 535 0.7731
13604.2000 692 536 0.7746
13605.2000 692 537 0.7760
13605.9000 692 538 0.7775
13612.0000 693 538 0.7763
13622.2000 693 539 0.7778
13633.0000 694 539 0.7767
13642.3000 694 540 0.7781
13654.0000 695 540 0.7770
13654.6000 695 541 0.7784
13662.9000 695 542 0.7799
13663.4000 695 543 0.7813
13669.7000 695 544 0.7827
13674.0000 696 544 0.7816
13689.0000 697 544 0.7805
13692.9000 697 545 0.7819
13694.1000 697 546 0.7834
13695.2000 697 547 0.7848
13701.0000 697 548 0.7862
13701.7000 697 549 0.7877
13713.0000 698 549 0.7865
13732.6000 698 550 0.7880
13733.0000 699 550 0.7868
13743.5000 699 551 0.7883
13750.0000 700 551 0.7871
13751.3000 700 552 0.7886
13771.0000 701 552 0.7874
13772.1000 701 553 0.7889
13787.0000 702 553 0.7877
13792.0000 702 554 0.7892
13808.0000 703 554 0.7881
13808.1000 703 555 0.7895
13831.0000 704 555 0.7884
13836.3000 704 556 0.7898
13843.9000 704 557 0.7912
13853.0000 705 557 0.7901
13874.0000 706 557 0.7890
13894.0000 707 557 0.7878
13915.0000 708 557 0.7867
13937.0000 709 557 0.7856
13939.5000 709 558 0.7870
13952.0000 710 558 0.7859
13976.0000 711 558 0.7848
13994.0000 712 558 0.7837
14004.6000 712 559 0.7851
14007.3000 712 560 0.7865
14007.7000 712 561 0.7879
14011.0000 713 561 0.7868
14028.3000 713 562 0.7882
14032.0000 714 562 0.7871
14039.9000 714 563 0.7885
14056.0000 715 563 0.7874
14061.1000 715 564 0.7888
14071.0000 715 565 0.7902
14077.0000 716 565 0.7891
14092.0000 717 565 0.7880
14101.6000 717 566 0.7894
14107.0000 718 566 0.7883
14123.0000 719 566 0.7872
14143.5000 719 567 0.7886
14147.0000 720 567 0.7875
14167.0000 721 567 0.7864
14186.0000 722 567 0.7853
14204.0000 723 567 0.7842
14225.0000 724 567 0.7831
14240.1000 724 568 0.7845
14245.0000 725 568 0.7834
14267.0000 726 568 0.7824
14286.0000 727 568 0.7813
14304.0000 728 568 0.7802
14313.7000 728 569 0.7816
14315.8000 728 570 0.7830
14323.0000 729 570 0.7819
14343.0000 730 570 0.7808
14363.0000 731 570 0.7798
14385.0000 732 570 0.7787
14404.0000 733 570 0.7776
14420.0000 734 570 0.7766
14421.8000 734 571 0.7779
14441.0000 735 571 0.7769
14456.0000 736 571 0.7758
14466.4000 736 572 0.7772
14475.0000 737 572 0.7761
14489.1000 737 573 0.7775
14499.0000 738 573 0.7764
14507.7000 738 574 0.7778
14523.0000 739 574 0.7767
14544.0000 740 574 0.7757
14568.0000 741 574 0.7746
14569.4000 741 575 0.7760
14588.0000 742 575 0.7749
14603.0000 743 575 0.7739
14605.8000 743 576 0.7752
14617.8000 743 577 0.7766
14618.0000 744 577 0.7755
14629.4000 744 578 0.7769
14630.1000 744 579 0.7782
14639.0000 745 579 0.7772
14655.0000 746 579 0.7761
14676.0000 747 579 0.7751
14696.0000 748 579 0.7741
14701.7000 748 580 0.7754
14705.8000 748 581 0.7767
14718.0000 749 581 0.7757
14736.0000 750 581 0.7747
14746.0000 750 582 0.7760
14753.9000 750 583 0.7773
14756.0000 751 583 0.7763
14773.0000 752 583 0.7753
14790.0000 753 583 0.7742
14797.1000 753 584 0.7756
14809.0000 754 584 0.7745
14831.0000 755 584 0.7735
14848.0000 756 584 0.7725
14855.3000 756 585 0.7738
14867.0000 757 585 0.7728
14887.9000 757 586 0.7741
14889.0000 758 586 0.7731
14905.0000 759 586 0.7721
14911.4000 759 587 0.7734
14912.6000 759 588 0.7747
14921.8000 759 589 0.7760
14923.3000 759 590 0.7773
14926.9000 759 591 0.7787
14927.0000 760 591 0.7776
14942.0000 761 591 0.7766
14958.9000 761 592 0.7779
14961.0000 762 592 0.7769
14963.7000 762 593 0.7782
14984.0000 763 593 0.7772
14999.0000 764 593 0.7762
15001.4000 764 594 0.7775
15002.1000 764 595 0.7788
15021.0000 765 595 0.7778
15031.8000 765 596 0.7791
15034.7000 765 597 0.7804
15039.7000 765 598 0.7817
15041.0000 766 598 0.7807
15058.0000 767 598 0.7797
15074.0000 768 598 0.7786
15093.0000 769 598 0.7776
15114.0000 770 598 0.7766
15125.1000 770 599 0.7779
15127.7000 770 600 0.7792
15132.0000 771 600 0.7782
15149.0000 772 600 0.7772
15159.2000 772 601 0.7785
15170.3000 772 602 0.7798
15172.0000 773 602 0.7788
15190.0000 774 602 0.7778
15212.0000 775 602 0.7768
15235.0000 776 602 0.7758
15256.0000 777 602 0.7748
15266.0000 777 603 0.7761
15273.9000 777 604 0.7773
15280.0000 778 604 0.7763
15290.0000 778 605 0.7776
15297.0000 779 605 0.7766
15318.0000 780 605 0.7756
15336.0000 781 605 0.7746
15360.0000 782 605 0.7737
15381.0000 783 605 0.7727
15388.5000 783 606 0.7739
15395.7000 783 607 0.7752
15399.0000 784 607 0.7742
15407.7000 784 608 0.7755
15419.0000 785 608 0.7745
15439.2000 785 609 0.7758
15441.0000 786 609 0.7748
15442.1000 786 610 0.7761
15465.0000 787 610 0.7751
15482.0000 788 610 0.7741
15500.8000 788 611 0.7754
15504.0000 789 611 0.7744
15526.0000 790 611 0.7734
15538.7000 790 612 0.7747
15547.0000 791 612 0.7737
15569.0000 792 612 0.7727
15591.0000 793 612 0.7718
15615.0000 794 612 0.7708
15632.0000 795 612 0.7698
15640.2000 795 613 0.7711
15651.0000 796 613 0.7701
15662.6000 796 614 0.7714
15666.0000 797 614 0.7704
15684.0000 798 614 0.7694
15708.0000 799 614 0.7685
15724.0000 800 614 0.7675
15740.1000 800 615 0.7688
15741.2000 800 616 0.7700
15744.5000 800 617 0.7713
15746.0000 801 617 0.7703
15755.2000 801 618 0.7715
15761.5000 801 619 0.7728
15764.0000 802 619 0.7718
15772.1000 802 620 0.7731
15780.2000 802 621 0.7743
15782.0000 803 621 0.7733
15793.3000 803 622 0.7746
15795.4000 803 623 0.7758
15799.0000 804 623 0.7749
15815.0000 805 623 0.7739
15825.5000 805 624 0.7752
15838.0000 806 624 0.7742
15854.0000 807 624 0.7732
15873.0000 808 624 0.7723
15880.0000 808 625 0.7735
15891.0000 808 626 0.7748
15894.0000 809 626 0.7738
15909.0000 810 626 0.7728
15927.0000 811 626 0.7719
15948.0000 812 626 0.7709
15953.1000 812 627 0.7722
15956.3000 812 628 0.7734
15967.0000 813 628 0.7724
15971.3000 813 629 0.7737
15981.4000 813 630 0.7749
15990.0000 814 630 0.7740
16004.6000 814 631 0.7752
16008.1000 814 632 0.7764
16009.4000 814 633 0.7776
16010.0000 815 633 0.7767
16019.4000 815 634 0.7779
16027.0000 816 634 0.7770
16042.0000 817 634 0.7760
16048.6000 817 635 0.7772
16060.9000 817 636 0.7785
16061.0000 818 636 0.7775
16064.0000 818 637 0.7787
16080.0000 819 637 0.7778
16083.4000 819 638 0.7790
16084.3000 819 639 0.7802
16104.0000 820 639 0.7793
16124.0000 821 639 0.7783
16127.7000 821 640 0.7795
16139.0000 822 640 0.7786
16155.0000 823 640 0.7776
16175.0000 824 640 0.7767
16196.0000 825 640 0.7758
16212.0000 826 640 0.7748
16220.0000 826 641 0.7760
16230.0000 827 641 0.7751
16232.1000 827 642 0.7763
16245.0000 828 642 0.7754
16250.6000 828 643 0.7766
16251.0000 828 644 0.7778
16261.0000 829 644 0.7768
16281.0000 830 644 0.7759
16295.8000 830 645 0.7771
16301.0000 831 645 0.7762
16322.0000 832 645 0.7752
16330.9000 832 646 0.7764
16333.8000 832 647 0.7776
16336.7000 832 648 0.7788
16338.0000 833 648 0.7779
16346.4000 833 649 0.7791
16357.0000 834 649 0.7782
16365.8000 834 650 0.7794
16380.0000 835 650 0.7784
16389.2000 835 651 0.7796
16399.0000 836 651 0.7787
16405.7000 836 652 0.7799
16410.7000 836 653 0.7811
16416.0000 837 653 0.7802
16433.0000 838 653 0.7792
16437.6000 838 654 0.7804
16455.0000 839 654 0.7795
16458.4000 839 655 0.7807
16479.0000 840 655 0.7798
16491.8000 840 656 0.7810
16503.0000 841 656 0.7800
16520.1000 841 657 0.7812
16526.0000 842 657 0.7803
16543.7000 842 658 0.7815
16547.0000 843 658 0.7805
16568.0000 844 658 0.7796
16589.0000 845 658 0.7787
16610.0000 846 658 0.7778
16627.3000 846 659 0.7790
16628.0000 847 659 0.7780
16646.0000 848 659 0.7771
16662.0000 849 659 0.7762
16666.9000 849 660 0.7774
16682.0000 850 660 0.7765
16699.0000 851 660 0.7756
16721.7000 851 661 0.7767
16723.0000 852 661 0.7758
16745.0000 853 661 0.7749
16760.0000 854 661 0.7740
16783.0000 855 661 0.7731
16784.2000 855 662 0.7743
16800.0000 856 662 0.7734
16818.0000 857 662 0.7725
16835.0000 858 662 0.7716
16849.4000 858 663 0.7727
16852.1000 858 664 0.7739
16858.0000 859 664 0.7730
16881.0000 860 664 0.7721
16901.0000 861 664 0.7712
16917.0000 862 664 0.7703
16935.0000 863 664 0.7694
16937.1000 863 665 0.7706
16959.0000 864 665 0.7697
16980.0000 865 665 0.7688
16988.1000 865 666 0.7699
16997.0000 866 666 0.7691
17021.0000 867 666 0.7682
17031.9000 867 667 0.7693
17040.0000 868 667 0.7684
17063.0000 869 667 0.7675
17077.4000 869 668 0.7687
17078.2000 869 669 0.7699
17082.0000 870 669 0.7690
17105.0000 871 669 0.7681
17119.1000 871 670 0.7692
17126.0000 872 670 0.7683
17143.0000 873 670 0.7675
17162.0000 874 670 0.7666
17181.0000 875 670 0.7657
17202.0000 876 670 0.7648
17224.8000 876 671 0.7660
17225.0000 877 671 0.7651
17235.7000 877 672 0.7662
17238.1000 877 673 0.7674
17240.0000 878 673 0.7665
17259.0000 879 673 0.7656
17276.7000 879 674 0.7668
17278.0000 880 674 0.7659
17279.7000 880 675 0.7670
17299.0000 881 675 0.7662
17318.0000 882 675 0.7653
17336.0000 883 675 0.7644
17338.6000 883 676 0.7656
17340.7000 883 677 0.7667
17353.0000 884 677 0.7658
17354.6000 884 678 0.7670
17357.6000 884 679 0.7681
17367.6000 884 680 0.7692
17370.0000 885 680 0.7684
17371.3000 885 681 0.7695
17393.6000 885 682 0.7706
17394.0000 886 682 0.7698
17416.0000 887 682 0.7689
17425.9000 887 683 0.7700
17439.0000 888 683 0.7691
17454.0000 889 683 0.7683
17469.2000 889 684 0.7694
17472.7000 889 685 0.7705
17477.0000 890 685 0.7697
17497.0000 891 685 0.7688
17515.0000 892 685 0.7679
17515.9000 892 686 0.7691
17535.0000 893 686 0.7682
17558.0000 894 686 0.7673
17574.0000 895 686 0.7665
17598.0000 896 686 0.7656
17619.0000 897 686 0.7648
17632.9000 897 687 0.7659
17639.0000 898 687 0.7650
17654.0000 899 687 0.7642
17672.0000 900 687 0.7633
17682.8000 900 688 0.7644
17690.0000 901 688 0.7636
17710.0000 902 688 0.7627
17730.2000 902 689 0.7639
17734.0000 903 689 0.7630
17751.0000 904 689 0.7622
17758.4000 904 690 0.7633
17773.8000 904 691 0.7644
17774.0000 905 691 0.7635
17785.2000 905 692 0.7646
17793.0000 906 692 0.7638
17808.0000 907 692 0.7630
17813.6000 907 693 0.7641
17816.7000 907 694 0.7652
17826.0000 908 694 0.7643
17846.0000 909 694 0.7635
17864.0000 910 694 0.7626
17884.0000 911 694 0.7618
17887.3000 911 695 0.7629
17899.0000 912 695 0.7621
17917.0000 913 695 0.7612
17934.5000 913 696 0.7623
17936.0000 914 696 0.7615
17958.0000 915 696 0.7607
17972.8000 915 697 0.7617
17974.3000 915 698 0.7628
17976.0000 916 698 0.7620
17976.3000 916 699 0.7631
18000.0000 917 699 0.7623
