# time  created  delivered  delivered/created
22.0000 1 0 0.0000
38.0000 2 0 0.0000
54.0000 3 0 0.0000
72.0000 4 0 0.0000
94.0000 5 0 0.0000
110.0000 6 0 0.0000
133.0000 7 0 0.0000
153.0000 8 0 0.0000
175.0000 9 0 0.0000
191.0000 10 0 0.0000
210.0000 11 0 0.0000
225.0000 12 0 0.0000
249.0000 13 0 0.0000
265.0000 14 0 0.0000
281.0000 15 0 0.0000
304.0000 16 0 0.0000
328.0000 17 0 0.0000
343.0000 18 0 0.0000
367.0000 19 0 0.0000
382.0000 20 0 0.0000
399.0000 21 0 0.0000
420.0000 22 0 0.0000
439.0000 23 0 0.0000
458.0000 24 0 0.0000
480.0000 25 0 0.0000
497.0000 26 0 0.0000
515.0000 27 0 0.0000
538.0000 28 0 0.0000
562.0000 29 0 0.0000
581.0000 30 0 0.0000
581.2000 30 1 0.0333
603.0000 31 1 0.0323
625.0000 32 1 0.0313
640.9000 32 2 0.0625
646.0000 33 2 0.0606
661.6000 33 3 0.0909
667.0000 34 3 0.0882
685.0000 35 3 0.0857
691.0000 35 4 0.1143
700.0000 36 4 0.1111
714.9000 36 5 0.1389
722.0000 37 5 0.1351
741.0000 38 5 0.1316
764.0000 39 5 0.1282
784.0000 40 5 0.1250
786.4000 40 6 0.1500
806.0000 41 6 0.1463
829.0000 42 6 0.1429
851.0000 43 6 0.1395
873.0000 44 6 0.1364
895.0000 45 6 0.1333
904.3000 45 7 0.1556
918.0000 46 7 0.1522
941.0000 47 7 0.1489
957.0000 48 7 0.1458
975.0000 49 7 0.1429
998.0000 50 7 0.1400
1018.0000 51 7 0.1373
1040.0000 52 7 0.1346
1056.0000 53 7 0.1321
1077.0000 54 7 0.1296
1096.0000 55 7 0.1273
1117.0000 56 7 0.1250
1137.0000 57 7 0.1228
1159.0000 58 7 0.1207
1179.0000 59 7 0.1186
1193.3000 59 8 0.1356
1201.0000 60 8 0.1333
1216.0000 61 8 0.1311
1225.2000 61 9 0.1475
1226.1000 61 10 0.1639
1232.0000 62 10 0.1613
1251.0000 63 10 0.1587
1268.0000 64 10 0.1563
1287.0000 65 10 0.1538
1308.0000 66 10 0.1515
1327.0000 67 10 0.1493
1342.0000 68 10 0.1471
1364.0000 69 10 0.1449
1381.1000 69 11 0.1594
1388.0000 70 11 0.1571
1397.1000 70 12 0.1714
1407.0000 70 13 0.1857
1407.0000 71 13 0.1831
1422.0000 72 13 0.1806
1442.0000 73 13 0.1781
1464.0000 74 13 0.1757
1475.9000 74 14 0.1892
1478.4000 74 15 0.2027
1479.0000 75 15 0.2000
1483.1000 75 16 0.2133
1500.0000 76 16 0.2105
1518.0000 77 16 0.2078
1542.0000 78 16 0.2051
1560.8000 78 17 0.2179
1562.0000 79 17 0.2152
1577.0000 80 17 0.2125
1600.0000 81 17 0.2099
1620.0000 82 17 0.2073
1637.0000 83 17 0.2048
1652.0000 84 17 0.2024
1673.0000 85 17 0.2000
1695.0000 86 17 0.1977
1706.4000 86 18 0.2093
1713.0000 87 18 0.2069
1736.2000 87 19 0.2184
1736.7000 87 20 0.2299
1737.0000 88 20 0.2273
1739.8000 88 21 0.2386
1760.0000 89 21 0.2360
1781.0000 90 21 0.2333
1804.0000 91 21 0.2308
1826.0000 92 21 0.2283
1849.0000 93 21 0.2258
1870.0000 94 21 0.2234
1880.0000 94 22 0.2340
1890.0000 95 22 0.2316
1911.0000 96 22 0.2292
1929.0000 97 22 0.2268
1948.0000 98 22 0.2245
1965.0000 99 22 0.2222
1980.0000 100 22 0.2200
1990.6000 100 23 0.2300
2002.0000 101 23 0.2277
2024.0000 102 23 0.2255
2035.6000 102 24 0.2353
2041.0000 103 24 0.2330
2064.0000 104 24 0.2308
2080.0000 105 24 0.2286
2095.0000 106 24 0.2264
2119.0000 107 24 0.2243
2139.0000 108 24 0.2222
2144.0000 108 25 0.2315
2161.0000 109 25 0.2294
2178.0000 110 25 0.2273
2199.0000 111 25 0.2252
2217.0000 111 26 0.2342
2222.0000 112 26 0.2321
2240.0000 113 26 0.2301
2259.0000 114 26 0.2281
2275.0000 115 26 0.2261
2295.0000 116 26 0.2241
2314.0000 117 26 0.2222
2325.9000 117 27 0.2308
2335.0000 118 27 0.2288
2348.0000 118 28 0.2373
2354.0000 119 28 0.2353
2377.0000 120 28 0.2333
2396.0000 121 28 0.2314
2411.0000 122 28 0.2295
2412.0000 122 29 0.2377
2433.0000 123 29 0.2358
2452.0000 124 29 0.2339
2460.7000 124 30 0.2419
2464.9000 124 31 0.2500
2470.5000 124 32 0.2581
2474.0000 125 32 0.2560
2496.0000 126 32 0.2540
2511.0000 127 32 0.2520
2526.0000 128 32 0.2500
2546.0000 129 32 0.2481
2555.1000 129 33 0.2558
2563.0000 130 33 0.2538
2586.0000 131 33 0.2519
2601.0000 132 33 0.2500
2621.0000 133 33 0.2481
2641.0000 134 33 0.2463
2654.8000 134 34 0.2537
2662.0000 135 34 0.2519
2678.0000 136 34 0.2500
2689.6000 136 35 0.2574
2693.0000 137 35 0.2555
2716.0000 138 35 0.2536
2735.0000 139 35 0.2518
2741.3000 139 36 0.2590
2754.0000 140 36 0.2571
2771.0000 141 36 0.2553
2773.0000 141 37 0.2624
2788.0000 142 37 0.2606
2800.0000 142 38 0.2676
2807.0000 143 38 0.2657
2824.0000 143 39 0.2727
2826.1000 143 40 0.2797
2831.0000 144 40 0.2778
2853.0000 145 40 0.2759
2868.0000 146 40 0.2740
2891.0000 147 40 0.2721
2899.2000 147 41 0.2789
2911.0000 148 41 0.2770
2911.3000 148 42 0.2838
2926.0000 149 42 0.2819
2942.0000 150 42 0.2800
2946.7000 150 43 0.2867
2954.4000 150 44 0.2933
2962.0000 151 44 0.2914
2979.0000 152 44 0.2895
3003.0000 153 44 0.2876
3022.9000 153 45 0.2941
3024.0000 154 45 0.2922
3040.0000 155 45 0.2903
3064.0000 156 45 0.2885
3065.8000 156 46 0.2949
3084.6000 156 47 0.3013
3086.0000 157 47 0.2994
3087.8000 157 48 0.3057
3110.0000 158 48 0.3038
3118.8000 158 49 0.3101
3129.0000 159 49 0.3082
3129.9000 159 50 0.3145
3147.0000 160 50 0.3125
3166.0000 161 50 0.3106
3190.0000 162 50 0.3086
3210.0000 163 50 0.3067
3225.0000 164 50 0.3049
3243.0000 165 50 0.3030
3260.0000 166 50 0.3012
3261.2000 166 51 0.3072
3271.8000 166 52 0.3133
3283.0000 167 52 0.3114
3305.0000 168 52 0.3095
3321.0000 169 52 0.3077
3329.5000 169 53 0.3136
3344.0000 170 53 0.3118
3364.1000 170 54 0.3176
3365.0000 171 54 0.3158
3385.0000 172 54 0.3140
3408.0000 173 54 0.3121
3420.8000 173 55 0.3179
3428.0000 174 55 0.3161
3447.8000 174 56 0.3218
3449.0000 175 56 0.3200
3472.0000 176 56 0.3182
3488.0000 177 56 0.3164
3511.0000 178 56 0.3146
3512.4000 178 57 0.3202
3530.6000 178 58 0.3258
3535.0000 179 58 0.3240
3546.4000 179 59 0.3296
3548.5000 179 60 0.3352
3551.5000 179 61 0.3408
3552.0000 180 61 0.3389
3566.2000 180 62 0.3444
3570.0000 181 62 0.3425
3577.1000 181 63 0.3481
3589.0000 182 63 0.3462
3604.0000 183 63 0.3443
3619.0000 184 63 0.3424
3638.0000 185 63 0.3405
3653.0000 186 63 0.3387
3669.0000 187 63 0.3369
3689.0000 188 63 0.3351
3712.0000 189 63 0.3333
3730.0000 190 63 0.3316
3754.0000 191 63 0.3298
3771.0000 192 63 0.3281
3787.0000 193 63 0.3264
3809.0000 194 63 0.3247
3822.2000 194 64 0.3299
3832.0000 195 64 0.3282
3846.4000 195 65 0.3333
3854.0000 196 65 0.3316
3873.0000 197 65 0.3299
3881.8000 197 66 0.3350
3895.0000 198 66 0.3333
3919.0000 199 66 0.3317
3938.0000 200 66 0.3300
3946.3000 200 67 0.3350
3946.9000 200 68 0.3400
3953.0000 200 69 0.3450
3955.0000 201 69 0.3433
3975.0000 202 69 0.3416
3996.0000 203 69 0.3399
4012.0000 204 69 0.3382
4031.0000 205 69 0.3366
4052.0000 206 69 0.3350
4058.9000 206 70 0.3398
4060.2000 206 71 0.3447
4070.0000 207 71 0.3430
4094.0000 208 71 0.3413
4115.0000 209 71 0.3397
4134.0000 210 71 0.3381
4153.0000 211 71 0.3365
4171.0000 212 71 0.3349
4187.1000 212 72 0.3396
4194.0000 213 72 0.3380
4208.3000 213 73 0.3427
4209.7000 213 74 0.3474
4214.0000 214 74 0.3458
4235.0000 215 74 0.3442
4245.6000 215 75 0.3488
4248.5000 215 76 0.3535
4251.0000 216 76 0.3519
4268.6000 216 77 0.3565
4272.0000 217 77 0.3548
4287.3000 217 78 0.3594
4288.3000 217 79 0.3641
4290.0000 218 79 0.3624
4314.0000 219 79 0.3607
4338.0000 220 79 0.3591
4360.0000 221 79 0.3575
4363.6000 221 80 0.3620
4381.0000 222 80 0.3604
4400.0000 223 80 0.3587
4419.0000 224 80 0.3571
4419.1000 224 81 0.3616
4428.4000 224 82 0.3661
4434.0000 225 82 0.3644
4451.0000 225 83 0.3689
4452.4000 225 84 0.3733
4458.0000 226 84 0.3717
4463.0000 226 85 0.3761
4476.0000 227 85 0.3744
4497.0000 228 85 0.3728
4515.0000 229 85 0.3712
4537.0000 230 85 0.3696
4556.0000 231 85 0.3680
4578.4000 231 86 0.3723
4580.0000 232 86 0.3707
4597.0000 233 86 0.3691
4614.0000 234 86 0.3675
4617.9000 234 87 0.3718
4634.0000 235 87 0.3702
4655.0000 236 87 0.3686
4665.1000 236 88 0.3729
4672.0000 237 88 0.3713
4689.0000 238 88 0.3697
4699.4000 238 89 0.3739
4706.0000 239 89 0.3724
4729.0000 240 89 0.3708
4741.9000 240 90 0.3750
4747.0000 241 90 0.3734
4762.0000 242 90 0.3719
4783.0000 243 90 0.3704
4807.0000 244 90 0.3689
4809.9000 244 91 0.3730
4824.0000 245 91 0.3714
4848.0000 246 91 0.3699
4867.0000 247 91 0.3684
4886.0000 248 91 0.3669
4909.0000 249 91 0.3655
4928.0000 250 91 0.3640
4932.1000 250 92 0.3680
4951.0000 251 92 0.3665
4966.0000 252 92 0.3651
4979.1000 252 93 0.3690
4986.0000 253 93 0.3676
5010.0000 254 93 0.3661
5033.0000 255 93 0.3647
5048.0000 256 93 0.3633
5063.2000 256 94 0.3672
5072.0000 257 94 0.3658
5076.2000 257 95 0.3696
5089.0000 258 95 0.3682
5092.8000 258 96 0.3721
5112.0000 259 96 0.3707
5131.0000 260 96 0.3692
5151.0000 261 96 0.3678
5175.0000 262 96 0.3664
5194.0000 263 96 0.3650
5208.4000 263 97 0.3688
5215.0000 264 97 0.3674
5237.0000 265 97 0.3660
5238.4000 265 98 0.3698
5254.0000 266 98 0.3684
5269.0000 267 98 0.3670
5291.0000 268 98 0.3657
5307.0000 269 98 0.3643
5322.4000 269 99 0.3680
5324.0000 270 99 0.3667
5339.0000 271 99 0.3653
5355.3000 271 100 0.3690
5356.0000 272 100 0.3676
5371.0000 273 100 0.3663
5387.0000 274 100 0.3650
5410.0000 275 100 0.3636
5410.3000 275 101 0.3673
5426.0000 276 101 0.3659
5447.0000 277 101 0.3646
5470.0000 278 101 0.3633
5490.0000 279 101 0.3620
5504.6000 279 102 0.3656
5507.0000 280 102 0.3643
5518.4000 280 103 0.3679
5528.0000 281 103 0.3665
5546.0000 282 103 0.3652
5564.0000 283 103 0.3640
5566.2000 283 104 0.3675
5584.0000 284 104 0.3662
5607.0000 285 104 0.3649
5625.0000 286 104 0.3636
5643.0000 287 104 0.3624
5665.0000 288 104 0.3611
5685.0000 289 104 0.3599
5704.0000 290 104 0.3586
5724.0000 291 104 0.3574
5745.0000 292 104 0.3562
5745.2000 292 105 0.3596
5760.0000 293 105 0.3584
5784.0000 294 105 0.3571
5805.0000 295 105 0.3559
5822.0000 296 105 0.3547
5830.4000 296 106 0.3581
5841.0000 297 106 0.3569
5854.4000 297 107 0.3603
5859.0000 298 107 0.3591
5860.3000 298 108 0.3624
5869.1000 298 109 0.3658
5874.0000 299 109 0.3645
5893.0000 300 109 0.3633
5895.4000 300 110 0.3667
5914.0000 301 110 0.3654
5914.2000 301 111 0.3688
5932.0000 302 111 0.3675
5953.0000 303 111 0.3663
5971.0000 304 111 0.3651
5986.0000 305 111 0.3639
5996.8000 305 112 0.3672
6003.8000 305 113 0.3705
6008.0000 306 113 0.3693
6012.6000 306 114 0.3725
6024.0000 307 114 0.3713
6029.0000 307 115 0.3746
6041.0000 308 115 0.3734
6063.0000 309 115 0.3722
6074.6000 309 116 0.3754
6087.0000 310 116 0.3742
6105.0000 311 116 0.3730
6124.0000 312 116 0.3718
6130.4000 312 117 0.3750
6131.2000 312 118 0.3782
6134.0000 312 119 0.3814
6145.0000 313 119 0.3802
6166.0000 314 119 0.3790
6182.0000 315 119 0.3778
6201.0000 316 119 0.3766
6216.0000 317 119 0.3754
6216.8000 317 120 0.3785
6231.0000 318 120 0.3774
6237.7000 318 121 0.3805
6245.2000 318 122 0.3836
6248.0000 319 122 0.3824
6261.7000 319 123 0.3856
6267.0000 320 123 0.3844
6289.0000 321 123 0.3832
6308.0000 322 123 0.3820
6332.0000 323 123 0.3808
6338.7000 323 124 0.3839
6355.0000 324 124 0.3827
6372.0000 325 124 0.3815
6393.0000 326 124 0.3804
6417.0000 327 124 0.3792
6424.2000 327 125 0.3823
6425.4000 327 126 0.3853
6428.7000 327 127 0.3884
6441.0000 328 127 0.3872
6465.0000 329 127 0.3860
6467.3000 329 128 0.3891
6486.0000 330 128 0.3879
6502.0000 331 128 0.3867
6518.0000 332 128 0.3855
6536.0000 333 128 0.3844
6548.1000 333 129 0.3874
6553.5000 333 130 0.3904
6555.0000 334 130 0.3892
6572.0000 335 130 0.3881
6591.0000 336 130 0.3869
6608.0000 337 130 0.3858
6631.0000 338 130 0.3846
6646.0000 339 130 0.3835
6665.0000 340 130 0.3824
6684.0000 341 130 0.3812
6687.9000 341 131 0.3842
6696.4000 341 132 0.3871
6708.0000 342 132 0.3860
6725.0000 343 132 0.3848
6733.4000 343 133 0.3878
6745.0000 344 133 0.3866
6760.0000 345 133 0.3855
6770.7000 345 134 0.3884
6781.0000 346 134 0.3873
6794.4000 346 135 0.3902
6800.0000 347 135 0.3890
6816.0000 348 135 0.3879
6839.0000 349 135 0.3868
6854.0000 350 135 0.3857
6874.0000 351 135 0.3846
6889.0000 352 135 0.3835
6893.6000 352 136 0.3864
6897.1000 352 137 0.3892
6900.6000 352 138 0.3920
6909.0000 353 138 0.3909
6918.0000 353 139 0.3938
6930.0000 354 139 0.3927
6951.0000 355 139 0.3915
6971.0000 356 139 0.3904
6978.5000 356 140 0.3933
6995.0000 357 140 0.3922
7008.1000 357 141 0.3950
7010.0000 358 141 0.3939
7012.8000 358 142 0.3966
7020.5000 358 143 0.3994
7022.2000 358 144 0.4022
7029.0000 359 144 0.4011
7043.6000 359 145 0.4039
7048.0000 360 145 0.4028
7061.5000 360 146 0.4056
7071.0000 361 146 0.4044
7091.8000 361 147 0.4072
7093.0000 362 147 0.4061
7104.9000 362 148 0.4088
7108.0000 363 148 0.4077
7130.0000 364 148 0.4066
7147.0000 365 148 0.4055
7163.0000 366 148 0.4044
7176.4000 366 149 0.4071
7180.0000 367 149 0.4060
7182.6000 367 150 0.4087
7197.0000 368 150 0.4076
7221.0000 369 150 0.4065
7240.0000 370 150 0.4054
7253.6000 370 151 0.4081
7255.0000 371 151 0.4070
7255.2000 371 152 0.4097
7272.0000 372 152 0.4086
7296.0000 373 152 0.4075
7314.6000 373 153 0.4102
7319.0000 374 153 0.4091
7333.2000 374 154 0.4118
7335.0000 375 154 0.4107
7351.9000 375 155 0.4133
7358.0000 376 155 0.4122
7367.4000 376 156 0.4149
7372.4000 376 157 0.4176
7378.0000 377 157 0.4164
7389.9000 377 158 0.4191
7394.0000 378 158 0.4180
7406.7000 378 159 0.4206
7411.0000 379 159 0.4195
7435.0000 380 159 0.4184
7436.5000 380 160 0.4211
7459.0000 381 160 0.4199
7480.0000 382 160 0.4188
7493.2000 382 161 0.4215
7498.0000 383 161 0.4204
7498.9000 383 162 0.4230
7514.0000 384 162 0.4219
7533.9000 384 163 0.4245
7535.3000 384 164 0.4271
7536.0000 385 164 0.4260
7559.0000 386 164 0.4249
7574.0000 387 164 0.4238
7591.2000 387 165 0.4264
7595.0000 388 165 0.4253
7609.6000 388 166 0.4278
7613.0000 389 166 0.4267
7620.2000 389 167 0.4293
7632.0000 390 167 0.4282
7656.0000 391 167 0.4271
7673.0000 392 167 0.4260
7696.0000 393 167 0.4249
7700.2000 393 168 0.4275
7713.0000 394 168 0.4264
7723.3000 394 169 0.4289
7730.0000 395 169 0.4278
7745.0000 396 169 0.4268
7762.0000 397 169 0.4257
7784.0000 398 169 0.4246
7804.0000 399 169 0.4236
7822.0000 400 169 0.4225
7823.5000 400 170 0.4250
7840.0000 401 170 0.4239
7849.0000 401 171 0.4264
7858.0000 402 171 0.4254
7874.0000 403 171 0.4243
7877.3000 403 172 0.4268
7895.0000 404 172 0.4257
7905.2000 404 173 0.4282
7914.0000 405 173 0.4272
7931.0000 406 173 0.4261
7948.0000 407 173 0.4251
7958.1000 407 174 0.4275
7962.1000 407 175 0.4300
7972.0000 408 175 0.4289
7987.0000 409 175 0.4279
7992.4000 409 176 0.4303
8002.0000 410 176 0.4293
8024.0000 411 176 0.4282
8040.0000 412 176 0.4272
8041.7000 412 177 0.4296
8059.0000 413 177 0.4286
8082.0000 414 177 0.4275
8082.3000 414 178 0.4300
8099.0000 415 178 0.4289
8116.0000 416 178 0.4279
8137.0000 417 178 0.4269
8158.0000 418 178 0.4258
8173.0000 419 178 0.4248
8190.0000 420 178 0.4238
8205.0000 421 178 0.4228
8205.7000 421 179 0.4252
8227.0000 422 179 0.4242
8237.1000 422 180 0.4265
8251.0000 423 180 0.4255
8270.0000 423 181 0.4279
8275.0000 424 181 0.4269
8297.0000 425 181 0.4259
8314.8000 425 182 0.4282
8317.0000 426 182 0.4272
8336.0000 427 182 0.4262
8359.0000 428 182 0.4252
8375.0000 429 182 0.4242
8396.0000 430 182 0.4233
8414.0000 431 182 0.4223
8437.0000 432 182 0.4213
8453.0000 433 182 0.4203
8468.0000 434 182 0.4194
8492.0000 435 182 0.4184
8508.0000 435 183 0.4207
8510.0000 436 183 0.4197
8525.0000 437 183 0.4188
8541.2000 437 184 0.4211
8544.0000 438 184 0.4201
8556.0000 438 185 0.4224
8556.2000 438 186 0.4247
8566.0000 439 186 0.4237
8578.2000 439 187 0.4260
8586.0000 440 187 0.4250
8609.0000 441 187 0.4240
8620.9000 441 188 0.4263
8625.0000 442 188 0.4253
8641.0000 442 189 0.4276
8644.0000 443 189 0.4266
8663.0000 444 189 0.4257
8681.0000 445 189 0.4247
8697.0000 446 189 0.4238
8704.7000 446 190 0.4260
8719.0000 447 190 0.4251
8743.0000 448 190 0.4241
8767.0000 449 190 0.4232
8784.0000 450 190 0.4222
8800.0000 451 190 0.4213
8808.7000 451 191 0.4235
8823.0000 452 191 0.4226
8839.0000 453 191 0.4216
8854.0000 454 191 0.4207
8862.7000 454 192 0.4229
8869.0000 455 192 0.4220
8888.6000 455 193 0.4242
8892.0000 456 193 0.4232
8911.0000 457 193 0.4223
8929.0000 458 193 0.4214
8944.0000 459 193 0.4205
8955.3000 459 194 0.4227
8961.0000 460 194 0.4217
8968.9000 460 195 0.4239
8979.0000 461 195 0.4230
8997.0000 462 195 0.4221
9011.3000 462 196 0.4242
9013.0000 463 196 0.4233
9035.0000 464 196 0.4224
9058.0000 465 196 0.4215
9065.9000 465 197 0.4237
9073.0000 466 197 0.4227
9092.4000 466 198 0.4249
9095.0000 467 198 0.4240
9119.0000 468 198 0.4231
9143.0000 469 198 0.4222
9160.9000 469 199 0.4243
9162.0000 470 199 0.4234
9186.0000 471 199 0.4225
9196.5000 471 200 0.4246
9209.0000 472 200 0.4237
9224.0000 473 200 0.4228
9245.0000 474 200 0.4219
9264.0000 475 200 0.4211
9288.0000 476 200 0.4202
9306.5000 476 201 0.4223
9310.0000 477 201 0.4214
9313.8000 477 202 0.4235
9326.0000 478 202 0.4226
9338.1000 478 203 0.4247
9341.0000 479 203 0.4238
9365.0000 480 203 0.4229
9387.0000 481 203 0.4220
9403.0000 482 203 0.4212
9426.0000 483 203 0.4203
9444.0000 484 203 0.4194
9468.0000 485 203 0.4186
9485.0000 486 203 0.4177
9503.0000 487 203 0.4168
9527.0000 488 203 0.4160
9542.6000 488 204 0.4180
9550.0000 489 204 0.4172
9573.0000 490 204 0.4163
9591.0000 491 204 0.4155
9614.0000 492 204 0.4146
9614.7000 492 205 0.4167
9614.9000 492 206 0.4187
9632.0000 493 206 0.4178
9652.3000 493 207 0.4199
9653.0000 494 207 0.4190
9653.6000 494 208 0.4211
9674.9000 494 209 0.4231
9676.0000 495 209 0.4222
9693.0000 496 209 0.4214
9696.9000 496 210 0.4234
9715.0000 497 210 0.4225
9736.0000 498 210 0.4217
9750.0000 498 211 0.4237
9752.0000 499 211 0.4228
9759.2000 499 212 0.4248
9763.5000 499 213 0.4269
9776.0000 500 213 0.4260
9799.0000 501 213 0.4251
9821.0000 502 213 0.4243
9837.0000 503 213 0.4235
9861.0000 504 213 0.4226
9879.0000 505 213 0.4218
9894.0000 506 213 0.4209
9909.0000 507 213 0.4201
9927.0000 508 213 0.4193
9946.0000 509 213 0.4185
9952.0000 509 214 0.4204
9966.2000 509 215 0.4224
9969.0000 510 215 0.4216
9988.0000 511 215 0.4207
10007.0000 512 215 0.4199
10024.0000 513 215 0.4191
10044.0000 514 215 0.4183
10067.0000 515 215 0.4175
10087.0000 516 215 0.4167
10111.0000 517 215 0.4159
10115.2000 517 216 0.4178
10115.7000 517 217 0.4197
10132.0000 518 217 0.4189
10154.0000 519 217 0.4181
10177.0000 520 217 0.4173
10194.0000 521 217 0.4165
10216.0000 522 217 0.4157
10235.0000 523 217 0.4149
10252.0000 523 218 0.4168
10256.0000 523 219 0.4187
10257.0000 524 219 0.4179
10281.0000 525 219 0.4171
10300.0000 526 219 0.4163
10320.0000 527 219 0.4156
10337.1000 527 220 0.4175
10343.0000 528 220 0.4167
10366.0000 529 220 0.4159
10382.0000 530 220 0.4151
10402.0000 531 220 0.4143
10403.6000 531 221 0.4162
10423.0000 532 221 0.4154
10440.2000 532 222 0.4173
10441.0000 533 222 0.4165
10443.1000 533 223 0.4184
10461.0000 534 223 0.4176
10480.0000 535 223 0.4168
10496.9000 535 224 0.4187
10497.0000 536 224 0.4179
10518.0000 537 224 0.4171
10530.6000 537 225 0.4190
10536.0000 537 226 0.4209
10537.0000 538 226 0.4201
10555.0000 539 226 0.4193
10571.0000 540 226 0.4185
10591.0000 541 226 0.4177
10614.6000 541 227 0.4196
10615.0000 542 227 0.4188
10637.0000 543 227 0.4180
10645.7000 543 228 0.4199
10657.0000 544 228 0.4191
10681.0000 545 228 0.4183
10703.0000 546 228 0.4176
10726.0000 547 228 0.4168
10748.0000 548 228 0.4161
10768.0000 549 228 0.4153
10781.7000 549 229 0.4171
10788.0000 550 229 0.4164
10808.0000 551 229 0.4156
10823.0000 552 229 0.4149
10842.0000 553 229 0.4141
10866.0000 554 229 0.4134
10876.2000 554 230 0.4152
10883.6000 554 231 0.4170
10885.0000 555 231 0.4162
10887.3000 555 232 0.4180
10907.0000 556 232 0.4173
10925.0000 557 232 0.4165
10942.0000 558 232 0.4158
10966.0000 559 232 0.4150
10983.0000 560 232 0.4143
11006.0000 561 232 0.4135
11019.7000 561 233 0.4153
11021.3000 561 234 0.4171
11023.0000 562 234 0.4164
11046.0000 563 234 0.4156
11054.5000 563 235 0.4174
11068.0000 564 235 0.4167
11084.0000 565 235 0.4159
11102.0000 566 235 0.4152
11120.0000 567 235 0.4145
11143.0000 568 235 0.4137
11143.6000 568 236 0.4155
11166.0000 569 236 0.4148
11178.5000 569 237 0.4165
11182.0000 570 237 0.4158
11197.6000 570 238 0.4175
11201.0000 571 238 0.4168
11218.0000 572 238 0.4161
11238.0000 573 238 0.4154
11248.2000 573 239 0.4171
11250.8000 573 240 0.4188
11252.6000 573 241 0.4206
11260.0000 574 241 0.4199
11272.8000 574 242 0.4216
11280.0000 575 242 0.4209
11295.0000 575 243 0.4226
11298.0000 576 243 0.4219
11307.1000 576 244 0.4236
11308.0000 576 245 0.4253
11319.0000 577 245 0.4246
11333.5000 577 246 0.4263
11343.0000 578 246 0.4256
11363.0000 579 246 0.4249
11381.0000 580 246 0.4241
11394.7000 580 247 0.4259
11405.0000 581 247 0.4251
11408.3000 581 248 0.4269
11411.5000 581 249 0.4286
11424.0000 582 249 0.4278
11434.1000 582 250 0.4296
11443.0000 583 250 0.4288
11450.2000 583 251 0.4305
11460.4000 583 252 0.4322
11467.0000 584 252 0.4315
11491.0000 585 252 0.4308
11511.0000 586 252 0.4300
11515.9000 586 253 0.4317
11529.0000 587 253 0.4310
11540.0000 587 254 0.4327
11547.0000 588 254 0.4320
11566.0000 589 254 0.4312
11586.0000 590 254 0.4305
11600.5000 590 255 0.4322
11610.0000 591 255 0.4315
11611.3000 591 256 0.4332
11626.0000 592 256 0.4324
11633.4000 592 257 0.4341
11640.2000 592 258 0.4358
11642.6000 592 259 0.4375
11644.3000 592 260 0.4392
11650.0000 593 260 0.4384
11665.0000 594 260 0.4377
11680.0000 595 260 0.4370
11686.8000 595 261 0.4387
11696.0000 596 261 0.4379
11711.0000 597 261 0.4372
11731.0000 598 261 0.4365
11755.0000 599 261 0.4357
11771.0000 600 261 0.4350
11790.0000 601 261 0.4343
11805.5000 601 262 0.4359
11809.0000 602 262 0.4352
11809.2000 602 263 0.4369
11809.6000 602 264 0.4385
11827.0000 603 264 0.4378
11851.0000 604 264 0.4371
11867.0000 605 264 0.4364
11872.0000 605 265 0.4380
11885.0000 606 265 0.4373
11907.0000 607 265 0.4366
11928.3000 607 266 0.4382
11929.0000 608 266 0.4375
11940.3000 608 267 0.4391
11948.0000 609 267 0.4384
11971.0000 610 267 0.4377
11995.0000 611 267 0.4370
12005.8000 611 268 0.4386
12012.0000 612 268 0.4379
12033.0000 613 268 0.4372
12048.0000 614 268 0.4365
12070.0000 615 268 0.4358
12072.8000 615 269 0.4374
12073.0000 615 270 0.4390
12075.7000 615 271 0.4407
12088.0000 616 271 0.4399
12101.5000 616 272 0.4416
12104.0000 617 272 0.4408
12124.0000 618 272 0.4401
12144.5000 618 273 0.4417
12145.0000 619 273 0.4410
12153.5000 619 274 0.4426
12165.0000 620 274 0.4419
12166.2000 620 275 0.4435
12184.3000 620 276 0.4452
12189.0000 621 276 0.4444
12197.6000 621 277 0.4461
12209.0000 622 277 0.4453
12210.0000 622 278 0.4469
12210.6000 622 279 0.4486
12213.8000 622 280 0.4502
12218.2000 622 281 0.4518
12226.0000 623 281 0.4510
12249.0000 624 281 0.4503
12270.0000 625 281 0.4496
12287.0000 626 281 0.4489
12294.9000 626 282 0.4505
12304.8000 626 283 0.4521
12305.0000 627 283 0.4514
12323.0000 628 283 0.4506
12329.4000 628 284 0.4522
12339.0000 629 284 0.4515
12358.0000 630 284 0.4508
12358.5000 630 285 0.4524
12377.0000 631 285 0.4517
12380.6000 631 286 0.4532
12399.0000 632 286 0.4525
12421.0000 633 286 0.4518
12437.3000 633 287 0.4534
12444.0000 634 287 0.4527
12463.0000 635 287 0.4520
12479.0000 636 287 0.4513
12497.0000 637 287 0.4505
12507.6000 637 288 0.4521
12518.0000 638 288 0.4514
12538.0000 639 288 0.4507
12556.0000 640 288 0.4500
12575.0000 641 288 0.4493
12596.0000 642 288 0.4486
12611.0000 643 288 0.4479
12635.0000 644 288 0.4472
12641.4000 644 289 0.4488
12655.0000 645 289 0.4481
12660.1000 645 290 0.4496
12672.0000 646 290 0.4489
12672.2000 646 291 0.4505
12689.5000 646 292 0.4520
12691.0000 647 292 0.4513
12713.0000 648 292 0.4506
12726.0000 648 293 0.4522
12727.4000 648 294 0.4537
12737.0000 649 294 0.4530
12761.0000 650 294 0.4523
12781.0000 651 294 0.4516
12798.0000 652 294 0.4509
12818.0000 653 294 0.4502
12830.3000 653 295 0.4518
12836.3000 653 296 0.4533
12839.0000 654 296 0.4526
12863.0000 655 296 0.4519
12884.0000 656 296 0.4512
12901.0000 657 296 0.4505
12919.0000 658 296 0.4498
12936.0000 659 296 0.4492
12946.1000 659 297 0.4507
12954.0000 660 297 0.4500
12971.0000 661 297 0.4493
12986.0000 662 297 0.4486
13009.0000 663 297 0.4480
13029.0000 664 297 0.4473
13048.0000 665 297 0.4466
13069.0000 666 297 0.4459
13080.5000 666 298 0.4474
13090.0000 667 298 0.4468
13092.7000 667 299 0.4483
13112.0000 668 299 0.4476
13135.0000 669 299 0.4469
13138.2000 669 300 0.4484
13146.6000 669 301 0.4499
13157.0000 670 301 0.4493
13175.0000 671 301 0.4486
13198.0000 672 301 0.4479
13222.0000 673 301 0.4473
13237.0000 674 301 0.4466
13251.6000 674 302 0.4481
13261.0000 675 302 0.4474
13267.1000 675 303 0.4489
13279.0000 676 303 0.4482
13295.7000 676 304 0.4497
13303.0000 677 304 0.4490
13327.0000 678 304 0.4484
13344.0000 679 304 0.4477
13353.8000 679 305 0.4492
13367.0000 680 305 0.4485
13384.1000 680 306 0.4500
13385.0000 681 306 0.4493
13400.0000 682 306 0.4487
13422.0000 683 306 0.4480
13439.0000 684 306 0.4474
13462.2000 684 307 0.4488
13463.0000 685 307 0.4482
13485.0000 686 307 0.4475
13501.0000 687 307 0.4469
13522.0000 688 307 0.4462
13543.0000 689 307 0.4456
13558.0000 690 307 0.4449
13578.0000 691 307 0.4443
13591.2000 691 308 0.4457
13597.0000 692 308 0.4451
13601.2000 692 309 0.4465
13606.1000 692 310 0.4480
13606.8000 692 311 0.4494
13612.0000 693 311 0.4488
13613.6000 693 312 0.4502
13622.2000 693 313 0.4517
13633.0000 694 313 0.4510
13654.0000 695 313 0.4504
13674.0000 696 313 0.4497
13682.4000 696 314 0.4511
13689.0000 697 314 0.4505
13713.0000 698 314 0.4499
13733.0000 699 314 0.4492
13736.2000 699 315 0.4506
13750.0000 700 315 0.4500
13751.3000 700 316 0.4514
13770.6000 700 317 0.4529
13771.0000 701 317 0.4522
13787.0000 702 317 0.4516
13808.0000 703 317 0.4509
13808.7000 703 318 0.4523
13831.0000 704 318 0.4517
13853.0000 705 318 0.4511
13874.0000 706 318 0.4504
13894.0000 707 318 0.4498
13915.0000 708 318 0.4492
13919.2000 708 319 0.4506
13937.0000 709 319 0.4499
13952.0000 710 319 0.4493
13954.7000 710 320 0.4507
13955.8000 710 321 0.4521
13976.0000 711 321 0.4515
13994.0000 712 321 0.4508
14011.0000 713 321 0.4502
14032.0000 714 321 0.4496
14046.8000 714 322 0.4510
14056.0000 715 322 0.4503
14074.6000 715 323 0.4517
14077.0000 716 323 0.4511
14092.0000 717 323 0.4505
14107.0000 718 323 0.4499
14108.3000 718 324 0.4513
14123.0000 719 324 0.4506
14147.0000 720 324 0.4500
14167.0000 721 324 0.4494
14186.0000 722 324 0.4488
14204.0000 723 324 0.4481
14207.1000 723 325 0.4495
14208.5000 723 326 0.4509
14225.0000 724 326 0.4503
14232.8000 724 327 0.4517
14245.0000 725 327 0.4510
14264.1000 725 328 0.4524
14267.0000 726 328 0.4518
14284.6000 726 329 0.4532
14286.0000 727 329 0.4525
14304.0000 728 329 0.4519
14323.0000 729 329 0.4513
14326.7000 729 330 0.4527
14343.0000 730 330 0.4521
14363.0000 731 330 0.4514
14385.0000 732 330 0.4508
14404.0000 733 330 0.4502
14405.3000 733 331 0.4516
14407.9000 733 332 0.4529
14420.0000 734 332 0.4523
14441.0000 735 332 0.4517
14456.0000 736 332 0.4511
14466.4000 736 333 0.4524
14475.0000 737 333 0.4518
14499.0000 738 333 0.4512
14523.0000 739 333 0.4506
14544.0000 740 333 0.4500
14568.0000 741 333 0.4494
14588.0000 742 333 0.4488
14603.0000 743 333 0.4482
14618.0000 744 333 0.4476
14631.0000 744 334 0.4489
14638.0000 744 335 0.4503
14639.0000 745 335 0.4497
14655.0000 746 335 0.4491
14663.4000 746 336 0.4504
14676.0000 747 336 0.4498
14688.6000 747 337 0.4511
14696.0000 748 337 0.4505
14718.0000 749 337 0.4499
14725.3000 749 338 0.4513
14733.2000 749 339 0.4526
14736.0000 750 339 0.4520
14746.0000 750 340 0.4533
14756.0000 751 340 0.4527
14773.0000 752 340 0.4521
14790.0000 753 340 0.4515
14798.8000 753 341 0.4529
14809.0000 754 341 0.4523
14830.6000 754 342 0.4536
14831.0000 755 342 0.4530
14848.0000 756 342 0.4524
14867.0000 757 342 0.4518
14887.0000 757 343 0.4531
14889.0000 758 343 0.4525
14904.6000 758 344 0.4538
14905.0000 759 344 0.4532
14927.0000 760 344 0.4526
14942.0000 761 344 0.4520
14959.5000 761 345 0.4534
14960.9000 761 346 0.4547
14961.0000 762 346 0.4541
14975.8000 762 347 0.4554
14984.0000 763 347 0.4548
14999.0000 764 347 0.4542
15021.0000 765 347 0.4536
15041.0000 766 347 0.4530
15058.0000 767 347 0.4524
15074.0000 768 347 0.4518
15080.8000 768 348 0.4531
15093.0000 769 348 0.4525
15101.5000 769 349 0.4538
15114.0000 770 349 0.4532
15132.0000 771 349 0.4527
15149.0000 772 349 0.4521
15172.0000 773 349 0.4515
15190.0000 774 349 0.4509
15212.0000 775 349 0.4503
15235.0000 776 349 0.4497
15247.2000 776 350 0.4510
15256.0000 777 350 0.4505
15260.1000 777 351 0.4517
15280.0000 778 351 0.4512
15297.0000 779 351 0.4506
15318.0000 780 351 0.4500
15336.0000 781 351 0.4494
15360.0000 782 351 0.4488
15381.0000 783 351 0.4483
15389.7000 783 352 0.4496
15395.5000 783 353 0.4508
15399.0000 784 353 0.4503
15407.7000 784 354 0.4515
15419.0000 785 354 0.4510
15439.2000 785 355 0.4522
15441.0000 786 355 0.4517
15444.4000 786 356 0.4529
15460.4000 786 357 0.4542
15465.0000 787 357 0.4536
15482.0000 788 357 0.4530
15504.0000 789 357 0.4525
15526.0000 790 357 0.4519
15547.0000 791 357 0.4513
15548.0000 791 358 0.4526
15569.0000 792 358 0.4520
15591.0000 793 358 0.4515
15615.0000 794 358 0.4509
15632.0000 795 358 0.4503
15635.5000 795 359 0.4516
15651.0000 796 359 0.4510
15666.0000 797 359 0.4504
15684.0000 798 359 0.4499
15708.0000 799 359 0.4493
15724.0000 800 359 0.4488
15746.0000 801 359 0.4482
15746.7000 801 360 0.4494
15761.5000 801 361 0.4507
15764.0000 802 361 0.4501
15780.2000 802 362 0.4514
15782.0000 803 362 0.4508
15793.3000 803 363 0.4521
15799.0000 804 363 0.4515
15808.4000 804 364 0.4527
15815.0000 805 364 0.4522
15838.0000 806 364 0.4516
15840.0000 806 365 0.4529
15854.0000 807 365 0.4523
15854.2000 807 366 0.4535
15865.6000 807 367 0.4548
15873.0000 808 367 0.4542
15891.0000 808 368 0.4554
15894.0000 809 368 0.4549
15909.0000 810 368 0.4543
15927.0000 811 368 0.4538
15948.0000 812 368 0.4532
15953.1000 812 369 0.4544
15956.3000 812 370 0.4557
15958.5000 812 371 0.4569
15967.0000 813 371 0.4563
15990.0000 814 371 0.4558
16005.0000 814 372 0.4570
16010.0000 815 372 0.4564
16027.0000 816 372 0.4559
16042.0000 817 372 0.4553
16061.0000 818 372 0.4548
16080.0000 819 372 0.4542
16104.0000 820 372 0.4537
16119.7000 820 373 0.4549
16124.0000 821 373 0.4543
16139.0000 822 373 0.4538
16154.4000 822 374 0.4550
16155.0000 823 374 0.4544
16175.0000 824 374 0.4539
16196.0000 825 374 0.4533
16199.9000 825 375 0.4545
16212.0000 826 375 0.4540
16220.0000 826 376 0.4552
16230.0000 827 376 0.4547
16232.5000 827 377 0.4559
16245.0000 828 377 0.4553
16261.0000 829 377 0.4548
16281.0000 830 377 0.4542
16301.0000 831 377 0.4537
16306.4000 831 378 0.4549
16322.0000 832 378 0.4543
16333.8000 832 379 0.4555
16338.0000 833 379 0.4550
16357.0000 834 379 0.4544
16380.0000 835 379 0.4539
16399.0000 836 379 0.4533
16411.3000 836 380 0.4545
16416.0000 837 380 0.4540
16433.0000 838 380 0.4535
16455.0000 839 380 0.4529
16479.0000 840 380 0.4524
16503.0000 841 380 0.4518
16520.1000 841 381 0.4530
16526.0000 842 381 0.4525
16547.0000 843 381 0.4520
16568.0000 844 381 0.4514
16588.9000 844 382 0.4526
16589.0000 845 382 0.4521
16595.0000 845 383 0.4533
16610.0000 846 383 0.4527
16626.9000 846 384 0.4539
16627.8000 846 385 0.4551
16628.0000 847 385 0.4545
16638.8000 847 386 0.4557
16646.0000 848 386 0.4552
16662.0000 849 386 0.4547
16682.0000 850 386 0.4541
16699.0000 851 386 0.4536
16721.7000 851 387 0.4548
16723.0000 852 387 0.4542
16745.0000 853 387 0.4537
16760.0000 854 387 0.4532
16773.6000 854 388 0.4543
16783.0000 855 388 0.4538
16800.0000 856 388 0.4533
16818.0000 857 388 0.4527
16835.0000 858 388 0.4522
16852.1000 858 389 0.4534
16858.0000 859 389 0.4529
16870.9000 859 390 0.4540
16881.0000 860 390 0.4535
16901.0000 861 390 0.4530
16917.0000 862 390 0.4524
16935.0000 863 390 0.4519
16959.0000 864 390 0.4514
16979.0000 864 391 0.4525
16980.0000 865 391 0.4520
16997.0000 866 391 0.4515
17019.2000 866 392 0.4527
17021.0000 867 392 0.4521
17034.6000 867 393 0.4533
17038.5000 867 394 0.4544
17040.0000 868 394 0.4539
17063.0000 869 394 0.4534
17075.7000 869 395 0.4545
17082.0000 870 395 0.4540
17096.9000 870 396 0.4552
17105.0000 871 396 0.4546
17126.0000 872 396 0.4541
17143.0000 873 396 0.4536
17162.0000 874 396 0.4531
17181.0000 875 396 0.4526
17202.0000 876 396 0.4521
17225.0000 877 396 0.4515
17225.4000 877 397 0.4527
17226.9000 877 398 0.4538
17228.2000 877 399 0.4550
17240.0000 878 399 0.4544
17259.0000 879 399 0.4539
17278.0000 880 399 0.4534
17299.0000 881 399 0.4529
17318.0000 882 399 0.4524
17336.0000 883 399 0.4519
17353.0000 884 399 0.4514
17357.6000 884 400 0.4525
17370.0000 885 400 0.4520
17371.3000 885 401 0.4531
17394.0000 886 401 0.4526
17394.4000 886 402 0.4537
17416.0000 887 402 0.4532
17439.0000 888 402 0.4527
17454.0000 889 402 0.4522
17469.2000 889 403 0.4533
17477.0000 890 403 0.4528
17496.1000 890 404 0.4539
17497.0000 891 404 0.4534
17515.0000 892 404 0.4529
17535.0000 893 404 0.4524
17546.6000 893 405 0.4535
17557.1000 893 406 0.4546
17558.0000 894 406 0.4541
17558.8000 894 407 0.4553
17574.0000 895 407 0.4547
17598.0000 896 407 0.4542
17619.0000 897 407 0.4537
17633.9000 897 408 0.4548
17639.0000 898 408 0.4543
17654.0000 899 408 0.4538
17655.9000 899 409 0.4549
17672.0000 900 409 0.4544
17690.0000 901 409 0.4539
17710.0000 902 409 0.4534
17734.0000 903 409 0.4529
17736.2000 903 410 0.4540
17751.0000 904 410 0.4535
17763.4000 904 411 0.4546
17773.8000 904 412 0.4558
17774.0000 905 412 0.4552
17793.0000 906 412 0.4547
17808.0000 907 412 0.4542
17816.2000 907 413 0.4553
17826.0000 908 413 0.4548
17846.0000 909 413 0.4543
17864.0000 910 413 0.4538
17884.0000 911 413 0.4533
17899.0000 912 413 0.4529
17917.0000 913 413 0.4524
17923.5000 913 414 0.4535
17934.5000 913 415 0.4545
17934.7000 913 416 0.4556
17936.0000 914 416 0.4551
17951.1000 914 417 0.4562
17958.0000 915 417 0.4557
17976.0000 916 417 0.4552
18000.0000 917 417 0.4547
18021.0000 918 417 0.4542
18040.0000 919 417 0.4538
18059.0000 920 417 0.4533
18077.0000 921 417 0.4528
18092.0000 922 417 0.4523
18112.1000 922 418 0.4534
18113.0000 923 418 0.4529
18124.5000 923 419 0.4540
18132.0000 924 419 0.4535
18155.0000 925 419 0.4530
18169.3000 925 420 0.4541
18177.0000 926 420 0.4536
18192.0000 927 420 0.4531
18214.0000 928 420 0.4526
18221.6000 928 421 0.4537
18222.5000 928 422 0.4547
18236.0000 929 422 0.4543
18259.0000 930 422 0.4538
18275.0000 931 422 0.4533
18281.9000 931 423 0.4544
18298.0000 932 423 0.4539
18321.0000 933 423 0.4534
18340.0000 934 423 0.4529
18342.8000 934 424 0.4540
18353.0000 934 425 0.4550
18354.1000 934 426 0.4561
18364.0000 935 426 0.4556
18365.9000 935 427 0.4567
18368.1000 935 428 0.4578
18383.0000 936 428 0.4573
18402.0000 937 428 0.4568
18425.0000 938 428 0.4563
18449.0000 939 428 0.4558
18457.4000 939 429 0.4569
18465.1000 939 430 0.4579
18473.0000 940 430 0.4574
18488.0000 941 430 0.4570
18512.0000 942 430 0.4565
18534.0000 943 430 0.4560
18549.0000 944 430 0.4555
18570.0000 945 430 0.4550
18575.1000 945 431 0.4561
18586.9000 945 432 0.4571
18590.0000 946 432 0.4567
18613.0000 947 432 0.4562
18632.0000 948 432 0.4557
18653.0000 949 432 0.4552
18671.4000 949 433 0.4563
18677.0000 950 433 0.4558
18696.0000 951 433 0.4553
18715.0000 952 433 0.4548
18719.9000 952 434 0.4559
18735.6000 952 435 0.4569
18738.0000 953 435 0.4565
18753.0000 954 435 0.4560
18768.0000 955 435 0.4555
18784.0000 955 436 0.4565
18786.0000 956 436 0.4561
18801.9000 956 437 0.4571
18809.0000 957 437 0.4566
18828.0000 958 437 0.4562
18841.6000 958 438 0.4572
18845.0000 959 438 0.4567
18862.0000 960 438 0.4563
18884.0000 961 438 0.4558
18887.8000 961 439 0.4568
18894.5000 961 440 0.4579
18897.2000 961 441 0.4589
18898.6000 961 442 0.4599
18899.0000 962 442 0.4595
18922.0000 963 442 0.4590
18939.0000 964 442 0.4585
18956.0000 965 442 0.4580
18962.7000 965 443 0.4591
18977.0000 966 443 0.4586
18993.0000 967 443 0.4581
19015.0000 968 443 0.4576
19037.0000 969 443 0.4572
19055.0000 970 443 0.4567
19072.0000 971 443 0.4562
19087.0000 972 443 0.4558
19095.8000 972 444 0.4568
19108.0000 973 444 0.4563
19120.8000 973 445 0.4573
19129.0000 974 445 0.4569
19151.0000 975 445 0.4564
19161.8000 975 446 0.4574
19173.0000 976 446 0.4570
19192.0000 977 446 0.4565
19210.4000 977 447 0.4575
19211.0000 978 447 0.4571
19216.7000 978 448 0.4581
19231.0000 979 448 0.4576
19243.0000 979 449 0.4586
19254.0000 980 449 0.4582
19277.0000 981 449 0.4577
19301.0000 982 449 0.4572
19313.4000 982 450 0.4582
19316.0000 983 450 0.4578
19322.6000 983 451 0.4588
19340.0000 984 451 0.4583
19355.0000 985 451 0.4579
19373.0000 986 451 0.4574
19391.0000 987 451 0.4569
19406.0000 988 451 0.4565
19414.4000 988 452 0.4575
19418.6000 988 453 0.4585
19423.0000 989 453 0.4580
19430.4000 989 454 0.4590
19439.0000 990 454 0.4586
19455.0000 991 454 0.4581
19479.0000 992 454 0.4577
19497.0000 993 454 0.4572
19521.0000 994 454 0.4567
19542.0000 995 454 0.4563
19565.0000 996 454 0.4558
19576.3000 996 455 0.4568
19583.9000 996 456 0.4578
19586.0000 997 456 0.4574
19595.7000 997 457 0.4584
19601.0000 998 457 0.4579
19605.1000 998 458 0.4589
19622.0000 999 458 0.4585
19623.2000 999 459 0.4595
19641.0000 1000 459 0.4590
19660.0000 1001 459 0.4585
19677.0000 1002 459 0.4581
19692.0000 1003 459 0.4576
19716.0000 1004 459 0.4572
19739.0000 1005 459 0.4567
19755.0000 1006 459 0.4563
19770.0000 1007 459 0.4558
19784.4000 1007 460 0.4568
19786.5000 1007 461 0.4578
19792.0000 1008 461 0.4573
19795.2000 1008 462 0.4583
19809.5000 1008 463 0.4593
19815.0000 1009 463 0.4589
19816.1000 1009 464 0.4599
19826.3000 1009 465 0.4609
19833.0000 1010 465 0.4604
19847.5000 1010 466 0.4614
19852.0000 1011 466 0.4609
19876.0000 1012 466 0.4605
19891.0000 1013 466 0.4600
19908.0000 1014 466 0.4596
19924.9000 1014 467 0.4606
19932.0000 1015 467 0.4601
19956.0000 1016 467 0.4596
19968.8000 1016 468 0.4606
19970.9000 1016 469 0.4616
19973.1000 1016 470 0.4626
19976.0000 1017 470 0.4621
19980.8000 1017 471 0.4631
19987.5000 1017 472 0.4641
19997.0000 1017 473 0.4651
19998.0000 1018 473 0.4646
20019.0000 1019 473 0.4642
20034.0000 1020 473 0.4637
20039.7000 1020 474 0.4647
20054.8000 1020 475 0.4657
20057.0000 1021 475 0.4652
20068.8000 1021 476 0.4662
20075.0000 1022 476 0.4658
20094.0000 1023 476 0.4653
20095.9000 1023 477 0.4663
20107.3000 1023 478 0.4673
20118.0000 1024 478 0.4668
20135.0000 1025 478 0.4663
20157.0000 1026 478 0.4659
20168.6000 1026 479 0.4669
20179.0000 1027 479 0.4664
20186.0000 1027 480 0.4674
20190.8000 1027 481 0.4684
20196.4000 1027 482 0.4693
20197.0000 1028 482 0.4689
20201.3000 1028 483 0.4698
20221.0000 1029 483 0.4694
20237.0000 1030 483 0.4689
20259.0000 1031 483 0.4685
20276.0000 1032 483 0.4680
20293.0000 1033 483 0.4676
20307.9000 1033 484 0.4685
20308.0000 1034 484 0.4681
20327.0000 1035 484 0.4676
20340.5000 1035 485 0.4686
20350.0000 1036 485 0.4681
20351.1000 1036 486 0.4691
20366.0000 1037 486 0.4687
20373.6000 1037 487 0.4696
20375.4000 1037 488 0.4706
20385.0000 1038 488 0.4701
20389.4000 1038 489 0.4711
20401.0000 1039 489 0.4706
20421.0000 1040 489 0.4702
20437.0000 1041 489 0.4697
20457.7000 1041 490 0.4707
20461.0000 1042 490 0.4702
20463.1000 1042 491 0.4712
20463.8000 1042 492 0.4722
20475.9000 1042 493 0.4731
20485.0000 1043 493 0.4727
20491.3000 1043 494 0.4736
20508.0000 1044 494 0.4732
20532.0000 1045 494 0.4727
20554.0000 1046 494 0.4723
20576.0000 1047 494 0.4718
20590.6000 1047 495 0.4728
20594.0000 1048 495 0.4723
20611.0000 1049 495 0.4719
20635.0000 1050 495 0.4714
20655.0000 1051 495 0.4710
20665.3000 1051 496 0.4719
20673.0000 1052 496 0.4715
20677.7000 1052 497 0.4724
20679.0000 1052 498 0.4734
20691.0000 1053 498 0.4729
20706.0000 1054 498 0.4725
20724.0000 1055 498 0.4720
20736.9000 1055 499 0.4730
20744.0000 1056 499 0.4725
20759.7000 1056 500 0.4735
20766.0000 1057 500 0.4730
20766.3000 1057 501 0.4740
20782.0000 1058 501 0.4735
20800.0000 1059 501 0.4731
20801.3000 1059 502 0.4740
20821.0000 1060 502 0.4736
20839.1000 1060 503 0.4745
20844.0000 1061 503 0.4741
20856.1000 1061 504 0.4750
20857.6000 1061 505 0.4760
20864.0000 1062 505 0.4755
20873.5000 1062 506 0.4765
20880.6000 1062 507 0.4774
20888.0000 1063 507 0.4770
20911.0000 1064 507 0.4765
20921.8000 1064 508 0.4774
20931.0000 1065 508 0.4770
20947.2000 1065 509 0.4779
20952.0000 1066 509 0.4775
20954.8000 1066 510 0.4784
20968.0000 1067 510 0.4780
20982.3000 1067 511 0.4789
20987.6000 1067 512 0.4799
20988.9000 1067 513 0.4808
20990.0000 1068 513 0.4803
21007.0000 1069 513 0.4799
21008.6000 1069 514 0.4808
21021.5000 1069 515 0.4818
21031.0000 1070 515 0.4813
21053.6000 1070 516 0.4822
21055.0000 1071 516 0.4818
21077.0000 1072 516 0.4813
21092.0000 1073 516 0.4809
21094.8000 1073 517 0.4818
21097.1000 1073 518 0.4828
21098.5000 1073 519 0.4837
21116.0000 1074 519 0.4832
21122.7000 1074 520 0.4842
21132.0000 1075 520 0.4837
21148.0000 1076 520 0.4833
21166.0000 1077 520 0.4828
21169.4000 1077 521 0.4838
21184.0000 1078 521 0.4833
21184.8000 1078 522 0.4842
21186.3000 1078 523 0.4852
21189.4000 1078 524 0.4861
21189.7000 1078 525 0.4870
21204.0000 1079 525 0.4866
21214.0000 1079 526 0.4875
21223.0000 1080 526 0.4870
21225.8000 1080 527 0.4880
21232.9000 1080 528 0.4889
21235.3000 1080 529 0.4898
21247.0000 1081 529 0.4894
21249.2000 1081 530 0.4903
21271.0000 1082 530 0.4898
21283.8000 1082 531 0.4908
21292.0000 1083 531 0.4903
21297.0000 1083 532 0.4912
21309.0000 1084 532 0.4908
21327.0000 1085 532 0.4903
21344.8000 1085 533 0.4912
21348.6000 1085 534 0.4922
21351.0000 1086 534 0.4917
21356.2000 1086 535 0.4926
21367.7000 1086 536 0.4936
21368.0000 1087 536 0.4931
21370.7000 1087 537 0.4940
21387.0000 1088 537 0.4936
21407.0000 1089 537 0.4931
21424.0000 1090 537 0.4927
21444.0000 1091 537 0.4922
21445.4000 1091 538 0.4931
21460.9000 1091 539 0.4940
21463.0000 1092 539 0.4936
21474.1000 1092 540 0.4945
21483.0000 1093 540 0.4941
21491.0000 1093 541 0.4950
21503.8000 1093 542 0.4959
21505.0000 1094 542 0.4954
21514.0000 1094 543 0.4963
21523.0000 1095 543 0.4959
21539.0000 1096 543 0.4954
21541.7000 1096 544 0.4964
21551.5000 1096 545 0.4973
21556.0000 1097 545 0.4968
21577.0000 1098 545 0.4964
21599.0000 1099 545 0.4959
21615.0000 1100 545 0.4955
21632.0000 1101 545 0.4950
21648.0000 1102 545 0.4946
21665.0000 1103 545 0.4941
21689.0000 1104 545 0.4937
21707.0000 1105 545 0.4932
21713.1000 1105 546 0.4941
21714.3000 1105 547 0.4950
21715.3000 1105 548 0.4959
21721.0000 1105 549 0.4968
21731.0000 1106 549 0.4964
21755.0000 1107 549 0.4959
21777.0000 1108 549 0.4955
21794.0000 1109 549 0.4950
21797.4000 1109 550 0.4959
21807.1000 1109 551 0.4968
21818.0000 1110 551 0.4964
21837.0000 1111 551 0.4959
21852.1000 1111 552 0.4968
21860.0000 1112 552 0.4964
21874.5000 1112 553 0.4973
21883.0000 1113 553 0.4969
21898.0000 1114 553 0.4964
21902.2000 1114 554 0.4973
21916.0000 1115 554 0.4969
21939.0000 1116 554 0.4964
21941.3000 1116 555 0.4973
21949.4000 1116 556 0.4982
21951.7000 1116 557 0.4991
21952.6000 1116 558 0.5000
21960.0000 1117 558 0.4996
21976.0000 1118 558 0.4991
21999.0000 1119 558 0.4987
22022.0000 1120 558 0.4982
22023.5000 1120 559 0.4991
22039.6000 1120 560 0.5000
22041.0000 1121 560 0.4996
22042.7000 1121 561 0.5004
22045.4000 1121 562 0.5013
22050.4000 1121 563 0.5022
22061.0000 1122 563 0.5018
22065.5000 1122 564 0.5027
22071.9000 1122 565 0.5036
22078.0000 1123 565 0.5031
22101.0000 1124 565 0.5027
22121.0000 1125 565 0.5022
22140.0000 1126 565 0.5018
22143.1000 1126 566 0.5027
22159.0000 1127 566 0.5022
22165.8000 1127 567 0.5031
22174.2000 1127 568 0.5040
22181.8000 1127 569 0.5049
22183.0000 1128 569 0.5044
22199.0000 1129 569 0.5040
22217.2000 1129 570 0.5049
22218.0000 1130 570 0.5044
22242.0000 1131 570 0.5040
22251.3000 1131 571 0.5049
22259.5000 1131 572 0.5057
22260.9000 1131 573 0.5066
22262.5000 1131 574 0.5075
22263.0000 1132 574 0.5071
22265.4000 1132 575 0.5080
22281.0000 1133 575 0.5075
22304.0000 1134 575 0.5071
22322.0000 1135 575 0.5066
22329.9000 1135 576 0.5075
22344.1000 1135 577 0.5084
22346.0000 1136 577 0.5079
22354.3000 1136 578 0.5088
22363.0000 1137 578 0.5084
22370.8000 1137 579 0.5092
22385.0000 1138 579 0.5088
22405.0000 1139 579 0.5083
22415.3000 1139 580 0.5092
22420.0000 1140 580 0.5088
22444.0000 1141 580 0.5083
22447.1000 1141 581 0.5092
22456.3000 1141 582 0.5101
22464.0000 1142 582 0.5096
22482.0000 1143 582 0.5092
22487.0000 1143 583 0.5101
22500.0000 1144 583 0.5096
22505.5000 1144 584 0.5105
22521.0000 1145 584 0.5100
22521.9000 1145 585 0.5109
22543.6000 1145 586 0.5118
22544.0000 1146 586 0.5113
22546.1000 1146 587 0.5122
22560.0000 1147 587 0.5118
22578.0000 1148 587 0.5113
22581.7000 1148 588 0.5122
22595.0000 1149 588 0.5117
22613.0000 1150 588 0.5113
22620.0000 1150 589 0.5122
22628.0000 1151 589 0.5117
22648.0000 1152 589 0.5113
22666.0000 1153 589 0.5108
22682.0000 1154 589 0.5104
22698.0000 1155 589 0.5100
22706.5000 1155 590 0.5108
22713.0000 1156 590 0.5104
22717.4000 1156 591 0.5112
22721.0000 1156 592 0.5121
22729.0000 1156 593 0.5130
22735.0000 1157 593 0.5125
22751.7000 1157 594 0.5134
22752.3000 1157 595 0.5143
22755.1000 1157 596 0.5151
22758.0000 1158 596 0.5147
22779.0000 1159 596 0.5142
22799.0000 1160 596 0.5138
22802.8000 1160 597 0.5147
22805.7000 1160 598 0.5155
22809.4000 1160 599 0.5164
22820.0000 1161 599 0.5159
22822.9000 1161 600 0.5168
22835.0000 1162 600 0.5164
22844.8000 1162 601 0.5172
22850.0000 1163 601 0.5168
22860.2000 1163 602 0.5176
22869.0000 1164 602 0.5172
22891.0000 1165 602 0.5167
22913.0000 1166 602 0.5163
22914.7000 1166 603 0.5172
22916.7000 1166 604 0.5180
22918.7000 1166 605 0.5189
22920.8000 1166 606 0.5197
22921.9000 1166 607 0.5206
22925.6000 1166 608 0.5214
22926.6000 1166 609 0.5223
22927.6000 1166 610 0.5232
22931.0000 1167 610 0.5227
22954.0000 1168 610 0.5223
22971.0000 1169 610 0.5218
22979.6000 1169 611 0.5227
22991.0000 1170 611 0.5222
23001.7000 1170 612 0.5231
23007.0000 1171 612 0.5226
23031.0000 1172 612 0.5222
23047.0000 1173 612 0.5217
23047.9000 1173 613 0.5226
23048.7000 1173 614 0.5234
23070.0000 1174 614 0.5230
23079.4000 1174 615 0.5239
23079.6000 1174 616 0.5247
23085.0000 1175 616 0.5243
23106.0000 1176 616 0.5238
23108.3000 1176 617 0.5247
23122.5000 1176 618 0.5255
23127.0000 1177 618 0.5251
23149.0000 1178 618 0.5246
23154.4000 1178 619 0.5255
23165.0000 1179 619 0.5250
23180.0000 1180 619 0.5246
23181.9000 1180 620 0.5254
23182.5000 1180 621 0.5263
23183.0000 1180 622 0.5271
23198.0000 1181 622 0.5267
23214.0000 1182 622 0.5262
23238.0000 1183 622 0.5258
23252.6000 1183 623 0.5266
23256.3000 1183 624 0.5275
23258.0000 1184 624 0.5270
23268.5000 1184 625 0.5279
23270.6000 1184 626 0.5287
23280.0000 1185 626 0.5283
23295.0000 1186 626 0.5278
23298.8000 1186 627 0.5287
23304.1000 1186 628 0.5295
23319.0000 1187 628 0.5291
23338.9000 1187 629 0.5299
23339.0000 1188 629 0.5295
23339.3000 1188 630 0.5303
23360.0000 1189 630 0.5299
23377.0000 1190 630 0.5294
23393.0000 1191 630 0.5290
23409.0000 1192 630 0.5285
23428.0000 1193 630 0.5281
23433.7000 1193 631 0.5289
23436.8000 1193 632 0.5298
23445.0000 1194 632 0.5293
23454.0000 1194 633 0.5302
23463.8000 1194 634 0.5310
23464.0000 1195 634 0.5305
23464.2000 1195 635 0.5314
23467.1000 1195 636 0.5322
23471.5000 1195 637 0.5331
23482.0000 1196 637 0.5326
23498.0000 1197 637 0.5322
23516.0000 1198 637 0.5317
23532.0000 1199 637 0.5313
23536.7000 1199 638 0.5321
23541.6000 1199 639 0.5329
23547.0000 1200 639 0.5325
23558.7000 1200 640 0.5333
23565.9000 1200 641 0.5342
23568.0000 1201 641 0.5337
23589.0000 1202 641 0.5333
23590.8000 1202 642 0.5341
23613.0000 1203 642 0.5337
23623.8000 1203 643 0.5345
23629.0000 1204 643 0.5341
23635.5000 1204 644 0.5349
23637.0000 1204 645 0.5357
23647.0000 1205 645 0.5353
23662.0000 1206 645 0.5348
23681.0000 1207 645 0.5344
23681.1000 1207 646 0.5352
23702.0000 1208 646 0.5348
23710.9000 1208 647 0.5356
23712.8000 1208 648 0.5364
23713.4000 1208 649 0.5373
23726.0000 1209 649 0.5368
23741.0000 1210 649 0.5364
23760.0000 1211 649 0.5359
23768.0000 1211 650 0.5367
23776.0000 1211 651 0.5376
23778.0000 1212 651 0.5371
23781.1000 1212 652 0.5380
23786.6000 1212 653 0.5388
23798.0000 1213 653 0.5383
23817.0000 1214 653 0.5379
23837.0000 1215 653 0.5374
23842.4000 1215 654 0.5383
23843.7000 1215 655 0.5391
23850.3000 1215 656 0.5399
23859.0000 1216 656 0.5395
23861.3000 1216 657 0.5403
23874.0000 1217 657 0.5399
23877.9000 1217 658 0.5407
23895.0000 1218 658 0.5402
23909.2000 1218 659 0.5411
23909.7000 1218 660 0.5419
23916.0000 1219 660 0.5414
23927.6000 1219 661 0.5422
23937.0000 1220 661 0.5418
23961.0000 1221 661 0.5414
23962.4000 1221 662 0.5422
23981.0000 1222 662 0.5417
23985.1000 1222 663 0.5426
23991.2000 1222 664 0.5434
24004.0000 1223 664 0.5429
24011.7000 1223 665 0.5437
24012.9000 1223 666 0.5446
24015.3000 1223 667 0.5454
24018.1000 1223 668 0.5462
24022.2000 1223 669 0.5470
24026.0000 1224 669 0.5466
24030.7000 1224 670 0.5474
24037.4000 1224 671 0.5482
24043.0000 1225 671 0.5478
24051.1000 1225 672 0.5486
24062.0000 1226 672 0.5481
24077.5000 1226 673 0.5489
24079.0000 1227 673 0.5485
24095.0000 1228 673 0.5480
24110.0000 1229 673 0.5476
24134.0000 1230 673 0.5472
24140.5000 1230 674 0.5480
24157.0000 1231 674 0.5475
24179.0000 1232 674 0.5471
24189.3000 1232 675 0.5479
24189.8000 1232 676 0.5487
24201.2000 1232 677 0.5495
24203.0000 1233 677 0.5491
24222.0000 1234 677 0.5486
24239.4000 1234 678 0.5494
24245.0000 1235 678 0.5490
24251.5000 1235 679 0.5498
24262.0000 1236 679 0.5494
24285.2000 1236 680 0.5502
24286.0000 1237 680 0.5497
24305.0000 1238 680 0.5493
24311.8000 1238 681 0.5501
24326.0000 1239 681 0.5496
24341.7000 1239 682 0.5504
24349.0000 1240 682 0.5500
24361.1000 1240 683 0.5508
24368.0000 1241 683 0.5504
24369.3000 1241 684 0.5512
24379.5000 1241 685 0.5520
24383.0000 1242 685 0.5515
24407.0000 1243 685 0.5511
24410.9000 1243 686 0.5519
24412.1000 1243 687 0.5527
24427.0000 1244 687 0.5523
24444.1000 1244 688 0.5531
24445.2000 1244 689 0.5539
24447.0000 1245 689 0.5534
24468.0000 1246 689 0.5530
24483.1000 1246 690 0.5538
24490.0000 1247 690 0.5533
24507.8000 1247 691 0.5541
24514.0000 1248 691 0.5537
24530.0000 1249 691 0.5532
24553.0000 1250 691 0.5528
24557.6000 1250 692 0.5536
24562.1000 1250 693 0.5544
24568.0000 1251 693 0.5540
24591.0000 1252 693 0.5535
24607.0000 1253 693 0.5531
24624.0000 1254 693 0.5526
24641.0000 1255 693 0.5522
24656.0000 1256 693 0.5518
24660.9000 1256 694 0.5525
24669.1000 1256 695 0.5533
24677.0000 1257 695 0.5529
24693.0000 1258 695 0.5525
24699.7000 1258 696 0.5533
24712.0000 1259 696 0.5528
24736.0000 1260 696 0.5524
24744.4000 1260 697 0.5532
24751.0000 1261 697 0.5527
24752.8000 1261 698 0.5535
24754.8000 1261 699 0.5543
24761.7000 1261 700 0.5551
24768.0000 1262 700 0.5547
24780.0000 1262 701 0.5555
24790.0000 1262 702 0.5563
24790.0000 1263 702 0.5558
24809.0000 1264 702 0.5554
24824.0000 1265 702 0.5549
24844.0000 1266 702 0.5545
24858.1000 1266 703 0.5553
24867.0000 1267 703 0.5549
24870.4000 1267 704 0.5556
24883.0000 1268 704 0.5552
24898.7000 1268 705 0.5560
24899.5000 1268 706 0.5568
24902.9000 1268 707 0.5576
24906.0000 1269 707 0.5571
24921.0000 1270 707 0.5567
24945.0000 1271 707 0.5563
24963.0000 1272 707 0.5558
24980.0000 1273 707 0.5554
24997.9000 1273 708 0.5562
24999.0000 1274 708 0.5557
25011.2000 1274 709 0.5565
25011.4000 1274 710 0.5573
25015.0000 1275 710 0.5569
25028.1000 1275 711 0.5576
25034.0000 1276 711 0.5572
25041.4000 1276 712 0.5580
25055.0000 1277 712 0.5576
25074.0000 1278 712 0.5571
25095.0000 1279 712 0.5567
25107.0000 1279 713 0.5575
25110.1000 1279 714 0.5582
25116.1000 1279 715 0.5590
25119.0000 1280 715 0.5586
25138.0000 1281 715 0.5582
25162.0000 1282 715 0.5577
25169.0000 1282 716 0.5585
25183.0000 1283 716 0.5581
