# time  created  delivered  delivered/created
22.0000 1 0 0.0000
38.0000 2 0 0.0000
54.0000 3 0 0.0000
72.0000 4 0 0.0000
94.0000 5 0 0.0000
110.0000 6 0 0.0000
133.0000 7 0 0.0000
153.0000 8 0 0.0000
175.0000 9 0 0.0000
191.0000 10 0 0.0000
210.0000 11 0 0.0000
225.0000 12 0 0.0000
249.0000 13 0 0.0000
265.0000 14 0 0.0000
281.0000 15 0 0.0000
304.0000 16 0 0.0000
328.0000 17 0 0.0000
343.0000 18 0 0.0000
367.0000 19 0 0.0000
382.0000 20 0 0.0000
399.0000 21 0 0.0000
420.0000 22 0 0.0000
439.0000 23 0 0.0000
458.0000 24 0 0.0000
480.0000 25 0 0.0000
497.0000 26 0 0.0000
515.0000 27 0 0.0000
538.0000 28 0 0.0000
562.0000 29 0 0.0000
581.0000 30 0 0.0000
581.2000 30 1 0.0333
603.0000 31 1 0.0323
625.0000 32 1 0.0313
640.9000 32 2 0.0625
646.0000 33 2 0.0606
658.2000 33 3 0.0909
661.6000 33 4 0.1212
667.0000 34 4 0.1176
685.0000 35 4 0.1143
691.0000 35 5 0.1429
700.0000 36 5 0.1389
722.0000 37 5 0.1351
741.0000 38 5 0.1316
764.0000 39 5 0.1282
773.6000 39 6 0.1538
784.0000 40 6 0.1500
806.0000 41 6 0.1463
829.0000 42 6 0.1429
851.0000 43 6 0.1395
873.0000 44 6 0.1364
895.0000 45 6 0.1333
918.0000 46 6 0.1304
935.7000 46 7 0.1522
941.0000 47 7 0.1489
957.0000 48 7 0.1458
975.0000 49 7 0.1429
998.0000 50 7 0.1400
1018.0000 51 7 0.1373
1040.0000 52 7 0.1346
1056.0000 53 7 0.1321
1077.0000 54 7 0.1296
1096.0000 55 7 0.1273
1117.0000 56 7 0.1250
1137.0000 57 7 0.1228
1159.0000 58 7 0.1207
1179.0000 59 7 0.1186
1193.3000 59 8 0.1356
1201.0000 60 8 0.1333
1216.0000 61 8 0.1311
1225.1000 61 9 0.1475
1232.0000 62 9 0.1452
1251.0000 63 9 0.1429
1268.0000 64 9 0.1406
1287.0000 65 9 0.1385
1308.0000 66 9 0.1364
1327.0000 67 9 0.1343
1342.0000 68 9 0.1324
1364.0000 69 9 0.1304
1381.1000 69 10 0.1449
1388.0000 70 10 0.1429
1397.1000 70 11 0.1571
1407.0000 71 11 0.1549
1422.0000 72 11 0.1528
1442.0000 73 11 0.1507
1464.0000 74 11 0.1486
1475.2000 74 12 0.1622
1478.5000 74 13 0.1757
1479.0000 75 13 0.1733
1483.1000 75 14 0.1867
1500.0000 76 14 0.1842
1518.0000 77 14 0.1818
1542.0000 78 14 0.1795
1555.9000 78 15 0.1923
1560.8000 78 16 0.2051
1562.0000 79 16 0.2025
1577.0000 80 16 0.2000
1594.5000 80 17 0.2125
1600.0000 81 17 0.2099
1620.0000 82 17 0.2073
1637.0000 83 17 0.2048
1652.0000 84 17 0.2024
1673.0000 85 17 0.2000
1695.0000 86 17 0.1977
1713.0000 87 17 0.1954
1737.0000 88 17 0.1932
1739.8000 88 18 0.2045
1760.0000 89 18 0.2022
1781.0000 90 18 0.2000
1804.0000 91 18 0.1978
1826.0000 92 18 0.1957
1849.0000 93 18 0.1935
1870.0000 94 18 0.1915
1883.1000 94 19 0.2021
1890.0000 95 19 0.2000
1911.0000 96 19 0.1979
1929.0000 97 19 0.1959
1948.0000 98 19 0.1939
1965.0000 99 19 0.1919
1980.0000 100 19 0.1900
2002.0000 101 19 0.1881
2024.0000 102 19 0.1863
2035.6000 102 20 0.1961
2041.0000 103 20 0.1942
2064.0000 104 20 0.1923
2075.5000 104 21 0.2019
2080.0000 105 21 0.2000
2095.0000 106 21 0.1981
2119.0000 107 21 0.1963
2139.0000 108 21 0.1944
2142.8000 108 22 0.2037
2161.0000 109 22 0.2018
2178.0000 110 22 0.2000
2195.4000 110 23 0.2091
2199.0000 111 23 0.2072
2222.0000 112 23 0.2054
2240.0000 113 23 0.2035
2256.4000 113 24 0.2124
2259.0000 114 24 0.2105
2275.0000 115 24 0.2087
2295.0000 116 24 0.2069
2314.0000 117 24 0.2051
2335.0000 118 24 0.2034
2354.0000 119 24 0.2017
2377.0000 120 24 0.2000
2396.0000 121 24 0.1983
2411.0000 122 24 0.1967
2412.0000 122 25 0.2049
2433.0000 123 25 0.2033
2452.0000 124 25 0.2016
2470.3000 124 26 0.2097
2474.0000 125 26 0.2080
2490.0000 125 27 0.2160
2496.0000 126 27 0.2143
2506.7000 126 28 0.2222
2511.0000 127 28 0.2205
2526.0000 128 28 0.2188
2546.0000 129 28 0.2171
2563.0000 130 28 0.2154
2586.0000 131 28 0.2137
2601.0000 132 28 0.2121
2621.0000 133 28 0.2105
2641.0000 134 28 0.2090
2662.0000 135 28 0.2074
2673.5000 135 29 0.2148
2678.0000 136 29 0.2132
2689.6000 136 30 0.2206
2693.0000 137 30 0.2190
2698.5000 137 31 0.2263
2716.0000 137 32 0.2336
2716.0000 138 32 0.2319
2735.0000 139 32 0.2302
2754.0000 140 32 0.2286
2771.0000 141 32 0.2270
2788.0000 142 32 0.2254
2807.0000 143 32 0.2238
2823.1000 143 33 0.2308
2831.0000 144 33 0.2292
2853.0000 145 33 0.2276
2868.0000 146 33 0.2260
2872.7000 146 34 0.2329
2891.0000 147 34 0.2313
2911.0000 148 34 0.2297
2926.0000 149 34 0.2282
2942.0000 150 34 0.2267
2947.3000 150 35 0.2333
2955.9000 150 36 0.2400
2962.0000 151 36 0.2384
2979.0000 152 36 0.2368
3003.0000 153 36 0.2353
3024.0000 154 36 0.2338
3040.0000 155 36 0.2323
3064.0000 156 36 0.2308
3086.0000 157 36 0.2293
3110.0000 158 36 0.2278
3129.0000 159 36 0.2264
3147.0000 160 36 0.2250
3166.0000 161 36 0.2236
3190.0000 162 36 0.2222
3210.0000 163 36 0.2209
3225.0000 164 36 0.2195
3243.0000 165 36 0.2182
3260.0000 166 36 0.2169
3283.0000 167 36 0.2156
3289.8000 167 37 0.2216
3305.0000 168 37 0.2202
3321.0000 169 37 0.2189
3344.0000 170 37 0.2176
3365.0000 171 37 0.2164
3385.0000 172 37 0.2151
3408.0000 173 37 0.2139
3414.4000 173 38 0.2197
3423.8000 173 39 0.2254
3428.0000 174 39 0.2241
3449.0000 175 39 0.2229
3472.0000 176 39 0.2216
3488.0000 177 39 0.2203
3511.0000 178 39 0.2191
3535.0000 179 39 0.2179
3552.0000 180 39 0.2167
3563.1000 180 40 0.2222
3570.0000 181 40 0.2210
3570.3000 181 41 0.2265
3589.0000 182 41 0.2253
