# time  created  delivered  delivered/created
22.0000 1 0 0.0000
38.0000 2 0 0.0000
54.0000 3 0 0.0000
72.0000 4 0 0.0000
94.0000 5 0 0.0000
110.0000 6 0 0.0000
133.0000 7 0 0.0000
153.0000 8 0 0.0000
175.0000 9 0 0.0000
191.0000 10 0 0.0000
210.0000 11 0 0.0000
225.0000 12 0 0.0000
249.0000 13 0 0.0000
265.0000 14 0 0.0000
281.0000 15 0 0.0000
304.0000 16 0 0.0000
328.0000 17 0 0.0000
343.0000 18 0 0.0000
367.0000 19 0 0.0000
382.0000 20 0 0.0000
399.0000 21 0 0.0000
420.0000 22 0 0.0000
439.0000 23 0 0.0000
458.0000 24 0 0.0000
480.0000 25 0 0.0000
497.0000 26 0 0.0000
515.0000 27 0 0.0000
538.0000 28 0 0.0000
562.0000 29 0 0.0000
581.0000 30 0 0.0000
581.2000 30 1 0.0333
603.0000 31 1 0.0323
625.0000 32 1 0.0313
640.9000 32 2 0.0625
646.0000 33 2 0.0606
658.2000 33 3 0.0909
661.6000 33 4 0.1212
667.0000 34 4 0.1176
685.0000 35 4 0.1143
691.0000 35 5 0.1429
700.0000 36 5 0.1389
722.0000 37 5 0.1351
741.0000 38 5 0.1316
764.0000 39 5 0.1282
773.6000 39 6 0.1538
784.0000 40 6 0.1500
806.0000 41 6 0.1463
829.0000 42 6 0.1429
851.0000 43 6 0.1395
873.0000 44 6 0.1364
895.0000 45 6 0.1333
918.0000 46 6 0.1304
941.0000 47 6 0.1277
957.0000 48 6 0.1250
975.0000 49 6 0.1224
998.0000 50 6 0.1200
1018.0000 51 6 0.1176
1040.0000 52 6 0.1154
1056.0000 53 6 0.1132
1077.0000 54 6 0.1111
1096.0000 55 6 0.1091
1117.0000 56 6 0.1071
1137.0000 57 6 0.1053
1159.0000 58 6 0.1034
1179.0000 59 6 0.1017
1193.3000 59 7 0.1186
1201.0000 60 7 0.1167
1216.0000 61 7 0.1148
1225.1000 61 8 0.1311
1226.1000 61 9 0.1475
1232.0000 62 9 0.1452
1251.0000 63 9 0.1429
1268.0000 64 9 0.1406
1287.0000 65 9 0.1385
1308.0000 66 9 0.1364
1327.0000 67 9 0.1343
1342.0000 68 9 0.1324
1364.0000 69 9 0.1304
1388.0000 70 9 0.1286
1397.1000 70 10 0.1429
1407.0000 71 10 0.1408
1408.4000 71 11 0.1549
1422.0000 72 11 0.1528
1442.0000 73 11 0.1507
1464.0000 74 11 0.1486
1475.9000 74 12 0.1622
1478.4000 74 13 0.1757
1479.0000 75 13 0.1733
1483.1000 75 14 0.1867
1500.0000 76 14 0.1842
1518.0000 77 14 0.1818
1542.0000 78 14 0.1795
1560.8000 78 15 0.1923
1562.0000 79 15 0.1899
1577.0000 80 15 0.1875
1594.5000 80 16 0.2000
1600.0000 81 16 0.1975
1620.0000 82 16 0.1951
1637.0000 83 16 0.1928
1652.0000 84 16 0.1905
1673.0000 85 16 0.1882
1695.0000 86 16 0.1860
1706.4000 86 17 0.1977
1713.0000 87 17 0.1954
1736.2000 87 18 0.2069
1736.7000 87 19 0.2184
1737.0000 88 19 0.2159
1739.8000 88 20 0.2273
1754.9000 88 21 0.2386
1760.0000 89 21 0.2360
1781.0000 90 21 0.2333
1804.0000 91 21 0.2308
1826.0000 92 21 0.2283
1849.0000 93 21 0.2258
1870.0000 94 21 0.2234
1880.0000 94 22 0.2340
1890.0000 95 22 0.2316
1911.0000 96 22 0.2292
1929.0000 97 22 0.2268
1948.0000 98 22 0.2245
1965.0000 99 22 0.2222
1980.0000 100 22 0.2200
1989.9000 100 23 0.2300
2002.0000 101 23 0.2277
2024.0000 102 23 0.2255
2035.6000 102 24 0.2353
2041.0000 103 24 0.2330
2064.0000 104 24 0.2308
2080.0000 105 24 0.2286
2095.0000 106 24 0.2264
2115.7000 106 25 0.2358
2119.0000 107 25 0.2336
2139.0000 108 25 0.2315
2142.8000 108 26 0.2407
2161.0000 109 26 0.2385
2178.0000 110 26 0.2364
2199.0000 111 26 0.2342
2217.0000 111 27 0.2432
2222.0000 112 27 0.2411
2240.0000 113 27 0.2389
2259.0000 114 27 0.2368
2275.0000 115 27 0.2348
2295.0000 116 27 0.2328
2314.0000 117 27 0.2308
2327.7000 117 28 0.2393
2335.0000 118 28 0.2373
2354.0000 119 28 0.2353
2377.0000 120 28 0.2333
2396.0000 121 28 0.2314
2411.0000 122 28 0.2295
2412.0000 122 29 0.2377
2433.0000 123 29 0.2358
2452.0000 124 29 0.2339
2460.7000 124 30 0.2419
2464.9000 124 31 0.2500
2470.3000 124 32 0.2581
2474.0000 125 32 0.2560
2496.0000 126 32 0.2540
2511.0000 127 32 0.2520
2512.1000 127 33 0.2598
2526.0000 128 33 0.2578
2546.0000 129 33 0.2558
2555.1000 129 34 0.2636
2556.2000 129 35 0.2713
2563.0000 130 35 0.2692
2586.0000 131 35 0.2672
2601.0000 132 35 0.2652
2621.0000 133 35 0.2632
2641.0000 134 35 0.2612
2654.8000 134 36 0.2687
2662.0000 135 36 0.2667
2678.0000 136 36 0.2647
2689.6000 136 37 0.2721
2693.0000 137 37 0.2701
2716.0000 138 37 0.2681
2735.0000 139 37 0.2662
2741.3000 139 38 0.2734
2754.0000 140 38 0.2714
2771.0000 141 38 0.2695
2773.0000 141 39 0.2766
2788.0000 142 39 0.2746
2800.0000 142 40 0.2817
2807.0000 143 40 0.2797
2823.1000 143 41 0.2867
2826.1000 143 42 0.2937
2831.0000 144 42 0.2917
2839.0000 144 43 0.2986
2853.0000 145 43 0.2966
2868.0000 146 43 0.2945
2891.0000 147 43 0.2925
2899.2000 147 44 0.2993
2911.0000 148 44 0.2973
2926.0000 149 44 0.2953
2942.0000 150 44 0.2933
2954.4000 150 45 0.3000
2962.0000 151 45 0.2980
2979.0000 152 45 0.2961
3003.0000 153 45 0.2941
3024.0000 154 45 0.2922
3040.0000 155 45 0.2903
3064.0000 156 45 0.2885
3072.5000 156 46 0.2949
3084.5000 156 47 0.3013
3086.0000 157 47 0.2994
3110.0000 158 47 0.2975
3119.4000 158 48 0.3038
3129.0000 159 48 0.3019
3129.9000 159 49 0.3082
3147.0000 160 49 0.3063
3166.0000 161 49 0.3043
3190.0000 162 49 0.3025
3210.0000 163 49 0.3006
3225.0000 164 49 0.2988
3243.0000 165 49 0.2970
3260.0000 166 49 0.2952
3261.2000 166 50 0.3012
3272.8000 166 51 0.3072
3283.0000 167 51 0.3054
3305.0000 168 51 0.3036
3321.0000 169 51 0.3018
3329.5000 169 52 0.3077
3344.0000 170 52 0.3059
3362.8000 170 53 0.3118
3365.0000 171 53 0.3099
3378.6000 171 54 0.3158
3385.0000 172 54 0.3140
3408.0000 173 54 0.3121
3420.8000 173 55 0.3179
3423.8000 173 56 0.3237
3428.0000 174 56 0.3218
3447.8000 174 57 0.3276
3449.0000 175 57 0.3257
3472.0000 176 57 0.3239
3488.0000 177 57 0.3220
3511.0000 178 57 0.3202
3511.4000 178 58 0.3258
3530.6000 178 59 0.3315
3535.0000 179 59 0.3296
3552.0000 180 59 0.3278
3552.5000 180 60 0.3333
3570.0000 181 60 0.3315
3575.8000 181 61 0.3370
3589.0000 182 61 0.3352
3604.0000 183 61 0.3333
3619.0000 184 61 0.3315
3638.0000 185 61 0.3297
3653.0000 186 61 0.3280
3669.0000 187 61 0.3262
3689.0000 188 61 0.3245
3712.0000 189 61 0.3228
3730.0000 190 61 0.3211
3754.0000 191 61 0.3194
3771.0000 192 61 0.3177
3787.0000 193 61 0.3161
3809.0000 194 61 0.3144
3822.2000 194 62 0.3196
3832.0000 195 62 0.3179
3854.0000 196 62 0.3163
3873.0000 197 62 0.3147
3881.8000 197 63 0.3198
3895.0000 198 63 0.3182
3919.0000 199 63 0.3166
3938.0000 200 63 0.3150
3946.3000 200 64 0.3200
3946.9000 200 65 0.3250
3953.0000 200 66 0.3300
3955.0000 201 66 0.3284
3975.0000 202 66 0.3267
3996.0000 203 66 0.3251
4012.0000 204 66 0.3235
4031.0000 205 66 0.3220
4052.0000 206 66 0.3204
4054.9000 206 67 0.3252
4058.9000 206 68 0.3301
4059.9000 206 69 0.3350
4061.2000 206 70 0.3398
4070.0000 207 70 0.3382
4094.0000 208 70 0.3365
4115.0000 209 70 0.3349
4122.6000 209 71 0.3397
4134.0000 210 71 0.3381
4153.0000 211 71 0.3365
4171.0000 212 71 0.3349
4187.1000 212 72 0.3396
4194.0000 213 72 0.3380
4208.3000 213 73 0.3427
4214.0000 214 73 0.3411
4235.0000 215 73 0.3395
4244.9000 215 74 0.3442
4248.0000 215 75 0.3488
4251.0000 216 75 0.3472
4268.6000 216 76 0.3519
4272.0000 217 76 0.3502
4287.3000 217 77 0.3548
4288.3000 217 78 0.3594
4290.0000 218 78 0.3578
4308.6000 218 79 0.3624
4314.0000 219 79 0.3607
4338.0000 220 79 0.3591
4360.0000 221 79 0.3575
4365.3000 221 80 0.3620
4381.0000 222 80 0.3604
4400.0000 223 80 0.3587
4406.0000 223 81 0.3632
4419.0000 224 81 0.3616
4419.1000 224 82 0.3661
4434.0000 225 82 0.3644
4451.0000 225 83 0.3689
4452.4000 225 84 0.3733
4458.0000 226 84 0.3717
4463.0000 226 85 0.3761
4476.0000 227 85 0.3744
4497.0000 228 85 0.3728
4515.0000 229 85 0.3712
4537.0000 230 85 0.3696
4556.0000 231 85 0.3680
4578.4000 231 86 0.3723
4580.0000 232 86 0.3707
4597.0000 233 86 0.3691
4614.0000 234 86 0.3675
4634.0000 235 86 0.3660
4655.0000 236 86 0.3644
4665.1000 236 87 0.3686
4672.0000 237 87 0.3671
4689.0000 238 87 0.3655
4699.4000 238 88 0.3697
4706.0000 239 88 0.3682
4729.0000 240 88 0.3667
4747.0000 241 88 0.3651
4747.5000 241 89 0.3693
4762.0000 242 89 0.3678
4783.0000 243 89 0.3663
4807.0000 244 89 0.3648
4812.5000 244 90 0.3689
4824.0000 245 90 0.3673
4848.0000 246 90 0.3659
4853.3000 246 91 0.3699
4867.0000 247 91 0.3684
4886.0000 248 91 0.3669
4909.0000 249 91 0.3655
4914.4000 249 92 0.3695
4928.0000 250 92 0.3680
4932.1000 250 93 0.3720
4951.0000 251 93 0.3705
4966.0000 252 93 0.3690
4972.7000 252 94 0.3730
4976.0000 252 95 0.3770
4986.0000 253 95 0.3755
5010.0000 254 95 0.3740
5033.0000 255 95 0.3725
5048.0000 256 95 0.3711
5062.2000 256 96 0.3750
5072.0000 257 96 0.3735
5076.2000 257 97 0.3774
5089.0000 258 97 0.3760
5092.8000 258 98 0.3798
5103.9000 258 99 0.3837
5112.0000 259 99 0.3822
5131.0000 260 99 0.3808
5143.9000 260 100 0.3846
5151.0000 261 100 0.3831
5175.0000 262 100 0.3817
5194.0000 263 100 0.3802
5212.5000 263 101 0.3840
5215.0000 264 101 0.3826
5237.0000 265 101 0.3811
5238.4000 265 102 0.3849
5254.0000 266 102 0.3835
5263.5000 266 103 0.3872
5269.0000 267 103 0.3858
5291.0000 268 103 0.3843
5307.0000 269 103 0.3829
5322.4000 269 104 0.3866
5324.0000 270 104 0.3852
5339.0000 271 104 0.3838
5355.3000 271 105 0.3875
5356.0000 272 105 0.3860
5371.0000 273 105 0.3846
5387.0000 274 105 0.3832
5409.3000 274 106 0.3869
5410.0000 275 106 0.3855
5426.0000 276 106 0.3841
5447.0000 277 106 0.3827
5470.0000 278 106 0.3813
5490.0000 279 106 0.3799
5504.6000 279 107 0.3835
5507.0000 280 107 0.3821
5516.1000 280 108 0.3857
5528.0000 281 108 0.3843
5546.0000 282 108 0.3830
5564.0000 283 108 0.3816
5566.2000 283 109 0.3852
5568.1000 283 110 0.3887
5584.0000 284 110 0.3873
5607.0000 285 110 0.3860
5625.0000 286 110 0.3846
5643.0000 287 110 0.3833
5665.0000 288 110 0.3819
5685.0000 289 110 0.3806
5704.0000 290 110 0.3793
5724.0000 291 110 0.3780
5740.5000 291 111 0.3814
5745.0000 292 111 0.3801
5745.2000 292 112 0.3836
5760.0000 293 112 0.3823
5779.4000 293 113 0.3857
5784.0000 294 113 0.3844
5805.0000 295 113 0.3831
5822.0000 296 113 0.3818
5841.0000 297 113 0.3805
5859.0000 298 113 0.3792
5863.6000 298 114 0.3826
5874.0000 299 114 0.3813
5893.0000 300 114 0.3800
5897.7000 300 115 0.3833
5914.0000 301 115 0.3821
5914.2000 301 116 0.3854
5916.2000 301 117 0.3887
5918.2000 301 118 0.3920
5932.0000 302 118 0.3907
5953.0000 303 118 0.3894
5971.0000 304 118 0.3882
5986.0000 305 118 0.3869
5996.8000 305 119 0.3902
6003.8000 305 120 0.3934
6008.0000 306 120 0.3922
6010.7000 306 121 0.3954
6024.0000 307 121 0.3941
6029.0000 307 122 0.3974
6041.0000 308 122 0.3961
6044.6000 308 123 0.3994
6063.0000 309 123 0.3981
6074.6000 309 124 0.4013
6087.0000 310 124 0.4000
6105.0000 311 124 0.3987
6114.3000 311 125 0.4019
6124.0000 312 125 0.4006
6126.7000 312 126 0.4038
6131.3000 312 127 0.4071
6134.1000 312 128 0.4103
6145.0000 313 128 0.4089
6152.6000 313 129 0.4121
6166.0000 314 129 0.4108
6177.5000 314 130 0.4140
6182.0000 315 130 0.4127
6201.0000 316 130 0.4114
6216.0000 317 130 0.4101
6216.8000 317 131 0.4132
6231.0000 318 131 0.4119
6245.2000 318 132 0.4151
6248.0000 319 132 0.4138
6261.7000 319 133 0.4169
6267.0000 320 133 0.4156
6289.0000 321 133 0.4143
6308.0000 322 133 0.4130
6332.0000 323 133 0.4118
6338.7000 323 134 0.4149
6355.0000 324 134 0.4136
6372.0000 325 134 0.4123
6374.6000 325 135 0.4154
6393.0000 326 135 0.4141
6403.3000 326 136 0.4172
6417.0000 327 136 0.4159
6424.2000 327 137 0.4190
6425.4000 327 138 0.4220
6441.0000 328 138 0.4207
6465.0000 329 138 0.4195
6467.3000 329 139 0.4225
6486.0000 330 139 0.4212
6502.0000 331 139 0.4199
6518.0000 332 139 0.4187
6536.0000 333 139 0.4174
6548.1000 333 140 0.4204
6553.0000 333 141 0.4234
6554.6000 333 142 0.4264
6555.0000 334 142 0.4251
6572.0000 335 142 0.4239
6591.0000 336 142 0.4226
6608.0000 337 142 0.4214
6631.0000 338 142 0.4201
6646.0000 339 142 0.4189
6665.0000 340 142 0.4176
6671.2000 340 143 0.4206
6684.0000 341 143 0.4194
6687.9000 341 144 0.4223
6696.4000 341 145 0.4252
6698.3000 341 146 0.4282
6708.0000 342 146 0.4269
6715.0000 342 147 0.4298
6725.0000 343 147 0.4286
6733.4000 343 148 0.4315
6745.0000 344 148 0.4302
6760.0000 345 148 0.4290
6770.7000 345 149 0.4319
6781.0000 346 149 0.4306
6793.2000 346 150 0.4335
6800.0000 347 150 0.4323
6816.0000 348 150 0.4310
6827.4000 348 151 0.4339
6839.0000 349 151 0.4327
6854.0000 350 151 0.4314
6860.4000 350 152 0.4343
6872.6000 350 153 0.4371
6874.0000 351 153 0.4359
6889.0000 352 153 0.4347
6893.6000 352 154 0.4375
6900.1000 352 155 0.4403
6909.0000 353 155 0.4391
6920.9000 353 156 0.4419
6923.9000 353 157 0.4448
6930.0000 354 157 0.4435
6951.0000 355 157 0.4423
6971.0000 356 157 0.4410
6978.5000 356 158 0.4438
6995.0000 357 158 0.4426
7010.0000 358 158 0.4413
7020.3000 358 159 0.4441
7022.0000 358 160 0.4469
7023.6000 358 161 0.4497
7029.0000 359 161 0.4485
7048.0000 360 161 0.4472
7071.0000 361 161 0.4460
7091.8000 361 162 0.4488
7093.0000 362 162 0.4475
7104.9000 362 163 0.4503
7108.0000 363 163 0.4490
7109.9000 363 164 0.4518
7113.0000 363 165 0.4545
7113.2000 363 166 0.4573
7121.8000 363 167 0.4601
7130.0000 364 167 0.4588
7147.0000 365 167 0.4575
7163.0000 366 167 0.4563
7176.4000 366 168 0.4590
7180.0000 367 168 0.4578
7197.0000 368 168 0.4565
7221.0000 369 168 0.4553
7240.0000 370 168 0.4541
7255.0000 371 168 0.4528
7272.0000 372 168 0.4516
7296.0000 373 168 0.4504
7319.0000 374 168 0.4492
7333.2000 374 169 0.4519
7335.0000 375 169 0.4507
7352.1000 375 170 0.4533
7358.0000 376 170 0.4521
7367.4000 376 171 0.4548
7378.0000 377 171 0.4536
7394.0000 378 171 0.4524
7406.7000 378 172 0.4550
7411.0000 379 172 0.4538
7435.0000 380 172 0.4526
7436.5000 380 173 0.4553
7459.0000 381 173 0.4541
7480.0000 382 173 0.4529
7481.3000 382 174 0.4555
7493.2000 382 175 0.4581
7498.0000 383 175 0.4569
7514.0000 384 175 0.4557
7532.5000 384 176 0.4583
7533.9000 384 177 0.4609
7536.0000 385 177 0.4597
7559.0000 386 177 0.4585
7574.0000 387 177 0.4574
7589.6000 387 178 0.4599
7595.0000 388 178 0.4588
7613.0000 389 178 0.4576
7632.0000 390 178 0.4564
7650.0000 390 179 0.4590
7656.0000 391 179 0.4578
7673.0000 392 179 0.4566
7678.6000 392 180 0.4592
7696.0000 393 180 0.4580
7710.0000 393 181 0.4606
7713.0000 394 181 0.4594
7730.0000 395 181 0.4582
7745.0000 396 181 0.4571
7762.0000 397 181 0.4559
7784.0000 398 181 0.4548
7804.0000 399 181 0.4536
7822.0000 400 181 0.4525
7823.7000 400 182 0.4550
7840.0000 401 182 0.4539
7858.0000 402 182 0.4527
7874.0000 403 182 0.4516
7878.2000 403 183 0.4541
7879.0000 403 184 0.4566
7883.6000 403 185 0.4591
7895.0000 404 185 0.4579
7914.0000 405 185 0.4568
7931.0000 406 185 0.4557
7948.0000 407 185 0.4545
7960.8000 407 186 0.4570
7972.0000 408 186 0.4559
7987.0000 409 186 0.4548
7992.4000 409 187 0.4572
8002.0000 410 187 0.4561
8005.1000 410 188 0.4585
8024.0000 411 188 0.4574
8040.0000 412 188 0.4563
8041.7000 412 189 0.4587
8059.0000 413 189 0.4576
8082.0000 414 189 0.4565
8085.4000 414 190 0.4589
8099.0000 415 190 0.4578
8116.0000 416 190 0.4567
8137.0000 417 190 0.4556
8158.0000 418 190 0.4545
8173.0000 419 190 0.4535
8190.0000 420 190 0.4524
8204.4000 420 191 0.4548
8205.0000 421 191 0.4537
8205.7000 421 192 0.4561
8227.0000 422 192 0.4550
8230.2000 422 193 0.4573
8235.3000 422 194 0.4597
8237.1000 422 195 0.4621
8251.0000 423 195 0.4610
8270.0000 423 196 0.4634
8275.0000 424 196 0.4623
8297.0000 425 196 0.4612
8312.3000 425 197 0.4635
8317.0000 426 197 0.4624
8336.0000 427 197 0.4614
8359.0000 428 197 0.4603
8375.0000 429 197 0.4592
8396.0000 430 197 0.4581
8399.8000 430 198 0.4605
8414.0000 431 198 0.4594
8427.1000 431 199 0.4617
8429.8000 431 200 0.4640
8437.0000 432 200 0.4630
8438.1000 432 201 0.4653
8445.8000 432 202 0.4676
8453.0000 433 202 0.4665
8468.0000 434 202 0.4654
8492.0000 435 202 0.4644
8507.9000 435 203 0.4667
8510.0000 436 203 0.4656
8525.0000 437 203 0.4645
8528.2000 437 204 0.4668
8544.0000 438 204 0.4658
8548.0000 438 205 0.4680
8566.0000 439 205 0.4670
8569.2000 439 206 0.4692
8578.2000 439 207 0.4715
8586.0000 440 207 0.4705
8609.0000 441 207 0.4694
8625.0000 442 207 0.4683
8641.8000 442 208 0.4706
8643.7000 442 209 0.4729
8644.0000 443 209 0.4718
8663.0000 444 209 0.4707
8681.0000 445 209 0.4697
8697.0000 446 209 0.4686
8704.9000 446 210 0.4709
8711.9000 446 211 0.4731
8719.0000 447 211 0.4720
8743.0000 448 211 0.4710
8767.0000 449 211 0.4699
8784.0000 450 211 0.4689
8793.1000 450 212 0.4711
8800.0000 451 212 0.4701
8806.3000 451 213 0.4723
8823.0000 452 213 0.4712
8824.9000 452 214 0.4735
8839.0000 453 214 0.4724
8854.0000 454 214 0.4714
8862.7000 454 215 0.4736
8869.0000 455 215 0.4725
8888.6000 455 216 0.4747
8892.0000 456 216 0.4737
8911.0000 457 216 0.4726
8929.0000 458 216 0.4716
8944.0000 459 216 0.4706
8955.3000 459 217 0.4728
8961.0000 460 217 0.4717
8979.0000 461 217 0.4707
8997.0000 462 217 0.4697
9007.8000 462 218 0.4719
9011.3000 462 219 0.4740
9013.0000 463 219 0.4730
9035.0000 464 219 0.4720
9047.4000 464 220 0.4741
9058.0000 465 220 0.4731
9067.6000 465 221 0.4753
9069.5000 465 222 0.4774
9073.0000 466 222 0.4764
9093.5000 466 223 0.4785
9095.0000 467 223 0.4775
9119.0000 468 223 0.4765
9143.0000 469 223 0.4755
9162.0000 470 223 0.4745
9186.0000 471 223 0.4735
9196.5000 471 224 0.4756
9209.0000 472 224 0.4746
9224.0000 473 224 0.4736
9245.0000 474 224 0.4726
9264.0000 475 224 0.4716
9281.2000 475 225 0.4737
9288.0000 476 225 0.4727
9306.5000 476 226 0.4748
9308.7000 476 227 0.4769
9310.0000 477 227 0.4759
9315.0000 477 228 0.4780
9321.1000 477 229 0.4801
9326.0000 478 229 0.4791
9341.0000 479 229 0.4781
9365.0000 480 229 0.4771
9378.3000 480 230 0.4792
9387.0000 481 230 0.4782
9403.0000 482 230 0.4772
9426.0000 483 230 0.4762
9444.0000 484 230 0.4752
9468.0000 485 230 0.4742
9485.0000 486 230 0.4733
9503.0000 487 230 0.4723
9511.6000 487 231 0.4743
9514.9000 487 232 0.4764
9527.0000 488 232 0.4754
9550.0000 489 232 0.4744
9573.0000 490 232 0.4735
9591.0000 491 232 0.4725
9614.0000 492 232 0.4715
9614.9000 492 233 0.4736
9615.4000 492 234 0.4756
9632.0000 493 234 0.4746
9635.2000 493 235 0.4767
9653.0000 494 235 0.4757
9667.1000 494 236 0.4777
9673.6000 494 237 0.4798
9676.0000 495 237 0.4788
9676.0000 495 238 0.4808
9693.0000 496 238 0.4798
9715.0000 497 238 0.4789
9736.0000 498 238 0.4779
9750.0000 498 239 0.4799
9752.0000 499 239 0.4790
9754.1000 499 240 0.4810
9776.0000 500 240 0.4800
9793.6000 500 241 0.4820
9799.0000 501 241 0.4810
9804.7000 501 242 0.4830
9821.0000 502 242 0.4821
9837.0000 503 242 0.4811
9861.0000 504 242 0.4802
9879.0000 505 242 0.4792
9894.0000 506 242 0.4783
9909.0000 507 242 0.4773
9927.0000 508 242 0.4764
9946.0000 509 242 0.4754
9946.2000 509 243 0.4774
9952.0000 509 244 0.4794
9969.0000 510 244 0.4784
9988.0000 511 244 0.4775
10007.0000 512 244 0.4766
10024.0000 513 244 0.4756
10043.8000 513 245 0.4776
10044.0000 514 245 0.4767
10067.0000 515 245 0.4757
10080.5000 515 246 0.4777
10087.0000 516 246 0.4767
10108.8000 516 247 0.4787
10111.0000 517 247 0.4778
10112.4000 517 248 0.4797
10132.0000 518 248 0.4788
10154.0000 519 248 0.4778
10177.0000 520 248 0.4769
10194.0000 521 248 0.4760
10216.0000 522 248 0.4751
10233.6000 522 249 0.4770
10235.0000 523 249 0.4761
10257.0000 524 249 0.4752
10272.5000 524 250 0.4771
10281.0000 525 250 0.4762
10300.0000 526 250 0.4753
10320.0000 527 250 0.4744
10329.4000 527 251 0.4763
10343.0000 528 251 0.4754
10343.4000 528 252 0.4773
10366.0000 529 252 0.4764
10382.0000 530 252 0.4755
10398.1000 530 253 0.4774
10402.0000 531 253 0.4765
10423.0000 532 253 0.4756
10441.0000 533 253 0.4747
10442.5000 533 254 0.4765
10461.0000 534 254 0.4757
10480.0000 535 254 0.4748
10496.9000 535 255 0.4766
10497.0000 536 255 0.4757
10518.0000 537 255 0.4749
10536.0000 537 256 0.4767
10537.0000 538 256 0.4758
10555.0000 539 256 0.4750
10571.0000 540 256 0.4741
10591.0000 541 256 0.4732
10614.6000 541 257 0.4750
10615.0000 542 257 0.4742
10615.8000 542 258 0.4760
10637.0000 543 258 0.4751
10645.7000 543 259 0.4770
10657.0000 544 259 0.4761
10681.0000 545 259 0.4752
10703.0000 546 259 0.4744
10726.0000 547 259 0.4735
10748.0000 548 259 0.4726
10768.0000 549 259 0.4718
10781.7000 549 260 0.4736
10788.0000 550 260 0.4727
10795.1000 550 261 0.4745
10808.0000 551 261 0.4737
10823.0000 552 261 0.4728
10842.0000 553 261 0.4720
10866.0000 554 261 0.4711
10876.2000 554 262 0.4729
10885.0000 555 262 0.4721
10887.3000 555 263 0.4739
10907.0000 556 263 0.4730
10919.1000 556 264 0.4748
10925.0000 557 264 0.4740
10942.0000 558 264 0.4731
10966.0000 559 264 0.4723
10983.0000 560 264 0.4714
11006.0000 561 264 0.4706
11019.7000 561 265 0.4724
11021.3000 561 266 0.4742
11023.0000 562 266 0.4733
11043.2000 562 267 0.4751
11046.0000 563 267 0.4742
11068.0000 564 267 0.4734
11084.0000 565 267 0.4726
11102.0000 566 267 0.4717
11120.0000 567 267 0.4709
11143.0000 568 267 0.4701
11166.0000 569 267 0.4692
11178.5000 569 268 0.4710
11182.0000 570 268 0.4702
11197.9000 570 269 0.4719
11201.0000 571 269 0.4711
11206.2000 571 270 0.4729
11218.0000 572 270 0.4720
11238.0000 573 270 0.4712
11250.8000 573 271 0.4729
11252.6000 573 272 0.4747
11260.0000 574 272 0.4739
11265.7000 574 273 0.4756
11280.0000 575 273 0.4748
11298.0000 576 273 0.4740
11307.1000 576 274 0.4757
11308.0000 576 275 0.4774
11311.9000 576 276 0.4792
11319.0000 577 276 0.4783
11343.0000 578 276 0.4775
11350.9000 578 277 0.4792
11363.0000 579 277 0.4784
11381.0000 580 277 0.4776
11405.0000 581 277 0.4768
11424.0000 582 277 0.4759
11432.3000 582 278 0.4777
11443.0000 583 278 0.4768
11450.2000 583 279 0.4786
11460.4000 583 280 0.4803
11463.6000 583 281 0.4820
11467.0000 584 281 0.4812
11491.0000 585 281 0.4803
11511.0000 586 281 0.4795
11529.0000 587 281 0.4787
11540.0000 587 282 0.4804
11547.0000 588 282 0.4796
11566.0000 589 282 0.4788
11586.0000 590 282 0.4780
11610.0000 591 282 0.4772
11611.3000 591 283 0.4788
11619.8000 591 284 0.4805
11626.0000 592 284 0.4797
11634.5000 592 285 0.4814
11640.2000 592 286 0.4831
11644.2000 592 287 0.4848
11650.0000 593 287 0.4840
11665.0000 594 287 0.4832
11680.0000 595 287 0.4824
11686.0000 595 288 0.4840
11696.0000 596 288 0.4832
11700.3000 596 289 0.4849
11711.0000 597 289 0.4841
11731.0000 598 289 0.4833
11755.0000 599 289 0.4825
11771.0000 600 289 0.4817
11790.0000 601 289 0.4809
11805.5000 601 290 0.4825
11809.0000 602 290 0.4817
11809.2000 602 291 0.4834
11809.6000 602 292 0.4850
11827.0000 603 292 0.4842
11851.0000 604 292 0.4834
11867.0000 605 292 0.4826
11871.7000 605 293 0.4843
11877.9000 605 294 0.4860
11885.0000 606 294 0.4851
11907.0000 607 294 0.4843
11929.0000 608 294 0.4836
11940.3000 608 295 0.4852
11948.0000 609 295 0.4844
11971.0000 610 295 0.4836
11995.0000 611 295 0.4828
12005.8000 611 296 0.4845
12012.0000 612 296 0.4837
12033.0000 613 296 0.4829
12048.0000 614 296 0.4821
12070.0000 615 296 0.4813
12072.8000 615 297 0.4829
12088.0000 616 297 0.4821
12104.0000 617 297 0.4814
12124.0000 618 297 0.4806
12145.0000 619 297 0.4798
12153.5000 619 298 0.4814
12165.0000 620 298 0.4806
12189.0000 621 298 0.4799
12209.0000 622 298 0.4791
12210.0000 622 299 0.4807
12218.2000 622 300 0.4823
12226.0000 623 300 0.4815
12249.0000 624 300 0.4808
12270.0000 625 300 0.4800
12287.0000 626 300 0.4792
12295.3000 626 301 0.4808
12304.8000 626 302 0.4824
12305.0000 627 302 0.4817
12306.9000 627 303 0.4833
12309.2000 627 304 0.4848
12309.7000 627 305 0.4864
12323.0000 628 305 0.4857
12329.4000 628 306 0.4873
12339.0000 629 306 0.4865
12358.0000 630 306 0.4857
12375.5000 630 307 0.4873
12377.0000 631 307 0.4865
12399.0000 632 307 0.4858
12418.6000 632 308 0.4873
12421.0000 633 308 0.4866
12435.4000 633 309 0.4882
12437.3000 633 310 0.4897
12444.0000 634 310 0.4890
12463.0000 635 310 0.4882
12479.0000 636 310 0.4874
12497.0000 637 310 0.4867
12518.0000 638 310 0.4859
12538.0000 639 310 0.4851
12556.0000 640 310 0.4844
12558.8000 640 311 0.4859
12575.0000 641 311 0.4852
12596.0000 642 311 0.4844
12606.8000 642 312 0.4860
12611.0000 643 312 0.4852
12635.0000 644 312 0.4845
12655.0000 645 312 0.4837
12669.4000 645 313 0.4853
12672.0000 646 313 0.4845
12689.5000 646 314 0.4861
12691.0000 647 314 0.4853
12713.0000 648 314 0.4846
12726.0000 648 315 0.4861
12727.4000 648 316 0.4877
12737.0000 649 316 0.4869
12761.0000 650 316 0.4862
12767.7000 650 317 0.4877
12781.0000 651 317 0.4869
12798.0000 652 317 0.4862
12818.0000 653 317 0.4855
12830.7000 653 318 0.4870
12836.4000 653 319 0.4885
12839.0000 654 319 0.4878
12863.0000 655 319 0.4870
12884.0000 656 319 0.4863
12901.0000 657 319 0.4855
12919.0000 658 319 0.4848
12936.0000 659 319 0.4841
12954.0000 660 319 0.4833
12971.0000 661 319 0.4826
12986.0000 662 319 0.4819
12996.0000 662 320 0.4834
13009.0000 663 320 0.4827
13029.0000 664 320 0.4819
13048.0000 665 320 0.4812
13069.0000 666 320 0.4805
13073.5000 666 321 0.4820
13080.5000 666 322 0.4835
13090.0000 667 322 0.4828
13112.0000 668 322 0.4820
13135.0000 669 322 0.4813
13146.6000 669 323 0.4828
13157.0000 670 323 0.4821
13175.0000 671 323 0.4814
13198.0000 672 323 0.4807
13222.0000 673 323 0.4799
13234.6000 673 324 0.4814
13237.0000 674 324 0.4807
13261.0000 675 324 0.4800
13279.0000 676 324 0.4793
13303.0000 677 324 0.4786
13309.8000 677 325 0.4801
13327.0000 678 325 0.4794
13344.0000 679 325 0.4786
13367.0000 680 325 0.4779
13385.0000 681 325 0.4772
13400.0000 682 325 0.4765
13422.0000 683 325 0.4758
13431.5000 683 326 0.4773
13439.0000 684 326 0.4766
13456.0000 684 327 0.4781
13463.0000 685 327 0.4774
13485.0000 686 327 0.4767
13501.0000 687 327 0.4760
13522.0000 688 327 0.4753
13543.0000 689 327 0.4746
13558.0000 690 327 0.4739
13563.5000 690 328 0.4754
13578.0000 691 328 0.4747
13597.0000 692 328 0.4740
13601.2000 692 329 0.4754
13605.2000 692 330 0.4769
13612.0000 693 330 0.4762
13622.2000 693 331 0.4776
13622.5000 693 332 0.4791
13633.0000 694 332 0.4784
13654.0000 695 332 0.4777
13674.0000 696 332 0.4770
13689.0000 697 332 0.4763
13713.0000 698 332 0.4756
13723.2000 698 333 0.4771
13733.0000 699 333 0.4764
13750.0000 700 333 0.4757
13770.6000 700 334 0.4771
13771.0000 701 334 0.4765
13787.0000 702 334 0.4758
13808.0000 703 334 0.4751
13831.0000 704 334 0.4744
13853.0000 705 334 0.4738
13874.0000 706 334 0.4731
13876.3000 706 335 0.4745
13894.0000 707 335 0.4738
13915.0000 708 335 0.4732
13937.0000 709 335 0.4725
13952.0000 710 335 0.4718
13955.1000 710 336 0.4732
13955.8000 710 337 0.4746
13976.0000 711 337 0.4740
13994.0000 712 337 0.4733
14011.0000 713 337 0.4727
14032.0000 714 337 0.4720
14056.0000 715 337 0.4713
14072.2000 715 338 0.4727
14077.0000 716 338 0.4721
14092.0000 717 338 0.4714
14107.0000 718 338 0.4708
14108.3000 718 339 0.4721
14123.0000 719 339 0.4715
14147.0000 720 339 0.4708
14166.4000 720 340 0.4722
14167.0000 721 340 0.4716
14186.0000 722 340 0.4709
14204.0000 723 340 0.4703
14225.0000 724 340 0.4696
14245.0000 725 340 0.4690
14264.1000 725 341 0.4703
14267.0000 726 341 0.4697
14276.1000 726 342 0.4711
14286.0000 727 342 0.4704
14304.0000 728 342 0.4698
14323.0000 729 342 0.4691
14329.2000 729 343 0.4705
14343.0000 730 343 0.4699
14358.9000 730 344 0.4712
14363.0000 731 344 0.4706
14385.0000 732 344 0.4699
14404.0000 733 344 0.4693
14420.0000 734 344 0.4687
14421.5000 734 345 0.4700
14423.3000 734 346 0.4714
14441.0000 735 346 0.4707
14456.0000 736 346 0.4701
14466.4000 736 347 0.4715
14475.0000 737 347 0.4708
14499.0000 738 347 0.4702
14523.0000 739 347 0.4696
14544.0000 740 347 0.4689
14547.2000 740 348 0.4703
14568.0000 741 348 0.4696
14588.0000 742 348 0.4690
14603.0000 743 348 0.4684
14618.0000 744 348 0.4677
14629.4000 744 349 0.4691
14638.0000 744 350 0.4704
14639.0000 745 350 0.4698
14655.0000 746 350 0.4692
14676.0000 747 350 0.4685
14696.0000 748 350 0.4679
14718.0000 749 350 0.4673
14723.2000 749 351 0.4686
14733.2000 749 352 0.4700
14736.0000 750 352 0.4693
14746.0000 750 353 0.4707
14747.5000 750 354 0.4720
14756.0000 751 354 0.4714
14773.0000 752 354 0.4707
14777.2000 752 355 0.4721
14790.0000 753 355 0.4714
14798.6000 753 356 0.4728
14809.0000 754 356 0.4721
14817.5000 754 357 0.4735
14831.0000 755 357 0.4728
14848.0000 756 357 0.4722
14867.0000 757 357 0.4716
14889.0000 758 357 0.4710
14905.0000 759 357 0.4704
14927.0000 760 357 0.4697
14942.0000 761 357 0.4691
14961.0000 762 357 0.4685
14975.8000 762 358 0.4698
14978.2000 762 359 0.4711
14984.0000 763 359 0.4705
14999.0000 764 359 0.4699
15021.0000 765 359 0.4693
15028.4000 765 360 0.4706
15041.0000 766 360 0.4700
15051.5000 766 361 0.4713
15058.0000 767 361 0.4707
15063.9000 767 362 0.4720
15074.0000 768 362 0.4714
15093.0000 769 362 0.4707
15101.5000 769 363 0.4720
15114.0000 770 363 0.4714
15132.0000 771 363 0.4708
15149.0000 772 363 0.4702
15156.3000 772 364 0.4715
15172.0000 773 364 0.4709
15182.2000 773 365 0.4722
15184.0000 773 366 0.4735
15190.0000 774 366 0.4729
15212.0000 775 366 0.4723
15235.0000 776 366 0.4716
15256.0000 777 366 0.4710
15280.0000 778 366 0.4704
15288.2000 778 367 0.4717
15297.0000 779 367 0.4711
15318.0000 780 367 0.4705
15336.0000 781 367 0.4699
15360.0000 782 367 0.4693
15381.0000 783 367 0.4687
15389.7000 783 368 0.4700
15399.0000 784 368 0.4694
15419.0000 785 368 0.4688
15439.2000 785 369 0.4701
15441.0000 786 369 0.4695
15459.3000 786 370 0.4707
15465.0000 787 370 0.4701
15482.0000 788 370 0.4695
15504.0000 789 370 0.4689
15526.0000 790 370 0.4684
15538.0000 790 371 0.4696
15547.0000 791 371 0.4690
15548.0000 791 372 0.4703
15569.0000 792 372 0.4697
15591.0000 793 372 0.4691
15615.0000 794 372 0.4685
15632.0000 795 372 0.4679
15632.5000 795 373 0.4692
15651.0000 796 373 0.4686
15666.0000 797 373 0.4680
15684.0000 798 373 0.4674
15708.0000 799 373 0.4668
15724.0000 800 373 0.4663
15744.5000 800 374 0.4675
15746.0000 801 374 0.4669
15764.0000 802 374 0.4663
15773.8000 802 375 0.4676
15780.2000 802 376 0.4688
15782.0000 803 376 0.4682
15793.3000 803 377 0.4695
15799.0000 804 377 0.4689
15815.0000 805 377 0.4683
15829.9000 805 378 0.4696
15838.0000 806 378 0.4690
15854.0000 807 378 0.4684
15872.1000 807 379 0.4696
15873.0000 808 379 0.4691
15891.0000 808 380 0.4703
15894.0000 809 380 0.4697
15909.0000 810 380 0.4691
15927.0000 811 380 0.4686
15948.0000 812 380 0.4680
15953.6000 812 381 0.4692
15955.9000 812 382 0.4704
15967.0000 813 382 0.4699
15990.0000 814 382 0.4693
16004.6000 814 383 0.4705
16005.5000 814 384 0.4717
16010.0000 815 384 0.4712
16027.0000 816 384 0.4706
16042.0000 817 384 0.4700
16061.0000 818 384 0.4694
16080.0000 819 384 0.4689
16104.0000 820 384 0.4683
16124.0000 821 384 0.4677
16126.8000 821 385 0.4689
16139.0000 822 385 0.4684
16155.0000 823 385 0.4678
16160.3000 823 386 0.4690
16166.6000 823 387 0.4702
16175.0000 824 387 0.4697
16196.0000 825 387 0.4691
16199.9000 825 388 0.4703
16204.4000 825 389 0.4715
16212.0000 826 389 0.4709
16220.0000 826 390 0.4722
16230.0000 827 390 0.4716
16245.0000 828 390 0.4710
16261.0000 829 390 0.4704
16273.8000 829 391 0.4717
16281.0000 830 391 0.4711
16301.0000 831 391 0.4705
16318.2000 831 392 0.4717
16322.0000 832 392 0.4712
16338.0000 833 392 0.4706
16357.0000 834 392 0.4700
16380.0000 835 392 0.4695
16391.1000 835 393 0.4707
16399.0000 836 393 0.4701
16412.3000 836 394 0.4713
16416.0000 837 394 0.4707
16433.0000 838 394 0.4702
16455.0000 839 394 0.4696
16479.0000 840 394 0.4690
16503.0000 841 394 0.4685
16520.1000 841 395 0.4697
16526.0000 842 395 0.4691
16547.0000 843 395 0.4686
16568.0000 844 395 0.4680
16588.9000 844 396 0.4692
16589.0000 845 396 0.4686
16605.1000 845 397 0.4698
16610.0000 846 397 0.4693
16627.8000 846 398 0.4704
16628.0000 847 398 0.4699
16629.7000 847 399 0.4711
16637.8000 847 400 0.4723
16639.0000 847 401 0.4734
16646.0000 848 401 0.4729
16662.0000 849 401 0.4723
16682.0000 850 401 0.4718
16699.0000 851 401 0.4712
16721.7000 851 402 0.4724
16723.0000 852 402 0.4718
16723.9000 852 403 0.4730
16745.0000 853 403 0.4725
16760.0000 854 403 0.4719
16771.2000 854 404 0.4731
16783.0000 855 404 0.4725
16800.0000 856 404 0.4720
16805.4000 856 405 0.4731
16818.0000 857 405 0.4726
16830.2000 857 406 0.4737
16835.0000 858 406 0.4732
16852.1000 858 407 0.4744
16858.0000 859 407 0.4738
16863.2000 859 408 0.4750
16870.0000 859 409 0.4761
16881.0000 860 409 0.4756
16901.0000 861 409 0.4750
16917.0000 862 409 0.4745
16935.0000 863 409 0.4739
16959.0000 864 409 0.4734
16979.0000 864 410 0.4745
16980.0000 865 410 0.4740
16987.7000 865 411 0.4751
16997.0000 866 411 0.4746
17020.9000 866 412 0.4758
17021.0000 867 412 0.4752
17036.9000 867 413 0.4764
17038.5000 867 414 0.4775
17040.0000 868 414 0.4770
17063.0000 869 414 0.4764
17075.7000 869 415 0.4776
17076.6000 869 416 0.4787
17082.0000 870 416 0.4782
17092.1000 870 417 0.4793
17105.0000 871 417 0.4788
17126.0000 872 417 0.4782
17143.0000 873 417 0.4777
17152.7000 873 418 0.4788
17162.0000 874 418 0.4783
17181.0000 875 418 0.4777
17202.0000 876 418 0.4772
17207.9000 876 419 0.4783
17225.0000 877 419 0.4778
17230.2000 877 420 0.4789
17240.0000 878 420 0.4784
17259.0000 879 420 0.4778
17278.0000 880 420 0.4773
17299.0000 881 420 0.4767
17313.3000 881 421 0.4779
17318.0000 882 421 0.4773
17336.0000 883 421 0.4768
17353.0000 884 421 0.4762
17357.6000 884 422 0.4774
17370.0000 885 422 0.4768
17371.3000 885 423 0.4780
17393.0000 885 424 0.4791
17394.0000 886 424 0.4786
17396.4000 886 425 0.4797
17416.0000 887 425 0.4791
17439.0000 888 425 0.4786
17454.0000 889 425 0.4781
17469.2000 889 426 0.4792
17477.0000 890 426 0.4787
17497.0000 891 426 0.4781
17515.0000 892 426 0.4776
17535.0000 893 426 0.4770
17550.9000 893 427 0.4782
17557.4000 893 428 0.4793
17558.0000 894 428 0.4787
17574.0000 895 428 0.4782
17598.0000 896 428 0.4777
17619.0000 897 428 0.4771
17639.0000 898 428 0.4766
17653.9000 898 429 0.4777
17654.0000 899 429 0.4772
17672.0000 900 429 0.4767
17690.0000 901 429 0.4761
17710.0000 902 429 0.4756
17734.0000 903 429 0.4751
17751.0000 904 429 0.4746
17756.8000 904 430 0.4757
17773.8000 904 431 0.4768
17774.0000 905 431 0.4762
17777.2000 905 432 0.4773
17793.0000 906 432 0.4768
17808.0000 907 432 0.4763
17816.2000 907 433 0.4774
17826.0000 908 433 0.4769
17846.0000 909 433 0.4763
17846.2000 909 434 0.4774
17846.2000 909 435 0.4785
17864.0000 910 435 0.4780
17865.2000 910 436 0.4791
17884.0000 911 436 0.4786
17899.0000 912 436 0.4781
17917.0000 913 436 0.4775
17934.5000 913 437 0.4786
17934.7000 913 438 0.4797
17936.0000 914 438 0.4792
17951.1000 914 439 0.4803
17958.0000 915 439 0.4798
17960.0000 915 440 0.4809
17976.0000 916 440 0.4803
18000.0000 917 440 0.4798
