# time  created  delivered  delivered/created
22.0000 1 0 0.0000
38.0000 2 0 0.0000
54.0000 3 0 0.0000
72.0000 4 0 0.0000
94.0000 5 0 0.0000
110.0000 6 0 0.0000
133.0000 7 0 0.0000
153.0000 8 0 0.0000
175.0000 9 0 0.0000
191.0000 10 0 0.0000
210.0000 11 0 0.0000
225.0000 12 0 0.0000
249.0000 13 0 0.0000
265.0000 14 0 0.0000
281.0000 15 0 0.0000
304.0000 16 0 0.0000
328.0000 17 0 0.0000
343.0000 18 0 0.0000
367.0000 19 0 0.0000
382.0000 20 0 0.0000
399.0000 21 0 0.0000
420.0000 22 0 0.0000
439.0000 23 0 0.0000
458.0000 24 0 0.0000
480.0000 25 0 0.0000
497.0000 26 0 0.0000
515.0000 27 0 0.0000
538.0000 28 0 0.0000
562.0000 29 0 0.0000
581.0000 30 0 0.0000
581.2000 30 1 0.0333
603.0000 31 1 0.0323
625.0000 32 1 0.0313
640.9000 32 2 0.0625
646.0000 33 2 0.0606
661.6000 33 3 0.0909
667.0000 34 3 0.0882
685.0000 35 3 0.0857
691.0000 35 4 0.1143
700.0000 36 4 0.1111
713.7000 36 5 0.1389
722.0000 37 5 0.1351
741.0000 38 5 0.1316
764.0000 39 5 0.1282
784.0000 40 5 0.1250
786.4000 40 6 0.1500
806.0000 41 6 0.1463
829.0000 42 6 0.1429
851.0000 43 6 0.1395
873.0000 44 6 0.1364
895.0000 45 6 0.1333
918.0000 46 6 0.1304
935.7000 46 7 0.1522
941.0000 47 7 0.1489
957.0000 48 7 0.1458
975.0000 49 7 0.1429
998.0000 50 7 0.1400
1018.0000 51 7 0.1373
1040.0000 52 7 0.1346
1056.0000 53 7 0.1321
1077.0000 54 7 0.1296
1096.0000 55 7 0.1273
1117.0000 56 7 0.1250
1137.0000 57 7 0.1228
1159.0000 58 7 0.1207
1179.0000 59 7 0.1186
1193.3000 59 8 0.1356
1201.0000 60 8 0.1333
1216.0000 61 8 0.1311
1225.1000 61 9 0.1475
1226.1000 61 10 0.1639
1232.0000 62 10 0.1613
1251.0000 63 10 0.1587
1268.0000 64 10 0.1563
1287.0000 65 10 0.1538
1308.0000 66 10 0.1515
1327.0000 67 10 0.1493
1342.0000 68 10 0.1471
1364.0000 69 10 0.1449
1381.1000 69 11 0.1594
1388.0000 70 11 0.1571
1397.1000 70 12 0.1714
1407.0000 71 12 0.1690
1408.4000 71 13 0.1831
1422.0000 72 13 0.1806
1442.0000 73 13 0.1781
1464.0000 74 13 0.1757
1477.7000 74 14 0.1892
1479.0000 75 14 0.1867
1483.1000 75 15 0.2000
1500.0000 76 15 0.1974
1518.0000 77 15 0.1948
1542.0000 78 15 0.1923
1560.8000 78 16 0.2051
1562.0000 79 16 0.2025
1577.0000 80 16 0.2000
1600.0000 81 16 0.1975
1620.0000 82 16 0.1951
1637.0000 83 16 0.1928
1652.0000 84 16 0.1905
1673.0000 85 16 0.1882
1695.0000 86 16 0.1860
1706.4000 86 17 0.1977
1713.0000 87 17 0.1954
1736.2000 87 18 0.2069
1736.7000 87 19 0.2184
1737.0000 88 19 0.2159
1739.8000 88 20 0.2273
1760.0000 89 20 0.2247
1781.0000 90 20 0.2222
1804.0000 91 20 0.2198
1826.0000 92 20 0.2174
1849.0000 93 20 0.2151
1870.0000 94 20 0.2128
1880.0000 94 21 0.2234
1890.0000 95 21 0.2211
1911.0000 96 21 0.2188
1929.0000 97 21 0.2165
1948.0000 98 21 0.2143
1965.0000 99 21 0.2121
1980.0000 100 21 0.2100
1990.0000 100 22 0.2200
2002.0000 101 22 0.2178
2024.0000 102 22 0.2157
2035.6000 102 23 0.2255
2041.0000 103 23 0.2233
2064.0000 104 23 0.2212
2080.0000 105 23 0.2190
2095.0000 106 23 0.2170
2119.0000 107 23 0.2150
2139.0000 108 23 0.2130
2144.0000 108 24 0.2222
2161.0000 109 24 0.2202
2178.0000 110 24 0.2182
2199.0000 111 24 0.2162
2217.0000 111 25 0.2252
2222.0000 112 25 0.2232
2240.0000 113 25 0.2212
2259.0000 114 25 0.2193
2275.0000 115 25 0.2174
2295.0000 116 25 0.2155
2314.0000 117 25 0.2137
2324.3000 117 26 0.2222
2335.0000 118 26 0.2203
2348.0000 118 27 0.2288
2354.0000 119 27 0.2269
2377.0000 120 27 0.2250
2396.0000 121 27 0.2231
2411.0000 122 27 0.2213
2412.0000 122 28 0.2295
2433.0000 123 28 0.2276
2452.0000 124 28 0.2258
2460.7000 124 29 0.2339
2464.9000 124 30 0.2419
2470.9000 124 31 0.2500
2474.0000 125 31 0.2480
2496.0000 126 31 0.2460
2511.0000 127 31 0.2441
2526.0000 128 31 0.2422
2546.0000 129 31 0.2403
2555.1000 129 32 0.2481
2563.0000 130 32 0.2462
2586.0000 131 32 0.2443
2601.0000 132 32 0.2424
2621.0000 133 32 0.2406
2641.0000 134 32 0.2388
2662.0000 135 32 0.2370
2678.0000 136 32 0.2353
2689.6000 136 33 0.2426
2690.9000 136 34 0.2500
2693.0000 137 34 0.2482
2716.0000 138 34 0.2464
2735.0000 139 34 0.2446
2741.3000 139 35 0.2518
2754.0000 140 35 0.2500
2771.0000 141 35 0.2482
2773.0000 141 36 0.2553
2788.0000 142 36 0.2535
2800.0000 142 37 0.2606
2807.0000 143 37 0.2587
2824.0000 143 38 0.2657
2826.1000 143 39 0.2727
2831.0000 144 39 0.2708
2853.0000 145 39 0.2690
2868.0000 146 39 0.2671
2891.0000 147 39 0.2653
2899.2000 147 40 0.2721
2911.0000 148 40 0.2703
2911.3000 148 41 0.2770
2926.0000 149 41 0.2752
2942.0000 150 41 0.2733
2946.7000 150 42 0.2800
2954.4000 150 43 0.2867
2962.0000 151 43 0.2848
2979.0000 152 43 0.2829
3003.0000 153 43 0.2810
3024.0000 154 43 0.2792
3040.0000 155 43 0.2774
3064.0000 156 43 0.2756
3065.8000 156 44 0.2821
3084.9000 156 45 0.2885
3086.0000 157 45 0.2866
3088.2000 157 46 0.2930
3110.0000 158 46 0.2911
3129.0000 159 46 0.2893
3129.9000 159 47 0.2956
3147.0000 160 47 0.2938
3166.0000 161 47 0.2919
3190.0000 162 47 0.2901
3210.0000 163 47 0.2883
3225.0000 164 47 0.2866
3243.0000 165 47 0.2848
3260.0000 166 47 0.2831
3261.2000 166 48 0.2892
3274.7000 166 49 0.2952
3276.5000 166 50 0.3012
3283.0000 167 50 0.2994
3305.0000 168 50 0.2976
3321.0000 169 50 0.2959
3329.5000 169 51 0.3018
3344.0000 170 51 0.3000
3363.8000 170 52 0.3059
3365.0000 171 52 0.3041
3369.4000 171 53 0.3099
3385.0000 172 53 0.3081
3408.0000 173 53 0.3064
3427.6000 173 54 0.3121
3428.0000 174 54 0.3103
3447.8000 174 55 0.3161
3449.0000 175 55 0.3143
3472.0000 176 55 0.3125
3488.0000 177 55 0.3107
3511.0000 178 55 0.3090
3511.4000 178 56 0.3146
3514.6000 178 57 0.3202
3530.6000 178 58 0.3258
3535.0000 179 58 0.3240
3547.0000 179 59 0.3296
3548.5000 179 60 0.3352
3551.5000 179 61 0.3408
3552.0000 180 61 0.3389
3566.2000 180 62 0.3444
3570.0000 181 62 0.3425
3577.5000 181 63 0.3481
3589.0000 182 63 0.3462
3604.0000 183 63 0.3443
3619.0000 184 63 0.3424
3638.0000 185 63 0.3405
3653.0000 186 63 0.3387
3669.0000 187 63 0.3369
3689.0000 188 63 0.3351
3712.0000 189 63 0.3333
3730.0000 190 63 0.3316
3754.0000 191 63 0.3298
3771.0000 192 63 0.3281
3787.0000 193 63 0.3264
3809.0000 194 63 0.3247
3832.0000 195 63 0.3231
3848.6000 195 64 0.3282
3854.0000 196 64 0.3265
3873.0000 197 64 0.3249
3881.8000 197 65 0.3299
3895.0000 198 65 0.3283
3919.0000 199 65 0.3266
3938.0000 200 65 0.3250
3953.0000 200 66 0.3300
3955.0000 201 66 0.3284
3975.0000 202 66 0.3267
3987.9000 202 67 0.3317
3996.0000 203 67 0.3300
4012.0000 204 67 0.3284
4031.0000 205 67 0.3268
4052.0000 206 67 0.3252
4054.9000 206 68 0.3301
4070.0000 207 68 0.3285
4094.0000 208 68 0.3269
4115.0000 209 68 0.3254
4134.0000 210 68 0.3238
4153.0000 211 68 0.3223
4171.0000 212 68 0.3208
4187.1000 212 69 0.3255
4194.0000 213 69 0.3239
4208.3000 213 70 0.3286
4214.0000 214 70 0.3271
4214.5000 214 71 0.3318
4235.0000 215 71 0.3302
4235.6000 215 72 0.3349
4251.0000 216 72 0.3333
4268.6000 216 73 0.3380
4272.0000 217 73 0.3364
4287.3000 217 74 0.3410
4288.3000 217 75 0.3456
4290.0000 218 75 0.3440
4314.0000 219 75 0.3425
4315.4000 219 76 0.3470
4338.0000 220 76 0.3455
4360.0000 221 76 0.3439
4381.0000 222 76 0.3423
4400.0000 223 76 0.3408
4419.0000 224 76 0.3393
4419.1000 224 77 0.3438
4434.0000 225 77 0.3422
4451.0000 225 78 0.3467
4452.4000 225 79 0.3511
4453.5000 225 80 0.3556
4458.0000 226 80 0.3540
4463.0000 226 81 0.3584
4476.0000 227 81 0.3568
4497.0000 228 81 0.3553
4515.0000 229 81 0.3537
4537.0000 230 81 0.3522
4556.0000 231 81 0.3506
4580.0000 232 81 0.3491
4597.0000 233 81 0.3476
4614.0000 234 81 0.3462
4617.9000 234 82 0.3504
4634.0000 235 82 0.3489
4655.0000 236 82 0.3475
4665.1000 236 83 0.3517
4672.0000 237 83 0.3502
4689.0000 238 83 0.3487
4706.0000 239 83 0.3473
4729.0000 240 83 0.3458
4747.0000 241 83 0.3444
4752.2000 241 84 0.3485
4762.0000 242 84 0.3471
4764.8000 242 85 0.3512
4783.0000 243 85 0.3498
4807.0000 244 85 0.3484
4824.0000 245 85 0.3469
4848.0000 246 85 0.3455
4867.0000 247 85 0.3441
4880.8000 247 86 0.3482
4886.0000 248 86 0.3468
4909.0000 249 86 0.3454
4928.0000 250 86 0.3440
4951.0000 251 86 0.3426
4966.0000 252 86 0.3413
4986.0000 253 86 0.3399
4995.1000 253 87 0.3439
5010.0000 254 87 0.3425
5033.0000 255 87 0.3412
5048.0000 256 87 0.3398
5072.0000 257 87 0.3385
5089.0000 258 87 0.3372
5089.4000 258 88 0.3411
5096.5000 258 89 0.3450
5112.0000 259 89 0.3436
5131.0000 260 89 0.3423
5151.0000 261 89 0.3410
5175.0000 262 89 0.3397
5194.0000 263 89 0.3384
5215.0000 264 89 0.3371
5237.0000 265 89 0.3358
5254.0000 266 89 0.3346
5269.0000 267 89 0.3333
5291.0000 268 89 0.3321
5307.0000 269 89 0.3309
5324.0000 270 89 0.3296
5339.0000 271 89 0.3284
5356.0000 272 89 0.3272
5371.0000 273 89 0.3260
5387.0000 274 89 0.3248
5395.6000 274 90 0.3285
5409.3000 274 91 0.3321
5410.0000 275 91 0.3309
5426.0000 276 91 0.3297
5447.0000 277 91 0.3285
5470.0000 278 91 0.3273
5490.0000 279 91 0.3262
5504.6000 279 92 0.3297
5507.0000 280 92 0.3286
5518.6000 280 93 0.3321
5528.0000 281 93 0.3310
5542.9000 281 94 0.3345
5546.0000 282 94 0.3333
5563.8000 282 95 0.3369
5564.0000 283 95 0.3357
5584.0000 284 95 0.3345
5607.0000 285 95 0.3333
5625.0000 286 95 0.3322
5643.0000 287 95 0.3310
5665.0000 288 95 0.3299
5673.7000 288 96 0.3333
5685.0000 289 96 0.3322
5704.0000 290 96 0.3310
5724.0000 291 96 0.3299
5745.0000 292 96 0.3288
5760.0000 293 96 0.3276
5784.0000 294 96 0.3265
5805.0000 295 96 0.3254
5822.0000 296 96 0.3243
5831.0000 296 97 0.3277
5841.0000 297 97 0.3266
5859.0000 298 97 0.3255
5862.4000 298 98 0.3289
5869.1000 298 99 0.3322
5874.0000 299 99 0.3311
5893.0000 300 99 0.3300
5895.4000 300 100 0.3333
5914.0000 301 100 0.3322
5914.2000 301 101 0.3355
5932.0000 302 101 0.3344
5953.0000 303 101 0.3333
5959.1000 303 102 0.3366
5971.0000 304 102 0.3355
5986.0000 305 102 0.3344
6003.8000 305 103 0.3377
6008.0000 306 103 0.3366
6010.8000 306 104 0.3399
6024.0000 307 104 0.3388
6029.0000 307 105 0.3420
6041.0000 308 105 0.3409
6063.0000 309 105 0.3398
6087.0000 310 105 0.3387
6105.0000 311 105 0.3376
6124.0000 312 105 0.3365
6145.0000 313 105 0.3355
6166.0000 314 105 0.3344
6182.0000 315 105 0.3333
6201.0000 316 105 0.3323
6216.0000 317 105 0.3312
6216.8000 317 106 0.3344
6231.0000 318 106 0.3333
6248.0000 319 106 0.3323
6261.7000 319 107 0.3354
6267.0000 320 107 0.3344
6289.0000 321 107 0.3333
6308.0000 322 107 0.3323
6332.0000 323 107 0.3313
6355.0000 324 107 0.3302
6372.0000 325 107 0.3292
6374.6000 325 108 0.3323
6393.0000 326 108 0.3313
6417.0000 327 108 0.3303
6424.2000 327 109 0.3333
6431.8000 327 110 0.3364
6441.0000 328 110 0.3354
6457.3000 328 111 0.3384
6464.6000 328 112 0.3415
6465.0000 329 112 0.3404
6467.0000 329 113 0.3435
6486.0000 330 113 0.3424
6502.0000 331 113 0.3414
6518.0000 332 113 0.3404
6536.0000 333 113 0.3393
6555.0000 334 113 0.3383
6572.0000 335 113 0.3373
6591.0000 336 113 0.3363
6608.0000 337 113 0.3353
6631.0000 338 113 0.3343
6646.0000 339 113 0.3333
6665.0000 340 113 0.3324
6684.0000 341 113 0.3314
6696.4000 341 114 0.3343
6708.0000 342 114 0.3333
6725.0000 343 114 0.3324
6744.6000 343 115 0.3353
6745.0000 344 115 0.3343
6760.0000 345 115 0.3333
6765.3000 345 116 0.3362
6778.9000 345 117 0.3391
6781.0000 346 117 0.3382
6793.2000 346 118 0.3410
6800.0000 347 118 0.3401
6816.0000 348 118 0.3391
6839.0000 349 118 0.3381
6854.0000 350 118 0.3371
6861.1000 350 119 0.3400
6874.0000 351 119 0.3390
6889.0000 352 119 0.3381
6893.6000 352 120 0.3409
6909.0000 353 120 0.3399
6930.0000 354 120 0.3390
6951.0000 355 120 0.3380
6971.0000 356 120 0.3371
6995.0000 357 120 0.3361
7010.0000 358 120 0.3352
7029.0000 359 120 0.3343
7044.5000 359 121 0.3370
7048.0000 360 121 0.3361
7071.0000 361 121 0.3352
7091.8000 361 122 0.3380
7093.0000 362 122 0.3370
7093.3000 362 123 0.3398
7108.0000 363 123 0.3388
7130.0000 364 123 0.3379
7147.0000 365 123 0.3370
7163.0000 366 123 0.3361
7176.4000 366 124 0.3388
7180.0000 367 124 0.3379
7197.0000 368 124 0.3370
7205.6000 368 125 0.3397
7218.9000 368 126 0.3424
7221.0000 369 126 0.3415
7240.0000 370 126 0.3405
7255.0000 371 126 0.3396
7272.0000 372 126 0.3387
7296.0000 373 126 0.3378
7319.0000 374 126 0.3369
7333.2000 374 127 0.3396
7335.0000 375 127 0.3387
7358.0000 376 127 0.3378
7378.0000 377 127 0.3369
7394.0000 378 127 0.3360
7406.7000 378 128 0.3386
7411.0000 379 128 0.3377
7435.0000 380 128 0.3368
7459.0000 381 128 0.3360
7480.0000 382 128 0.3351
7498.0000 383 128 0.3342
7514.0000 384 128 0.3333
7533.0000 384 129 0.3359
7536.0000 385 129 0.3351
7559.0000 386 129 0.3342
7574.0000 387 129 0.3333
7583.5000 387 130 0.3359
7589.1000 387 131 0.3385
7595.0000 388 131 0.3376
7613.0000 389 131 0.3368
7632.0000 390 131 0.3359
7650.8000 390 132 0.3385
7654.0000 390 133 0.3410
7656.0000 391 133 0.3402
7673.0000 392 133 0.3393
7696.0000 393 133 0.3384
7713.0000 394 133 0.3376
7730.0000 395 133 0.3367
7745.0000 396 133 0.3359
7749.4000 396 134 0.3384
7762.0000 397 134 0.3375
7766.7000 397 135 0.3401
7784.0000 398 135 0.3392
7804.0000 399 135 0.3383
7822.0000 400 135 0.3375
7840.0000 401 135 0.3367
7858.0000 402 135 0.3358
7874.0000 403 135 0.3350
7895.0000 404 135 0.3342
7914.0000 405 135 0.3333
7930.6000 405 136 0.3358
7931.0000 406 136 0.3350
7948.0000 407 136 0.3342
7961.1000 407 137 0.3366
7972.0000 408 137 0.3358
7987.0000 409 137 0.3350
8002.0000 410 137 0.3341
8024.0000 411 137 0.3333
8040.0000 412 137 0.3325
8041.7000 412 138 0.3350
8059.0000 413 138 0.3341
8082.0000 414 138 0.3333
8099.0000 415 138 0.3325
8116.0000 416 138 0.3317
8137.0000 417 138 0.3309
8158.0000 418 138 0.3301
8173.0000 419 138 0.3294
8190.0000 420 138 0.3286
8205.0000 421 138 0.3278
8205.7000 421 139 0.3302
8227.0000 422 139 0.3294
8251.0000 423 139 0.3286
8270.0000 423 140 0.3310
8270.3000 423 141 0.3333
8275.0000 424 141 0.3325
8297.0000 425 141 0.3318
8317.0000 426 141 0.3310
8336.0000 427 141 0.3302
8359.0000 428 141 0.3294
8375.0000 429 141 0.3287
8396.0000 430 141 0.3279
8399.8000 430 142 0.3302
8414.0000 431 142 0.3295
8437.0000 432 142 0.3287
8453.0000 433 142 0.3279
8460.0000 433 143 0.3303
8468.0000 434 143 0.3295
8492.0000 435 143 0.3287
8510.0000 436 143 0.3280
8525.0000 437 143 0.3272
8544.0000 438 143 0.3265
8548.0000 438 144 0.3288
8556.2000 438 145 0.3311
8557.3000 438 146 0.3333
8566.0000 439 146 0.3326
8578.2000 439 147 0.3349
8586.0000 440 147 0.3341
8592.9000 440 148 0.3364
8609.0000 441 148 0.3356
8625.0000 442 148 0.3348
8631.0000 442 149 0.3371
8641.0000 442 150 0.3394
8644.0000 443 150 0.3386
8663.0000 444 150 0.3378
8681.0000 445 150 0.3371
8697.0000 446 150 0.3363
8719.0000 447 150 0.3356
8743.0000 448 150 0.3348
8767.0000 449 150 0.3341
8784.0000 450 150 0.3333
8800.0000 451 150 0.3326
8806.3000 451 151 0.3348
8822.7000 451 152 0.3370
8823.0000 452 152 0.3363
8825.6000 452 153 0.3385
8839.0000 453 153 0.3377
8846.3000 453 154 0.3400
8849.0000 453 155 0.3422
8854.0000 454 155 0.3414
8869.0000 455 155 0.3407
8890.4000 455 156 0.3429
8892.0000 456 156 0.3421
8911.0000 457 156 0.3414
8929.0000 458 156 0.3406
8930.8000 458 157 0.3428
8944.0000 459 157 0.3420
8955.3000 459 158 0.3442
8961.0000 460 158 0.3435
8979.0000 461 158 0.3427
8997.0000 462 158 0.3420
9011.3000 462 159 0.3442
9013.0000 463 159 0.3434
9035.0000 464 159 0.3427
9058.0000 465 159 0.3419
9073.0000 466 159 0.3412
9095.0000 467 159 0.3405
9119.0000 468 159 0.3397
9143.0000 469 159 0.3390
9162.0000 470 159 0.3383
9186.0000 471 159 0.3376
9196.5000 471 160 0.3397
9209.0000 472 160 0.3390
9209.2000 472 161 0.3411
9221.7000 472 162 0.3432
9224.0000 473 162 0.3425
9245.0000 474 162 0.3418
9264.0000 475 162 0.3411
9288.0000 476 162 0.3403
9305.3000 476 163 0.3424
9307.1000 476 164 0.3445
9310.0000 477 164 0.3438
9326.0000 478 164 0.3431
9338.1000 478 165 0.3452
9341.0000 479 165 0.3445
9363.4000 479 166 0.3466
9365.0000 480 166 0.3458
9387.0000 481 166 0.3451
9403.0000 482 166 0.3444
9426.0000 483 166 0.3437
9444.0000 484 166 0.3430
9468.0000 485 166 0.3423
9485.0000 486 166 0.3416
9503.0000 487 166 0.3409
9507.4000 487 167 0.3429
9527.0000 488 167 0.3422
9550.0000 489 167 0.3415
9573.0000 490 167 0.3408
9591.0000 491 167 0.3401
9614.0000 492 167 0.3394
9614.9000 492 168 0.3415
9632.0000 493 168 0.3408
9653.0000 494 168 0.3401
9676.0000 495 168 0.3394
9685.8000 495 169 0.3414
9693.0000 496 169 0.3407
9703.8000 496 170 0.3427
9715.0000 497 170 0.3421
9736.0000 498 170 0.3414
9750.0000 498 171 0.3434
9752.0000 499 171 0.3427
9776.0000 500 171 0.3420
9791.7000 500 172 0.3440
9799.0000 501 172 0.3433
9803.5000 501 173 0.3453
9821.0000 502 173 0.3446
9837.0000 503 173 0.3439
9845.6000 503 174 0.3459
9861.0000 504 174 0.3452
9879.0000 505 174 0.3446
9894.0000 506 174 0.3439
9905.2000 506 175 0.3458
9909.0000 507 175 0.3452
9927.0000 508 175 0.3445
9946.0000 509 175 0.3438
9966.1000 509 176 0.3458
9969.0000 510 176 0.3451
9988.0000 511 176 0.3444
10007.0000 512 176 0.3438
10009.0000 512 177 0.3457
10024.0000 513 177 0.3450
10029.8000 513 178 0.3470
10044.0000 514 178 0.3463
10061.4000 514 179 0.3482
10067.0000 515 179 0.3476
10087.0000 516 179 0.3469
10111.0000 517 179 0.3462
10115.3000 517 180 0.3482
10115.8000 517 181 0.3501
10123.0000 517 182 0.3520
10132.0000 518 182 0.3514
10153.1000 518 183 0.3533
10154.0000 519 183 0.3526
10177.0000 520 183 0.3519
10194.0000 521 183 0.3512
10216.0000 522 183 0.3506
10235.0000 523 183 0.3499
10238.1000 523 184 0.3518
10257.0000 524 184 0.3511
10281.0000 525 184 0.3505
10300.0000 526 184 0.3498
10304.0000 526 185 0.3517
10305.3000 526 186 0.3536
10320.0000 527 186 0.3529
10343.0000 528 186 0.3523
10366.0000 529 186 0.3516
10382.0000 530 186 0.3509
10402.0000 531 186 0.3503
10423.0000 532 186 0.3496
10441.0000 533 186 0.3490
10461.0000 534 186 0.3483
10480.0000 535 186 0.3477
10497.0000 536 186 0.3470
10508.2000 536 187 0.3489
10518.0000 537 187 0.3482
10537.0000 538 187 0.3476
10555.0000 539 187 0.3469
10571.0000 540 187 0.3463
10591.0000 541 187 0.3457
10615.0000 542 187 0.3450
10637.0000 543 187 0.3444
10644.4000 543 188 0.3462
10645.7000 543 189 0.3481
10657.0000 544 189 0.3474
10681.0000 545 189 0.3468
10703.0000 546 189 0.3462
10726.0000 547 189 0.3455
10748.0000 548 189 0.3449
10760.6000 548 190 0.3467
10768.0000 549 190 0.3461
10781.7000 549 191 0.3479
10788.0000 550 191 0.3473
10794.6000 550 192 0.3491
10806.4000 550 193 0.3509
10808.0000 551 193 0.3503
10823.0000 552 193 0.3496
10842.0000 553 193 0.3490
10866.0000 554 193 0.3484
10875.5000 554 194 0.3502
10885.0000 555 194 0.3495
10895.8000 555 195 0.3514
10899.3000 555 196 0.3532
10907.0000 556 196 0.3525
10925.0000 557 196 0.3519
10942.0000 558 196 0.3513
10956.2000 558 197 0.3530
10966.0000 559 197 0.3524
10983.0000 560 197 0.3518
10996.3000 560 198 0.3536
11002.0000 560 199 0.3554
11006.0000 561 199 0.3547
11018.2000 561 200 0.3565
11023.0000 562 200 0.3559
11046.0000 563 200 0.3552
11068.0000 564 200 0.3546
11079.9000 564 201 0.3564
11084.0000 565 201 0.3558
11098.4000 565 202 0.3575
11102.0000 566 202 0.3569
11105.7000 566 203 0.3587
11120.0000 567 203 0.3580
11126.8000 567 204 0.3598
11143.0000 568 204 0.3592
11166.0000 569 204 0.3585
11170.5000 569 205 0.3603
11182.0000 570 205 0.3596
11197.7000 570 206 0.3614
11201.0000 571 206 0.3608
11218.0000 572 206 0.3601
11238.0000 573 206 0.3595
11250.8000 573 207 0.3613
11260.0000 574 207 0.3606
11272.8000 574 208 0.3624
11275.9000 574 209 0.3641
11280.0000 575 209 0.3635
11294.0000 575 210 0.3652
11298.0000 576 210 0.3646
11319.0000 577 210 0.3640
11323.3000 577 211 0.3657
11343.0000 578 211 0.3651
11347.5000 578 212 0.3668
11363.0000 579 212 0.3661
11381.0000 580 212 0.3655
11405.0000 581 212 0.3649
11424.0000 582 212 0.3643
11433.7000 582 213 0.3660
11443.0000 583 213 0.3654
11450.2000 583 214 0.3671
11467.0000 584 214 0.3664
11491.0000 585 214 0.3658
11511.0000 586 214 0.3652
11514.3000 586 215 0.3669
11529.0000 587 215 0.3663
11540.0000 587 216 0.3680
11547.0000 588 216 0.3673
11565.0000 588 217 0.3690
11566.0000 589 217 0.3684
11586.0000 590 217 0.3678
11610.0000 591 217 0.3672
11611.3000 591 218 0.3689
11626.0000 592 218 0.3682
11640.2000 592 219 0.3699
11650.0000 593 219 0.3693
11665.0000 594 219 0.3687
11680.0000 595 219 0.3681
11696.0000 596 219 0.3674
11711.0000 597 219 0.3668
11731.0000 598 219 0.3662
11755.0000 599 219 0.3656
11771.0000 600 219 0.3650
11790.0000 601 219 0.3644
11805.5000 601 220 0.3661
11809.0000 602 220 0.3654
11810.9000 602 221 0.3671
11827.0000 603 221 0.3665
11830.9000 603 222 0.3682
11851.0000 604 222 0.3675
11867.0000 605 222 0.3669
11877.5000 605 223 0.3686
11885.0000 606 223 0.3680
11891.9000 606 224 0.3696
11907.0000 607 224 0.3690
11929.0000 608 224 0.3684
11937.7000 608 225 0.3701
11948.0000 609 225 0.3695
11971.0000 610 225 0.3689
11995.0000 611 225 0.3682
12005.8000 611 226 0.3699
12012.0000 612 226 0.3693
12030.4000 612 227 0.3709
12033.0000 613 227 0.3703
12048.0000 614 227 0.3697
12064.6000 614 228 0.3713
12070.0000 615 228 0.3707
12070.6000 615 229 0.3724
12072.9000 615 230 0.3740
12073.0000 615 231 0.3756
12075.7000 615 232 0.3772
12088.0000 616 232 0.3766
12102.1000 616 233 0.3782
12104.0000 617 233 0.3776
12105.4000 617 234 0.3793
12124.0000 618 234 0.3786
12135.5000 618 235 0.3803
12145.0000 619 235 0.3796
12153.5000 619 236 0.3813
12165.0000 620 236 0.3806
12185.5000 620 237 0.3823
12189.0000 621 237 0.3816
12209.0000 622 237 0.3810
12210.3000 622 238 0.3826
12218.2000 622 239 0.3842
12226.0000 623 239 0.3836
12249.0000 624 239 0.3830
12260.7000 624 240 0.3846
12270.0000 625 240 0.3840
12287.0000 626 240 0.3834
12298.2000 626 241 0.3850
12304.8000 626 242 0.3866
12305.0000 627 242 0.3860
12323.0000 628 242 0.3854
12329.6000 628 243 0.3869
12339.0000 629 243 0.3863
12358.0000 630 243 0.3857
12377.0000 631 243 0.3851
12399.0000 632 243 0.3845
12418.6000 632 244 0.3861
12421.0000 633 244 0.3855
12444.0000 634 244 0.3849
12463.0000 635 244 0.3843
12479.0000 636 244 0.3836
12497.0000 637 244 0.3830
12518.0000 638 244 0.3824
12538.0000 639 244 0.3818
12543.6000 639 245 0.3834
12556.0000 640 245 0.3828
12557.3000 640 246 0.3844
12569.6000 640 247 0.3859
12575.0000 641 247 0.3853
12596.0000 642 247 0.3847
12611.0000 643 247 0.3841
12635.0000 644 247 0.3835
12642.5000 644 248 0.3851
12655.0000 645 248 0.3845
12659.9000 645 249 0.3860
12669.4000 645 250 0.3876
12672.0000 646 250 0.3870
12689.5000 646 251 0.3885
12691.0000 647 251 0.3879
12693.3000 647 252 0.3895
12695.4000 647 253 0.3910
12713.0000 648 253 0.3904
12726.0000 648 254 0.3920
12727.4000 648 255 0.3935
12737.0000 649 255 0.3929
12761.0000 650 255 0.3923
12781.0000 651 255 0.3917
12798.0000 652 255 0.3911
12818.0000 653 255 0.3905
12830.3000 653 256 0.3920
12836.4000 653 257 0.3936
12839.0000 654 257 0.3930
12842.4000 654 258 0.3945
12863.0000 655 258 0.3939
12884.0000 656 258 0.3933
12901.0000 657 258 0.3927
12918.5000 657 259 0.3942
12919.0000 658 259 0.3936
12936.0000 659 259 0.3930
12954.0000 660 259 0.3924
12971.0000 661 259 0.3918
12975.9000 661 260 0.3933
12986.0000 662 260 0.3927
13009.0000 663 260 0.3922
13029.0000 664 260 0.3916
13048.0000 665 260 0.3910
13069.0000 666 260 0.3904
13080.5000 666 261 0.3919
13090.0000 667 261 0.3913
13112.0000 668 261 0.3907
13123.3000 668 262 0.3922
13132.3000 668 263 0.3937
13135.0000 669 263 0.3931
13146.6000 669 264 0.3946
13157.0000 670 264 0.3940
13175.0000 671 264 0.3934
13198.0000 672 264 0.3929
13222.0000 673 264 0.3923
13237.0000 674 264 0.3917
13261.0000 675 264 0.3911
13279.0000 676 264 0.3905
13303.0000 677 264 0.3900
13309.8000 677 265 0.3914
13327.0000 678 265 0.3909
13344.0000 679 265 0.3903
13367.0000 680 265 0.3897
13383.6000 680 266 0.3912
13385.0000 681 266 0.3906
13400.0000 682 266 0.3900
13422.0000 683 266 0.3895
13429.5000 683 267 0.3909
13439.0000 684 267 0.3904
13461.4000 684 268 0.3918
13463.0000 685 268 0.3912
13485.0000 686 268 0.3907
13501.0000 687 268 0.3901
13522.0000 688 268 0.3895
13543.0000 689 268 0.3890
13550.9000 689 269 0.3904
13558.0000 690 269 0.3899
13578.0000 691 269 0.3893
13597.0000 692 269 0.3887
13601.2000 692 270 0.3902
13605.2000 692 271 0.3916
13612.0000 693 271 0.3911
13622.2000 693 272 0.3925
13623.2000 693 273 0.3939
13633.0000 694 273 0.3934
13654.0000 695 273 0.3928
13674.0000 696 273 0.3922
13689.0000 697 273 0.3917
13701.0000 697 274 0.3931
13713.0000 698 274 0.3926
13733.0000 699 274 0.3920
13750.0000 700 274 0.3914
13770.6000 700 275 0.3929
13771.0000 701 275 0.3923
13787.0000 702 275 0.3917
13808.0000 703 275 0.3912
13831.0000 704 275 0.3906
13853.0000 705 275 0.3901
13874.0000 706 275 0.3895
13894.0000 707 275 0.3890
13915.0000 708 275 0.3884
13937.0000 709 275 0.3879
13952.0000 710 275 0.3873
13955.8000 710 276 0.3887
13976.0000 711 276 0.3882
13994.0000 712 276 0.3876
14011.0000 713 276 0.3871
14030.1000 713 277 0.3885
14032.0000 714 277 0.3880
14042.0000 714 278 0.3894
14042.8000 714 279 0.3908
14048.7000 714 280 0.3922
14056.0000 715 280 0.3916
14077.0000 716 280 0.3911
14092.0000 717 280 0.3905
14107.0000 718 280 0.3900
14108.3000 718 281 0.3914
14123.0000 719 281 0.3908
14136.6000 719 282 0.3922
14147.0000 720 282 0.3917
14167.0000 721 282 0.3911
14173.7000 721 283 0.3925
14186.0000 722 283 0.3920
14204.0000 723 283 0.3914
14225.0000 724 283 0.3909
14245.0000 725 283 0.3903
14267.0000 726 283 0.3898
14286.0000 727 283 0.3893
14304.0000 728 283 0.3887
14323.0000 729 283 0.3882
14325.0000 729 284 0.3896
14343.0000 730 284 0.3890
14363.0000 731 284 0.3885
14385.0000 732 284 0.3880
14404.0000 733 284 0.3874
14420.0000 734 284 0.3869
14431.7000 734 285 0.3883
14441.0000 735 285 0.3878
14456.0000 736 285 0.3872
14466.4000 736 286 0.3886
14475.0000 737 286 0.3881
14475.1000 737 287 0.3894
14499.0000 738 287 0.3889
14507.7000 738 288 0.3902
14523.0000 739 288 0.3897
14544.0000 740 288 0.3892
14568.0000 741 288 0.3887
14588.0000 742 288 0.3881
14603.0000 743 288 0.3876
14618.0000 744 288 0.3871
14628.5000 744 289 0.3884
14629.8000 744 290 0.3898
14639.0000 745 290 0.3893
14655.0000 746 290 0.3887
14676.0000 747 290 0.3882
14696.0000 748 290 0.3877
14718.0000 749 290 0.3872
14726.3000 749 291 0.3885
14733.2000 749 292 0.3899
14736.0000 750 292 0.3893
14746.0000 750 293 0.3907
14756.0000 751 293 0.3901
14772.4000 751 294 0.3915
14773.0000 752 294 0.3910
14790.0000 753 294 0.3904
14809.0000 754 294 0.3899
14831.0000 755 294 0.3894
14848.0000 756 294 0.3889
14867.0000 757 294 0.3884
14886.9000 757 295 0.3897
14889.0000 758 295 0.3892
14905.0000 759 295 0.3887
14926.9000 759 296 0.3900
14927.0000 760 296 0.3895
14942.0000 761 296 0.3890
14961.0000 762 296 0.3885
14975.8000 762 297 0.3898
14984.0000 763 297 0.3893
14999.0000 764 297 0.3887
15001.4000 764 298 0.3901
15011.3000 764 299 0.3914
15021.0000 765 299 0.3908
15032.0000 765 300 0.3922
15041.0000 766 300 0.3916
15042.0000 766 301 0.3930
15058.0000 767 301 0.3924
15063.2000 767 302 0.3937
15074.0000 768 302 0.3932
15093.0000 769 302 0.3927
15101.5000 769 303 0.3940
15114.0000 770 303 0.3935
15128.3000 770 304 0.3948
15132.0000 771 304 0.3943
15149.0000 772 304 0.3938
15172.0000 773 304 0.3933
15183.6000 773 305 0.3946
15190.0000 774 305 0.3941
15212.0000 775 305 0.3935
15235.0000 776 305 0.3930
15256.0000 777 305 0.3925
15280.0000 778 305 0.3920
15297.0000 779 305 0.3915
15318.0000 780 305 0.3910
15336.0000 781 305 0.3905
15360.0000 782 305 0.3900
15381.0000 783 305 0.3895
15399.0000 784 305 0.3890
15419.0000 785 305 0.3885
15439.2000 785 306 0.3898
15441.0000 786 306 0.3893
15460.1000 786 307 0.3906
15465.0000 787 307 0.3901
15473.9000 787 308 0.3914
15482.0000 788 308 0.3909
15504.0000 789 308 0.3904
15517.9000 789 309 0.3916
15526.0000 790 309 0.3911
15539.4000 790 310 0.3924
15547.0000 791 310 0.3919
15569.0000 792 310 0.3914
15583.0000 792 311 0.3927
15591.0000 793 311 0.3922
15615.0000 794 311 0.3917
15632.0000 795 311 0.3912
15651.0000 796 311 0.3907
15666.0000 797 311 0.3902
15684.0000 798 311 0.3897
15708.0000 799 311 0.3892
15724.0000 800 311 0.3888
15746.0000 801 311 0.3883
15764.0000 802 311 0.3878
15764.9000 802 312 0.3890
15780.2000 802 313 0.3903
15782.0000 803 313 0.3898
15793.3000 803 314 0.3910
15799.0000 804 314 0.3905
15815.0000 805 314 0.3901
15838.0000 806 314 0.3896
15854.0000 807 314 0.3891
15857.2000 807 315 0.3903
15873.0000 808 315 0.3899
15894.0000 809 315 0.3894
15909.0000 810 315 0.3889
15927.0000 811 315 0.3884
15948.0000 812 315 0.3879
15953.1000 812 316 0.3892
15967.0000 813 316 0.3887
15990.0000 814 316 0.3882
16004.6000 814 317 0.3894
16010.0000 815 317 0.3890
16027.0000 816 317 0.3885
16028.1000 816 318 0.3897
16042.0000 817 318 0.3892
16061.0000 818 318 0.3888
16080.0000 819 318 0.3883
16104.0000 820 318 0.3878
16124.0000 821 318 0.3873
16139.0000 822 318 0.3869
16155.0000 823 318 0.3864
16175.0000 824 318 0.3859
16196.0000 825 318 0.3855
16199.9000 825 319 0.3867
16212.0000 826 319 0.3862
16220.0000 826 320 0.3874
16230.0000 827 320 0.3869
16245.0000 828 320 0.3865
16261.0000 829 320 0.3860
16281.0000 830 320 0.3855
16301.0000 831 320 0.3851
16304.9000 831 321 0.3863
16322.0000 832 321 0.3858
16338.0000 833 321 0.3854
16357.0000 834 321 0.3849
16380.0000 835 321 0.3844
16399.0000 836 321 0.3840
16416.0000 837 321 0.3835
16417.5000 837 322 0.3847
16433.0000 838 322 0.3842
16455.0000 839 322 0.3838
16479.0000 840 322 0.3833
16503.0000 841 322 0.3829
16520.1000 841 323 0.3841
16526.0000 842 323 0.3836
16547.0000 843 323 0.3832
16568.0000 844 323 0.3827
16588.9000 844 324 0.3839
16589.0000 845 324 0.3834
16610.0000 846 324 0.3830
16620.0000 846 325 0.3842
16627.3000 846 326 0.3853
16627.9000 846 327 0.3865
16628.0000 847 327 0.3861
16646.0000 848 327 0.3856
16662.0000 849 327 0.3852
16682.0000 850 327 0.3847
16699.0000 851 327 0.3843
16721.7000 851 328 0.3854
16723.0000 852 328 0.3850
16745.0000 853 328 0.3845
16760.0000 854 328 0.3841
16783.0000 855 328 0.3836
16800.0000 856 328 0.3832
16818.0000 857 328 0.3827
16835.0000 858 328 0.3823
16849.4000 858 329 0.3834
16852.1000 858 330 0.3846
16858.0000 859 330 0.3842
16881.0000 860 330 0.3837
16901.0000 861 330 0.3833
16917.0000 862 330 0.3828
16932.4000 862 331 0.3840
16935.0000 863 331 0.3835
16959.0000 864 331 0.3831
16976.8000 864 332 0.3843
16980.0000 865 332 0.3838
16997.0000 866 332 0.3834
17019.2000 866 333 0.3845
17019.9000 866 334 0.3857
17021.0000 867 334 0.3852
17036.6000 867 335 0.3864
17040.0000 868 335 0.3859
17063.0000 869 335 0.3855
17063.3000 869 336 0.3867
17076.8000 869 337 0.3878
17078.1000 869 338 0.3890
17082.0000 870 338 0.3885
17105.0000 871 338 0.3881
17122.8000 871 339 0.3892
17126.0000 872 339 0.3888
17137.7000 872 340 0.3899
17143.0000 873 340 0.3895
17162.0000 874 340 0.3890
17181.0000 875 340 0.3886
17202.0000 876 340 0.3881
17225.0000 877 340 0.3877
17240.0000 878 340 0.3872
17259.0000 879 340 0.3868
17278.0000 880 340 0.3864
17299.0000 881 340 0.3859
17318.0000 882 340 0.3855
17336.0000 883 340 0.3851
17353.0000 884 340 0.3846
17357.6000 884 341 0.3857
17370.0000 885 341 0.3853
17371.3000 885 342 0.3864
17394.0000 886 342 0.3860
17394.0000 886 343 0.3871
17416.0000 887 343 0.3867
17439.0000 888 343 0.3863
17439.8000 888 344 0.3874
17454.0000 889 344 0.3870
17469.2000 889 345 0.3881
17472.7000 889 346 0.3892
17477.0000 890 346 0.3888
17497.0000 891 346 0.3883
17515.0000 892 346 0.3879
17535.0000 893 346 0.3875
17558.0000 894 346 0.3870
17574.0000 895 346 0.3866
17598.0000 896 346 0.3862
17619.0000 897 346 0.3857
17626.6000 897 347 0.3868
17639.0000 898 347 0.3864
17654.0000 899 347 0.3860
17672.0000 900 347 0.3856
17690.0000 901 347 0.3851
17710.0000 902 347 0.3847
17734.0000 903 347 0.3843
17751.0000 904 347 0.3838
17772.6000 904 348 0.3850
17772.6000 904 349 0.3861
17774.0000 905 349 0.3856
17793.0000 906 349 0.3852
17808.0000 907 349 0.3848
17816.2000 907 350 0.3859
17826.0000 908 350 0.3855
17846.0000 909 350 0.3850
17864.0000 910 350 0.3846
17884.0000 911 350 0.3842
17889.1000 911 351 0.3853
17899.0000 912 351 0.3849
17917.0000 913 351 0.3844
17934.5000 913 352 0.3855
17936.0000 914 352 0.3851
17951.9000 914 353 0.3862
17958.0000 915 353 0.3858
17976.0000 916 353 0.3854
18000.0000 917 353 0.3850
18021.0000 918 353 0.3845
18033.3000 918 354 0.3856
18040.0000 919 354 0.3852
18059.0000 920 354 0.3848
18077.0000 921 354 0.3844
18092.0000 922 354 0.3839
18112.1000 922 355 0.3850
18113.0000 923 355 0.3846
18132.0000 924 355 0.3842
18155.0000 925 355 0.3838
18177.0000 926 355 0.3834
18188.5000 926 356 0.3844
18192.0000 927 356 0.3840
18214.0000 928 356 0.3836
18221.6000 928 357 0.3847
18236.0000 929 357 0.3843
18259.0000 930 357 0.3839
18275.0000 931 357 0.3835
18298.0000 932 357 0.3830
18321.0000 933 357 0.3826
18340.0000 934 357 0.3822
18353.1000 934 358 0.3833
18364.0000 935 358 0.3829
18374.6000 935 359 0.3840
18383.0000 936 359 0.3835
18402.0000 937 359 0.3831
18425.0000 938 359 0.3827
18449.0000 939 359 0.3823
18459.5000 939 360 0.3834
18462.0000 939 361 0.3845
18463.6000 939 362 0.3855
18473.0000 940 362 0.3851
18488.0000 941 362 0.3847
18512.0000 942 362 0.3843
18534.0000 943 362 0.3839
18549.0000 944 362 0.3835
18570.0000 945 362 0.3831
18574.7000 945 363 0.3841
18590.0000 946 363 0.3837
18613.0000 947 363 0.3833
18625.6000 947 364 0.3844
18632.0000 948 364 0.3840
18653.0000 949 364 0.3836
18662.2000 949 365 0.3846
18677.0000 950 365 0.3842
18696.0000 951 365 0.3838
18715.0000 952 365 0.3834
18723.0000 952 366 0.3845
18738.0000 953 366 0.3841
18753.0000 954 366 0.3836
18759.1000 954 367 0.3847
18768.0000 955 367 0.3843
18784.0000 955 368 0.3853
18786.0000 956 368 0.3849
18809.0000 957 368 0.3845
18828.0000 958 368 0.3841
18842.4000 958 369 0.3852
18845.0000 959 369 0.3848
18862.0000 960 369 0.3844
18884.0000 961 369 0.3840
18894.5000 961 370 0.3850
18899.0000 962 370 0.3846
18922.0000 963 370 0.3842
18939.0000 964 370 0.3838
18956.0000 965 370 0.3834
18977.0000 966 370 0.3830
18980.5000 966 371 0.3841
18993.0000 967 371 0.3837
19015.0000 968 371 0.3833
19037.0000 969 371 0.3829
19055.0000 970 371 0.3825
19072.0000 971 371 0.3821
19087.0000 972 371 0.3817
19108.0000 973 371 0.3813
19129.0000 974 371 0.3809
19151.0000 975 371 0.3805
19161.8000 975 372 0.3815
19173.0000 976 372 0.3811
19192.0000 977 372 0.3808
19197.9000 977 373 0.3818
19211.0000 978 373 0.3814
19219.3000 978 374 0.3824
19231.0000 979 374 0.3820
19254.0000 980 374 0.3816
19277.0000 981 374 0.3812
19293.9000 981 375 0.3823
19301.0000 982 375 0.3819
19313.4000 982 376 0.3829
19316.0000 983 376 0.3825
19340.0000 984 376 0.3821
19355.0000 985 376 0.3817
19373.0000 986 376 0.3813
19391.0000 987 376 0.3810
19406.0000 988 376 0.3806
19420.9000 988 377 0.3816
19423.0000 989 377 0.3812
19439.0000 990 377 0.3808
19441.7000 990 378 0.3818
19447.8000 990 379 0.3828
19455.0000 991 379 0.3824
19479.0000 992 379 0.3821
19497.0000 993 379 0.3817
19521.0000 994 379 0.3813
19542.0000 995 379 0.3809
19565.0000 996 379 0.3805
19569.4000 996 380 0.3815
19586.0000 997 380 0.3811
19601.0000 998 380 0.3808
19622.0000 999 380 0.3804
19622.4000 999 381 0.3814
19641.0000 1000 381 0.3810
19660.0000 1001 381 0.3806
19677.0000 1002 381 0.3802
19692.0000 1003 381 0.3799
19703.0000 1003 382 0.3809
19716.0000 1004 382 0.3805
19739.0000 1005 382 0.3801
19755.0000 1006 382 0.3797
19770.0000 1007 382 0.3793
19781.2000 1007 383 0.3803
19783.2000 1007 384 0.3813
19792.0000 1008 384 0.3810
19815.0000 1009 384 0.3806
19815.5000 1009 385 0.3816
19816.5000 1009 386 0.3826
19833.0000 1010 386 0.3822
19852.0000 1011 386 0.3818
19856.5000 1011 387 0.3828
19876.0000 1012 387 0.3824
19891.0000 1013 387 0.3820
19908.0000 1014 387 0.3817
19924.9000 1014 388 0.3826
19932.0000 1015 388 0.3823
19944.7000 1015 389 0.3833
19956.0000 1016 389 0.3829
19970.9000 1016 390 0.3839
19976.0000 1017 390 0.3835
19998.0000 1018 390 0.3831
20019.0000 1019 390 0.3827
20034.0000 1020 390 0.3824
20039.7000 1020 391 0.3833
20055.2000 1020 392 0.3843
20056.9000 1020 393 0.3853
20057.0000 1021 393 0.3849
20075.0000 1022 393 0.3845
20087.1000 1022 394 0.3855
20089.4000 1022 395 0.3865
20094.0000 1023 395 0.3861
20096.5000 1023 396 0.3871
20118.0000 1024 396 0.3867
20128.8000 1024 397 0.3877
20135.0000 1025 397 0.3873
20139.9000 1025 398 0.3883
20157.0000 1026 398 0.3879
20179.0000 1027 398 0.3875
20190.4000 1027 399 0.3885
20197.0000 1028 399 0.3881
20201.3000 1028 400 0.3891
20221.0000 1029 400 0.3887
20237.0000 1030 400 0.3883
20259.0000 1031 400 0.3880
20276.0000 1032 400 0.3876
20293.0000 1033 400 0.3872
20294.3000 1033 401 0.3882
20307.7000 1033 402 0.3892
20308.0000 1034 402 0.3888
20327.0000 1035 402 0.3884
20340.1000 1035 403 0.3894
20350.0000 1036 403 0.3890
20366.0000 1037 403 0.3886
20373.6000 1037 404 0.3896
20385.0000 1038 404 0.3892
20394.6000 1038 405 0.3902
20401.0000 1039 405 0.3898
20421.0000 1040 405 0.3894
20437.0000 1041 405 0.3890
20461.0000 1042 405 0.3887
20485.0000 1043 405 0.3883
20508.0000 1044 405 0.3879
20513.1000 1044 406 0.3889
20532.0000 1045 406 0.3885
20551.8000 1045 407 0.3895
20554.0000 1046 407 0.3891
20576.0000 1047 407 0.3887
20586.7000 1047 408 0.3897
20594.0000 1048 408 0.3893
20611.0000 1049 408 0.3889
20635.0000 1050 408 0.3886
20653.0000 1050 409 0.3895
20655.0000 1051 409 0.3892
20673.0000 1052 409 0.3888
20691.0000 1053 409 0.3884
20706.0000 1054 409 0.3880
20724.0000 1055 409 0.3877
20744.0000 1056 409 0.3873
20766.0000 1057 409 0.3869
20782.0000 1058 409 0.3866
20795.8000 1058 410 0.3875
20800.0000 1059 410 0.3872
20801.3000 1059 411 0.3881
20821.0000 1060 411 0.3877
20839.1000 1060 412 0.3887
20844.0000 1061 412 0.3883
20855.4000 1061 413 0.3893
20857.6000 1061 414 0.3902
20864.0000 1062 414 0.3898
20875.7000 1062 415 0.3908
20888.0000 1063 415 0.3904
20890.0000 1063 416 0.3913
20890.9000 1063 417 0.3923
20911.0000 1064 417 0.3919
20920.6000 1064 418 0.3929
20924.0000 1064 419 0.3938
20931.0000 1065 419 0.3934
20950.5000 1065 420 0.3944
20952.0000 1066 420 0.3940
20968.0000 1067 420 0.3936
20982.3000 1067 421 0.3946
20987.6000 1067 422 0.3955
20990.0000 1068 422 0.3951
20990.6000 1068 423 0.3961
21007.0000 1069 423 0.3957
21008.6000 1069 424 0.3966
21021.8000 1069 425 0.3976
21031.0000 1070 425 0.3972
21041.1000 1070 426 0.3981
21055.0000 1071 426 0.3978
21077.0000 1072 426 0.3974
21092.0000 1073 426 0.3970
21116.0000 1074 426 0.3966
21132.0000 1075 426 0.3963
21137.9000 1075 427 0.3972
21148.0000 1076 427 0.3968
21158.2000 1076 428 0.3978
21166.0000 1077 428 0.3974
21184.0000 1078 428 0.3970
21186.8000 1078 429 0.3980
21189.4000 1078 430 0.3989
21204.0000 1079 430 0.3985
21216.6000 1079 431 0.3994
21218.6000 1079 432 0.4004
21223.0000 1080 432 0.4000
21227.4000 1080 433 0.4009
21235.3000 1080 434 0.4019
21247.0000 1081 434 0.4015
21270.9000 1081 435 0.4024
21271.0000 1082 435 0.4020
21273.0000 1082 436 0.4030
21276.0000 1082 437 0.4039
21288.6000 1082 438 0.4048
21292.0000 1083 438 0.4044
21309.0000 1084 438 0.4041
21327.0000 1085 438 0.4037
21331.8000 1085 439 0.4046
21351.0000 1086 439 0.4042
21367.7000 1086 440 0.4052
21368.0000 1087 440 0.4048
21369.9000 1087 441 0.4057
21387.0000 1088 441 0.4053
21398.6000 1088 442 0.4063
21407.0000 1089 442 0.4059
21411.4000 1089 443 0.4068
21424.0000 1090 443 0.4064
21444.0000 1091 443 0.4060
21463.0000 1092 443 0.4057
21474.2000 1092 444 0.4066
21483.0000 1093 444 0.4062
21495.7000 1093 445 0.4071
21505.0000 1094 445 0.4068
21523.0000 1095 445 0.4064
21530.8000 1095 446 0.4073
21539.0000 1096 446 0.4069
21539.6000 1096 447 0.4078
21544.5000 1096 448 0.4088
21554.9000 1096 449 0.4097
21556.0000 1097 449 0.4093
21572.4000 1097 450 0.4102
21577.0000 1098 450 0.4098
21577.7000 1098 451 0.4107
21592.1000 1098 452 0.4117
21599.0000 1099 452 0.4113
21612.3000 1099 453 0.4122
21615.0000 1100 453 0.4118
21632.0000 1101 453 0.4114
21648.0000 1102 453 0.4111
21665.0000 1103 453 0.4107
21689.0000 1104 453 0.4103
21707.0000 1105 453 0.4100
21713.3000 1105 454 0.4109
21727.8000 1105 455 0.4118
21731.0000 1106 455 0.4114
21739.9000 1106 456 0.4123
21741.5000 1106 457 0.4132
21742.4000 1106 458 0.4141
21755.0000 1107 458 0.4137
21777.0000 1108 458 0.4134
21794.0000 1109 458 0.4130
21805.9000 1109 459 0.4139
21818.0000 1110 459 0.4135
21837.0000 1111 459 0.4131
21860.0000 1112 459 0.4128
21883.0000 1113 459 0.4124
21898.0000 1114 459 0.4120
21916.0000 1115 459 0.4117
21939.0000 1116 459 0.4113
21941.3000 1116 460 0.4122
21952.0000 1116 461 0.4131
21952.2000 1116 462 0.4140
21960.0000 1117 462 0.4136
21971.6000 1117 463 0.4145
21973.8000 1117 464 0.4154
21976.0000 1118 464 0.4150
21999.0000 1119 464 0.4147
22022.0000 1120 464 0.4143
22024.1000 1120 465 0.4152
22041.0000 1121 465 0.4148
22052.4000 1121 466 0.4157
22061.0000 1122 466 0.4153
22078.0000 1123 466 0.4150
22078.3000 1123 467 0.4159
22101.0000 1124 467 0.4155
22121.0000 1125 467 0.4151
22140.0000 1126 467 0.4147
22143.1000 1126 468 0.4156
22159.0000 1127 468 0.4153
22165.2000 1127 469 0.4161
22167.0000 1127 470 0.4170
22172.5000 1127 471 0.4179
22183.0000 1128 471 0.4176
22199.0000 1129 471 0.4172
22217.2000 1129 472 0.4181
22218.0000 1130 472 0.4177
22242.0000 1131 472 0.4173
22263.0000 1132 472 0.4170
22281.0000 1133 472 0.4166
22304.0000 1134 472 0.4162
22322.0000 1135 472 0.4159
22343.1000 1135 473 0.4167
22346.0000 1136 473 0.4164
22363.0000 1137 473 0.4160
22366.4000 1137 474 0.4169
22385.0000 1138 474 0.4165
22405.0000 1139 474 0.4162
22420.0000 1140 474 0.4158
22434.2000 1140 475 0.4167
22444.0000 1141 475 0.4163
22445.7000 1141 476 0.4172
22464.0000 1142 476 0.4168
22469.9000 1142 477 0.4177
22482.0000 1143 477 0.4173
22500.0000 1144 477 0.4170
22521.0000 1145 477 0.4166
22521.9000 1145 478 0.4175
22543.5000 1145 479 0.4183
22544.0000 1146 479 0.4180
22560.0000 1147 479 0.4176
22578.0000 1148 479 0.4172
22581.7000 1148 480 0.4181
22594.7000 1148 481 0.4190
22595.0000 1149 481 0.4186
22613.0000 1150 481 0.4183
22628.0000 1151 481 0.4179
22648.0000 1152 481 0.4175
22666.0000 1153 481 0.4172
22682.0000 1154 481 0.4168
22684.1000 1154 482 0.4177
22698.0000 1155 482 0.4173
22713.0000 1156 482 0.4170
22717.4000 1156 483 0.4178
22735.0000 1157 483 0.4175
22751.7000 1157 484 0.4183
22752.3000 1157 485 0.4192
22758.0000 1158 485 0.4188
22763.0000 1158 486 0.4197
22772.9000 1158 487 0.4206
22778.0000 1158 488 0.4214
22779.0000 1159 488 0.4211
22799.0000 1160 488 0.4207
22802.8000 1160 489 0.4216
22805.6000 1160 490 0.4224
22820.0000 1161 490 0.4220
22822.2000 1161 491 0.4229
22824.0000 1161 492 0.4238
22835.0000 1162 492 0.4234
22850.0000 1163 492 0.4230
22850.5000 1163 493 0.4239
22869.0000 1164 493 0.4235
22890.4000 1164 494 0.4244
22891.0000 1165 494 0.4240
22893.0000 1165 495 0.4249
22906.2000 1165 496 0.4258
22913.0000 1166 496 0.4254
22913.5000 1166 497 0.4262
22916.7000 1166 498 0.4271
22919.6000 1166 499 0.4280
22931.0000 1167 499 0.4276
22947.4000 1167 500 0.4284
22954.0000 1168 500 0.4281
22971.0000 1169 500 0.4277
22991.0000 1170 500 0.4274
23007.0000 1171 500 0.4270
23021.8000 1171 501 0.4278
23031.0000 1172 501 0.4275
23047.0000 1173 501 0.4271
23047.9000 1173 502 0.4280
23066.8000 1173 503 0.4288
23070.0000 1174 503 0.4284
23085.0000 1175 503 0.4281
23106.0000 1176 503 0.4277
23127.0000 1177 503 0.4274
23142.2000 1177 504 0.4282
23142.8000 1177 505 0.4291
23149.0000 1178 505 0.4287
23154.6000 1178 506 0.4295
23165.0000 1179 506 0.4292
23179.9000 1179 507 0.4300
23180.0000 1180 507 0.4297
23198.0000 1181 507 0.4293
23203.4000 1181 508 0.4301
23214.0000 1182 508 0.4298
23238.0000 1183 508 0.4294
23252.6000 1183 509 0.4303
23258.0000 1184 509 0.4299
23268.5000 1184 510 0.4307
23272.4000 1184 511 0.4316
23280.0000 1185 511 0.4312
23295.0000 1186 511 0.4309
23304.1000 1186 512 0.4317
23319.0000 1187 512 0.4313
23338.7000 1187 513 0.4322
23339.0000 1188 513 0.4318
23352.0000 1188 514 0.4327
23360.0000 1189 514 0.4323
23377.0000 1190 514 0.4319
23393.0000 1191 514 0.4316
23409.0000 1192 514 0.4312
23428.0000 1193 514 0.4308
23445.0000 1194 514 0.4305
23463.8000 1194 515 0.4313
23464.0000 1195 515 0.4310
23466.7000 1195 516 0.4318
23482.0000 1196 516 0.4314
23498.0000 1197 516 0.4311
23516.0000 1198 516 0.4307
23525.4000 1198 517 0.4316
23532.0000 1199 517 0.4312
23547.0000 1200 517 0.4308
23558.7000 1200 518 0.4317
23567.8000 1200 519 0.4325
23568.0000 1201 519 0.4321
23569.3000 1201 520 0.4330
23589.0000 1202 520 0.4326
23613.0000 1203 520 0.4323
23629.0000 1204 520 0.4319
23630.5000 1204 521 0.4327
23637.6000 1204 522 0.4336
23643.8000 1204 523 0.4344
23647.0000 1205 523 0.4340
23653.1000 1205 524 0.4349
23662.0000 1206 524 0.4345
23681.0000 1207 524 0.4341
23691.8000 1207 525 0.4350
23702.0000 1208 525 0.4346
23702.4000 1208 526 0.4354
23703.4000 1208 527 0.4363
23705.8000 1208 528 0.4371
23710.9000 1208 529 0.4379
23721.9000 1208 530 0.4387
23726.0000 1209 530 0.4384
23726.3000 1209 531 0.4392
23741.0000 1210 531 0.4388
23760.0000 1211 531 0.4385
23769.3000 1211 532 0.4393
23773.5000 1211 533 0.4401
23778.0000 1212 533 0.4398
23798.0000 1213 533 0.4394
23812.1000 1213 534 0.4402
23817.0000 1214 534 0.4399
23837.0000 1215 534 0.4395
23843.7000 1215 535 0.4403
23846.7000 1215 536 0.4412
23859.0000 1216 536 0.4408
23874.0000 1217 536 0.4404
23895.0000 1218 536 0.4401
23916.0000 1219 536 0.4397
23937.0000 1220 536 0.4393
23949.6000 1220 537 0.4402
23961.0000 1221 537 0.4398
23972.4000 1221 538 0.4406
23978.4000 1221 539 0.4414
23981.0000 1222 539 0.4411
23985.1000 1222 540 0.4419
24004.0000 1223 540 0.4415
24026.0000 1224 540 0.4412
24036.9000 1224 541 0.4420
24037.5000 1224 542 0.4428
24043.0000 1225 542 0.4424
24062.0000 1226 542 0.4421
24077.5000 1226 543 0.4429
24079.0000 1227 543 0.4425
24095.0000 1228 543 0.4422
24110.0000 1229 543 0.4418
24134.0000 1230 543 0.4415
24140.5000 1230 544 0.4423
24150.2000 1230 545 0.4431
24157.0000 1231 545 0.4427
24179.0000 1232 545 0.4424
24189.1000 1232 546 0.4432
24189.3000 1232 547 0.4440
24203.0000 1233 547 0.4436
24222.0000 1234 547 0.4433
24245.0000 1235 547 0.4429
24252.7000 1235 548 0.4437
24254.9000 1235 549 0.4445
24262.0000 1236 549 0.4442
24272.2000 1236 550 0.4450
24286.0000 1237 550 0.4446
24305.0000 1238 550 0.4443
24326.0000 1239 550 0.4439
24349.0000 1240 550 0.4435
24368.0000 1241 550 0.4432
24369.3000 1241 551 0.4440
24379.5000 1241 552 0.4448
24383.0000 1242 552 0.4444
24407.0000 1243 552 0.4441
24427.0000 1244 552 0.4437
24444.1000 1244 553 0.4445
24445.2000 1244 554 0.4453
24447.0000 1245 554 0.4450
24468.0000 1246 554 0.4446
24474.7000 1246 555 0.4454
24475.4000 1246 556 0.4462
24475.7000 1246 557 0.4470
24490.0000 1247 557 0.4467
24505.6000 1247 558 0.4475
24514.0000 1248 558 0.4471
24530.0000 1249 558 0.4468
24539.9000 1249 559 0.4476
24553.0000 1250 559 0.4472
24568.0000 1251 559 0.4468
24591.0000 1252 559 0.4465
24607.0000 1253 559 0.4461
24624.0000 1254 559 0.4458
24641.0000 1255 559 0.4454
24652.2000 1255 560 0.4462
24656.0000 1256 560 0.4459
24677.0000 1257 560 0.4455
24693.0000 1258 560 0.4452
24712.0000 1259 560 0.4448
24736.0000 1260 560 0.4444
24736.3000 1260 561 0.4452
24751.0000 1261 561 0.4449
24768.0000 1262 561 0.4445
24790.0000 1263 561 0.4442
24809.0000 1264 561 0.4438
24824.0000 1265 561 0.4435
24844.0000 1266 561 0.4431
24867.0000 1267 561 0.4428
24883.0000 1268 561 0.4424
24898.8000 1268 562 0.4432
24899.1000 1268 563 0.4440
24902.0000 1268 564 0.4448
24902.9000 1268 565 0.4456
24906.0000 1269 565 0.4452
24921.0000 1270 565 0.4449
24945.0000 1271 565 0.4445
24963.0000 1272 565 0.4442
24971.9000 1272 566 0.4450
24975.0000 1272 567 0.4458
24977.6000 1272 568 0.4465
24980.0000 1273 568 0.4462
24999.0000 1274 568 0.4458
25015.0000 1275 568 0.4455
25028.6000 1275 569 0.4463
25034.0000 1276 569 0.4459
25055.0000 1277 569 0.4456
25074.0000 1278 569 0.4452
25083.3000 1278 570 0.4460
25095.0000 1279 570 0.4457
25095.1000 1279 571 0.4464
25107.0000 1279 572 0.4472
25116.1000 1279 573 0.4480
25119.0000 1280 573 0.4477
25138.0000 1281 573 0.4473
25162.0000 1282 573 0.4470
25183.0000 1283 573 0.4466
