# time  created  delivered  delivered/created
22.0000 1 0 0.0000
38.0000 2 0 0.0000
54.0000 3 0 0.0000
72.0000 4 0 0.0000
94.0000 5 0 0.0000
110.0000 6 0 0.0000
133.0000 7 0 0.0000
153.0000 8 0 0.0000
175.0000 9 0 0.0000
191.0000 10 0 0.0000
210.0000 11 0 0.0000
225.0000 12 0 0.0000
249.0000 13 0 0.0000
265.0000 14 0 0.0000
281.0000 15 0 0.0000
304.0000 16 0 0.0000
328.0000 17 0 0.0000
343.0000 18 0 0.0000
367.0000 19 0 0.0000
382.0000 20 0 0.0000
399.0000 21 0 0.0000
420.0000 22 0 0.0000
439.0000 23 0 0.0000
458.0000 24 0 0.0000
480.0000 25 0 0.0000
497.0000 26 0 0.0000
515.0000 27 0 0.0000
538.0000 28 0 0.0000
562.0000 29 0 0.0000
581.0000 30 0 0.0000
581.2000 30 1 0.0333
603.0000 31 1 0.0323
625.0000 32 1 0.0313
642.8000 32 2 0.0625
646.0000 33 2 0.0606
658.2000 33 3 0.0909
661.6000 33 4 0.1212
667.0000 34 4 0.1176
685.0000 35 4 0.1143
691.0000 35 5 0.1429
700.0000 36 5 0.1389
722.0000 37 5 0.1351
741.0000 38 5 0.1316
764.0000 39 5 0.1282
773.6000 39 6 0.1538
784.0000 40 6 0.1500
806.0000 41 6 0.1463
829.0000 42 6 0.1429
851.0000 43 6 0.1395
873.0000 44 6 0.1364
895.0000 45 6 0.1333
905.1000 45 7 0.1556
918.0000 46 7 0.1522
941.0000 47 7 0.1489
957.0000 48 7 0.1458
975.0000 49 7 0.1429
998.0000 50 7 0.1400
1018.0000 51 7 0.1373
1040.0000 52 7 0.1346
1056.0000 53 7 0.1321
1077.0000 54 7 0.1296
1096.0000 55 7 0.1273
1117.0000 56 7 0.1250
1137.0000 57 7 0.1228
1159.0000 58 7 0.1207
1179.0000 59 7 0.1186
1194.1000 59 8 0.1356
1201.0000 60 8 0.1333
1216.0000 61 8 0.1311
1225.1000 61 9 0.1475
1232.0000 62 9 0.1452
1251.0000 63 9 0.1429
1268.0000 64 9 0.1406
1287.0000 65 9 0.1385
1308.0000 66 9 0.1364
1327.0000 67 9 0.1343
1342.0000 68 9 0.1324
1364.0000 69 9 0.1304
1381.1000 69 10 0.1449
1388.0000 70 10 0.1429
1397.1000 70 11 0.1571
1407.0000 71 11 0.1549
1422.0000 72 11 0.1528
1442.0000 73 11 0.1507
1464.0000 74 11 0.1486
1475.9000 74 12 0.1622
1478.4000 74 13 0.1757
1479.0000 75 13 0.1733
1483.1000 75 14 0.1867
1500.0000 76 14 0.1842
1518.0000 77 14 0.1818
1542.0000 78 14 0.1795
1555.9000 78 15 0.1923
1562.0000 79 15 0.1899
1577.0000 80 15 0.1875
1595.4000 80 16 0.2000
1600.0000 81 16 0.1975
1620.0000 82 16 0.1951
1637.0000 83 16 0.1928
1652.0000 84 16 0.1905
1673.0000 85 16 0.1882
1695.0000 86 16 0.1860
1706.4000 86 17 0.1977
1713.0000 87 17 0.1954
1736.2000 87 18 0.2069
1737.0000 88 18 0.2045
1739.4000 88 19 0.2159
1739.8000 88 20 0.2273
1760.0000 89 20 0.2247
1781.0000 90 20 0.2222
1804.0000 91 20 0.2198
1826.0000 92 20 0.2174
1849.0000 93 20 0.2151
1870.0000 94 20 0.2128
1880.0000 94 21 0.2234
1890.0000 95 21 0.2211
1911.0000 96 21 0.2188
1929.0000 97 21 0.2165
1948.0000 98 21 0.2143
1965.0000 99 21 0.2121
1980.0000 100 21 0.2100
2002.0000 101 21 0.2079
2019.9000 101 22 0.2178
2024.0000 102 22 0.2157
2035.6000 102 23 0.2255
2041.0000 103 23 0.2233
2064.0000 104 23 0.2212
2080.0000 105 23 0.2190
2095.0000 106 23 0.2170
2119.0000 107 23 0.2150
2139.0000 108 23 0.2130
2142.8000 108 24 0.2222
2161.0000 109 24 0.2202
2178.0000 110 24 0.2182
2199.0000 111 24 0.2162
2215.9000 111 25 0.2252
2217.0000 111 26 0.2342
2222.0000 112 26 0.2321
2240.0000 113 26 0.2301
2259.0000 114 26 0.2281
2275.0000 115 26 0.2261
2295.0000 116 26 0.2241
2314.0000 117 26 0.2222
2324.2000 117 27 0.2308
2335.0000 118 27 0.2288
2354.0000 119 27 0.2269
2377.0000 120 27 0.2250
2396.0000 121 27 0.2231
2411.0000 122 27 0.2213
2412.0000 122 28 0.2295
2433.0000 123 28 0.2276
2452.0000 124 28 0.2258
2460.7000 124 29 0.2339
2470.3000 124 30 0.2419
2474.0000 125 30 0.2400
2494.6000 125 31 0.2480
2496.0000 126 31 0.2460
2511.0000 127 31 0.2441
2526.0000 128 31 0.2422
2546.0000 129 31 0.2403
2552.4000 129 32 0.2481
2563.0000 130 32 0.2462
2586.0000 131 32 0.2443
2601.0000 132 32 0.2424
2621.0000 133 32 0.2406
2641.0000 134 32 0.2388
2662.0000 135 32 0.2370
2678.0000 136 32 0.2353
2689.6000 136 33 0.2426
2693.0000 137 33 0.2409
2697.4000 137 34 0.2482
2699.2000 137 35 0.2555
2716.0000 138 35 0.2536
2735.0000 139 35 0.2518
2740.4000 139 36 0.2590
2754.0000 140 36 0.2571
2771.0000 141 36 0.2553
2788.0000 142 36 0.2535
2800.0000 142 37 0.2606
2807.0000 143 37 0.2587
2823.1000 143 38 0.2657
2831.0000 144 38 0.2639
2836.5000 144 39 0.2708
2853.0000 145 39 0.2690
2868.0000 146 39 0.2671
2872.2000 146 40 0.2740
2873.4000 146 41 0.2808
2891.0000 147 41 0.2789
2911.0000 148 41 0.2770
2926.0000 149 41 0.2752
2942.0000 150 41 0.2733
2947.3000 150 42 0.2800
2962.0000 151 42 0.2781
2979.0000 152 42 0.2763
3003.0000 153 42 0.2745
3024.0000 154 42 0.2727
3040.0000 155 42 0.2710
3061.0000 155 43 0.2774
3061.5000 155 44 0.2839
3064.0000 156 44 0.2821
3065.8000 156 45 0.2885
3086.0000 157 45 0.2866
3110.0000 158 45 0.2848
3129.0000 159 45 0.2830
3147.0000 160 45 0.2813
3166.0000 161 45 0.2795
3190.0000 162 45 0.2778
3210.0000 163 45 0.2761
3225.0000 164 45 0.2744
3234.4000 164 46 0.2805
3243.0000 165 46 0.2788
3260.0000 166 46 0.2771
3261.2000 166 47 0.2831
3283.0000 167 47 0.2814
3305.0000 168 47 0.2798
3321.0000 169 47 0.2781
3344.0000 170 47 0.2765
3362.6000 170 48 0.2824
3365.0000 171 48 0.2807
3385.0000 172 48 0.2791
3408.0000 173 48 0.2775
3415.1000 173 49 0.2832
3428.0000 174 49 0.2816
3449.0000 175 49 0.2800
3452.0000 175 50 0.2857
3460.1000 175 51 0.2914
3472.0000 176 51 0.2898
3488.0000 177 51 0.2881
3511.0000 178 51 0.2865
3512.5000 178 52 0.2921
3535.0000 179 52 0.2905
3552.0000 180 52 0.2889
3563.1000 180 53 0.2944
3565.2000 180 54 0.3000
3570.0000 181 54 0.2983
3575.8000 181 55 0.3039
3581.2000 181 56 0.3094
3589.0000 182 56 0.3077
3596.8000 182 57 0.3132
