# time  created  delivered  delivered/created
22.0000 1 0 0.0000
38.0000 2 0 0.0000
54.0000 3 0 0.0000
72.0000 4 0 0.0000
94.0000 5 0 0.0000
110.0000 6 0 0.0000
133.0000 7 0 0.0000
153.0000 8 0 0.0000
175.0000 9 0 0.0000
191.0000 10 0 0.0000
210.0000 11 0 0.0000
225.0000 12 0 0.0000
249.0000 13 0 0.0000
265.0000 14 0 0.0000
281.0000 15 0 0.0000
304.0000 16 0 0.0000
328.0000 17 0 0.0000
343.0000 18 0 0.0000
367.0000 19 0 0.0000
382.0000 20 0 0.0000
399.0000 21 0 0.0000
420.0000 22 0 0.0000
439.0000 23 0 0.0000
458.0000 24 0 0.0000
480.0000 25 0 0.0000
497.0000 26 0 0.0000
515.0000 27 0 0.0000
538.0000 28 0 0.0000
562.0000 29 0 0.0000
581.0000 30 0 0.0000
581.2000 30 1 0.0333
603.0000 31 1 0.0323
625.0000 32 1 0.0313
641.2000 32 2 0.0625
646.0000 33 2 0.0606
661.6000 33 3 0.0909
667.0000 34 3 0.0882
685.0000 35 3 0.0857
691.0000 35 4 0.1143
700.0000 36 4 0.1111
714.8000 36 5 0.1389
722.0000 37 5 0.1351
741.0000 38 5 0.1316
764.0000 39 5 0.1282
773.6000 39 6 0.1538
784.0000 40 6 0.1500
806.0000 41 6 0.1463
829.0000 42 6 0.1429
851.0000 43 6 0.1395
873.0000 44 6 0.1364
895.0000 45 6 0.1333
904.7000 45 7 0.1556
918.0000 46 7 0.1522
941.0000 47 7 0.1489
957.0000 48 7 0.1458
975.0000 49 7 0.1429
998.0000 50 7 0.1400
1018.0000 51 7 0.1373
1040.0000 52 7 0.1346
1056.0000 53 7 0.1321
1077.0000 54 7 0.1296
1096.0000 55 7 0.1273
1117.0000 56 7 0.1250
1137.0000 57 7 0.1228
1159.0000 58 7 0.1207
1179.0000 59 7 0.1186
1194.1000 59 8 0.1356
1201.0000 60 8 0.1333
1216.0000 61 8 0.1311
1225.1000 61 9 0.1475
1226.1000 61 10 0.1639
1232.0000 62 10 0.1613
1251.0000 63 10 0.1587
1268.0000 64 10 0.1563
1287.0000 65 10 0.1538
1308.0000 66 10 0.1515
1327.0000 67 10 0.1493
1342.0000 68 10 0.1471
1364.0000 69 10 0.1449
1381.1000 69 11 0.1594
1388.0000 70 11 0.1571
1397.1000 70 12 0.1714
1407.0000 71 12 0.1690
1422.0000 72 12 0.1667
1442.0000 73 12 0.1644
1464.0000 74 12 0.1622
1475.9000 74 13 0.1757
1478.4000 74 14 0.1892
1479.0000 75 14 0.1867
1483.1000 75 15 0.2000
1500.0000 76 15 0.1974
1518.0000 77 15 0.1948
1542.0000 78 15 0.1923
1562.0000 79 15 0.1899
1577.0000 80 15 0.1875
1595.4000 80 16 0.2000
1600.0000 81 16 0.1975
1620.0000 82 16 0.1951
1637.0000 83 16 0.1928
1652.0000 84 16 0.1905
1673.0000 85 16 0.1882
1695.0000 86 16 0.1860
1706.4000 86 17 0.1977
1713.0000 87 17 0.1954
1736.2000 87 18 0.2069
1737.0000 88 18 0.2045
1739.4000 88 19 0.2159
1739.8000 88 20 0.2273
1760.0000 89 20 0.2247
1770.8000 89 21 0.2360
1781.0000 90 21 0.2333
1804.0000 91 21 0.2308
1826.0000 92 21 0.2283
1849.0000 93 21 0.2258
1870.0000 94 21 0.2234
1880.0000 94 22 0.2340
1890.0000 95 22 0.2316
1911.0000 96 22 0.2292
1929.0000 97 22 0.2268
1948.0000 98 22 0.2245
1965.0000 99 22 0.2222
1980.0000 100 22 0.2200
1990.3000 100 23 0.2300
2002.0000 101 23 0.2277
2019.9000 101 24 0.2376
2024.0000 102 24 0.2353
2035.6000 102 25 0.2451
2041.0000 103 25 0.2427
2064.0000 104 25 0.2404
2080.0000 105 25 0.2381
2095.0000 106 25 0.2358
2119.0000 107 25 0.2336
2139.0000 108 25 0.2315
2143.7000 108 26 0.2407
2161.0000 109 26 0.2385
2178.0000 110 26 0.2364
2199.0000 111 26 0.2342
2217.0000 111 27 0.2432
2222.0000 112 27 0.2411
2240.0000 113 27 0.2389
2259.0000 114 27 0.2368
2275.0000 115 27 0.2348
2295.0000 116 27 0.2328
2314.0000 117 27 0.2308
2324.2000 117 28 0.2393
2335.0000 118 28 0.2373
2354.0000 119 28 0.2353
2373.1000 119 29 0.2437
2377.0000 120 29 0.2417
2396.0000 121 29 0.2397
2411.0000 122 29 0.2377
2412.0000 122 30 0.2459
2433.0000 123 30 0.2439
2452.0000 124 30 0.2419
2460.7000 124 31 0.2500
2461.2000 124 32 0.2581
2464.9000 124 33 0.2661
2470.9000 124 34 0.2742
2474.0000 125 34 0.2720
2496.0000 126 34 0.2698
2511.0000 127 34 0.2677
2526.0000 128 34 0.2656
2546.0000 129 34 0.2636
2552.4000 129 35 0.2713
2555.3000 129 36 0.2791
2563.0000 130 36 0.2769
2586.0000 131 36 0.2748
2601.0000 132 36 0.2727
2621.0000 133 36 0.2707
2641.0000 134 36 0.2687
2662.0000 135 36 0.2667
2678.0000 136 36 0.2647
2680.3000 136 37 0.2721
2689.6000 136 38 0.2794
2690.9000 136 39 0.2868
2693.0000 137 39 0.2847
2716.0000 138 39 0.2826
2735.0000 139 39 0.2806
2740.4000 139 40 0.2878
2754.0000 140 40 0.2857
2771.0000 141 40 0.2837
2788.0000 142 40 0.2817
2800.0000 142 41 0.2887
2807.0000 143 41 0.2867
2823.6000 143 42 0.2937
2831.0000 144 42 0.2917
2853.0000 145 42 0.2897
2868.0000 146 42 0.2877
2891.0000 147 42 0.2857
2911.0000 148 42 0.2838
2926.0000 149 42 0.2819
2942.0000 150 42 0.2800
2946.7000 150 43 0.2867
2954.4000 150 44 0.2933
2955.6000 150 45 0.3000
2962.0000 151 45 0.2980
2979.0000 152 45 0.2961
3003.0000 153 45 0.2941
3004.4000 153 46 0.3007
3023.1000 153 47 0.3072
3024.0000 154 47 0.3052
3040.0000 155 47 0.3032
3064.0000 156 47 0.3013
3065.8000 156 48 0.3077
3072.5000 156 49 0.3141
3084.5000 156 50 0.3205
3086.0000 157 50 0.3185
3110.0000 158 50 0.3165
3118.8000 158 51 0.3228
3129.0000 159 51 0.3208
3130.0000 159 52 0.3270
3147.0000 160 52 0.3250
3166.0000 161 52 0.3230
3166.7000 161 53 0.3292
3190.0000 162 53 0.3272
3210.0000 163 53 0.3252
3225.0000 164 53 0.3232
3243.0000 165 53 0.3212
3260.0000 166 53 0.3193
3261.2000 166 54 0.3253
3271.8000 166 55 0.3313
3273.4000 166 56 0.3373
3273.6000 166 57 0.3434
3283.0000 167 57 0.3413
3305.0000 168 57 0.3393
3321.0000 169 57 0.3373
3344.0000 170 57 0.3353
3364.7000 170 58 0.3412
3365.0000 171 58 0.3392
3385.0000 172 58 0.3372
3408.0000 173 58 0.3353
3423.8000 173 59 0.3410
3426.2000 173 60 0.3468
3428.0000 174 60 0.3448
3429.2000 174 61 0.3506
3447.6000 174 62 0.3563
3447.8000 174 63 0.3621
3449.0000 175 63 0.3600
3472.0000 176 63 0.3580
3488.0000 177 63 0.3559
3503.5000 177 64 0.3616
3510.8000 177 65 0.3672
3511.0000 178 65 0.3652
3527.6000 178 66 0.3708
3530.6000 178 67 0.3764
3530.9000 178 68 0.3820
3535.0000 179 68 0.3799
3550.1000 179 69 0.3855
3552.0000 180 69 0.3833
3570.0000 181 69 0.3812
3576.5000 181 70 0.3867
3589.0000 182 70 0.3846
3604.0000 183 70 0.3825
3619.0000 184 70 0.3804
3638.0000 185 70 0.3784
3653.0000 186 70 0.3763
3669.0000 187 70 0.3743
3689.0000 188 70 0.3723
3712.0000 189 70 0.3704
3730.0000 190 70 0.3684
3754.0000 191 70 0.3665
3771.0000 192 70 0.3646
3787.0000 193 70 0.3627
3809.0000 194 70 0.3608
3831.8000 194 71 0.3660
3832.0000 195 71 0.3641
3848.6000 195 72 0.3692
3854.0000 196 72 0.3673
3873.0000 197 72 0.3655
3895.0000 198 72 0.3636
3919.0000 199 72 0.3618
3938.0000 200 72 0.3600
3953.0000 200 73 0.3650
3955.0000 201 73 0.3632
3975.0000 202 73 0.3614
3985.7000 202 74 0.3663
3996.0000 203 74 0.3645
4012.0000 204 74 0.3627
4018.5000 204 75 0.3676
4031.0000 205 75 0.3659
4052.0000 206 75 0.3641
4054.9000 206 76 0.3689
4058.7000 206 77 0.3738
4060.0000 206 78 0.3786
4070.0000 207 78 0.3768
4094.0000 208 78 0.3750
4115.0000 209 78 0.3732
4129.0000 209 79 0.3780
4134.0000 210 79 0.3762
4153.0000 211 79 0.3744
4171.0000 212 79 0.3726
4194.0000 213 79 0.3709
4214.0000 214 79 0.3692
4221.9000 214 80 0.3738
4235.0000 215 80 0.3721
4245.6000 215 81 0.3767
4251.0000 216 81 0.3750
4268.6000 216 82 0.3796
4272.0000 217 82 0.3779
4287.3000 217 83 0.3825
4290.0000 218 83 0.3807
4297.6000 218 84 0.3853
4314.0000 219 84 0.3836
4325.0000 219 85 0.3881
4338.0000 220 85 0.3864
4360.0000 221 85 0.3846
4364.1000 221 86 0.3891
4381.0000 222 86 0.3874
4400.0000 223 86 0.3857
4415.6000 223 87 0.3901
4419.0000 224 87 0.3884
4419.1000 224 88 0.3929
4434.0000 225 88 0.3911
4435.5000 225 89 0.3956
4451.4000 225 90 0.4000
4453.5000 225 91 0.4044
4455.6000 225 92 0.4089
4458.0000 226 92 0.4071
4463.0000 226 93 0.4115
4476.0000 227 93 0.4097
4497.0000 228 93 0.4079
4505.4000 228 94 0.4123
4515.0000 229 94 0.4105
4537.0000 230 94 0.4087
4556.0000 231 94 0.4069
4580.0000 232 94 0.4052
4597.0000 233 94 0.4034
4607.1000 233 95 0.4077
4610.6000 233 96 0.4120
4614.0000 234 96 0.4103
4634.0000 235 96 0.4085
4655.0000 236 96 0.4068
4665.1000 236 97 0.4110
4672.0000 237 97 0.4093
4689.0000 238 97 0.4076
4699.4000 238 98 0.4118
4706.0000 239 98 0.4100
4729.0000 240 98 0.4083
4743.9000 240 99 0.4125
4747.0000 241 99 0.4108
4762.0000 242 99 0.4091
4764.8000 242 100 0.4132
4783.0000 243 100 0.4115
4795.2000 243 101 0.4156
4807.0000 244 101 0.4139
4824.0000 245 101 0.4122
4848.0000 246 101 0.4106
4867.0000 247 101 0.4089
4883.5000 247 102 0.4130
4886.0000 248 102 0.4113
4895.7000 248 103 0.4153
4909.0000 249 103 0.4137
4928.0000 250 103 0.4120
4951.0000 251 103 0.4104
4954.9000 251 104 0.4143
4966.0000 252 104 0.4127
4973.1000 252 105 0.4167
4986.0000 253 105 0.4150
4995.1000 253 106 0.4190
5010.0000 254 106 0.4173
5033.0000 255 106 0.4157
5048.0000 256 106 0.4141
5063.8000 256 107 0.4180
5072.0000 257 107 0.4163
5089.0000 258 107 0.4147
5112.0000 259 107 0.4131
5131.0000 260 107 0.4115
5151.0000 261 107 0.4100
5170.2000 261 108 0.4138
5171.0000 261 109 0.4176
5175.0000 262 109 0.4160
5194.0000 263 109 0.4144
5215.0000 264 109 0.4129
5232.8000 264 110 0.4167
5237.0000 265 110 0.4151
5238.5000 265 111 0.4189
5254.0000 266 111 0.4173
5263.5000 266 112 0.4211
5269.0000 267 112 0.4195
5291.0000 268 112 0.4179
5307.0000 269 112 0.4164
5324.0000 270 112 0.4148
5339.0000 271 112 0.4133
5355.3000 271 113 0.4170
5356.0000 272 113 0.4154
5371.0000 273 113 0.4139
5387.0000 274 113 0.4124
5395.6000 274 114 0.4161
5407.1000 274 115 0.4197
5410.0000 275 115 0.4182
5410.3000 275 116 0.4218
5426.0000 276 116 0.4203
5430.3000 276 117 0.4239
5447.0000 277 117 0.4224
5470.0000 278 117 0.4209
5490.0000 279 117 0.4194
5507.0000 280 117 0.4179
5516.1000 280 118 0.4214
5528.0000 281 118 0.4199
5542.9000 281 119 0.4235
5546.0000 282 119 0.4220
5564.0000 283 119 0.4205
5584.0000 284 119 0.4190
5589.7000 284 120 0.4225
5592.7000 284 121 0.4261
5607.0000 285 121 0.4246
5625.0000 286 121 0.4231
5643.0000 287 121 0.4216
5665.0000 288 121 0.4201
5685.0000 289 121 0.4187
5686.7000 289 122 0.4221
5704.0000 290 122 0.4207
5724.0000 291 122 0.4192
5745.0000 292 122 0.4178
5745.2000 292 123 0.4212
5747.9000 292 124 0.4247
5760.0000 293 124 0.4232
5771.8000 293 125 0.4266
5784.0000 294 125 0.4252
5805.0000 295 125 0.4237
5822.0000 296 125 0.4223
5841.0000 297 125 0.4209
5855.7000 297 126 0.4242
5859.0000 298 126 0.4228
5862.4000 298 127 0.4262
5869.1000 298 128 0.4295
5873.7000 298 129 0.4329
5874.0000 299 129 0.4314
5893.0000 300 129 0.4300
5901.3000 300 130 0.4333
5905.8000 300 131 0.4367
5914.0000 301 131 0.4352
5914.3000 301 132 0.4385
5932.0000 302 132 0.4371
5953.0000 303 132 0.4356
5970.8000 303 133 0.4389
5971.0000 304 133 0.4375
5986.0000 305 133 0.4361
5996.8000 305 134 0.4393
6003.8000 305 135 0.4426
6008.0000 306 135 0.4412
6024.0000 307 135 0.4397
6041.0000 308 135 0.4383
6041.3000 308 136 0.4416
6063.0000 309 136 0.4401
6068.1000 309 137 0.4434
6074.6000 309 138 0.4466
6087.0000 310 138 0.4452
6105.0000 311 138 0.4437
6124.0000 312 138 0.4423
6128.7000 312 139 0.4455
6129.8000 312 140 0.4487
6145.0000 313 140 0.4473
6166.0000 314 140 0.4459
6182.0000 315 140 0.4444
6201.0000 316 140 0.4430
6216.0000 317 140 0.4416
6231.0000 318 140 0.4403
6237.4000 318 141 0.4434
6248.0000 319 141 0.4420
6261.7000 319 142 0.4451
6267.0000 320 142 0.4438
6276.7000 320 143 0.4469
6285.7000 320 144 0.4500
6288.4000 320 145 0.4531
6289.0000 321 145 0.4517
6308.0000 322 145 0.4503
6332.0000 323 145 0.4489
6355.0000 324 145 0.4475
6372.0000 325 145 0.4462
6374.6000 325 146 0.4492
6376.7000 325 147 0.4523
6391.9000 325 148 0.4554
6393.0000 326 148 0.4540
6417.0000 327 148 0.4526
6428.5000 327 149 0.4557
6431.8000 327 150 0.4587
6432.2000 327 151 0.4618
6441.0000 328 151 0.4604
6460.0000 328 152 0.4634
6464.6000 328 153 0.4665
6465.0000 329 153 0.4650
6467.3000 329 154 0.4681
6486.0000 330 154 0.4667
6502.0000 331 154 0.4653
6518.0000 332 154 0.4639
6536.0000 333 154 0.4625
6548.1000 333 155 0.4655
6555.0000 334 155 0.4641
6572.0000 335 155 0.4627
6591.0000 336 155 0.4613
6606.9000 336 156 0.4643
6608.0000 337 156 0.4629
6631.0000 338 156 0.4615
6646.0000 339 156 0.4602
6646.8000 339 157 0.4631
6665.0000 340 157 0.4618
6684.0000 341 157 0.4604
6696.4000 341 158 0.4633
6708.0000 342 158 0.4620
6725.0000 343 158 0.4606
6745.0000 344 158 0.4593
6760.0000 345 158 0.4580
6781.0000 346 158 0.4566
6793.2000 346 159 0.4595
6800.0000 347 159 0.4582
6816.0000 348 159 0.4569
6839.0000 349 159 0.4556
6854.0000 350 159 0.4543
6874.0000 351 159 0.4530
6889.0000 352 159 0.4517
6893.6000 352 160 0.4545
6897.1000 352 161 0.4574
6900.1000 352 162 0.4602
6909.0000 353 162 0.4589
6930.0000 354 162 0.4576
6951.0000 355 162 0.4563
6971.0000 356 162 0.4551
6995.0000 357 162 0.4538
7008.2000 357 163 0.4566
7010.0000 358 163 0.4553
7011.8000 358 164 0.4581
7029.0000 359 164 0.4568
7042.8000 359 165 0.4596
7048.0000 360 165 0.4583
7071.0000 361 165 0.4571
7093.0000 362 165 0.4558
7093.3000 362 166 0.4586
7108.0000 363 166 0.4573
7130.0000 364 166 0.4560
7147.0000 365 166 0.4548
7163.0000 366 166 0.4536
7176.4000 366 167 0.4563
7180.0000 367 167 0.4550
7197.0000 368 167 0.4538
7221.0000 369 167 0.4526
7226.1000 369 168 0.4553
7240.0000 370 168 0.4541
7253.6000 370 169 0.4568
7255.0000 371 169 0.4555
7255.2000 371 170 0.4582
7272.0000 372 170 0.4570
7290.8000 372 171 0.4597
7296.0000 373 171 0.4584
7304.4000 373 172 0.4611
7319.0000 374 172 0.4599
7333.2000 374 173 0.4626
7335.0000 375 173 0.4613
7351.9000 375 174 0.4640
7358.0000 376 174 0.4628
7378.0000 377 174 0.4615
7394.0000 378 174 0.4603
7395.4000 378 175 0.4630
7411.0000 379 175 0.4617
7435.0000 380 175 0.4605
7436.5000 380 176 0.4632
7459.0000 381 176 0.4619
7480.0000 382 176 0.4607
7484.7000 382 177 0.4634
7493.2000 382 178 0.4660
7498.0000 383 178 0.4648
7514.0000 384 178 0.4635
7536.0000 385 178 0.4623
7544.1000 385 179 0.4649
7549.9000 385 180 0.4675
7559.0000 386 180 0.4663
7574.0000 387 180 0.4651
7589.1000 387 181 0.4677
7595.0000 388 181 0.4665
7613.0000 389 181 0.4653
7632.0000 390 181 0.4641
7644.3000 390 182 0.4667
7650.2000 390 183 0.4692
7656.0000 391 183 0.4680
7673.0000 392 183 0.4668
7685.6000 392 184 0.4694
7696.0000 393 184 0.4682
7713.0000 394 184 0.4670
7730.0000 395 184 0.4658
7734.1000 395 185 0.4684
7745.0000 396 185 0.4672
7749.4000 396 186 0.4697
7762.0000 397 186 0.4685
7784.0000 398 186 0.4673
7804.0000 399 186 0.4662
7822.0000 400 186 0.4650
7840.0000 401 186 0.4638
7858.0000 402 186 0.4627
7874.0000 403 186 0.4615
7895.0000 404 186 0.4604
7914.0000 405 186 0.4593
7929.1000 405 187 0.4617
7931.0000 406 187 0.4606
7935.0000 406 188 0.4631
7948.0000 407 188 0.4619
7960.8000 407 189 0.4644
7972.0000 408 189 0.4632
7987.0000 409 189 0.4621
7992.4000 409 190 0.4645
8002.0000 410 190 0.4634
8024.0000 411 190 0.4623
8040.0000 412 190 0.4612
8041.7000 412 191 0.4636
8059.0000 413 191 0.4625
8059.2000 413 192 0.4649
8066.2000 413 193 0.4673
8082.0000 414 193 0.4662
8099.0000 415 193 0.4651
8116.0000 416 193 0.4639
8137.0000 417 193 0.4628
8143.4000 417 194 0.4652
8158.0000 418 194 0.4641
8173.0000 419 194 0.4630
8190.0000 420 194 0.4619
8196.2000 420 195 0.4643
8205.0000 421 195 0.4632
8205.7000 421 196 0.4656
8227.0000 422 196 0.4645
8235.0000 422 197 0.4668
8237.1000 422 198 0.4692
8251.0000 423 198 0.4681
8270.0000 423 199 0.4704
8275.0000 424 199 0.4693
8297.0000 425 199 0.4682
8317.0000 426 199 0.4671
8336.0000 427 199 0.4660
8352.2000 427 200 0.4684
8354.8000 427 201 0.4707
8359.0000 428 201 0.4696
8375.0000 429 201 0.4685
8396.0000 430 201 0.4674
8398.9000 430 202 0.4698
8400.9000 430 203 0.4721
8414.0000 431 203 0.4710
8431.1000 431 204 0.4733
8437.0000 432 204 0.4722
8448.7000 432 205 0.4745
8453.0000 433 205 0.4734
8455.9000 433 206 0.4758
8456.6000 433 207 0.4781
8468.0000 434 207 0.4770
8492.0000 435 207 0.4759
8510.0000 436 207 0.4748
8525.0000 437 207 0.4737
8544.0000 438 207 0.4726
8556.0000 438 208 0.4749
8566.0000 439 208 0.4738
8569.9000 439 209 0.4761
8578.2000 439 210 0.4784
8586.0000 440 210 0.4773
8609.0000 441 210 0.4762
8625.0000 442 210 0.4751
8630.4000 442 211 0.4774
8641.5000 442 212 0.4796
8644.0000 443 212 0.4786
8663.0000 444 212 0.4775
8663.0000 444 213 0.4797
8681.0000 445 213 0.4787
8697.0000 446 213 0.4776
8699.7000 446 214 0.4798
8719.0000 447 214 0.4787
8730.3000 447 215 0.4810
8737.7000 447 216 0.4832
8743.0000 448 216 0.4821
8767.0000 449 216 0.4811
8784.0000 450 216 0.4800
8792.8000 450 217 0.4822
8800.0000 451 217 0.4812
8823.0000 452 217 0.4801
8839.0000 453 217 0.4790
8854.0000 454 217 0.4780
8869.0000 455 217 0.4769
8878.1000 455 218 0.4791
8890.9000 455 219 0.4813
8892.0000 456 219 0.4803
8911.0000 457 219 0.4792
8929.0000 458 219 0.4782
8943.7000 458 220 0.4803
8944.0000 459 220 0.4793
8954.6000 459 221 0.4815
8955.8000 459 222 0.4837
8961.0000 460 222 0.4826
8979.0000 461 222 0.4816
8997.0000 462 222 0.4805
9006.3000 462 223 0.4827
9011.3000 462 224 0.4848
9013.0000 463 224 0.4838
9026.4000 463 225 0.4860
9035.0000 464 225 0.4849
9058.0000 465 225 0.4839
9067.9000 465 226 0.4860
9073.0000 466 226 0.4850
9095.0000 467 226 0.4839
9119.0000 468 226 0.4829
9143.0000 469 226 0.4819
9162.0000 470 226 0.4809
9175.1000 470 227 0.4830
9186.0000 471 227 0.4820
9196.5000 471 228 0.4841
9209.0000 472 228 0.4831
9210.1000 472 229 0.4852
9224.0000 473 229 0.4841
9245.0000 474 229 0.4831
9264.0000 475 229 0.4821
9288.0000 476 229 0.4811
9306.5000 476 230 0.4832
9310.0000 477 230 0.4822
9315.8000 477 231 0.4843
9326.0000 478 231 0.4833
9338.1000 478 232 0.4854
9341.0000 479 232 0.4843
9365.0000 480 232 0.4833
9387.0000 481 232 0.4823
9403.0000 482 232 0.4813
9426.0000 483 232 0.4803
9444.0000 484 232 0.4793
9452.6000 484 233 0.4814
9454.2000 484 234 0.4835
9468.0000 485 234 0.4825
9485.0000 486 234 0.4815
9501.9000 486 235 0.4835
9503.0000 487 235 0.4825
9527.0000 488 235 0.4816
9550.0000 489 235 0.4806
9573.0000 490 235 0.4796
9591.0000 491 235 0.4786
9614.0000 492 235 0.4776
9632.0000 493 235 0.4767
9652.9000 493 236 0.4787
9653.0000 494 236 0.4777
9676.0000 495 236 0.4768
9693.0000 496 236 0.4758
9715.0000 497 236 0.4748
9736.0000 498 236 0.4739
9739.1000 498 237 0.4759
9750.0000 498 238 0.4779
9751.5000 498 239 0.4799
9752.0000 499 239 0.4790
9768.5000 499 240 0.4810
9776.0000 500 240 0.4800
9799.0000 501 240 0.4790
9821.0000 502 240 0.4781
9837.0000 503 240 0.4771
9861.0000 504 240 0.4762
9879.0000 505 240 0.4752
9890.2000 505 241 0.4772
9894.0000 506 241 0.4763
9909.0000 507 241 0.4753
9927.0000 508 241 0.4744
9945.4000 508 242 0.4764
9946.0000 509 242 0.4754
9969.0000 510 242 0.4745
9988.0000 511 242 0.4736
10007.0000 512 242 0.4727
10024.0000 513 242 0.4717
10026.8000 513 243 0.4737
10044.0000 514 243 0.4728
10045.1000 514 244 0.4747
10067.0000 515 244 0.4738
10087.0000 516 244 0.4729
10108.0000 516 245 0.4748
10108.0000 516 246 0.4767
10111.0000 517 246 0.4758
10111.2000 517 247 0.4778
10113.8000 517 248 0.4797
10132.0000 518 248 0.4788
10154.0000 519 248 0.4778
10177.0000 520 248 0.4769
10194.0000 521 248 0.4760
10216.0000 522 248 0.4751
10233.6000 522 249 0.4770
10235.0000 523 249 0.4761
10235.1000 523 250 0.4780
10256.0000 523 251 0.4799
10257.0000 524 251 0.4790
10281.0000 525 251 0.4781
10300.0000 526 251 0.4772
10320.0000 527 251 0.4763
10343.0000 528 251 0.4754
10366.0000 529 251 0.4745
10382.0000 530 251 0.4736
10402.0000 531 251 0.4727
10423.0000 532 251 0.4718
10424.8000 532 252 0.4737
10441.0000 533 252 0.4728
10443.4000 533 253 0.4747
10461.0000 534 253 0.4738
10480.0000 535 253 0.4729
10496.9000 535 254 0.4748
10497.0000 536 254 0.4739
10518.0000 537 254 0.4730
10536.0000 537 255 0.4749
10537.0000 538 255 0.4740
10552.3000 538 256 0.4758
10553.9000 538 257 0.4777
10555.0000 539 257 0.4768
10555.1000 539 258 0.4787
10571.0000 540 258 0.4778
10591.0000 541 258 0.4769
10596.5000 541 259 0.4787
10615.0000 542 259 0.4779
10616.0000 542 260 0.4797
10637.0000 543 260 0.4788
10645.7000 543 261 0.4807
10657.0000 544 261 0.4798
10666.1000 544 262 0.4816
10667.6000 544 263 0.4835
10680.5000 544 264 0.4853
10681.0000 545 264 0.4844
10703.0000 546 264 0.4835
10726.0000 547 264 0.4826
10748.0000 548 264 0.4818
10768.0000 549 264 0.4809
10781.7000 549 265 0.4827
10787.7000 549 266 0.4845
10788.0000 550 266 0.4836
10800.7000 550 267 0.4855
10808.0000 551 267 0.4846
10823.0000 552 267 0.4837
10842.0000 553 267 0.4828
10866.0000 554 267 0.4819
10875.1000 554 268 0.4838
10884.2000 554 269 0.4856
10884.4000 554 270 0.4874
10885.0000 555 270 0.4865
10887.3000 555 271 0.4883
10888.1000 555 272 0.4901
10907.0000 556 272 0.4892
10925.0000 557 272 0.4883
10942.0000 558 272 0.4875
10956.2000 558 273 0.4892
10966.0000 559 273 0.4884
10983.0000 560 273 0.4875
11006.0000 561 273 0.4866
11019.4000 561 274 0.4884
11021.3000 561 275 0.4902
11023.0000 562 275 0.4893
11039.7000 562 276 0.4911
11046.0000 563 276 0.4902
11053.0000 563 277 0.4920
11068.0000 564 277 0.4911
11084.0000 565 277 0.4903
11087.9000 565 278 0.4920
11102.0000 566 278 0.4912
11105.5000 566 279 0.4929
11120.0000 567 279 0.4921
11143.0000 568 279 0.4912
11148.4000 568 280 0.4930
11154.6000 568 281 0.4947
11166.0000 569 281 0.4938
11182.0000 570 281 0.4930
11186.7000 570 282 0.4947
11191.1000 570 283 0.4965
11197.6000 570 284 0.4982
11201.0000 571 284 0.4974
11208.2000 571 285 0.4991
11210.9000 571 286 0.5009
11218.0000 572 286 0.5000
11238.0000 573 286 0.4991
11250.8000 573 287 0.5009
11252.6000 573 288 0.5026
11254.1000 573 289 0.5044
11260.0000 574 289 0.5035
11269.2000 574 290 0.5052
11280.0000 575 290 0.5043
11298.0000 576 290 0.5035
11308.0000 576 291 0.5052
11319.0000 577 291 0.5043
11325.1000 577 292 0.5061
11333.2000 577 293 0.5078
11343.0000 578 293 0.5069
11363.0000 579 293 0.5060
11381.0000 580 293 0.5052
11405.0000 581 293 0.5043
11409.8000 581 294 0.5060
11424.0000 582 294 0.5052
11431.6000 582 295 0.5069
11434.4000 582 296 0.5086
11443.0000 583 296 0.5077
11443.6000 583 297 0.5094
11450.2000 583 298 0.5111
11467.0000 584 298 0.5103
11470.6000 584 299 0.5120
11473.2000 584 300 0.5137
11491.0000 585 300 0.5128
11511.0000 586 300 0.5119
11529.0000 587 300 0.5111
11540.0000 587 301 0.5128
11547.0000 588 301 0.5119
11550.7000 588 302 0.5136
11562.9000 588 303 0.5153
11566.0000 589 303 0.5144
11586.0000 590 303 0.5136
11610.0000 591 303 0.5127
11619.3000 591 304 0.5144
11626.0000 592 304 0.5135
11640.2000 592 305 0.5152
11646.4000 592 306 0.5169
11650.0000 593 306 0.5160
11665.0000 594 306 0.5152
11680.0000 595 306 0.5143
11688.2000 595 307 0.5160
11696.0000 596 307 0.5151
11711.0000 597 307 0.5142
11717.8000 597 308 0.5159
11731.0000 598 308 0.5151
11747.4000 598 309 0.5167
11755.0000 599 309 0.5159
11771.0000 600 309 0.5150
11781.7000 600 310 0.5167
11790.0000 601 310 0.5158
11805.5000 601 311 0.5175
11807.6000 601 312 0.5191
11809.0000 602 312 0.5183
11827.0000 603 312 0.5174
11851.0000 604 312 0.5166
11867.0000 605 312 0.5157
11872.9000 605 313 0.5174
11885.0000 606 313 0.5165
11893.6000 606 314 0.5182
11907.0000 607 314 0.5173
11929.0000 608 314 0.5164
11940.3000 608 315 0.5181
11948.0000 609 315 0.5172
11959.7000 609 316 0.5189
11971.0000 610 316 0.5180
11988.5000 610 317 0.5197
11995.0000 611 317 0.5188
12005.8000 611 318 0.5205
12012.0000 612 318 0.5196
12033.0000 613 318 0.5188
12040.5000 613 319 0.5204
12048.0000 614 319 0.5195
12051.6000 614 320 0.5212
12070.0000 615 320 0.5203
12073.0000 615 321 0.5220
12074.5000 615 322 0.5236
12088.0000 616 322 0.5227
12104.0000 617 322 0.5219
12124.0000 618 322 0.5210
12144.3000 618 323 0.5227
12145.0000 619 323 0.5218
12153.5000 619 324 0.5234
12165.0000 620 324 0.5226
12189.0000 621 324 0.5217
12209.0000 622 324 0.5209
12210.0000 622 325 0.5225
12218.2000 622 326 0.5241
12224.8000 622 327 0.5257
12226.0000 623 327 0.5249
12249.0000 624 327 0.5240
12261.5000 624 328 0.5256
12270.0000 625 328 0.5248
12287.0000 626 328 0.5240
12304.8000 626 329 0.5256
12305.0000 627 329 0.5247
12323.0000 628 329 0.5239
12329.6000 628 330 0.5255
12339.0000 629 330 0.5246
12341.9000 629 331 0.5262
12353.2000 629 332 0.5278
12358.0000 630 332 0.5270
12377.0000 631 332 0.5261
12399.0000 632 332 0.5253
12421.0000 633 332 0.5245
12444.0000 634 332 0.5237
12462.2000 634 333 0.5252
12463.0000 635 333 0.5244
12479.0000 636 333 0.5236
12484.5000 636 334 0.5252
12497.0000 637 334 0.5243
12518.0000 638 334 0.5235
12538.0000 639 334 0.5227
12548.3000 639 335 0.5243
12556.0000 640 335 0.5234
12556.6000 640 336 0.5250
12566.4000 640 337 0.5266
12569.1000 640 338 0.5281
12575.0000 641 338 0.5273
12596.0000 642 338 0.5265
12611.0000 643 338 0.5257
12614.7000 643 339 0.5272
12635.0000 644 339 0.5264
12641.7000 644 340 0.5280
12643.9000 644 341 0.5295
12655.0000 645 341 0.5287
12669.5000 645 342 0.5302
12672.0000 646 342 0.5294
12689.5000 646 343 0.5310
12691.0000 647 343 0.5301
12713.0000 648 343 0.5293
12725.8000 648 344 0.5309
12727.4000 648 345 0.5324
12737.0000 649 345 0.5316
12761.0000 650 345 0.5308
12781.0000 651 345 0.5300
12784.8000 651 346 0.5315
12798.0000 652 346 0.5307
12818.0000 653 346 0.5299
12830.3000 653 347 0.5314
12836.3000 653 348 0.5329
12839.0000 654 348 0.5321
12843.4000 654 349 0.5336
12863.0000 655 349 0.5328
12884.0000 656 349 0.5320
12901.0000 657 349 0.5312
12919.0000 658 349 0.5304
12935.3000 658 350 0.5319
12936.0000 659 350 0.5311
12954.0000 660 350 0.5303
12971.0000 661 350 0.5295
12986.0000 662 350 0.5287
13009.0000 663 350 0.5279
13029.0000 664 350 0.5271
13048.0000 665 350 0.5263
13069.0000 666 350 0.5255
13079.8000 666 351 0.5270
13080.5000 666 352 0.5285
13090.0000 667 352 0.5277
13112.0000 668 352 0.5269
13132.3000 668 353 0.5284
13135.0000 669 353 0.5277
13146.6000 669 354 0.5291
13157.0000 670 354 0.5284
13172.9000 670 355 0.5299
13175.0000 671 355 0.5291
13198.0000 672 355 0.5283
13201.1000 672 356 0.5298
13222.0000 673 356 0.5290
13235.4000 673 357 0.5305
13237.0000 674 357 0.5297
13261.0000 675 357 0.5289
13267.1000 675 358 0.5304
13279.0000 676 358 0.5296
13290.8000 676 359 0.5311
13303.0000 677 359 0.5303
13314.5000 677 360 0.5318
13327.0000 678 360 0.5310
13344.0000 679 360 0.5302
13361.0000 679 361 0.5317
13367.0000 680 361 0.5309
13372.5000 680 362 0.5324
13383.0000 680 363 0.5338
13385.0000 681 363 0.5330
13400.0000 682 363 0.5323
13404.6000 682 364 0.5337
13422.0000 683 364 0.5329
13422.4000 683 365 0.5344
13439.0000 684 365 0.5336
13463.0000 685 365 0.5328
13485.0000 686 365 0.5321
13501.0000 687 365 0.5313
13522.0000 688 365 0.5305
13534.7000 688 366 0.5320
13543.0000 689 366 0.5312
13558.0000 690 366 0.5304
13578.0000 691 366 0.5297
13597.0000 692 366 0.5289
13601.2000 692 367 0.5303
13605.9000 692 368 0.5318
13606.1000 692 369 0.5332
13606.8000 692 370 0.5347
13612.0000 693 370 0.5339
13622.2000 693 371 0.5354
13623.2000 693 372 0.5368
13633.0000 694 372 0.5360
13654.0000 695 372 0.5353
13674.0000 696 372 0.5345
13679.6000 696 373 0.5359
13681.8000 696 374 0.5374
13689.0000 697 374 0.5366
13690.0000 697 375 0.5380
13692.9000 697 376 0.5395
13713.0000 698 376 0.5387
13732.6000 698 377 0.5401
13733.0000 699 377 0.5393
13750.0000 700 377 0.5386
13770.6000 700 378 0.5400
13771.0000 701 378 0.5392
13787.0000 702 378 0.5385
13808.0000 703 378 0.5377
13831.0000 704 378 0.5369
13853.0000 705 378 0.5362
13874.0000 706 378 0.5354
13894.0000 707 378 0.5347
13910.0000 707 379 0.5361
13915.0000 708 379 0.5353
13930.6000 708 380 0.5367
13931.1000 708 381 0.5381
13937.0000 709 381 0.5374
13952.0000 710 381 0.5366
13956.1000 710 382 0.5380
13957.5000 710 383 0.5394
13976.0000 711 383 0.5387
13994.0000 712 383 0.5379
13995.0000 712 384 0.5393
14011.0000 713 384 0.5386
14030.1000 713 385 0.5400
14032.0000 714 385 0.5392
14056.0000 715 385 0.5385
14071.0000 715 386 0.5399
14077.0000 716 386 0.5391
14092.0000 717 386 0.5384
14107.0000 718 386 0.5376
14107.2000 718 387 0.5390
14109.0000 718 388 0.5404
14123.0000 719 388 0.5396
14147.0000 720 388 0.5389
14157.3000 720 389 0.5403
14167.0000 721 389 0.5395
14179.0000 721 390 0.5409
14186.0000 722 390 0.5402
14204.0000 723 390 0.5394
14208.3000 723 391 0.5408
14222.5000 723 392 0.5422
14225.0000 724 392 0.5414
14233.0000 724 393 0.5428
14240.6000 724 394 0.5442
14245.0000 725 394 0.5434
14262.7000 725 395 0.5448
14267.0000 726 395 0.5441
14283.7000 726 396 0.5455
14286.0000 727 396 0.5447
14304.0000 728 396 0.5440
14323.0000 729 396 0.5432
14343.0000 730 396 0.5425
14363.0000 731 396 0.5417
14378.6000 731 397 0.5431
14385.0000 732 397 0.5423
14404.0000 733 397 0.5416
14420.0000 734 397 0.5409
14422.2000 734 398 0.5422
14441.0000 735 398 0.5415
14456.0000 736 398 0.5408
14466.4000 736 399 0.5421
14475.0000 737 399 0.5414
14499.0000 738 399 0.5407
14508.8000 738 400 0.5420
14523.0000 739 400 0.5413
14544.0000 740 400 0.5405
14568.0000 741 400 0.5398
14588.0000 742 400 0.5391
14603.0000 743 400 0.5384
14605.8000 743 401 0.5397
14617.6000 743 402 0.5410
14618.0000 744 402 0.5403
14629.5000 744 403 0.5417
14638.2000 744 404 0.5430
14639.0000 745 404 0.5423
14639.8000 745 405 0.5436
14649.6000 745 406 0.5450
14655.0000 746 406 0.5442
14676.0000 747 406 0.5435
14696.0000 748 406 0.5428
14718.0000 749 406 0.5421
14733.2000 749 407 0.5434
14736.0000 750 407 0.5427
14742.5000 750 408 0.5440
14744.2000 750 409 0.5453
14746.8000 750 410 0.5467
14756.0000 751 410 0.5459
14773.0000 752 410 0.5452
14780.0000 752 411 0.5465
14790.0000 753 411 0.5458
14809.0000 754 411 0.5451
14830.5000 754 412 0.5464
14831.0000 755 412 0.5457
14848.0000 756 412 0.5450
14855.9000 756 413 0.5463
14867.0000 757 413 0.5456
14889.0000 758 413 0.5449
14905.0000 759 413 0.5441
14914.3000 759 414 0.5455
14927.0000 760 414 0.5447
14942.0000 761 414 0.5440
14959.9000 761 415 0.5453
14961.0000 762 415 0.5446
14962.1000 762 416 0.5459
14984.0000 763 416 0.5452
14999.0000 764 416 0.5445
15001.4000 764 417 0.5458
15021.0000 765 417 0.5451
15032.7000 765 418 0.5464
15041.0000 766 418 0.5457
15058.0000 767 418 0.5450
15074.0000 768 418 0.5443
15089.2000 768 419 0.5456
15093.0000 769 419 0.5449
15101.5000 769 420 0.5462
15114.0000 770 420 0.5455
15114.9000 770 421 0.5468
15127.7000 770 422 0.5481
15132.0000 771 422 0.5473
15149.0000 772 422 0.5466
15172.0000 773 422 0.5459
15182.2000 773 423 0.5472
15190.0000 774 423 0.5465
15212.0000 775 423 0.5458
15235.0000 776 423 0.5451
15256.0000 777 423 0.5444
15276.5000 777 424 0.5457
15280.0000 778 424 0.5450
15288.6000 778 425 0.5463
15297.0000 779 425 0.5456
15313.3000 779 426 0.5469
15318.0000 780 426 0.5462
15336.0000 781 426 0.5455
15360.0000 782 426 0.5448
15381.0000 783 426 0.5441
15386.0000 783 427 0.5453
15399.0000 784 427 0.5446
15419.0000 785 427 0.5439
15437.1000 785 428 0.5452
15439.9000 785 429 0.5465
15441.0000 786 429 0.5458
15442.8000 786 430 0.5471
15457.4000 786 431 0.5483
15465.0000 787 431 0.5476
15482.0000 788 431 0.5470
15504.0000 789 431 0.5463
15517.2000 789 432 0.5475
15526.0000 790 432 0.5468
15538.7000 790 433 0.5481
15539.5000 790 434 0.5494
15547.0000 791 434 0.5487
15569.0000 792 434 0.5480
15591.0000 793 434 0.5473
15615.0000 794 434 0.5466
15632.0000 795 434 0.5459
15632.0000 795 435 0.5472
15651.0000 796 435 0.5465
15666.0000 797 435 0.5458
15684.0000 798 435 0.5451
15708.0000 799 435 0.5444
15724.0000 800 435 0.5438
15746.0000 801 435 0.5431
15764.0000 802 435 0.5424
15780.2000 802 436 0.5436
15782.0000 803 436 0.5430
15793.3000 803 437 0.5442
15799.0000 804 437 0.5435
15815.0000 805 437 0.5429
15838.0000 806 437 0.5422
15854.0000 807 437 0.5415
15857.4000 807 438 0.5428
15859.8000 807 439 0.5440
15873.0000 808 439 0.5433
15891.0000 808 440 0.5446
15894.0000 809 440 0.5439
15909.0000 810 440 0.5432
15927.0000 811 440 0.5425
15948.0000 812 440 0.5419
15953.1000 812 441 0.5431
15956.3000 812 442 0.5443
15958.5000 812 443 0.5456
15967.0000 813 443 0.5449
15971.8000 813 444 0.5461
15990.0000 814 444 0.5455
15990.1000 814 445 0.5467
16005.2000 814 446 0.5479
16010.0000 815 446 0.5472
16027.0000 816 446 0.5466
16042.0000 817 446 0.5459
16056.0000 817 447 0.5471
16061.0000 818 447 0.5465
16061.0000 818 448 0.5477
16062.5000 818 449 0.5489
16080.0000 819 449 0.5482
16090.2000 819 450 0.5495
16104.0000 820 450 0.5488
16124.0000 821 450 0.5481
16139.0000 822 450 0.5474
16155.0000 823 450 0.5468
16175.0000 824 450 0.5461
16196.0000 825 450 0.5455
16205.3000 825 451 0.5467
16212.0000 826 451 0.5460
16220.0000 826 452 0.5472
16230.0000 827 452 0.5466
16245.0000 828 452 0.5459
16261.0000 829 452 0.5452
16281.0000 830 452 0.5446
16295.8000 830 453 0.5458
16301.0000 831 453 0.5451
16305.1000 831 454 0.5463
16309.7000 831 455 0.5475
16322.0000 832 455 0.5469
16327.6000 832 456 0.5481
16338.0000 833 456 0.5474
16355.4000 833 457 0.5486
16357.0000 834 457 0.5480
16369.6000 834 458 0.5492
16380.0000 835 458 0.5485
16399.0000 836 458 0.5478
16410.7000 836 459 0.5490
16416.0000 837 459 0.5484
16433.0000 838 459 0.5477
16436.5000 838 460 0.5489
16455.0000 839 460 0.5483
16476.9000 839 461 0.5495
16479.0000 840 461 0.5488
16503.0000 841 461 0.5482
16520.1000 841 462 0.5493
16526.0000 842 462 0.5487
16547.0000 843 462 0.5480
16568.0000 844 462 0.5474
16584.6000 844 463 0.5486
16589.0000 845 463 0.5479
16595.0000 845 464 0.5491
16601.6000 845 465 0.5503
16610.0000 846 465 0.5496
16628.0000 847 465 0.5490
16631.0000 847 466 0.5502
16646.0000 848 466 0.5495
16662.0000 849 466 0.5489
16682.0000 850 466 0.5482
16699.0000 851 466 0.5476
16720.9000 851 467 0.5488
16721.7000 851 468 0.5499
16723.0000 852 468 0.5493
16735.6000 852 469 0.5505
16745.0000 853 469 0.5498
16760.0000 854 469 0.5492
16783.0000 855 469 0.5485
16800.0000 856 469 0.5479
16802.3000 856 470 0.5491
16804.7000 856 471 0.5502
16818.0000 857 471 0.5496
16835.0000 858 471 0.5490
16838.0000 858 472 0.5501
16852.1000 858 473 0.5513
16858.0000 859 473 0.5506
16881.0000 860 473 0.5500
16901.0000 861 473 0.5494
16917.0000 862 473 0.5487
16935.0000 863 473 0.5481
16959.0000 864 473 0.5475
16980.0000 865 473 0.5468
16997.0000 866 473 0.5462
17001.4000 866 474 0.5473
17021.0000 867 474 0.5467
17037.7000 867 475 0.5479
17039.3000 867 476 0.5490
17040.0000 868 476 0.5484
17063.0000 869 476 0.5478
17075.7000 869 477 0.5489
17082.0000 870 477 0.5483
17105.0000 871 477 0.5476
17126.0000 872 477 0.5470
17143.0000 873 477 0.5464
17162.0000 874 477 0.5458
17181.0000 875 477 0.5451
17202.0000 876 477 0.5445
17225.0000 877 477 0.5439
17225.1000 877 478 0.5450
17240.0000 878 478 0.5444
17259.0000 879 478 0.5438
17278.0000 880 478 0.5432
17288.5000 880 479 0.5443
17299.0000 881 479 0.5437
17318.0000 882 479 0.5431
17336.0000 883 479 0.5425
17344.1000 883 480 0.5436
17344.5000 883 481 0.5447
17353.0000 884 481 0.5441
17357.6000 884 482 0.5452
17359.8000 884 483 0.5464
17370.0000 885 483 0.5458
17371.3000 885 484 0.5469
17393.6000 885 485 0.5480
17394.0000 886 485 0.5474
17416.0000 887 485 0.5468
17417.5000 887 486 0.5479
17439.0000 888 486 0.5473
17454.0000 889 486 0.5467
17467.5000 889 487 0.5478
17470.6000 889 488 0.5489
17472.7000 889 489 0.5501
17477.0000 890 489 0.5494
17480.2000 890 490 0.5506
17497.0000 891 490 0.5499
17515.0000 892 490 0.5493
17535.0000 893 490 0.5487
17558.0000 894 490 0.5481
17574.0000 895 490 0.5475
17580.5000 895 491 0.5486
17583.1000 895 492 0.5497
17598.0000 896 492 0.5491
17619.0000 897 492 0.5485
17632.9000 897 493 0.5496
17639.0000 898 493 0.5490
17653.1000 898 494 0.5501
17654.0000 899 494 0.5495
17672.0000 900 494 0.5489
17690.0000 901 494 0.5483
17710.0000 902 494 0.5477
17734.0000 903 494 0.5471
17747.2000 903 495 0.5482
17751.0000 904 495 0.5476
17756.2000 904 496 0.5487
17773.8000 904 497 0.5498
17774.0000 905 497 0.5492
17793.0000 906 497 0.5486
17808.0000 907 497 0.5480
17816.2000 907 498 0.5491
17825.2000 907 499 0.5502
17826.0000 908 499 0.5496
17846.0000 909 499 0.5490
17864.0000 910 499 0.5484
17884.0000 911 499 0.5477
17899.0000 912 499 0.5471
17907.3000 912 500 0.5482
17916.1000 912 501 0.5493
17917.0000 913 501 0.5487
17934.5000 913 502 0.5498
17934.7000 913 503 0.5509
17936.0000 914 503 0.5503
17958.0000 915 503 0.5497
17976.0000 916 503 0.5491
18000.0000 917 503 0.5485
18021.0000 918 503 0.5479
18025.1000 918 504 0.5490
18040.0000 919 504 0.5484
18059.0000 920 504 0.5478
18077.0000 921 504 0.5472
18077.2000 921 505 0.5483
18090.0000 921 506 0.5494
18092.0000 922 506 0.5488
18112.1000 922 507 0.5499
18113.0000 923 507 0.5493
18124.5000 923 508 0.5504
18132.0000 924 508 0.5498
18145.4000 924 509 0.5509
18147.7000 924 510 0.5519
18155.0000 925 510 0.5514
18169.3000 925 511 0.5524
18177.0000 926 511 0.5518
18181.0000 926 512 0.5529
18192.0000 927 512 0.5523
18207.8000 927 513 0.5534
18214.0000 928 513 0.5528
18221.6000 928 514 0.5539
18225.3000 928 515 0.5550
18236.0000 929 515 0.5544
18259.0000 930 515 0.5538
18275.0000 931 515 0.5532
18298.0000 932 515 0.5526
18321.0000 933 515 0.5520
18330.0000 933 516 0.5531
18340.0000 934 516 0.5525
18350.4000 934 517 0.5535
18353.1000 934 518 0.5546
18364.0000 935 518 0.5540
18369.3000 935 519 0.5551
18374.5000 935 520 0.5561
18383.0000 936 520 0.5556
18402.0000 937 520 0.5550
18425.0000 938 520 0.5544
18449.0000 939 520 0.5538
18461.2000 939 521 0.5548
18471.3000 939 522 0.5559
18473.0000 940 522 0.5553
18488.0000 941 522 0.5547
18512.0000 942 522 0.5541
18517.2000 942 523 0.5552
18533.9000 942 524 0.5563
18534.0000 943 524 0.5557
18549.0000 944 524 0.5551
18570.0000 945 524 0.5545
18574.7000 945 525 0.5556
18590.0000 946 525 0.5550
18613.0000 947 525 0.5544
18626.0000 947 526 0.5554
18632.0000 948 526 0.5549
18652.1000 948 527 0.5559
18653.0000 949 527 0.5553
18675.2000 949 528 0.5564
18677.0000 950 528 0.5558
18696.0000 951 528 0.5552
18715.0000 952 528 0.5546
18723.8000 952 529 0.5557
18738.0000 953 529 0.5551
18753.0000 954 529 0.5545
18768.0000 955 529 0.5539
18784.5000 955 530 0.5550
18786.0000 956 530 0.5544
18787.0000 956 531 0.5554
18809.0000 957 531 0.5549
18828.0000 958 531 0.5543
18841.5000 958 532 0.5553
18845.0000 959 532 0.5547
18850.1000 959 533 0.5558
18862.0000 960 533 0.5552
18884.0000 961 533 0.5546
18894.5000 961 534 0.5557
18899.0000 962 534 0.5551
18922.0000 963 534 0.5545
18939.0000 964 534 0.5539
18945.0000 964 535 0.5550
18947.1000 964 536 0.5560
18956.0000 965 536 0.5554
18977.0000 966 536 0.5549
18993.0000 967 536 0.5543
19015.0000 968 536 0.5537
19019.8000 968 537 0.5548
19020.5000 968 538 0.5558
19023.8000 968 539 0.5568
19036.2000 968 540 0.5579
19037.0000 969 540 0.5573
19037.0000 969 541 0.5583
19055.0000 970 541 0.5577
19072.0000 971 541 0.5572
19087.0000 972 541 0.5566
19095.5000 972 542 0.5576
19108.0000 973 542 0.5570
19129.0000 974 542 0.5565
19151.0000 975 542 0.5559
19161.8000 975 543 0.5569
19173.0000 976 543 0.5564
19192.0000 977 543 0.5558
19211.0000 978 543 0.5552
19231.0000 979 543 0.5546
19250.0000 979 544 0.5557
19254.0000 980 544 0.5551
19277.0000 981 544 0.5545
19301.0000 982 544 0.5540
19305.4000 982 545 0.5550
19313.4000 982 546 0.5560
19316.0000 983 546 0.5554
19318.2000 983 547 0.5565
19340.0000 984 547 0.5559
19355.0000 985 547 0.5553
19373.0000 986 547 0.5548
19391.0000 987 547 0.5542
19406.0000 988 547 0.5536
19406.6000 988 548 0.5547
19418.6000 988 549 0.5557
19423.0000 989 549 0.5551
19439.0000 990 549 0.5545
19455.0000 991 549 0.5540
19479.0000 992 549 0.5534
19497.0000 993 549 0.5529
19521.0000 994 549 0.5523
19524.3000 994 550 0.5533
19539.6000 994 551 0.5543
19542.0000 995 551 0.5538
19565.0000 996 551 0.5532
19586.0000 997 551 0.5527
19601.0000 998 551 0.5521
19616.3000 998 552 0.5531
19622.0000 999 552 0.5526
19622.4000 999 553 0.5536
19641.0000 1000 553 0.5530
19660.0000 1001 553 0.5524
19677.0000 1002 553 0.5519
19692.0000 1003 553 0.5513
19703.0000 1003 554 0.5523
19715.8000 1003 555 0.5533
19716.0000 1004 555 0.5528
19739.0000 1005 555 0.5522
19746.2000 1005 556 0.5532
19755.0000 1006 556 0.5527
19770.0000 1007 556 0.5521
19782.7000 1007 557 0.5531
19783.2000 1007 558 0.5541
19783.3000 1007 559 0.5551
19792.0000 1008 559 0.5546
19815.0000 1009 559 0.5540
19816.1000 1009 560 0.5550
19833.0000 1010 560 0.5545
19852.0000 1011 560 0.5539
19871.9000 1011 561 0.5549
19876.0000 1012 561 0.5543
19884.2000 1012 562 0.5553
19891.0000 1013 562 0.5548
19908.0000 1014 562 0.5542
19908.3000 1014 563 0.5552
19924.9000 1014 564 0.5562
19932.0000 1015 564 0.5557
19956.0000 1016 564 0.5551
19968.8000 1016 565 0.5561
19970.9000 1016 566 0.5571
19975.0000 1016 567 0.5581
19976.0000 1017 567 0.5575
19998.0000 1018 567 0.5570
20000.0000 1018 568 0.5580
20006.6000 1018 569 0.5589
20019.0000 1019 569 0.5584
20034.0000 1020 569 0.5578
20039.7000 1020 570 0.5588
20054.8000 1020 571 0.5598
20057.0000 1021 571 0.5593
20075.0000 1022 571 0.5587
20082.2000 1022 572 0.5597
20094.0000 1023 572 0.5591
20096.9000 1023 573 0.5601
20118.0000 1024 573 0.5596
20135.0000 1025 573 0.5590
20157.0000 1026 573 0.5585
20179.0000 1027 573 0.5579
20197.0000 1028 573 0.5574
20197.2000 1028 574 0.5584
20201.3000 1028 575 0.5593
20207.6000 1028 576 0.5603
20221.0000 1029 576 0.5598
20237.0000 1030 576 0.5592
20259.0000 1031 576 0.5587
20276.0000 1032 576 0.5581
20287.3000 1032 577 0.5591
20293.0000 1033 577 0.5586
20308.0000 1034 577 0.5580
20327.0000 1035 577 0.5575
20350.0000 1036 577 0.5569
20366.0000 1037 577 0.5564
20372.7000 1037 578 0.5574
20373.6000 1037 579 0.5583
20385.0000 1038 579 0.5578
20401.0000 1039 579 0.5573
20421.0000 1040 579 0.5567
20437.0000 1041 579 0.5562
20457.9000 1041 580 0.5572
20461.0000 1042 580 0.5566
20485.0000 1043 580 0.5561
20498.7000 1043 581 0.5570
20508.0000 1044 581 0.5565
20522.0000 1044 582 0.5575
20532.0000 1045 582 0.5569
20554.0000 1046 582 0.5564
20569.4000 1046 583 0.5574
20576.0000 1047 583 0.5568
20588.3000 1047 584 0.5578
20591.3000 1047 585 0.5587
20594.0000 1048 585 0.5582
20611.0000 1049 585 0.5577
20635.0000 1050 585 0.5571
20653.5000 1050 586 0.5581
20655.0000 1051 586 0.5576
20663.9000 1051 587 0.5585
20666.6000 1051 588 0.5595
20673.0000 1052 588 0.5589
20677.2000 1052 589 0.5599
20691.0000 1053 589 0.5594
20706.0000 1054 589 0.5588
20715.2000 1054 590 0.5598
20724.0000 1055 590 0.5592
20735.7000 1055 591 0.5602
20744.0000 1056 591 0.5597
20746.4000 1056 592 0.5606
20756.1000 1056 593 0.5616
20756.7000 1056 594 0.5625
20766.0000 1057 594 0.5620
20782.0000 1058 594 0.5614
20800.0000 1059 594 0.5609
20801.3000 1059 595 0.5619
20816.8000 1059 596 0.5628
20817.1000 1059 597 0.5637
20819.6000 1059 598 0.5647
20821.0000 1060 598 0.5642
20839.1000 1060 599 0.5651
20844.0000 1061 599 0.5646
20853.6000 1061 600 0.5655
20856.9000 1061 601 0.5664
20857.6000 1061 602 0.5674
20858.0000 1061 603 0.5683
20860.6000 1061 604 0.5693
20864.0000 1062 604 0.5687
20888.0000 1063 604 0.5682
20911.0000 1064 604 0.5677
20920.1000 1064 605 0.5686
20931.0000 1065 605 0.5681
20952.0000 1066 605 0.5675
20956.7000 1066 606 0.5685
20968.0000 1067 606 0.5679
20970.7000 1067 607 0.5689
20989.7000 1067 608 0.5698
20990.0000 1068 608 0.5693
21005.7000 1068 609 0.5702
21007.0000 1069 609 0.5697
21008.6000 1069 610 0.5706
21031.0000 1070 610 0.5701
21055.0000 1071 610 0.5696
21077.0000 1072 610 0.5690
21092.0000 1073 610 0.5685
21096.9000 1073 611 0.5694
21097.1000 1073 612 0.5704
21116.0000 1074 612 0.5698
21132.0000 1075 612 0.5693
21148.0000 1076 612 0.5688
21160.0000 1076 613 0.5697
21166.0000 1077 613 0.5692
21184.0000 1078 613 0.5686
21189.4000 1078 614 0.5696
21204.0000 1079 614 0.5690
21223.0000 1080 614 0.5685
21225.8000 1080 615 0.5694
21235.3000 1080 616 0.5704
21236.2000 1080 617 0.5713
21239.3000 1080 618 0.5722
21247.0000 1081 618 0.5717
21271.0000 1082 618 0.5712
21285.5000 1082 619 0.5721
21292.0000 1083 619 0.5716
21294.2000 1083 620 0.5725
21295.5000 1083 621 0.5734
21309.0000 1084 621 0.5729
21319.4000 1084 622 0.5738
21327.0000 1085 622 0.5733
21347.3000 1085 623 0.5742
21351.0000 1086 623 0.5737
21367.7000 1086 624 0.5746
21368.0000 1087 624 0.5741
21387.0000 1088 624 0.5735
21389.7000 1088 625 0.5744
21407.0000 1089 625 0.5739
21424.0000 1090 625 0.5734
21427.9000 1090 626 0.5743
21444.0000 1091 626 0.5738
21463.0000 1092 626 0.5733
21483.0000 1093 626 0.5727
21505.0000 1094 626 0.5722
21523.0000 1095 626 0.5717
21534.2000 1095 627 0.5726
21539.0000 1096 627 0.5721
21550.4000 1096 628 0.5730
21556.0000 1097 628 0.5725
21577.0000 1098 628 0.5719
21599.0000 1099 628 0.5714
21615.0000 1100 628 0.5709
21632.0000 1101 628 0.5704
21648.0000 1102 628 0.5699
21651.4000 1102 629 0.5708
21657.5000 1102 630 0.5717
21665.0000 1103 630 0.5712
21689.0000 1104 630 0.5707
21695.2000 1104 631 0.5716
21707.0000 1105 631 0.5710
21713.3000 1105 632 0.5719
21714.3000 1105 633 0.5729
21721.4000 1105 634 0.5738
21731.0000 1106 634 0.5732
21755.0000 1107 634 0.5727
21777.0000 1108 634 0.5722
21794.0000 1109 634 0.5717
21807.1000 1109 635 0.5726
21818.0000 1110 635 0.5721
21837.0000 1111 635 0.5716
21847.3000 1111 636 0.5725
21860.0000 1112 636 0.5719
21872.6000 1112 637 0.5728
21883.0000 1113 637 0.5723
21884.6000 1113 638 0.5732
21898.0000 1114 638 0.5727
21905.7000 1114 639 0.5736
21913.9000 1114 640 0.5745
21916.0000 1115 640 0.5740
21939.0000 1116 640 0.5735
21941.3000 1116 641 0.5744
21949.6000 1116 642 0.5753
21960.0000 1117 642 0.5748
21971.6000 1117 643 0.5756
21976.0000 1118 643 0.5751
21999.0000 1119 643 0.5746
22019.2000 1119 644 0.5755
22022.0000 1120 644 0.5750
22024.1000 1120 645 0.5759
22041.0000 1121 645 0.5754
22052.4000 1121 646 0.5763
22061.0000 1122 646 0.5758
22078.0000 1123 646 0.5752
22101.0000 1124 646 0.5747
22121.0000 1125 646 0.5742
22124.3000 1125 647 0.5751
22140.0000 1126 647 0.5746
22143.1000 1126 648 0.5755
22159.0000 1127 648 0.5750
22165.8000 1127 649 0.5759
22172.5000 1127 650 0.5768
22183.0000 1128 650 0.5762
22199.0000 1129 650 0.5757
22212.9000 1129 651 0.5766
22218.0000 1130 651 0.5761
22242.0000 1131 651 0.5756
22259.1000 1131 652 0.5765
22262.1000 1131 653 0.5774
22263.0000 1132 653 0.5769
22281.0000 1133 653 0.5763
22291.8000 1133 654 0.5772
22302.7000 1133 655 0.5781
22304.0000 1134 655 0.5776
22322.0000 1135 655 0.5771
22329.9000 1135 656 0.5780
22338.8000 1135 657 0.5789
22346.0000 1136 657 0.5783
22354.8000 1136 658 0.5792
22363.0000 1137 658 0.5787
22375.7000 1137 659 0.5796
22385.0000 1138 659 0.5791
22388.9000 1138 660 0.5800
22405.0000 1139 660 0.5795
22420.0000 1140 660 0.5789
22431.4000 1140 661 0.5798
22444.0000 1141 661 0.5793
22445.7000 1141 662 0.5802
22464.0000 1142 662 0.5797
22482.0000 1143 662 0.5792
22488.1000 1143 663 0.5801
22500.0000 1144 663 0.5795
22521.0000 1145 663 0.5790
22521.9000 1145 664 0.5799
22543.6000 1145 665 0.5808
22544.0000 1146 665 0.5803
22560.0000 1147 665 0.5798
22578.0000 1148 665 0.5793
22595.0000 1149 665 0.5788
22605.7000 1149 666 0.5796
22613.0000 1150 666 0.5791
22628.0000 1151 666 0.5786
22644.9000 1151 667 0.5795
22648.0000 1152 667 0.5790
22666.0000 1153 667 0.5785
22677.9000 1153 668 0.5794
22682.0000 1154 668 0.5789
22698.0000 1155 668 0.5784
22713.0000 1156 668 0.5779
22717.4000 1156 669 0.5787
22735.0000 1157 669 0.5782
22742.7000 1157 670 0.5791
22752.3000 1157 671 0.5799
22758.0000 1158 671 0.5794
22779.0000 1159 671 0.5789
22781.5000 1159 672 0.5798
22799.0000 1160 672 0.5793
22803.2000 1160 673 0.5802
22805.2000 1160 674 0.5810
22806.9000 1160 675 0.5819
22820.0000 1161 675 0.5814
22821.4000 1161 676 0.5823
22823.2000 1161 677 0.5831
22824.2000 1161 678 0.5840
22824.9000 1161 679 0.5848
22835.0000 1162 679 0.5843
22845.4000 1162 680 0.5852
22850.0000 1163 680 0.5847
22852.5000 1163 681 0.5856
22869.0000 1164 681 0.5851
22891.0000 1165 681 0.5845
22893.0000 1165 682 0.5854
22913.0000 1166 682 0.5849
22916.0000 1166 683 0.5858
22917.9000 1166 684 0.5866
22931.0000 1167 684 0.5861
22943.1000 1167 685 0.5870
22954.0000 1168 685 0.5865
22971.0000 1169 685 0.5860
22990.2000 1169 686 0.5868
22991.0000 1170 686 0.5863
23007.0000 1171 686 0.5858
23017.6000 1171 687 0.5867
23031.0000 1172 687 0.5862
23047.0000 1173 687 0.5857
23047.9000 1173 688 0.5865
23070.0000 1174 688 0.5860
23079.4000 1174 689 0.5869
23085.0000 1175 689 0.5864
23106.0000 1176 689 0.5859
23127.0000 1177 689 0.5854
23143.8000 1177 690 0.5862
23149.0000 1178 690 0.5857
23154.9000 1178 691 0.5866
23165.0000 1179 691 0.5861
23180.0000 1180 691 0.5856
23183.0000 1180 692 0.5864
23198.0000 1181 692 0.5859
23214.0000 1182 692 0.5854
23238.0000 1183 692 0.5850
23252.6000 1183 693 0.5858
23256.3000 1183 694 0.5866
23258.0000 1184 694 0.5861
23266.7000 1184 695 0.5870
23269.2000 1184 696 0.5878
23272.4000 1184 697 0.5887
23280.0000 1185 697 0.5882
23295.0000 1186 697 0.5877
23303.3000 1186 698 0.5885
23304.1000 1186 699 0.5894
23319.0000 1187 699 0.5889
23339.0000 1188 699 0.5884
23342.4000 1188 700 0.5892
23360.0000 1189 700 0.5887
23370.5000 1189 701 0.5896
23377.0000 1190 701 0.5891
23393.0000 1191 701 0.5886
23409.0000 1192 701 0.5881
23428.0000 1193 701 0.5876
23438.5000 1193 702 0.5884
23445.0000 1194 702 0.5879
23463.8000 1194 703 0.5888
23464.0000 1195 703 0.5883
23466.7000 1195 704 0.5891
23472.5000 1195 705 0.5900
23482.0000 1196 705 0.5895
23498.0000 1197 705 0.5890
23501.7000 1197 706 0.5898
23516.0000 1198 706 0.5893
23532.0000 1199 706 0.5888
23547.0000 1200 706 0.5883
23558.7000 1200 707 0.5892
23565.9000 1200 708 0.5900
23568.0000 1201 708 0.5895
23573.6000 1201 709 0.5903
23582.3000 1201 710 0.5912
23589.0000 1202 710 0.5907
23613.0000 1203 710 0.5902
23629.0000 1204 710 0.5897
23647.0000 1205 710 0.5892
23658.2000 1205 711 0.5900
23662.0000 1206 711 0.5896
23681.0000 1207 711 0.5891
23691.4000 1207 712 0.5899
23693.0000 1207 713 0.5907
23702.0000 1208 713 0.5902
23710.9000 1208 714 0.5911
23713.4000 1208 715 0.5919
23724.6000 1208 716 0.5927
23726.0000 1209 716 0.5922
23726.3000 1209 717 0.5931
23741.0000 1209 718 0.5939
23741.0000 1210 718 0.5934
23759.3000 1210 719 0.5942
23760.0000 1211 719 0.5937
23769.3000 1211 720 0.5945
23774.4000 1211 721 0.5954
23776.0000 1211 722 0.5962
23778.0000 1212 722 0.5957
23798.0000 1213 722 0.5952
23812.1000 1213 723 0.5960
23817.0000 1214 723 0.5956
23821.1000 1214 724 0.5964
23837.0000 1215 724 0.5959
23843.7000 1215 725 0.5967
23846.7000 1215 726 0.5975
23859.0000 1216 726 0.5970
23866.7000 1216 727 0.5979
23874.0000 1217 727 0.5974
23895.0000 1218 727 0.5969
23916.0000 1219 727 0.5964
23920.1000 1219 728 0.5972
23937.0000 1220 728 0.5967
23938.6000 1220 729 0.5975
23953.6000 1220 730 0.5984
23961.0000 1221 730 0.5979
23981.0000 1222 730 0.5974
23985.1000 1222 731 0.5982
24004.0000 1223 731 0.5977
24026.0000 1224 731 0.5972
24038.1000 1224 732 0.5980
24042.7000 1224 733 0.5989
24043.0000 1225 733 0.5984
24045.4000 1225 734 0.5992
24062.0000 1226 734 0.5987
24077.5000 1226 735 0.5995
24079.0000 1227 735 0.5990
24080.5000 1227 736 0.5998
24095.0000 1228 736 0.5993
24110.0000 1229 736 0.5989
24134.0000 1230 736 0.5984
24140.5000 1230 737 0.5992
24144.7000 1230 738 0.6000
24157.0000 1231 738 0.5995
24179.0000 1232 738 0.5990
24203.0000 1233 738 0.5985
24222.0000 1234 738 0.5981
24224.2000 1234 739 0.5989
24242.4000 1234 740 0.5997
24245.0000 1235 740 0.5992
24262.0000 1236 740 0.5987
24272.1000 1236 741 0.5995
24286.0000 1237 741 0.5990
24305.0000 1238 741 0.5985
24326.0000 1239 741 0.5981
24347.7000 1239 742 0.5989
24349.0000 1240 742 0.5984
24368.0000 1241 742 0.5979
24379.5000 1241 743 0.5987
24382.8000 1241 744 0.5995
24383.0000 1242 744 0.5990
24397.7000 1242 745 0.5998
24398.7000 1242 746 0.6006
24407.0000 1243 746 0.6002
24422.4000 1243 747 0.6010
24427.0000 1244 747 0.6005
24437.6000 1244 748 0.6013
24445.2000 1244 749 0.6021
24447.0000 1245 749 0.6016
24468.0000 1246 749 0.6011
24473.7000 1246 750 0.6019
24482.9000 1246 751 0.6027
24483.1000 1246 752 0.6035
24488.8000 1246 753 0.6043
24490.0000 1247 753 0.6038
24505.6000 1247 754 0.6047
24514.0000 1248 754 0.6042
24530.0000 1249 754 0.6037
24536.4000 1249 755 0.6045
24548.0000 1249 756 0.6053
24553.0000 1250 756 0.6048
24568.0000 1251 756 0.6043
24591.0000 1252 756 0.6038
24595.6000 1252 757 0.6046
24607.0000 1253 757 0.6042
24624.0000 1254 757 0.6037
24641.0000 1255 757 0.6032
24656.0000 1256 757 0.6027
24669.9000 1256 758 0.6035
24677.0000 1257 758 0.6030
24693.0000 1258 758 0.6025
24712.0000 1259 758 0.6021
24717.0000 1259 759 0.6029
24736.0000 1260 759 0.6024
24751.0000 1261 759 0.6019
24755.0000 1261 760 0.6027
24768.0000 1262 760 0.6022
24790.0000 1263 760 0.6017
24794.0000 1263 761 0.6025
24809.0000 1264 761 0.6021
24824.0000 1265 761 0.6016
24844.0000 1266 761 0.6011
24867.0000 1267 761 0.6006
24870.4000 1267 762 0.6014
24883.0000 1268 762 0.6009
24898.8000 1268 763 0.6017
24906.0000 1269 763 0.6013
24921.0000 1270 763 0.6008
24945.0000 1271 763 0.6003
24963.0000 1272 763 0.5998
24980.0000 1273 763 0.5994
24999.0000 1274 763 0.5989
25011.2000 1274 764 0.5997
25015.0000 1275 764 0.5992
25026.7000 1275 765 0.6000
25034.0000 1276 765 0.5995
25055.0000 1277 765 0.5991
25074.0000 1278 765 0.5986
25083.3000 1278 766 0.5994
25095.0000 1279 766 0.5989
25107.0000 1279 767 0.5997
25116.1000 1279 768 0.6005
25119.0000 1280 768 0.6000
25138.0000 1281 768 0.5995
25146.7000 1281 769 0.6003
25162.0000 1282 769 0.5998
25171.8000 1282 770 0.6006
25183.0000 1283 770 0.6002
