# time  created  delivered  delivered/created
22.0000 1 0 0.0000
38.0000 2 0 0.0000
54.0000 3 0 0.0000
72.0000 4 0 0.0000
94.0000 5 0 0.0000
110.0000 6 0 0.0000
133.0000 7 0 0.0000
153.0000 8 0 0.0000
175.0000 9 0 0.0000
191.0000 10 0 0.0000
210.0000 11 0 0.0000
225.0000 12 0 0.0000
249.0000 13 0 0.0000
265.0000 14 0 0.0000
281.0000 15 0 0.0000
304.0000 16 0 0.0000
328.0000 17 0 0.0000
343.0000 18 0 0.0000
367.0000 19 0 0.0000
382.0000 20 0 0.0000
399.0000 21 0 0.0000
420.0000 22 0 0.0000
439.0000 23 0 0.0000
458.0000 24 0 0.0000
480.0000 25 0 0.0000
497.0000 26 0 0.0000
515.0000 27 0 0.0000
538.0000 28 0 0.0000
562.0000 29 0 0.0000
581.0000 30 0 0.0000
581.2000 30 1 0.0333
603.0000 31 1 0.0323
625.0000 32 1 0.0313
642.8000 32 2 0.0625
646.0000 33 2 0.0606
658.2000 33 3 0.0909
661.6000 33 4 0.1212
667.0000 34 4 0.1176
685.0000 35 4 0.1143
691.0000 35 5 0.1429
700.0000 36 5 0.1389
722.0000 37 5 0.1351
741.0000 38 5 0.1316
764.0000 39 5 0.1282
773.6000 39 6 0.1538
784.0000 40 6 0.1500
806.0000 41 6 0.1463
829.0000 42 6 0.1429
851.0000 43 6 0.1395
873.0000 44 6 0.1364
895.0000 45 6 0.1333
918.0000 46 6 0.1304
935.7000 46 7 0.1522
941.0000 47 7 0.1489
957.0000 48 7 0.1458
975.0000 49 7 0.1429
998.0000 50 7 0.1400
1018.0000 51 7 0.1373
1040.0000 52 7 0.1346
1056.0000 53 7 0.1321
1077.0000 54 7 0.1296
1096.0000 55 7 0.1273
1117.0000 56 7 0.1250
1137.0000 57 7 0.1228
1159.0000 58 7 0.1207
1179.0000 59 7 0.1186
1194.1000 59 8 0.1356
1201.0000 60 8 0.1333
1216.0000 61 8 0.1311
1225.1000 61 9 0.1475
1226.1000 61 10 0.1639
1232.0000 62 10 0.1613
1251.0000 63 10 0.1587
1268.0000 64 10 0.1563
1287.0000 65 10 0.1538
1308.0000 66 10 0.1515
1327.0000 67 10 0.1493
1342.0000 68 10 0.1471
1364.0000 69 10 0.1449
1381.1000 69 11 0.1594
1388.0000 70 11 0.1571
1397.1000 70 12 0.1714
1407.0000 70 13 0.1857
1407.0000 71 13 0.1831
1422.0000 72 13 0.1806
1442.0000 73 13 0.1781
1464.0000 74 13 0.1757
1475.9000 74 14 0.1892
1478.4000 74 15 0.2027
1479.0000 75 15 0.2000
1483.1000 75 16 0.2133
1500.0000 76 16 0.2105
1518.0000 77 16 0.2078
1542.0000 78 16 0.2051
1562.0000 79 16 0.2025
1577.0000 80 16 0.2000
1595.4000 80 17 0.2125
1600.0000 81 17 0.2099
1620.0000 82 17 0.2073
1637.0000 83 17 0.2048
1652.0000 84 17 0.2024
1673.0000 85 17 0.2000
1695.0000 86 17 0.1977
1706.4000 86 18 0.2093
1713.0000 87 18 0.2069
1736.2000 87 19 0.2184
1737.0000 88 19 0.2159
1739.4000 88 20 0.2273
1739.8000 88 21 0.2386
1760.0000 89 21 0.2360
1770.5000 89 22 0.2472
1781.0000 90 22 0.2444
1804.0000 91 22 0.2418
1826.0000 92 22 0.2391
1849.0000 93 22 0.2366
1870.0000 94 22 0.2340
1880.0000 94 23 0.2447
1883.1000 94 24 0.2553
1890.0000 95 24 0.2526
1911.0000 96 24 0.2500
1929.0000 97 24 0.2474
1948.0000 98 24 0.2449
1965.0000 99 24 0.2424
1980.0000 100 24 0.2400
1989.9000 100 25 0.2500
2002.0000 101 25 0.2475
2019.9000 101 26 0.2574
2024.0000 102 26 0.2549
2035.6000 102 27 0.2647
2041.0000 103 27 0.2621
2064.0000 104 27 0.2596
2080.0000 105 27 0.2571
2095.0000 106 27 0.2547
2119.0000 107 27 0.2523
2139.0000 108 27 0.2500
2142.8000 108 28 0.2593
2161.0000 109 28 0.2569
2178.0000 110 28 0.2545
2185.4000 110 29 0.2636
2199.0000 111 29 0.2613
2217.0000 111 30 0.2703
2222.0000 112 30 0.2679
2240.0000 113 30 0.2655
2259.0000 114 30 0.2632
2275.0000 115 30 0.2609
2295.0000 116 30 0.2586
2314.0000 117 30 0.2564
2324.2000 117 31 0.2650
2335.0000 118 31 0.2627
2354.0000 119 31 0.2605
2377.0000 120 31 0.2583
2396.0000 121 31 0.2562
2411.0000 122 31 0.2541
2412.0000 122 32 0.2623
2433.0000 123 32 0.2602
2452.0000 124 32 0.2581
2460.7000 124 33 0.2661
2464.9000 124 34 0.2742
2470.3000 124 35 0.2823
2474.0000 125 35 0.2800
2494.6000 125 36 0.2880
2496.0000 126 36 0.2857
2511.0000 127 36 0.2835
2526.0000 128 36 0.2813
2546.0000 129 36 0.2791
2555.5000 129 37 0.2868
2563.0000 130 37 0.2846
2586.0000 131 37 0.2824
2601.0000 132 37 0.2803
2621.0000 133 37 0.2782
2641.0000 134 37 0.2761
2662.0000 135 37 0.2741
2678.0000 136 37 0.2721
2678.4000 136 38 0.2794
2689.6000 136 39 0.2868
2690.9000 136 40 0.2941
2693.0000 137 40 0.2920
2716.0000 138 40 0.2899
2735.0000 139 40 0.2878
2740.4000 139 41 0.2950
2754.0000 140 41 0.2929
2771.0000 141 41 0.2908
2788.0000 142 41 0.2887
2800.0000 142 42 0.2958
2807.0000 143 42 0.2937
2823.1000 143 43 0.3007
2831.0000 144 43 0.2986
2836.3000 144 44 0.3056
2853.0000 145 44 0.3034
2868.0000 146 44 0.3014
2872.2000 146 45 0.3082
2873.4000 146 46 0.3151
2891.0000 147 46 0.3129
2900.1000 147 47 0.3197
2911.0000 148 47 0.3176
2911.3000 148 48 0.3243
2926.0000 149 48 0.3221
2942.0000 150 48 0.3200
2945.4000 150 49 0.3267
2962.0000 151 49 0.3245
2979.0000 152 49 0.3224
3003.0000 153 49 0.3203
3004.4000 153 50 0.3268
3020.9000 153 51 0.3333
3024.0000 154 51 0.3312
3040.0000 155 51 0.3290
3061.0000 155 52 0.3355
3064.0000 156 52 0.3333
3065.8000 156 53 0.3397
3084.5000 156 54 0.3462
3086.0000 157 54 0.3439
3110.0000 158 54 0.3418
3119.0000 158 55 0.3481
3129.0000 159 55 0.3459
3130.0000 159 56 0.3522
3147.0000 160 56 0.3500
3166.0000 161 56 0.3478
3190.0000 162 56 0.3457
3210.0000 163 56 0.3436
3225.0000 164 56 0.3415
3243.0000 165 56 0.3394
3260.0000 166 56 0.3373
3261.2000 166 57 0.3434
3272.8000 166 58 0.3494
3283.0000 167 58 0.3473
3305.0000 168 58 0.3452
3321.0000 169 58 0.3432
3344.0000 170 58 0.3412
3365.0000 171 58 0.3392
3385.0000 172 58 0.3372
3408.0000 173 58 0.3353
3428.0000 174 58 0.3333
3429.2000 174 59 0.3391
3442.0000 174 60 0.3448
3449.0000 175 60 0.3429
3461.2000 175 61 0.3486
3469.2000 175 62 0.3543
3472.0000 176 62 0.3523
3488.0000 177 62 0.3503
3511.0000 178 62 0.3483
3513.0000 178 63 0.3539
3526.0000 178 64 0.3596
3535.0000 179 64 0.3575
3547.0000 179 65 0.3631
3550.1000 179 66 0.3687
3552.0000 180 66 0.3667
3563.1000 180 67 0.3722
3565.2000 180 68 0.3778
3570.0000 181 68 0.3757
3575.8000 181 69 0.3812
3589.0000 182 69 0.3791
