# time  created  delivered  delivered/created
22.0000 1 0 0.0000
38.0000 2 0 0.0000
54.0000 3 0 0.0000
72.0000 4 0 0.0000
94.0000 5 0 0.0000
110.0000 6 0 0.0000
133.0000 7 0 0.0000
153.0000 8 0 0.0000
175.0000 9 0 0.0000
191.0000 10 0 0.0000
210.0000 11 0 0.0000
225.0000 12 0 0.0000
249.0000 13 0 0.0000
265.0000 14 0 0.0000
281.0000 15 0 0.0000
304.0000 16 0 0.0000
328.0000 17 0 0.0000
343.0000 18 0 0.0000
367.0000 19 0 0.0000
382.0000 20 0 0.0000
399.0000 21 0 0.0000
420.0000 22 0 0.0000
439.0000 23 0 0.0000
458.0000 24 0 0.0000
480.0000 25 0 0.0000
497.0000 26 0 0.0000
515.0000 27 0 0.0000
538.0000 28 0 0.0000
562.0000 29 0 0.0000
581.0000 30 0 0.0000
581.2000 30 1 0.0333
603.0000 31 1 0.0323
625.0000 32 1 0.0313
640.9000 32 2 0.0625
646.0000 33 2 0.0606
661.6000 33 3 0.0909
667.0000 34 3 0.0882
685.0000 35 3 0.0857
691.0000 35 4 0.1143
700.0000 36 4 0.1111
713.8000 36 5 0.1389
722.0000 37 5 0.1351
741.0000 38 5 0.1316
764.0000 39 5 0.1282
775.8000 39 6 0.1538
784.0000 40 6 0.1500
806.0000 41 6 0.1463
829.0000 42 6 0.1429
851.0000 43 6 0.1395
873.0000 44 6 0.1364
895.0000 45 6 0.1333
903.5000 45 7 0.1556
918.0000 46 7 0.1522
941.0000 47 7 0.1489
957.0000 48 7 0.1458
975.0000 49 7 0.1429
998.0000 50 7 0.1400
1018.0000 51 7 0.1373
1040.0000 52 7 0.1346
1056.0000 53 7 0.1321
1077.0000 54 7 0.1296
1096.0000 55 7 0.1273
1117.0000 56 7 0.1250
1137.0000 57 7 0.1228
1159.0000 58 7 0.1207
1179.0000 59 7 0.1186
1193.3000 59 8 0.1356
1201.0000 60 8 0.1333
1216.0000 61 8 0.1311
1225.1000 61 9 0.1475
1226.1000 61 10 0.1639
1232.0000 62 10 0.1613
1251.0000 63 10 0.1587
1268.0000 64 10 0.1563
1287.0000 65 10 0.1538
1308.0000 66 10 0.1515
1327.0000 67 10 0.1493
1342.0000 68 10 0.1471
1364.0000 69 10 0.1449
1382.6000 69 11 0.1594
1388.0000 70 11 0.1571
1397.1000 70 12 0.1714
1407.0000 71 12 0.1690
1422.0000 72 12 0.1667
1442.0000 73 12 0.1644
1464.0000 74 12 0.1622
1476.6000 74 13 0.1757
1479.0000 75 13 0.1733
1483.1000 75 14 0.1867
1500.0000 76 14 0.1842
1518.0000 77 14 0.1818
1542.0000 78 14 0.1795
1562.0000 79 14 0.1772
1577.0000 80 14 0.1750
1585.3000 80 15 0.1875
1595.4000 80 16 0.2000
1600.0000 81 16 0.1975
1620.0000 82 16 0.1951
1637.0000 83 16 0.1928
1652.0000 84 16 0.1905
1673.0000 85 16 0.1882
1695.0000 86 16 0.1860
1706.4000 86 17 0.1977
1713.0000 87 17 0.1954
1736.2000 87 18 0.2069
1737.0000 88 18 0.2045
1739.4000 88 19 0.2159
1760.0000 89 19 0.2135
1768.1000 89 20 0.2247
1781.0000 90 20 0.2222
1804.0000 91 20 0.2198
1826.0000 92 20 0.2174
1849.0000 93 20 0.2151
1870.0000 94 20 0.2128
1880.0000 94 21 0.2234
1883.1000 94 22 0.2340
1890.0000 95 22 0.2316
1911.0000 96 22 0.2292
1929.0000 97 22 0.2268
1948.0000 98 22 0.2245
1965.0000 99 22 0.2222
1980.0000 100 22 0.2200
1990.0000 100 23 0.2300
2002.0000 101 23 0.2277
2024.0000 102 23 0.2255
2035.6000 102 24 0.2353
2041.0000 103 24 0.2330
2064.0000 104 24 0.2308
2080.0000 105 24 0.2286
2095.0000 106 24 0.2264
2112.7000 106 25 0.2358
2115.7000 106 26 0.2453
2119.0000 107 26 0.2430
2139.0000 108 26 0.2407
2144.5000 108 27 0.2500
2161.0000 109 27 0.2477
2178.0000 110 27 0.2455
2199.0000 111 27 0.2432
2217.0000 111 28 0.2523
2222.0000 112 28 0.2500
2240.0000 113 28 0.2478
2259.0000 114 28 0.2456
2275.0000 115 28 0.2435
2295.0000 116 28 0.2414
2314.0000 117 28 0.2393
2324.6000 117 29 0.2479
2335.0000 118 29 0.2458
2354.0000 119 29 0.2437
2377.0000 120 29 0.2417
2396.0000 121 29 0.2397
2411.0000 122 29 0.2377
2412.0000 122 30 0.2459
2433.0000 123 30 0.2439
2452.0000 124 30 0.2419
2464.9000 124 31 0.2500
2470.3000 124 32 0.2581
2474.0000 125 32 0.2560
2494.6000 125 33 0.2640
2496.0000 126 33 0.2619
2511.0000 127 33 0.2598
2526.0000 128 33 0.2578
2546.0000 129 33 0.2558
2553.2000 129 34 0.2636
2556.1000 129 35 0.2713
2563.0000 130 35 0.2692
2586.0000 131 35 0.2672
2601.0000 132 35 0.2652
2621.0000 133 35 0.2632
2641.0000 134 35 0.2612
2654.8000 134 36 0.2687
2662.0000 135 36 0.2667
2678.0000 136 36 0.2647
2689.6000 136 37 0.2721
2690.0000 136 38 0.2794
2693.0000 137 38 0.2774
2716.0000 138 38 0.2754
2735.0000 139 38 0.2734
2740.4000 139 39 0.2806
2754.0000 140 39 0.2786
2771.0000 141 39 0.2766
2788.0000 142 39 0.2746
2800.0000 142 40 0.2817
2807.0000 143 40 0.2797
2823.1000 143 41 0.2867
2831.0000 144 41 0.2847
2836.0000 144 42 0.2917
2853.0000 145 42 0.2897
2868.0000 146 42 0.2877
2872.2000 146 43 0.2945
2872.7000 146 44 0.3014
2891.0000 147 44 0.2993
2911.0000 148 44 0.2973
2926.0000 149 44 0.2953
2942.0000 150 44 0.2933
2947.3000 150 45 0.3000
2962.0000 151 45 0.2980
2979.0000 152 45 0.2961
3003.0000 153 45 0.2941
3024.0000 154 45 0.2922
3040.0000 155 45 0.2903
3064.0000 156 45 0.2885
3065.8000 156 46 0.2949
3085.4000 156 47 0.3013
3086.0000 157 47 0.2994
3110.0000 158 47 0.2975
3129.0000 159 47 0.2956
3147.0000 160 47 0.2938
3166.0000 161 47 0.2919
3190.0000 162 47 0.2901
3210.0000 163 47 0.2883
3225.0000 164 47 0.2866
3243.0000 165 47 0.2848
3260.0000 166 47 0.2831
3283.0000 167 47 0.2814
3305.0000 168 47 0.2798
3321.0000 169 47 0.2781
3344.0000 170 47 0.2765
3363.1000 170 48 0.2824
3365.0000 171 48 0.2807
3385.0000 172 48 0.2791
3408.0000 173 48 0.2775
3414.4000 173 49 0.2832
3428.0000 174 49 0.2816
3429.2000 174 50 0.2874
3449.0000 175 50 0.2857
3460.0000 175 51 0.2914
3472.0000 176 51 0.2898
3488.0000 177 51 0.2881
3511.0000 178 51 0.2865
3513.6000 178 52 0.2921
3532.4000 178 53 0.2978
3533.2000 178 54 0.3034
3535.0000 179 54 0.3017
3546.4000 179 55 0.3073
3550.4000 179 56 0.3128
3552.0000 180 56 0.3111
3566.2000 180 57 0.3167
3570.0000 181 57 0.3149
3570.4000 181 58 0.3204
3589.0000 182 58 0.3187
3604.0000 183 58 0.3169
3619.0000 184 58 0.3152
3626.2000 184 59 0.3207
3638.0000 185 59 0.3189
3653.0000 186 59 0.3172
3669.0000 187 59 0.3155
3689.0000 188 59 0.3138
3712.0000 189 59 0.3122
3730.0000 190 59 0.3105
3754.0000 191 59 0.3089
3771.0000 192 59 0.3073
3787.0000 193 59 0.3057
3809.0000 194 59 0.3041
3816.3000 194 60 0.3093
3831.8000 194 61 0.3144
3832.0000 195 61 0.3128
3854.0000 196 61 0.3112
3873.0000 197 61 0.3096
3895.0000 198 61 0.3081
3919.0000 199 61 0.3065
3935.5000 199 62 0.3116
3938.0000 200 62 0.3100
3953.0000 200 63 0.3150
3955.0000 201 63 0.3134
3975.0000 202 63 0.3119
3987.9000 202 64 0.3168
3989.0000 202 65 0.3218
3996.0000 203 65 0.3202
4012.0000 204 65 0.3186
4031.0000 205 65 0.3171
4052.0000 206 65 0.3155
4054.9000 206 66 0.3204
4058.7000 206 67 0.3252
4060.0000 206 68 0.3301
4070.0000 207 68 0.3285
4094.0000 208 68 0.3269
4114.5000 208 69 0.3317
4115.0000 209 69 0.3301
4134.0000 210 69 0.3286
4153.0000 211 69 0.3270
4171.0000 212 69 0.3255
4194.0000 213 69 0.3239
4205.9000 213 70 0.3286
4208.3000 213 71 0.3333
4214.0000 214 71 0.3318
4214.6000 214 72 0.3364
4235.0000 215 72 0.3349
4245.1000 215 73 0.3395
4251.0000 216 73 0.3380
4268.6000 216 74 0.3426
4272.0000 217 74 0.3410
4290.0000 218 74 0.3394
4314.0000 219 74 0.3379
4338.0000 220 74 0.3364
4357.9000 220 75 0.3409
4360.0000 221 75 0.3394
4381.0000 222 75 0.3378
4392.6000 222 76 0.3423
4400.0000 223 76 0.3408
4406.0000 223 77 0.3453
4419.0000 224 77 0.3438
4419.1000 224 78 0.3482
4434.0000 225 78 0.3467
4452.4000 225 79 0.3511
4458.0000 226 79 0.3496
4463.0000 226 80 0.3540
4476.0000 227 80 0.3524
4497.0000 228 80 0.3509
4515.0000 229 80 0.3493
4537.0000 230 80 0.3478
4556.0000 231 80 0.3463
4562.1000 231 81 0.3506
4580.0000 232 81 0.3491
4597.0000 233 81 0.3476
4611.8000 233 82 0.3519
4613.7000 233 83 0.3562
4614.0000 234 83 0.3547
4634.0000 235 83 0.3532
4655.0000 236 83 0.3517
4665.1000 236 84 0.3559
4672.0000 237 84 0.3544
4689.0000 238 84 0.3529
4699.4000 238 85 0.3571
4706.0000 239 85 0.3556
4729.0000 240 85 0.3542
4742.5000 240 86 0.3583
4747.0000 241 86 0.3568
4762.0000 242 86 0.3554
4783.0000 243 86 0.3539
4807.0000 244 86 0.3525
4824.0000 245 86 0.3510
4848.0000 246 86 0.3496
4859.7000 246 87 0.3537
4867.0000 247 87 0.3522
4873.1000 247 88 0.3563
4886.0000 248 88 0.3548
4909.0000 249 88 0.3534
4928.0000 250 88 0.3520
4951.0000 251 88 0.3506
4966.0000 252 88 0.3492
4973.7000 252 89 0.3532
4986.0000 253 89 0.3518
5010.0000 254 89 0.3504
5033.0000 255 89 0.3490
5048.0000 256 89 0.3477
5072.0000 257 89 0.3463
5089.0000 258 89 0.3450
5089.6000 258 90 0.3488
5112.0000 259 90 0.3475
5131.0000 260 90 0.3462
5145.1000 260 91 0.3500
5151.0000 261 91 0.3487
5175.0000 262 91 0.3473
5194.0000 263 91 0.3460
5212.5000 263 92 0.3498
5215.0000 264 92 0.3485
5232.8000 264 93 0.3523
5237.0000 265 93 0.3509
5254.0000 266 93 0.3496
5269.0000 267 93 0.3483
5291.0000 268 93 0.3470
5307.0000 269 93 0.3457
5317.6000 269 94 0.3494
5324.0000 270 94 0.3481
5339.0000 271 94 0.3469
5356.0000 272 94 0.3456
5371.0000 273 94 0.3443
5387.0000 274 94 0.3431
5410.0000 275 94 0.3418
5426.0000 276 94 0.3406
5447.0000 277 94 0.3394
5466.6000 277 95 0.3430
5470.0000 278 95 0.3417
5490.0000 279 95 0.3405
5504.6000 279 96 0.3441
5507.0000 280 96 0.3429
5516.3000 280 97 0.3464
5528.0000 281 97 0.3452
5546.0000 282 97 0.3440
5564.0000 283 97 0.3428
5584.0000 284 97 0.3415
5607.0000 285 97 0.3404
5625.0000 286 97 0.3392
5643.0000 287 97 0.3380
5665.0000 288 97 0.3368
5685.0000 289 97 0.3356
5688.2000 289 98 0.3391
5693.8000 289 99 0.3426
5704.0000 290 99 0.3414
5724.0000 291 99 0.3402
5745.0000 292 99 0.3390
5760.0000 293 99 0.3379
5778.9000 293 100 0.3413
5784.0000 294 100 0.3401
5805.0000 295 100 0.3390
5822.0000 296 100 0.3378
5841.0000 297 100 0.3367
5855.7000 297 101 0.3401
5859.0000 298 101 0.3389
5874.0000 299 101 0.3378
5893.0000 300 101 0.3367
5895.5000 300 102 0.3400
5901.3000 300 103 0.3433
5905.2000 300 104 0.3467
5907.3000 300 105 0.3500
5914.0000 301 105 0.3488
5914.2000 301 106 0.3522
5932.0000 302 106 0.3510
5953.0000 303 106 0.3498
5971.0000 304 106 0.3487
5986.0000 305 106 0.3475
6003.8000 305 107 0.3508
6008.0000 306 107 0.3497
6010.9000 306 108 0.3529
6024.0000 307 108 0.3518
6037.7000 307 109 0.3550
6041.0000 308 109 0.3539
6063.0000 309 109 0.3528
6076.1000 309 110 0.3560
6087.0000 310 110 0.3548
6105.0000 311 110 0.3537
6124.0000 312 110 0.3526
6145.0000 313 110 0.3514
6149.8000 313 111 0.3546
6166.0000 314 111 0.3535
6182.0000 315 111 0.3524
6201.0000 316 111 0.3513
6216.0000 317 111 0.3502
6231.0000 318 111 0.3491
6248.0000 319 111 0.3480
6261.7000 319 112 0.3511
6267.0000 320 112 0.3500
6289.0000 321 112 0.3489
6308.0000 322 112 0.3478
6332.0000 323 112 0.3467
6355.0000 324 112 0.3457
6372.0000 325 112 0.3446
6376.7000 325 113 0.3477
6376.7000 325 114 0.3508
6391.9000 325 115 0.3538
6393.0000 326 115 0.3528
6417.0000 327 115 0.3517
6441.0000 328 115 0.3506
6457.1000 328 116 0.3537
6462.7000 328 117 0.3567
6465.0000 329 117 0.3556
6467.3000 329 118 0.3587
6486.0000 330 118 0.3576
6502.0000 331 118 0.3565
6518.0000 332 118 0.3554
6536.0000 333 118 0.3544
6555.0000 334 118 0.3533
6572.0000 335 118 0.3522
6591.0000 336 118 0.3512
6608.0000 337 118 0.3501
6631.0000 338 118 0.3491
6646.0000 339 118 0.3481
6665.0000 340 118 0.3471
6684.0000 341 118 0.3460
6696.4000 341 119 0.3490
6708.0000 342 119 0.3480
6725.0000 343 119 0.3469
6745.0000 344 119 0.3459
6753.4000 344 120 0.3488
6760.0000 345 120 0.3478
6765.3000 345 121 0.3507
6781.0000 346 121 0.3497
6793.2000 346 122 0.3526
6800.0000 347 122 0.3516
6816.0000 348 122 0.3506
6839.0000 349 122 0.3496
6851.7000 349 123 0.3524
6854.0000 350 123 0.3514
6874.0000 351 123 0.3504
6889.0000 352 123 0.3494
6893.6000 352 124 0.3523
6900.6000 352 125 0.3551
6909.0000 353 125 0.3541
6921.4000 353 126 0.3569
6930.0000 354 126 0.3559
6941.5000 354 127 0.3588
6951.0000 355 127 0.3577
6971.0000 356 127 0.3567
6995.0000 357 127 0.3557
7008.2000 357 128 0.3585
7008.2000 357 129 0.3613
7010.0000 358 129 0.3603
7010.9000 358 130 0.3631
7013.1000 358 131 0.3659
7013.6000 358 132 0.3687
7018.9000 358 133 0.3715
7019.8000 358 134 0.3743
7020.5000 358 135 0.3771
7029.0000 359 135 0.3760
7048.0000 360 135 0.3750
7071.0000 361 135 0.3740
7093.0000 362 135 0.3729
7108.0000 363 135 0.3719
7130.0000 364 135 0.3709
7147.0000 365 135 0.3699
7163.0000 366 135 0.3689
7175.0000 366 136 0.3716
7177.4000 366 137 0.3743
7180.0000 367 137 0.3733
7197.0000 368 137 0.3723
7203.7000 368 138 0.3750
7221.0000 369 138 0.3740
7229.8000 369 139 0.3767
7230.1000 369 140 0.3794
7240.0000 370 140 0.3784
7254.2000 370 141 0.3811
7255.0000 371 141 0.3801
7272.0000 372 141 0.3790
7296.0000 373 141 0.3780
7314.2000 373 142 0.3807
7315.4000 373 143 0.3834
7319.0000 374 143 0.3824
7333.2000 374 144 0.3850
7335.0000 375 144 0.3840
7358.0000 376 144 0.3830
7378.0000 377 144 0.3820
7394.0000 378 144 0.3810
7411.0000 379 144 0.3799
7435.0000 380 144 0.3789
7459.0000 381 144 0.3780
7468.4000 381 145 0.3806
7472.9000 381 146 0.3832
7480.0000 382 146 0.3822
7493.2000 382 147 0.3848
7498.0000 383 147 0.3838
7514.0000 384 147 0.3828
7536.0000 385 147 0.3818
7559.0000 386 147 0.3808
7574.0000 387 147 0.3798
7585.3000 387 148 0.3824
7589.1000 387 149 0.3850
7595.0000 388 149 0.3840
7600.9000 388 150 0.3866
7613.0000 389 150 0.3856
7621.5000 389 151 0.3882
7632.0000 390 151 0.3872
7656.0000 391 151 0.3862
7673.0000 392 151 0.3852
7678.6000 392 152 0.3878
7696.0000 393 152 0.3868
7713.0000 394 152 0.3858
7730.0000 395 152 0.3848
7735.1000 395 153 0.3873
7745.0000 396 153 0.3864
7762.0000 397 153 0.3854
7767.9000 397 154 0.3879
7779.1000 397 155 0.3904
7784.0000 398 155 0.3894
7804.0000 399 155 0.3885
7822.0000 400 155 0.3875
7838.1000 400 156 0.3900
7840.0000 401 156 0.3890
7858.0000 402 156 0.3881
7867.2000 402 157 0.3905
7874.0000 403 157 0.3896
7895.0000 404 157 0.3886
7914.0000 405 157 0.3877
7922.2000 405 158 0.3901
7931.0000 406 158 0.3892
7934.8000 406 159 0.3916
7948.0000 407 159 0.3907
7960.8000 407 160 0.3931
7972.0000 408 160 0.3922
7987.0000 409 160 0.3912
8002.0000 410 160 0.3902
8024.0000 411 160 0.3893
8040.0000 412 160 0.3883
8041.7000 412 161 0.3908
8059.0000 413 161 0.3898
8059.1000 413 162 0.3923
8060.5000 413 163 0.3947
8082.0000 414 163 0.3937
8099.0000 415 163 0.3928
8116.0000 416 163 0.3918
8122.2000 416 164 0.3942
8137.0000 417 164 0.3933
8158.0000 418 164 0.3923
8171.9000 418 165 0.3947
8173.0000 419 165 0.3938
8190.0000 420 165 0.3929
8205.0000 421 165 0.3919
8205.7000 421 166 0.3943
8227.0000 422 166 0.3934
8233.7000 422 167 0.3957
8251.0000 423 167 0.3948
8269.7000 423 168 0.3972
8270.0000 423 169 0.3995
8271.1000 423 170 0.4019
8272.4000 423 171 0.4043
8275.0000 424 171 0.4033
8297.0000 425 171 0.4024
8317.0000 426 171 0.4014
8325.4000 426 172 0.4038
8336.0000 427 172 0.4028
8359.0000 428 172 0.4019
8375.0000 429 172 0.4009
8396.0000 430 172 0.4000
8414.0000 431 172 0.3991
8427.0000 431 173 0.4014
8437.0000 432 173 0.4005
8453.0000 433 173 0.3995
8462.3000 433 174 0.4018
8468.0000 434 174 0.4009
8492.0000 435 174 0.4000
8510.0000 436 174 0.3991
8525.0000 437 174 0.3982
8526.5000 437 175 0.4005
8544.0000 438 175 0.3995
8548.0000 438 176 0.4018
8557.0000 438 177 0.4041
8566.0000 439 177 0.4032
8578.2000 439 178 0.4055
8586.0000 440 178 0.4045
8599.6000 440 179 0.4068
8609.0000 441 179 0.4059
8625.0000 442 179 0.4050
8631.0000 442 180 0.4072
8631.5000 442 181 0.4095
8640.3000 442 182 0.4118
8642.2000 442 183 0.4140
8644.0000 443 183 0.4131
8663.0000 444 183 0.4122
8681.0000 445 183 0.4112
8697.0000 446 183 0.4103
8703.9000 446 184 0.4126
8705.9000 446 185 0.4148
8707.7000 446 186 0.4170
8719.0000 447 186 0.4161
8736.3000 447 187 0.4183
8737.7000 447 188 0.4206
8743.0000 448 188 0.4196
8762.1000 448 189 0.4219
8767.0000 449 189 0.4209
8768.0000 449 190 0.4232
8778.0000 449 191 0.4254
8784.0000 450 191 0.4244
8800.0000 451 191 0.4235
8822.8000 451 192 0.4257
8823.0000 452 192 0.4248
8839.0000 453 192 0.4238
8854.0000 454 192 0.4229
8869.0000 455 192 0.4220
8892.0000 456 192 0.4211
8911.0000 457 192 0.4201
8929.0000 458 192 0.4192
8944.0000 459 192 0.4183
8955.3000 459 193 0.4205
8961.0000 460 193 0.4196
8979.0000 461 193 0.4187
8997.0000 462 193 0.4177
9011.3000 462 194 0.4199
9013.0000 463 194 0.4190
9027.5000 463 195 0.4212
9035.0000 464 195 0.4203
9058.0000 465 195 0.4194
9064.6000 465 196 0.4215
9066.5000 465 197 0.4237
9073.0000 466 197 0.4227
9095.0000 467 197 0.4218
9119.0000 468 197 0.4209
9130.4000 468 198 0.4231
9143.0000 469 198 0.4222
9162.0000 470 198 0.4213
9174.0000 470 199 0.4234
9186.0000 471 199 0.4225
9209.0000 472 199 0.4216
9215.1000 472 200 0.4237
9224.0000 473 200 0.4228
9245.0000 474 200 0.4219
9250.3000 474 201 0.4241
9253.4000 474 202 0.4262
9254.1000 474 203 0.4283
9264.0000 475 203 0.4274
9265.6000 475 204 0.4295
9288.0000 476 204 0.4286
9306.5000 476 205 0.4307
9310.0000 477 205 0.4298
9326.0000 478 205 0.4289
9341.0000 479 205 0.4280
9365.0000 480 205 0.4271
9387.0000 481 205 0.4262
9403.0000 482 205 0.4253
9426.0000 483 205 0.4244
9444.0000 484 205 0.4236
9468.0000 485 205 0.4227
9485.0000 486 205 0.4218
9503.0000 487 205 0.4209
9512.2000 487 206 0.4230
9526.1000 487 207 0.4251
9527.0000 488 207 0.4242
9550.0000 489 207 0.4233
9573.0000 490 207 0.4224
9591.0000 491 207 0.4216
9614.0000 492 207 0.4207
9632.0000 493 207 0.4199
9633.5000 493 208 0.4219
9653.0000 494 208 0.4211
9676.0000 495 208 0.4202
9693.0000 496 208 0.4194
9715.0000 497 208 0.4185
9736.0000 498 208 0.4177
9750.0000 498 209 0.4197
9752.0000 499 209 0.4188
9761.5000 499 210 0.4208
9767.4000 499 211 0.4228
9776.0000 500 211 0.4220
9793.6000 500 212 0.4240
9799.0000 501 212 0.4232
9821.0000 502 212 0.4223
9837.0000 503 212 0.4215
9845.4000 503 213 0.4235
9861.0000 504 213 0.4226
9879.0000 505 213 0.4218
9894.0000 506 213 0.4209
9909.0000 507 213 0.4201
9927.0000 508 213 0.4193
9946.0000 509 213 0.4185
9947.9000 509 214 0.4204
9960.2000 509 215 0.4224
9969.0000 510 215 0.4216
9988.0000 511 215 0.4207
10007.0000 512 215 0.4199
10009.2000 512 216 0.4219
10024.0000 513 216 0.4211
10044.0000 514 216 0.4202
10067.0000 515 216 0.4194
10087.0000 516 216 0.4186
10111.0000 517 216 0.4178
10113.9000 517 217 0.4197
10132.0000 518 217 0.4189
10154.0000 519 217 0.4181
10154.1000 519 218 0.4200
10176.1000 519 219 0.4220
10177.0000 520 219 0.4212
10184.3000 520 220 0.4231
10194.0000 521 220 0.4223
10216.0000 522 220 0.4215
10235.0000 523 220 0.4207
10246.3000 523 221 0.4226
10257.0000 524 221 0.4218
10281.0000 525 221 0.4210
10300.0000 526 221 0.4202
10320.0000 527 221 0.4194
10343.0000 528 221 0.4186
10366.0000 529 221 0.4178
10382.0000 530 221 0.4170
10402.0000 531 221 0.4162
10423.0000 532 221 0.4154
10441.0000 533 221 0.4146
10443.4000 533 222 0.4165
10461.0000 534 222 0.4157
10480.0000 535 222 0.4150
10497.0000 536 222 0.4142
10518.0000 537 222 0.4134
10537.0000 538 222 0.4126
10555.0000 539 222 0.4119
10571.0000 540 222 0.4111
10591.0000 541 222 0.4104
10615.0000 542 222 0.4096
10615.9000 542 223 0.4114
10623.4000 542 224 0.4133
10637.0000 543 224 0.4125
10645.7000 543 225 0.4144
10648.9000 543 226 0.4162
10657.0000 544 226 0.4154
10665.9000 544 227 0.4173
10666.1000 544 228 0.4191
10681.0000 545 228 0.4183
10703.0000 546 228 0.4176
10713.5000 546 229 0.4194
10726.0000 547 229 0.4186
10748.0000 548 229 0.4179
10768.0000 549 229 0.4171
10781.7000 549 230 0.4189
10788.0000 550 230 0.4182
10808.0000 551 230 0.4174
10823.0000 552 230 0.4167
10842.0000 553 230 0.4159
10866.0000 554 230 0.4152
10875.2000 554 231 0.4170
10883.0000 554 232 0.4188
10884.2000 554 233 0.4206
10885.0000 555 233 0.4198
10907.0000 556 233 0.4191
10913.8000 556 234 0.4209
10925.0000 557 234 0.4201
10942.0000 558 234 0.4194
10942.2000 558 235 0.4211
10956.4000 558 236 0.4229
10966.0000 559 236 0.4222
10983.0000 560 236 0.4214
11006.0000 561 236 0.4207
11009.9000 561 237 0.4225
11023.0000 562 237 0.4217
11046.0000 563 237 0.4210
11068.0000 564 237 0.4202
11084.0000 565 237 0.4195
11089.3000 565 238 0.4212
11097.7000 565 239 0.4230
11102.0000 566 239 0.4223
11105.5000 566 240 0.4240
11120.0000 567 240 0.4233
11121.3000 567 241 0.4250
11143.0000 568 241 0.4243
11166.0000 569 241 0.4236
11182.0000 570 241 0.4228
11198.0000 570 242 0.4246
11201.0000 571 242 0.4238
11218.0000 572 242 0.4231
11220.6000 572 243 0.4248
11238.0000 573 243 0.4241
11250.8000 573 244 0.4258
11260.0000 574 244 0.4251
11280.0000 575 244 0.4243
11298.0000 576 244 0.4236
11319.0000 577 244 0.4229
11343.0000 578 244 0.4221
11363.0000 579 244 0.4214
11381.0000 580 244 0.4207
11394.0000 580 245 0.4224
11405.0000 581 245 0.4217
11424.0000 582 245 0.4210
11426.0000 582 246 0.4227
11426.4000 582 247 0.4244
11432.3000 582 248 0.4261
11433.2000 582 249 0.4278
11443.0000 583 249 0.4271
11454.2000 583 250 0.4288
11459.6000 583 251 0.4305
11467.0000 584 251 0.4298
11491.0000 585 251 0.4291
11511.0000 586 251 0.4283
11529.0000 587 251 0.4276
11540.0000 587 252 0.4293
11547.0000 588 252 0.4286
11560.8000 588 253 0.4303
11566.0000 589 253 0.4295
11586.0000 590 253 0.4288
11597.9000 590 254 0.4305
11610.0000 591 254 0.4298
11626.0000 592 254 0.4291
11640.2000 592 255 0.4307
11650.0000 593 255 0.4300
11664.1000 593 256 0.4317
11665.0000 594 256 0.4310
11680.0000 595 256 0.4303
11686.5000 595 257 0.4319
11688.2000 595 258 0.4336
11696.0000 596 258 0.4329
11711.0000 597 258 0.4322
11718.3000 597 259 0.4338
11721.4000 597 260 0.4355
11731.0000 598 260 0.4348
11755.0000 599 260 0.4341
11771.0000 600 260 0.4333
11790.0000 601 260 0.4326
11809.0000 602 260 0.4319
11810.7000 602 261 0.4336
11824.2000 602 262 0.4352
11826.1000 602 263 0.4369
11827.0000 603 263 0.4362
11830.8000 603 264 0.4378
11851.0000 604 264 0.4371
11867.0000 605 264 0.4364
11869.6000 605 265 0.4380
11885.0000 606 265 0.4373
11907.0000 607 265 0.4366
11926.7000 607 266 0.4382
11929.0000 608 266 0.4375
11937.7000 608 267 0.4391
11948.0000 609 267 0.4384
11959.7000 609 268 0.4401
11960.7000 609 269 0.4417
11971.0000 610 269 0.4410
11995.0000 611 269 0.4403
12012.0000 612 269 0.4395
12028.7000 612 270 0.4412
12033.0000 613 270 0.4405
12048.0000 614 270 0.4397
12070.0000 615 270 0.4390
12073.0000 615 271 0.4407
12079.6000 615 272 0.4423
12088.0000 616 272 0.4416
12099.5000 616 273 0.4432
12104.0000 617 273 0.4425
12124.0000 618 273 0.4417
12140.9000 618 274 0.4434
12145.0000 619 274 0.4426
12153.5000 619 275 0.4443
12165.0000 620 275 0.4435
12189.0000 621 275 0.4428
12209.0000 622 275 0.4421
12216.6000 622 276 0.4437
12218.2000 622 277 0.4453
12220.5000 622 278 0.4469
12226.0000 623 278 0.4462
12249.0000 624 278 0.4455
12261.6000 624 279 0.4471
12262.5000 624 280 0.4487
12270.0000 625 280 0.4480
12287.0000 626 280 0.4473
12304.8000 626 281 0.4489
12305.0000 627 281 0.4482
12305.6000 627 282 0.4498
12314.2000 627 283 0.4514
12323.0000 628 283 0.4506
12329.4000 628 284 0.4522
12339.0000 629 284 0.4515
12358.0000 630 284 0.4508
12376.2000 630 285 0.4524
12377.0000 631 285 0.4517
12399.0000 632 285 0.4509
12421.0000 633 285 0.4502
12444.0000 634 285 0.4495
12452.9000 634 286 0.4511
12463.0000 635 286 0.4504
12479.0000 636 286 0.4497
12495.5000 636 287 0.4513
12497.0000 637 287 0.4505
12513.6000 637 288 0.4521
12518.0000 638 288 0.4514
12535.7000 638 289 0.4530
12538.0000 639 289 0.4523
12556.0000 640 289 0.4516
12556.8000 640 290 0.4531
12575.0000 641 290 0.4524
12589.3000 641 291 0.4540
12596.0000 642 291 0.4533
12604.2000 642 292 0.4548
12605.8000 642 293 0.4564
12611.0000 643 293 0.4557
12615.7000 643 294 0.4572
12635.0000 644 294 0.4565
12642.9000 644 295 0.4581
12655.0000 645 295 0.4574
12668.6000 645 296 0.4589
12672.0000 646 296 0.4582
12691.0000 647 296 0.4575
12713.0000 648 296 0.4568
12725.8000 648 297 0.4583
12727.4000 648 298 0.4599
12737.0000 649 298 0.4592
12761.0000 650 298 0.4585
12781.0000 651 298 0.4578
12784.8000 651 299 0.4593
12798.0000 652 299 0.4586
12818.0000 653 299 0.4579
12830.3000 653 300 0.4594
12836.4000 653 301 0.4609
12839.0000 654 301 0.4602
12841.5000 654 302 0.4618
12863.0000 655 302 0.4611
12884.0000 656 302 0.4604
12893.1000 656 303 0.4619
12901.0000 657 303 0.4612
12919.0000 658 303 0.4605
12936.0000 659 303 0.4598
12936.4000 659 304 0.4613
12954.0000 660 304 0.4606
12971.0000 661 304 0.4599
12986.0000 662 304 0.4592
12993.6000 662 305 0.4607
13009.0000 663 305 0.4600
13016.9000 663 306 0.4615
13021.9000 663 307 0.4630
13023.2000 663 308 0.4646
13029.0000 664 308 0.4639
13034.6000 664 309 0.4654
13042.4000 664 310 0.4669
13048.0000 665 310 0.4662
13069.0000 666 310 0.4655
13080.5000 666 311 0.4670
13090.0000 667 311 0.4663
13097.2000 667 312 0.4678
13112.0000 668 312 0.4671
13135.0000 669 312 0.4664
13137.1000 669 313 0.4679
13146.6000 669 314 0.4694
13157.0000 670 314 0.4687
13172.9000 670 315 0.4701
13175.0000 671 315 0.4694
13198.0000 672 315 0.4688
13199.2000 672 316 0.4702
13213.0000 672 317 0.4717
13219.7000 672 318 0.4732
13222.0000 673 318 0.4725
13237.0000 674 318 0.4718
13242.7000 674 319 0.4733
13261.0000 675 319 0.4726
13268.4000 675 320 0.4741
13279.0000 676 320 0.4734
13295.2000 676 321 0.4749
13303.0000 677 321 0.4742
13327.0000 678 321 0.4735
13344.0000 679 321 0.4728
13357.1000 679 322 0.4742
13362.7000 679 323 0.4757
13367.0000 680 323 0.4750
13380.6000 680 324 0.4765
13385.0000 681 324 0.4758
13400.0000 682 324 0.4751
13404.6000 682 325 0.4765
13420.1000 682 326 0.4780
13422.0000 683 326 0.4773
13439.0000 684 326 0.4766
13461.8000 684 327 0.4781
13463.0000 685 327 0.4774
13463.8000 685 328 0.4788
13485.0000 686 328 0.4781
13501.0000 687 328 0.4774
13515.0000 687 329 0.4789
13517.9000 687 330 0.4803
13521.0000 687 331 0.4818
13522.0000 688 331 0.4811
13543.0000 689 331 0.4804
13558.0000 690 331 0.4797
13560.6000 690 332 0.4812
13572.0000 690 333 0.4826
13578.0000 691 333 0.4819
13597.0000 692 333 0.4812
13600.2000 692 334 0.4827
13601.2000 692 335 0.4841
13612.0000 693 335 0.4834
13622.2000 693 336 0.4848
13633.0000 694 336 0.4841
13640.2000 694 337 0.4856
13642.2000 694 338 0.4870
13654.0000 695 338 0.4863
13662.9000 695 339 0.4878
13674.0000 696 339 0.4871
13689.0000 697 339 0.4864
13690.4000 697 340 0.4878
13713.0000 698 340 0.4871
13732.6000 698 341 0.4885
13733.0000 699 341 0.4878
13742.7000 699 342 0.4893
13750.0000 700 342 0.4886
13770.9000 700 343 0.4900
13771.0000 701 343 0.4893
13787.0000 702 343 0.4886
13808.0000 703 343 0.4879
13831.0000 704 343 0.4872
13853.0000 705 343 0.4865
13874.0000 706 343 0.4858
13887.7000 706 344 0.4873
13894.0000 707 344 0.4866
13915.0000 708 344 0.4859
13929.4000 708 345 0.4873
13937.0000 709 345 0.4866
13950.2000 709 346 0.4880
13951.8000 709 347 0.4894
13952.0000 710 347 0.4887
13976.0000 711 347 0.4880
13994.0000 712 347 0.4874
14011.0000 713 347 0.4867
14028.3000 713 348 0.4881
14032.0000 714 348 0.4874
14033.1000 714 349 0.4888
14056.0000 715 349 0.4881
14077.0000 716 349 0.4874
14092.0000 717 349 0.4868
14106.6000 717 350 0.4881
14107.0000 718 350 0.4875
14113.0000 718 351 0.4889
14123.0000 719 351 0.4882
14147.0000 720 351 0.4875
14157.4000 720 352 0.4889
14167.0000 721 352 0.4882
14186.0000 722 352 0.4875
14204.0000 723 352 0.4869
14207.9000 723 353 0.4882
14225.0000 724 353 0.4876
14245.0000 725 353 0.4869
14267.0000 726 353 0.4862
14286.0000 727 353 0.4856
14304.0000 728 353 0.4849
14313.7000 728 354 0.4863
14323.0000 729 354 0.4856
14338.7000 729 355 0.4870
14343.0000 730 355 0.4863
14363.0000 731 355 0.4856
14378.6000 731 356 0.4870
14379.8000 731 357 0.4884
14385.0000 732 357 0.4877
14402.7000 732 358 0.4891
14404.0000 733 358 0.4884
14420.0000 734 358 0.4877
14434.2000 734 359 0.4891
14441.0000 735 359 0.4884
14456.0000 736 359 0.4878
14466.4000 736 360 0.4891
14473.2000 736 361 0.4905
14475.0000 737 361 0.4898
14499.0000 738 361 0.4892
14523.0000 739 361 0.4885
14544.0000 740 361 0.4878
14568.0000 741 361 0.4872
14570.4000 741 362 0.4885
14588.0000 742 362 0.4879
14603.0000 743 362 0.4872
14617.8000 743 363 0.4886
14618.0000 744 363 0.4879
14629.4000 744 364 0.4892
14630.1000 744 365 0.4906
14630.6000 744 366 0.4919
14639.0000 745 366 0.4913
14655.0000 746 366 0.4906
14676.0000 747 366 0.4900
14696.0000 748 366 0.4893
14701.7000 748 367 0.4906
14718.0000 749 367 0.4900
14736.0000 750 367 0.4893
14746.0000 750 368 0.4907
14756.0000 751 368 0.4900
14773.0000 752 368 0.4894
14790.0000 753 368 0.4887
14798.8000 753 369 0.4900
14809.0000 754 369 0.4894
14831.0000 755 369 0.4887
14848.0000 756 369 0.4881
14867.0000 757 369 0.4875
14882.3000 757 370 0.4888
14889.0000 758 370 0.4881
14905.0000 759 370 0.4875
14915.3000 759 371 0.4888
14927.0000 760 371 0.4882
14942.0000 761 371 0.4875
14961.0000 762 371 0.4869
14984.0000 763 371 0.4862
14999.0000 764 371 0.4856
15021.0000 765 371 0.4850
15041.0000 766 371 0.4843
15058.0000 767 371 0.4837
15074.0000 768 371 0.4831
15093.0000 769 371 0.4824
15114.0000 770 371 0.4818
15132.0000 771 371 0.4812
15149.0000 772 371 0.4806
15159.2000 772 372 0.4819
15172.0000 773 372 0.4812
15190.0000 774 372 0.4806
15212.0000 775 372 0.4800
15235.0000 776 372 0.4794
15245.0000 776 373 0.4807
15256.0000 777 373 0.4801
15280.0000 778 373 0.4794
15297.0000 779 373 0.4788
15298.5000 779 374 0.4801
15318.0000 780 374 0.4795
15336.0000 781 374 0.4789
15343.1000 781 375 0.4802
15360.0000 782 375 0.4795
15381.0000 783 375 0.4789
15389.0000 783 376 0.4802
15399.0000 784 376 0.4796
15419.0000 785 376 0.4790
15439.2000 785 377 0.4803
15441.0000 786 377 0.4796
15442.1000 786 378 0.4809
15465.0000 787 378 0.4803
15482.0000 788 378 0.4797
15495.4000 788 379 0.4810
15504.0000 789 379 0.4804
15517.2000 789 380 0.4816
15526.0000 790 380 0.4810
15538.0000 790 381 0.4823
15547.0000 791 381 0.4817
15569.0000 792 381 0.4811
15591.0000 793 381 0.4805
15596.8000 793 382 0.4817
15615.0000 794 382 0.4811
15632.0000 795 382 0.4805
15651.0000 796 382 0.4799
15666.0000 797 382 0.4793
15684.0000 798 382 0.4787
15708.0000 799 382 0.4781
15724.0000 800 382 0.4775
15746.0000 801 382 0.4769
15764.0000 802 382 0.4763
15782.0000 803 382 0.4757
15793.3000 803 383 0.4770
15799.0000 804 383 0.4764
15815.0000 805 383 0.4758
15825.5000 805 384 0.4770
15838.0000 806 384 0.4764
15854.0000 807 384 0.4758
15873.0000 808 384 0.4752
15894.0000 809 384 0.4747
15909.0000 810 384 0.4741
15919.6000 810 385 0.4753
15920.3000 810 386 0.4765
15927.0000 811 386 0.4760
15948.0000 812 386 0.4754
15953.1000 812 387 0.4766
15967.0000 813 387 0.4760
15990.0000 814 387 0.4754
16004.6000 814 388 0.4767
16006.3000 814 389 0.4779
16010.0000 815 389 0.4773
16013.2000 815 390 0.4785
16027.0000 816 390 0.4779
16034.3000 816 391 0.4792
16042.0000 817 391 0.4786
16058.3000 817 392 0.4798
16061.0000 818 392 0.4792
16080.0000 819 392 0.4786
16104.0000 820 392 0.4780
16124.0000 821 392 0.4775
16139.0000 822 392 0.4769
16155.0000 823 392 0.4763
16175.0000 824 392 0.4757
16180.5000 824 393 0.4769
16196.0000 825 393 0.4764
16212.0000 826 393 0.4758
16220.0000 826 394 0.4770
16230.0000 827 394 0.4764
16245.0000 828 394 0.4758
16257.6000 828 395 0.4771
16261.0000 829 395 0.4765
16266.1000 829 396 0.4777
16281.0000 830 396 0.4771
16295.8000 830 397 0.4783
16301.0000 831 397 0.4777
16305.1000 831 398 0.4789
16322.0000 832 398 0.4784
16338.0000 833 398 0.4778
16357.0000 834 398 0.4772
16380.0000 835 398 0.4766
16399.0000 836 398 0.4761
16410.7000 836 399 0.4773
16416.0000 837 399 0.4767
16433.0000 838 399 0.4761
16455.0000 839 399 0.4756
16458.4000 839 400 0.4768
16479.0000 840 400 0.4762
16503.0000 841 400 0.4756
16520.1000 841 401 0.4768
16526.0000 842 401 0.4762
16543.7000 842 402 0.4774
16547.0000 843 402 0.4769
16568.0000 844 402 0.4763
16586.6000 844 403 0.4775
16589.0000 845 403 0.4769
16610.0000 846 403 0.4764
16628.0000 847 403 0.4758
16629.2000 847 404 0.4770
16644.7000 847 405 0.4782
16646.0000 848 405 0.4776
16662.0000 849 405 0.4770
16662.2000 849 406 0.4782
16682.0000 850 406 0.4776
16699.0000 851 406 0.4771
16721.7000 851 407 0.4783
16723.0000 852 407 0.4777
16736.1000 852 408 0.4789
16743.0000 852 409 0.4800
16744.9000 852 410 0.4812
16745.0000 853 410 0.4807
16760.0000 854 410 0.4801
16783.0000 855 410 0.4795
16800.0000 856 410 0.4790
16805.1000 856 411 0.4801
16818.0000 857 411 0.4796
16835.0000 858 411 0.4790
16840.9000 858 412 0.4802
16852.1000 858 413 0.4814
16858.0000 859 413 0.4808
16875.8000 859 414 0.4820
16881.0000 860 414 0.4814
16901.0000 861 414 0.4808
16917.0000 862 414 0.4803
16935.0000 863 414 0.4797
16959.0000 864 414 0.4792
16980.0000 865 414 0.4786
16997.0000 866 414 0.4781
17021.0000 867 414 0.4775
17024.9000 867 415 0.4787
17040.0000 868 415 0.4781
17063.0000 869 415 0.4776
17082.0000 870 415 0.4770
17105.0000 871 415 0.4765
17126.0000 872 415 0.4759
17143.0000 873 415 0.4754
17144.7000 873 416 0.4765
17162.0000 874 416 0.4760
17181.0000 875 416 0.4754
17202.0000 876 416 0.4749
17223.7000 876 417 0.4760
17225.0000 877 417 0.4755
17225.8000 877 418 0.4766
17226.4000 877 419 0.4778
17240.0000 878 419 0.4772
17259.0000 879 419 0.4767
17278.0000 880 419 0.4761
17282.2000 880 420 0.4773
17299.0000 881 420 0.4767
17318.0000 882 420 0.4762
17336.0000 883 420 0.4757
17343.6000 883 421 0.4768
17353.0000 884 421 0.4762
17357.6000 884 422 0.4774
17370.0000 885 422 0.4768
17371.3000 885 423 0.4780
17393.6000 885 424 0.4791
17394.0000 886 424 0.4786
17416.0000 887 424 0.4780
17439.0000 888 424 0.4775
17440.8000 888 425 0.4786
17454.0000 889 425 0.4781
17468.4000 889 426 0.4792
17469.2000 889 427 0.4803
17473.7000 889 428 0.4814
17477.0000 890 428 0.4809
17497.0000 891 428 0.4804
17515.0000 892 428 0.4798
17535.0000 893 428 0.4793
17558.0000 894 428 0.4787
17574.0000 895 428 0.4782
17598.0000 896 428 0.4777
17619.0000 897 428 0.4771
17639.0000 898 428 0.4766
17654.0000 899 428 0.4761
17655.2000 899 429 0.4772
17672.0000 900 429 0.4767
17690.0000 901 429 0.4761
17710.0000 902 429 0.4756
17734.0000 903 429 0.4751
17742.4000 903 430 0.4762
17751.0000 904 430 0.4757
17770.3000 904 431 0.4768
17774.0000 905 431 0.4762
17782.2000 905 432 0.4773
17793.0000 906 432 0.4768
17808.0000 907 432 0.4763
17816.2000 907 433 0.4774
17826.0000 908 433 0.4769
17846.0000 909 433 0.4763
17864.0000 910 433 0.4758
17884.0000 911 433 0.4753
17899.0000 912 433 0.4748
17915.5000 912 434 0.4759
17917.0000 913 434 0.4754
17936.0000 914 434 0.4748
17958.0000 915 434 0.4743
17976.0000 916 434 0.4738
17976.3000 916 435 0.4749
18000.0000 917 435 0.4744
