# time  created  delivered  delivered/created
22.0000 1 0 0.0000
38.0000 2 0 0.0000
54.0000 3 0 0.0000
72.0000 4 0 0.0000
94.0000 5 0 0.0000
110.0000 6 0 0.0000
133.0000 7 0 0.0000
153.0000 8 0 0.0000
175.0000 9 0 0.0000
191.0000 10 0 0.0000
210.0000 11 0 0.0000
225.0000 12 0 0.0000
249.0000 13 0 0.0000
265.0000 14 0 0.0000
281.0000 15 0 0.0000
304.0000 16 0 0.0000
328.0000 17 0 0.0000
343.0000 18 0 0.0000
367.0000 19 0 0.0000
382.0000 20 0 0.0000
399.0000 21 0 0.0000
420.0000 22 0 0.0000
439.0000 23 0 0.0000
458.0000 24 0 0.0000
480.0000 25 0 0.0000
497.0000 26 0 0.0000
515.0000 27 0 0.0000
538.0000 28 0 0.0000
562.0000 29 0 0.0000
581.0000 30 0 0.0000
583.9000 30 1 0.0333
603.0000 31 1 0.0323
625.0000 32 1 0.0313
640.9000 32 2 0.0625
646.0000 33 2 0.0606
661.6000 33 3 0.0909
667.0000 34 3 0.0882
685.0000 35 3 0.0857
691.0000 35 4 0.1143
700.0000 36 4 0.1111
713.7000 36 5 0.1389
722.0000 37 5 0.1351
741.0000 38 5 0.1316
764.0000 39 5 0.1282
773.6000 39 6 0.1538
784.0000 40 6 0.1500
806.0000 41 6 0.1463
829.0000 42 6 0.1429
851.0000 43 6 0.1395
873.0000 44 6 0.1364
895.0000 45 6 0.1333
918.0000 46 6 0.1304
935.7000 46 7 0.1522
941.0000 47 7 0.1489
957.0000 48 7 0.1458
975.0000 49 7 0.1429
998.0000 50 7 0.1400
1018.0000 51 7 0.1373
1040.0000 52 7 0.1346
1056.0000 53 7 0.1321
1077.0000 54 7 0.1296
1096.0000 55 7 0.1273
1117.0000 56 7 0.1250
1137.0000 57 7 0.1228
1159.0000 58 7 0.1207
1179.0000 59 7 0.1186
1194.1000 59 8 0.1356
1201.0000 60 8 0.1333
1216.0000 61 8 0.1311
1225.2000 61 9 0.1475
1226.1000 61 10 0.1639
1232.0000 62 10 0.1613
1251.0000 63 10 0.1587
1268.0000 64 10 0.1563
1287.0000 65 10 0.1538
1308.0000 66 10 0.1515
1327.0000 67 10 0.1493
1342.0000 68 10 0.1471
1364.0000 69 10 0.1449
1381.1000 69 11 0.1594
1388.0000 70 11 0.1571
1397.1000 70 12 0.1714
1407.0000 71 12 0.1690
1408.4000 71 13 0.1831
1422.0000 72 13 0.1806
1442.0000 73 13 0.1781
1464.0000 74 13 0.1757
1476.9000 74 14 0.1892
1479.0000 75 14 0.1867
1483.1000 75 15 0.2000
1500.0000 76 15 0.1974
1518.0000 77 15 0.1948
1542.0000 78 15 0.1923
1562.0000 79 15 0.1899
1577.0000 80 15 0.1875
1600.0000 81 15 0.1852
1620.0000 82 15 0.1829
1637.0000 83 15 0.1807
1652.0000 84 15 0.1786
1673.0000 85 15 0.1765
1695.0000 86 15 0.1744
1706.4000 86 16 0.1860
1709.8000 86 17 0.1977
1713.0000 87 17 0.1954
1736.2000 87 18 0.2069
1737.0000 88 18 0.2045
1739.4000 88 19 0.2159
1739.8000 88 20 0.2273
1760.0000 89 20 0.2247
1781.0000 90 20 0.2222
1804.0000 91 20 0.2198
1826.0000 92 20 0.2174
1849.0000 93 20 0.2151
1870.0000 94 20 0.2128
1881.2000 94 21 0.2234
1882.8000 94 22 0.2340
1890.0000 95 22 0.2316
1911.0000 96 22 0.2292
1929.0000 97 22 0.2268
1948.0000 98 22 0.2245
1965.0000 99 22 0.2222
1980.0000 100 22 0.2200
2002.0000 101 22 0.2178
2024.0000 102 22 0.2157
2026.9000 102 23 0.2255
2035.6000 102 24 0.2353
2041.0000 103 24 0.2330
2064.0000 104 24 0.2308
2080.0000 105 24 0.2286
2095.0000 106 24 0.2264
2119.0000 107 24 0.2243
2139.0000 108 24 0.2222
2144.2000 108 25 0.2315
2161.0000 109 25 0.2294
2178.0000 110 25 0.2273
2199.0000 111 25 0.2252
2217.0000 111 26 0.2342
2222.0000 112 26 0.2321
2240.0000 113 26 0.2301
2259.0000 114 26 0.2281
2275.0000 115 26 0.2261
2295.0000 116 26 0.2241
2314.0000 117 26 0.2222
2326.3000 117 27 0.2308
2335.0000 118 27 0.2288
2354.0000 119 27 0.2269
2377.0000 120 27 0.2250
2396.0000 121 27 0.2231
2411.0000 122 27 0.2213
2412.0000 122 28 0.2295
2433.0000 123 28 0.2276
2452.0000 124 28 0.2258
2460.7000 124 29 0.2339
2464.9000 124 30 0.2419
2470.6000 124 31 0.2500
2474.0000 125 31 0.2480
2496.0000 126 31 0.2460
2506.7000 126 32 0.2540
2511.0000 127 32 0.2520
2526.0000 128 32 0.2500
2546.0000 129 32 0.2481
2554.2000 129 33 0.2558
2554.8000 129 34 0.2636
2563.0000 130 34 0.2615
2586.0000 131 34 0.2595
2592.3000 131 35 0.2672
2601.0000 132 35 0.2652
2621.0000 133 35 0.2632
2641.0000 134 35 0.2612
2662.0000 135 35 0.2593
2678.0000 136 35 0.2574
2681.0000 136 36 0.2647
2681.8000 136 37 0.2721
2689.6000 136 38 0.2794
2690.9000 136 39 0.2868
2693.0000 137 39 0.2847
2716.0000 138 39 0.2826
2735.0000 139 39 0.2806
2740.4000 139 40 0.2878
2754.0000 140 40 0.2857
2771.0000 141 40 0.2837
2788.0000 142 40 0.2817
2800.0000 142 41 0.2887
2807.0000 143 41 0.2867
2823.2000 143 42 0.2937
2831.0000 144 42 0.2917
2832.2000 144 43 0.2986
2853.0000 145 43 0.2966
2868.0000 146 43 0.2945
2872.5000 146 44 0.3014
2891.0000 147 44 0.2993
2911.0000 148 44 0.2973
2911.3000 148 45 0.3041
2926.0000 149 45 0.3020
2942.0000 150 45 0.3000
2947.3000 150 46 0.3067
2954.4000 150 47 0.3133
2962.0000 151 47 0.3113
2979.0000 152 47 0.3092
3000.8000 152 48 0.3158
3003.0000 153 48 0.3137
3024.0000 154 48 0.3117
3040.0000 155 48 0.3097
3059.0000 155 49 0.3161
3064.0000 156 49 0.3141
3065.8000 156 50 0.3205
3084.5000 156 51 0.3269
3086.0000 157 51 0.3248
3110.0000 158 51 0.3228
3118.8000 158 52 0.3291
3129.0000 159 52 0.3270
3147.0000 160 52 0.3250
3166.0000 161 52 0.3230
3166.7000 161 53 0.3292
3190.0000 162 53 0.3272
3204.1000 162 54 0.3333
3210.0000 163 54 0.3313
3225.0000 164 54 0.3293
3230.0000 164 55 0.3354
3243.0000 165 55 0.3333
3260.0000 166 55 0.3313
3261.2000 166 56 0.3373
3271.8000 166 57 0.3434
3273.6000 166 58 0.3494
3283.0000 167 58 0.3473
3305.0000 168 58 0.3452
3321.0000 169 58 0.3432
3329.9000 169 59 0.3491
3344.0000 170 59 0.3471
3365.0000 171 59 0.3450
3385.0000 172 59 0.3430
3408.0000 173 59 0.3410
3414.1000 173 60 0.3468
3428.0000 174 60 0.3448
3429.2000 174 61 0.3506
3432.3000 174 62 0.3563
3445.5000 174 63 0.3621
3447.8000 174 64 0.3678
3449.0000 175 64 0.3657
3472.0000 176 64 0.3636
3488.0000 177 64 0.3616
3511.0000 178 64 0.3596
3535.0000 179 64 0.3575
3548.5000 179 65 0.3631
3551.5000 179 66 0.3687
3552.0000 180 66 0.3667
3570.0000 181 66 0.3646
3577.5000 181 67 0.3702
3581.2000 181 68 0.3757
3589.0000 182 68 0.3736
3604.0000 183 68 0.3716
3619.0000 184 68 0.3696
3638.0000 185 68 0.3676
3653.0000 186 68 0.3656
3669.0000 187 68 0.3636
3689.0000 188 68 0.3617
3712.0000 189 68 0.3598
3730.0000 190 68 0.3579
3754.0000 191 68 0.3560
3771.0000 192 68 0.3542
3787.0000 193 68 0.3523
3809.0000 194 68 0.3505
3828.6000 194 69 0.3557
3832.0000 195 69 0.3538
3854.0000 196 69 0.3520
3867.6000 196 70 0.3571
3873.0000 197 70 0.3553
3881.8000 197 71 0.3604
3895.0000 198 71 0.3586
3919.0000 199 71 0.3568
3938.0000 200 71 0.3550
3946.1000 200 72 0.3600
3946.7000 200 73 0.3650
3953.0000 200 74 0.3700
3955.0000 201 74 0.3682
3975.0000 202 74 0.3663
3996.0000 203 74 0.3645
4012.0000 204 74 0.3627
4031.0000 205 74 0.3610
4052.0000 206 74 0.3592
4054.9000 206 75 0.3641
4060.9000 206 76 0.3689
4070.0000 207 76 0.3671
4094.0000 208 76 0.3654
4114.2000 208 77 0.3702
4115.0000 209 77 0.3684
4128.0000 209 78 0.3732
4134.0000 210 78 0.3714
4153.0000 211 78 0.3697
4171.0000 212 78 0.3679
4194.0000 213 78 0.3662
4214.0000 214 78 0.3645
4214.7000 214 79 0.3692
4235.0000 215 79 0.3674
4245.6000 215 80 0.3721
4251.0000 216 80 0.3704
4268.6000 216 81 0.3750
4272.0000 217 81 0.3733
4284.9000 217 82 0.3779
4290.0000 218 82 0.3761
4297.6000 218 83 0.3807
4311.7000 218 84 0.3853
4314.0000 219 84 0.3836
4315.4000 219 85 0.3881
4338.0000 220 85 0.3864
4360.0000 221 85 0.3846
4363.6000 221 86 0.3891
4381.0000 222 86 0.3874
4400.0000 223 86 0.3857
4406.0000 223 87 0.3901
4418.3000 223 88 0.3946
4419.0000 224 88 0.3929
4419.1000 224 89 0.3973
4434.0000 225 89 0.3956
4452.4000 225 90 0.4000
4458.0000 226 90 0.3982
4463.0000 226 91 0.4027
4476.0000 227 91 0.4009
4497.0000 228 91 0.3991
4505.4000 228 92 0.4035
4515.0000 229 92 0.4017
4537.0000 230 92 0.4000
4556.0000 231 92 0.3983
4580.0000 232 92 0.3966
4597.0000 233 92 0.3948
4614.0000 234 92 0.3932
4634.0000 235 92 0.3915
4655.0000 236 92 0.3898
4665.1000 236 93 0.3941
4672.0000 237 93 0.3924
4689.0000 238 93 0.3908
4706.0000 239 93 0.3891
4729.0000 240 93 0.3875
4747.0000 241 93 0.3859
4762.0000 242 93 0.3843
4783.0000 243 93 0.3827
4795.2000 243 94 0.3868
4796.7000 243 95 0.3909
4807.0000 244 95 0.3893
4824.0000 245 95 0.3878
4831.8000 245 96 0.3918
4848.0000 246 96 0.3902
4867.0000 247 96 0.3887
4873.1000 247 97 0.3927
4883.2000 247 98 0.3968
4886.0000 248 98 0.3952
4909.0000 249 98 0.3936
4914.4000 249 99 0.3976
4928.0000 250 99 0.3960
4951.0000 251 99 0.3944
4966.0000 252 99 0.3929
4986.0000 253 99 0.3913
4991.4000 253 100 0.3953
4995.1000 253 101 0.3992
5010.0000 254 101 0.3976
5033.0000 255 101 0.3961
5048.0000 256 101 0.3945
5072.0000 257 101 0.3930
5089.0000 258 101 0.3915
5112.0000 259 101 0.3900
5131.0000 260 101 0.3885
5151.0000 261 101 0.3870
5169.6000 261 102 0.3908
5175.0000 262 102 0.3893
5194.0000 263 102 0.3878
5204.0000 263 103 0.3916
5215.0000 264 103 0.3902
5237.0000 265 103 0.3887
5238.4000 265 104 0.3925
5240.6000 265 105 0.3962
5254.0000 266 105 0.3947
5265.8000 266 106 0.3985
5269.0000 267 106 0.3970
5291.0000 268 106 0.3955
5307.0000 269 106 0.3941
5324.0000 270 106 0.3926
5325.2000 270 107 0.3963
5326.8000 270 108 0.4000
5339.0000 271 108 0.3985
5356.0000 272 108 0.3971
5371.0000 273 108 0.3956
5387.0000 274 108 0.3942
5395.6000 274 109 0.3978
5407.1000 274 110 0.4015
5410.0000 275 110 0.4000
5426.0000 276 110 0.3986
5430.3000 276 111 0.4022
5447.0000 277 111 0.4007
5470.0000 278 111 0.3993
5490.0000 279 111 0.3978
5507.0000 280 111 0.3964
5517.2000 280 112 0.4000
5528.0000 281 112 0.3986
5546.0000 282 112 0.3972
5564.0000 283 112 0.3958
5584.0000 284 112 0.3944
5590.2000 284 113 0.3979
5594.3000 284 114 0.4014
5607.0000 285 114 0.4000
5625.0000 286 114 0.3986
5643.0000 287 114 0.3972
5665.0000 288 114 0.3958
5685.0000 289 114 0.3945
5704.0000 290 114 0.3931
5724.0000 291 114 0.3918
5745.0000 292 114 0.3904
5745.2000 292 115 0.3938
5760.0000 293 115 0.3925
5778.9000 293 116 0.3959
5784.0000 294 116 0.3946
5805.0000 295 116 0.3932
5822.0000 296 116 0.3919
5841.0000 297 116 0.3906
5859.0000 298 116 0.3893
5873.7000 298 117 0.3926
5874.0000 299 117 0.3913
5893.0000 300 117 0.3900
5895.4000 300 118 0.3933
5905.8000 300 119 0.3967
5914.0000 301 119 0.3953
5914.3000 301 120 0.3987
5932.0000 302 120 0.3974
5953.0000 303 120 0.3960
5970.9000 303 121 0.3993
5971.0000 304 121 0.3980
5983.4000 304 122 0.4013
5986.0000 305 122 0.4000
5995.7000 305 123 0.4033
6003.8000 305 124 0.4066
6008.0000 306 124 0.4052
6011.6000 306 125 0.4085
6024.0000 307 125 0.4072
6028.2000 307 126 0.4104
6029.0000 307 127 0.4137
6037.2000 307 128 0.4169
6041.0000 308 128 0.4156
6063.0000 309 128 0.4142
6074.6000 309 129 0.4175
6087.0000 310 129 0.4161
6105.0000 311 129 0.4148
6112.1000 311 130 0.4180
6124.0000 312 130 0.4167
6128.7000 312 131 0.4199
6129.8000 312 132 0.4231
6145.0000 313 132 0.4217
6166.0000 314 132 0.4204
6182.0000 315 132 0.4190
6201.0000 316 132 0.4177
6211.5000 316 133 0.4209
6216.0000 317 133 0.4196
6231.0000 318 133 0.4182
6248.0000 319 133 0.4169
6261.7000 319 134 0.4201
6267.0000 320 134 0.4188
6276.5000 320 135 0.4219
6285.7000 320 136 0.4250
6289.0000 321 136 0.4237
6308.0000 322 136 0.4224
6332.0000 323 136 0.4211
6340.0000 323 137 0.4241
6355.0000 324 137 0.4228
6372.0000 325 137 0.4215
6378.5000 325 138 0.4246
6391.9000 325 139 0.4277
6393.0000 326 139 0.4264
6417.0000 327 139 0.4251
6424.2000 327 140 0.4281
6431.8000 327 141 0.4312
6432.2000 327 142 0.4343
6441.0000 328 142 0.4329
6465.0000 329 142 0.4316
6467.3000 329 143 0.4347
6486.0000 330 143 0.4333
6502.0000 331 143 0.4320
6518.0000 332 143 0.4307
6536.0000 333 143 0.4294
6548.1000 333 144 0.4324
6555.0000 334 144 0.4311
6572.0000 335 144 0.4299
6591.0000 336 144 0.4286
6608.0000 337 144 0.4273
6631.0000 338 144 0.4260
6646.0000 339 144 0.4248
6665.0000 340 144 0.4235
6684.0000 341 144 0.4223
6696.4000 341 145 0.4252
6708.0000 342 145 0.4240
6725.0000 343 145 0.4227
6745.0000 344 145 0.4215
6752.0000 344 146 0.4244
6760.0000 345 146 0.4232
6781.0000 346 146 0.4220
6795.7000 346 147 0.4249
6800.0000 347 147 0.4236
6801.8000 347 148 0.4265
6816.0000 348 148 0.4253
6827.4000 348 149 0.4282
6839.0000 349 149 0.4269
6854.0000 350 149 0.4257
6874.0000 351 149 0.4245
6889.0000 352 149 0.4233
6893.6000 352 150 0.4261
6898.3000 352 151 0.4290
6900.1000 352 152 0.4318
6909.0000 353 152 0.4306
6930.0000 354 152 0.4294
6951.0000 355 152 0.4282
6951.3000 355 153 0.4310
6952.1000 355 154 0.4338
6971.0000 356 154 0.4326
6978.5000 356 155 0.4354
6980.2000 356 156 0.4382
6995.0000 357 156 0.4370
7010.0000 358 156 0.4358
7029.0000 359 156 0.4345
7044.0000 359 157 0.4373
7048.0000 360 157 0.4361
7071.0000 361 157 0.4349
7091.5000 361 158 0.4377
7092.7000 361 159 0.4404
7093.0000 362 159 0.4392
7108.0000 363 159 0.4380
7130.0000 364 159 0.4368
7139.6000 364 160 0.4396
7147.0000 365 160 0.4384
7163.0000 366 160 0.4372
7176.4000 366 161 0.4399
7180.0000 367 161 0.4387
7197.0000 368 161 0.4375
7197.8000 368 162 0.4402
7206.5000 368 163 0.4429
7221.0000 369 163 0.4417
7240.0000 370 163 0.4405
7243.4000 370 164 0.4432
7255.0000 371 164 0.4420
7261.8000 371 165 0.4447
7272.0000 372 165 0.4435
7290.4000 372 166 0.4462
7296.0000 373 166 0.4450
7304.4000 373 167 0.4477
7319.0000 374 167 0.4465
7333.2000 374 168 0.4492
7335.0000 375 168 0.4480
7354.5000 375 169 0.4507
7358.0000 376 169 0.4495
7367.4000 376 170 0.4521
7378.0000 377 170 0.4509
7387.9000 377 171 0.4536
7394.0000 378 171 0.4524
7411.0000 379 171 0.4512
7435.0000 380 171 0.4500
7436.5000 380 172 0.4526
7459.0000 381 172 0.4514
7480.0000 382 172 0.4503
7481.3000 382 173 0.4529
7493.2000 382 174 0.4555
7498.0000 383 174 0.4543
7498.8000 383 175 0.4569
7514.0000 384 175 0.4557
7531.9000 384 176 0.4583
7536.0000 385 176 0.4571
7559.0000 386 176 0.4560
7574.0000 387 176 0.4548
7589.9000 387 177 0.4574
7593.7000 387 178 0.4599
7595.0000 388 178 0.4588
7613.0000 389 178 0.4576
7632.0000 390 178 0.4564
7656.0000 391 178 0.4552
7673.0000 392 178 0.4541
7689.3000 392 179 0.4566
7696.0000 393 179 0.4555
7713.0000 394 179 0.4543
7730.0000 395 179 0.4532
7745.0000 396 179 0.4520
7749.4000 396 180 0.4545
7752.0000 396 181 0.4571
7762.0000 397 181 0.4559
7784.0000 398 181 0.4548
7804.0000 399 181 0.4536
7822.0000 400 181 0.4525
7823.5000 400 182 0.4550
7840.0000 401 182 0.4539
7858.0000 402 182 0.4527
7874.0000 403 182 0.4516
7895.0000 404 182 0.4505
7914.0000 405 182 0.4494
7931.0000 406 182 0.4483
7934.7000 406 183 0.4507
7948.0000 407 183 0.4496
7972.0000 408 183 0.4485
7987.0000 409 183 0.4474
7992.4000 409 184 0.4499
8002.0000 410 184 0.4488
8024.0000 411 184 0.4477
8040.0000 412 184 0.4466
8041.7000 412 185 0.4490
8059.0000 413 185 0.4479
8066.2000 413 186 0.4504
8082.0000 414 186 0.4493
8099.0000 415 186 0.4482
8106.2000 415 187 0.4506
8116.0000 416 187 0.4495
8137.0000 417 187 0.4484
8158.0000 418 187 0.4474
8173.0000 419 187 0.4463
8190.0000 420 187 0.4452
8205.0000 421 187 0.4442
8205.7000 421 188 0.4466
8219.4000 421 189 0.4489
8227.0000 422 189 0.4479
8228.7000 422 190 0.4502
8236.3000 422 191 0.4526
8237.1000 422 192 0.4550
8251.0000 423 192 0.4539
8269.7000 423 193 0.4563
8270.0000 423 194 0.4586
8271.1000 423 195 0.4610
8275.0000 424 195 0.4599
8297.0000 425 195 0.4588
8310.1000 425 196 0.4612
8317.0000 426 196 0.4601
8336.0000 427 196 0.4590
8359.0000 428 196 0.4579
8375.0000 429 196 0.4569
8396.0000 430 196 0.4558
8414.0000 431 196 0.4548
8428.2000 431 197 0.4571
8429.8000 431 198 0.4594
8437.0000 432 198 0.4583
8445.8000 432 199 0.4606
8453.0000 433 199 0.4596
8468.0000 434 199 0.4585
8492.0000 435 199 0.4575
8508.7000 435 200 0.4598
8510.0000 436 200 0.4587
8525.0000 437 200 0.4577
8531.4000 437 201 0.4600
8544.0000 438 201 0.4589
8566.0000 439 201 0.4579
8578.2000 439 202 0.4601
8586.0000 440 202 0.4591
8591.3000 440 203 0.4614
8609.0000 441 203 0.4603
8611.3000 441 204 0.4626
8625.0000 442 204 0.4615
8631.3000 442 205 0.4638
8641.0000 442 206 0.4661
8644.0000 443 206 0.4650
8650.9000 443 207 0.4673
8663.0000 444 207 0.4662
8681.0000 445 207 0.4652
8697.0000 446 207 0.4641
8699.7000 446 208 0.4664
8705.9000 446 209 0.4686
8713.3000 446 210 0.4709
8719.0000 447 210 0.4698
8743.0000 448 210 0.4688
8748.8000 448 211 0.4710
8749.8000 448 212 0.4732
8767.0000 449 212 0.4722
8778.0000 449 213 0.4744
8784.0000 450 213 0.4733
8794.1000 450 214 0.4756
8800.0000 451 214 0.4745
8806.3000 451 215 0.4767
8823.0000 452 215 0.4757
8829.0000 452 216 0.4779
8831.4000 452 217 0.4801
8839.0000 453 217 0.4790
8854.0000 454 217 0.4780
8862.6000 454 218 0.4802
8863.3000 454 219 0.4824
8869.0000 455 219 0.4813
8881.1000 455 220 0.4835
8888.6000 455 221 0.4857
8892.0000 456 221 0.4846
8911.0000 457 221 0.4836
8929.0000 458 221 0.4825
8944.0000 459 221 0.4815
8955.3000 459 222 0.4837
8961.0000 460 222 0.4826
8979.0000 461 222 0.4816
8985.6000 461 223 0.4837
8987.2000 461 224 0.4859
8997.0000 462 224 0.4848
9008.9000 462 225 0.4870
9011.3000 462 226 0.4892
9013.0000 463 226 0.4881
9035.0000 464 226 0.4871
9054.6000 464 227 0.4892
9058.0000 465 227 0.4882
9065.9000 465 228 0.4903
9067.9000 465 229 0.4925
9073.0000 466 229 0.4914
9095.0000 467 229 0.4904
9119.0000 468 229 0.4893
9126.9000 468 230 0.4915
9143.0000 469 230 0.4904
9162.0000 470 230 0.4894
9174.0000 470 231 0.4915
9185.2000 470 232 0.4936
9186.0000 471 232 0.4926
9209.0000 472 232 0.4915
9224.0000 473 232 0.4905
9245.0000 474 232 0.4895
9253.4000 474 233 0.4916
9264.0000 475 233 0.4905
9277.3000 475 234 0.4926
9288.0000 476 234 0.4916
9294.6000 476 235 0.4937
9306.5000 476 236 0.4958
9310.0000 477 236 0.4948
9315.3000 477 237 0.4969
9319.7000 477 238 0.4990
9321.5000 477 239 0.5010
9326.0000 478 239 0.5000
9341.0000 479 239 0.4990
9365.0000 480 239 0.4979
9382.6000 480 240 0.5000
9387.0000 481 240 0.4990
9403.0000 482 240 0.4979
9426.0000 483 240 0.4969
9444.0000 484 240 0.4959
9448.7000 484 241 0.4979
9463.8000 484 242 0.5000
9465.9000 484 243 0.5021
9468.0000 485 243 0.5010
9485.0000 486 243 0.5000
9501.1000 486 244 0.5021
9503.0000 487 244 0.5010
9527.0000 488 244 0.5000
9527.3000 488 245 0.5020
9533.5000 488 246 0.5041
9550.0000 489 246 0.5031
9573.0000 490 246 0.5020
9591.0000 491 246 0.5010
9614.0000 492 246 0.5000
9614.9000 492 247 0.5020
9632.0000 493 247 0.5010
9653.0000 494 247 0.5000
9676.0000 495 247 0.4990
9693.0000 496 247 0.4980
9715.0000 497 247 0.4970
9736.0000 498 247 0.4960
9748.4000 498 248 0.4980
9751.6000 498 249 0.5000
9752.0000 499 249 0.4990
9776.0000 500 249 0.4980
9793.4000 500 250 0.5000
9796.7000 500 251 0.5020
9799.0000 501 251 0.5010
9821.0000 502 251 0.5000
9837.0000 503 251 0.4990
9843.7000 503 252 0.5010
9861.0000 504 252 0.5000
9879.0000 505 252 0.4990
9894.0000 506 252 0.4980
9909.0000 507 252 0.4970
9921.5000 507 253 0.4990
9927.0000 508 253 0.4980
9946.0000 509 253 0.4971
9969.0000 510 253 0.4961
9988.0000 511 253 0.4951
10007.0000 512 253 0.4941
10013.2000 512 254 0.4961
10024.0000 513 254 0.4951
10043.8000 513 255 0.4971
10044.0000 514 255 0.4961
10067.0000 515 255 0.4951
10074.9000 515 256 0.4971
10087.0000 516 256 0.4961
10111.0000 517 256 0.4952
10116.5000 517 257 0.4971
10132.0000 518 257 0.4961
10139.8000 518 258 0.4981
10154.0000 519 258 0.4971
10177.0000 520 258 0.4962
10185.2000 520 259 0.4981
10194.0000 521 259 0.4971
10216.0000 522 259 0.4962
10235.0000 523 259 0.4952
10257.0000 524 259 0.4943
10276.0000 524 260 0.4962
10281.0000 525 260 0.4952
10300.0000 526 260 0.4943
10303.0000 526 261 0.4962
10320.0000 527 261 0.4953
10343.0000 528 261 0.4943
10366.0000 529 261 0.4934
10382.0000 530 261 0.4925
10402.0000 531 261 0.4915
10416.0000 531 262 0.4934
10417.3000 531 263 0.4953
10422.5000 531 264 0.4972
10423.0000 532 264 0.4962
10424.8000 532 265 0.4981
10440.5000 532 266 0.5000
10441.0000 533 266 0.4991
10461.0000 534 266 0.4981
10480.0000 535 266 0.4972
10497.0000 536 266 0.4963
10512.1000 536 267 0.4981
10518.0000 537 267 0.4972
10536.0000 537 268 0.4991
10537.0000 538 268 0.4981
10538.5000 538 269 0.5000
10540.6000 538 270 0.5019
10552.3000 538 271 0.5037
10554.1000 538 272 0.5056
10555.0000 539 272 0.5046
10571.0000 540 272 0.5037
10591.0000 541 272 0.5028
10595.7000 541 273 0.5046
10615.0000 542 273 0.5037
10624.0000 542 274 0.5055
10637.0000 543 274 0.5046
10645.7000 543 275 0.5064
10657.0000 544 275 0.5055
10668.5000 544 276 0.5074
10681.0000 545 276 0.5064
10703.0000 546 276 0.5055
10726.0000 547 276 0.5046
10748.0000 548 276 0.5036
10768.0000 549 276 0.5027
10768.5000 549 277 0.5046
10781.7000 549 278 0.5064
10788.0000 550 278 0.5055
10794.6000 550 279 0.5073
10801.8000 550 280 0.5091
10808.0000 551 280 0.5082
10823.0000 552 280 0.5072
10842.0000 553 280 0.5063
10866.0000 554 280 0.5054
10869.9000 554 281 0.5072
10875.5000 554 282 0.5090
10885.0000 555 282 0.5081
10887.3000 555 283 0.5099
10907.0000 556 283 0.5090
10913.8000 556 284 0.5108
10922.2000 556 285 0.5126
10925.0000 557 285 0.5117
10942.0000 558 285 0.5108
10966.0000 559 285 0.5098
10968.1000 559 286 0.5116
10983.0000 560 286 0.5107
11006.0000 561 286 0.5098
11007.8000 561 287 0.5116
11019.4000 561 288 0.5134
11019.5000 561 289 0.5152
11023.0000 562 289 0.5142
11039.7000 562 290 0.5160
11046.0000 563 290 0.5151
11068.0000 564 290 0.5142
11079.9000 564 291 0.5160
11084.0000 565 291 0.5150
11102.0000 566 291 0.5141
11120.0000 567 291 0.5132
11143.0000 568 291 0.5123
11166.0000 569 291 0.5114
11170.9000 569 292 0.5132
11182.0000 570 292 0.5123
11197.6000 570 293 0.5140
11201.0000 571 293 0.5131
11207.5000 571 294 0.5149
11210.7000 571 295 0.5166
11218.0000 572 295 0.5157
11238.0000 573 295 0.5148
11260.0000 574 295 0.5139
11280.0000 575 295 0.5130
11298.0000 576 295 0.5122
11308.0000 576 296 0.5139
11319.0000 577 296 0.5130
11325.1000 577 297 0.5147
11343.0000 578 297 0.5138
11363.0000 579 297 0.5130
11381.0000 580 297 0.5121
11393.6000 580 298 0.5138
11405.0000 581 298 0.5129
11424.0000 582 298 0.5120
11433.1000 582 299 0.5137
11443.0000 583 299 0.5129
11450.2000 583 300 0.5146
11459.6000 583 301 0.5163
11467.0000 584 301 0.5154
11491.0000 585 301 0.5145
11511.0000 586 301 0.5137
11529.0000 587 301 0.5128
11535.5000 587 302 0.5145
11547.0000 588 302 0.5136
11562.1000 588 303 0.5153
11566.0000 589 303 0.5144
11586.0000 590 303 0.5136
11599.8000 590 304 0.5153
11610.0000 591 304 0.5144
11612.6000 591 305 0.5161
11622.0000 591 306 0.5178
11626.0000 592 306 0.5169
11640.2000 592 307 0.5186
11644.7000 592 308 0.5203
11645.9000 592 309 0.5220
11650.0000 593 309 0.5211
11665.0000 594 309 0.5202
11680.0000 595 309 0.5193
11686.4000 595 310 0.5210
11696.0000 596 310 0.5201
11711.0000 597 310 0.5193
11718.5000 597 311 0.5209
11731.0000 598 311 0.5201
11755.0000 599 311 0.5192
11771.0000 600 311 0.5183
11781.7000 600 312 0.5200
11790.0000 601 312 0.5191
11805.5000 601 313 0.5208
11809.0000 602 313 0.5199
11809.6000 602 314 0.5216
11825.2000 602 315 0.5233
11827.0000 603 315 0.5224
11828.2000 603 316 0.5240
11851.0000 604 316 0.5232
11867.0000 605 316 0.5223
11885.0000 606 316 0.5215
11907.0000 607 316 0.5206
11929.0000 608 316 0.5197
11940.3000 608 317 0.5214
11948.0000 609 317 0.5205
11959.7000 609 318 0.5222
11971.0000 610 318 0.5213
11983.3000 610 319 0.5230
11989.7000 610 320 0.5246
11995.0000 611 320 0.5237
12005.8000 611 321 0.5254
12012.0000 612 321 0.5245
12033.0000 613 321 0.5237
12048.0000 614 321 0.5228
12070.0000 615 321 0.5220
12072.7000 615 322 0.5236
12075.7000 615 323 0.5252
12088.0000 616 323 0.5244
12104.0000 617 323 0.5235
12124.0000 618 323 0.5227
12135.5000 618 324 0.5243
12145.0000 619 324 0.5234
12153.5000 619 325 0.5250
12155.1000 619 326 0.5267
12165.0000 620 326 0.5258
12189.0000 621 326 0.5250
12209.0000 622 326 0.5241
12210.0000 622 327 0.5257
12218.2000 622 328 0.5273
12220.5000 622 329 0.5289
12226.0000 623 329 0.5281
12249.0000 624 329 0.5272
12261.9000 624 330 0.5288
12270.0000 625 330 0.5280
12283.1000 625 331 0.5296
12287.0000 626 331 0.5288
12288.8000 626 332 0.5304
12297.0000 626 333 0.5319
12304.8000 626 334 0.5335
12305.0000 627 334 0.5327
12323.0000 628 334 0.5318
12329.4000 628 335 0.5334
12339.0000 629 335 0.5326
12342.2000 629 336 0.5342
12358.0000 630 336 0.5333
12377.0000 631 336 0.5325
12399.0000 632 336 0.5316
12416.9000 632 337 0.5332
12421.0000 633 337 0.5324
12444.0000 634 337 0.5315
12458.5000 634 338 0.5331
12462.0000 634 339 0.5347
12463.0000 635 339 0.5339
12479.0000 636 339 0.5330
12483.1000 636 340 0.5346
12497.0000 637 340 0.5338
12518.0000 638 340 0.5329
12535.5000 638 341 0.5345
12536.0000 638 342 0.5361
12538.0000 639 342 0.5352
12556.0000 640 342 0.5344
12575.0000 641 342 0.5335
12596.0000 642 342 0.5327
12611.0000 643 342 0.5319
12615.7000 643 343 0.5334
12635.0000 644 343 0.5326
12642.9000 644 344 0.5342
12655.0000 645 344 0.5333
12668.6000 645 345 0.5349
12672.0000 646 345 0.5341
12689.5000 646 346 0.5356
12691.0000 647 346 0.5348
12713.0000 648 346 0.5340
12726.0000 648 347 0.5355
12727.4000 648 348 0.5370
12737.0000 649 348 0.5362
12746.5000 649 349 0.5378
12761.0000 650 349 0.5369
12781.0000 651 349 0.5361
12798.0000 652 349 0.5353
12818.0000 653 349 0.5345
12830.3000 653 350 0.5360
12839.0000 654 350 0.5352
12855.5000 654 351 0.5367
12863.0000 655 351 0.5359
12884.0000 656 351 0.5351
12901.0000 657 351 0.5342
12919.0000 658 351 0.5334
12936.0000 659 351 0.5326
12945.8000 659 352 0.5341
12954.0000 660 352 0.5333
12971.0000 661 352 0.5325
12986.0000 662 352 0.5317
13009.0000 663 352 0.5309
13023.3000 663 353 0.5324
13029.0000 664 353 0.5316
13042.4000 664 354 0.5331
13048.0000 665 354 0.5323
13049.7000 665 355 0.5338
13069.0000 666 355 0.5330
13080.5000 666 356 0.5345
13081.1000 666 357 0.5360
13090.0000 667 357 0.5352
13112.0000 668 357 0.5344
13125.8000 668 358 0.5359
13132.3000 668 359 0.5374
13135.0000 669 359 0.5366
13146.6000 669 360 0.5381
13157.0000 670 360 0.5373
13175.0000 671 360 0.5365
13198.0000 672 360 0.5357
13222.0000 673 360 0.5349
13236.3000 673 361 0.5364
13237.0000 674 361 0.5356
13261.0000 675 361 0.5348
13266.7000 675 362 0.5363
13279.0000 676 362 0.5355
13290.8000 676 363 0.5370
13303.0000 677 363 0.5362
13327.0000 678 363 0.5354
13344.0000 679 363 0.5346
13367.0000 680 363 0.5338
13385.0000 681 363 0.5330
13400.0000 682 363 0.5323
13422.0000 683 363 0.5315
13431.6000 683 364 0.5329
13434.4000 683 365 0.5344
13439.0000 684 365 0.5336
13463.0000 685 365 0.5328
13485.0000 686 365 0.5321
13501.0000 687 365 0.5313
13512.8000 687 366 0.5328
13522.0000 688 366 0.5320
13543.0000 689 366 0.5312
13558.0000 690 366 0.5304
13572.0000 690 367 0.5319
13578.0000 691 367 0.5311
13597.0000 692 367 0.5303
13601.2000 692 368 0.5318
13605.2000 692 369 0.5332
13612.0000 693 369 0.5325
13617.4000 693 370 0.5339
13622.2000 693 371 0.5354
13633.0000 694 371 0.5346
13637.7000 694 372 0.5360
13654.0000 695 372 0.5353
13669.7000 695 373 0.5367
13674.0000 696 373 0.5359
13689.0000 697 373 0.5352
13701.0000 697 374 0.5366
13709.2000 697 375 0.5380
13713.0000 698 375 0.5372
13724.0000 698 376 0.5387
13732.6000 698 377 0.5401
13733.0000 699 377 0.5393
13750.0000 700 377 0.5386
13770.6000 700 378 0.5400
13771.0000 701 378 0.5392
13787.0000 702 378 0.5385
13808.0000 703 378 0.5377
13831.0000 704 378 0.5369
13853.0000 705 378 0.5362
13874.0000 706 378 0.5354
13894.0000 707 378 0.5347
13915.0000 708 378 0.5339
13921.1000 708 379 0.5353
13928.3000 708 380 0.5367
13931.0000 708 381 0.5381
13937.0000 709 381 0.5374
13952.0000 710 381 0.5366
13954.7000 710 382 0.5380
13955.8000 710 383 0.5394
13976.0000 711 383 0.5387
13985.2000 711 384 0.5401
13994.0000 712 384 0.5393
14007.7000 712 385 0.5407
14011.0000 713 385 0.5400
14032.0000 714 385 0.5392
14056.0000 715 385 0.5385
14071.0000 715 386 0.5399
14077.0000 716 386 0.5391
14092.0000 717 386 0.5384
14107.0000 718 386 0.5376
14108.3000 718 387 0.5390
14123.0000 719 387 0.5382
14147.0000 720 387 0.5375
14167.0000 721 387 0.5368
14181.2000 721 388 0.5381
14186.0000 722 388 0.5374
14204.0000 723 388 0.5367
14225.0000 724 388 0.5359
14231.4000 724 389 0.5373
14232.8000 724 390 0.5387
14245.0000 725 390 0.5379
14260.0000 725 391 0.5393
14262.7000 725 392 0.5407
14267.0000 726 392 0.5399
14286.0000 727 392 0.5392
14304.0000 728 392 0.5385
14323.0000 729 392 0.5377
14329.1000 729 393 0.5391
14343.0000 730 393 0.5384
14360.4000 730 394 0.5397
14363.0000 731 394 0.5390
14368.5000 731 395 0.5404
14385.0000 732 395 0.5396
14404.0000 733 395 0.5389
14420.0000 734 395 0.5381
14434.8000 734 396 0.5395
14441.0000 735 396 0.5388
14456.0000 736 396 0.5380
14466.4000 736 397 0.5394
14475.0000 737 397 0.5387
14499.0000 738 397 0.5379
14507.7000 738 398 0.5393
14523.0000 739 398 0.5386
14544.0000 740 398 0.5378
14551.8000 740 399 0.5392
14568.0000 741 399 0.5385
14588.0000 742 399 0.5377
14603.0000 743 399 0.5370
14618.0000 744 399 0.5363
14620.4000 744 400 0.5376
14630.1000 744 401 0.5390
14630.4000 744 402 0.5403
14639.0000 745 402 0.5396
14649.6000 745 403 0.5409
14655.0000 746 403 0.5402
14676.0000 747 403 0.5395
14696.0000 748 403 0.5388
14718.0000 749 403 0.5381
14736.0000 750 403 0.5373
14746.0000 750 404 0.5387
14756.0000 751 404 0.5379
14773.0000 752 404 0.5372
14790.0000 753 404 0.5365
14809.0000 754 404 0.5358
14831.0000 755 404 0.5351
14848.0000 756 404 0.5344
14867.0000 757 404 0.5337
14887.9000 757 405 0.5350
14889.0000 758 405 0.5343
14905.0000 759 405 0.5336
14926.9000 759 406 0.5349
14927.0000 760 406 0.5342
14942.0000 761 406 0.5335
14958.9000 761 407 0.5348
14961.0000 762 407 0.5341
14975.8000 762 408 0.5354
14984.0000 763 408 0.5347
14999.0000 764 408 0.5340
15001.4000 764 409 0.5353
15021.0000 765 409 0.5346
15031.8000 765 410 0.5359
15034.7000 765 411 0.5373
15041.0000 766 411 0.5366
15058.0000 767 411 0.5359
15074.0000 768 411 0.5352
15093.0000 769 411 0.5345
15101.5000 769 412 0.5358
15114.0000 770 412 0.5351
15132.0000 771 412 0.5344
15145.7000 771 413 0.5357
15149.0000 772 413 0.5350
15157.7000 772 414 0.5363
15172.0000 773 414 0.5356
15190.0000 774 414 0.5349
15212.0000 775 414 0.5342
15235.0000 776 414 0.5335
15246.4000 776 415 0.5348
15256.0000 777 415 0.5341
15280.0000 778 415 0.5334
15297.0000 779 415 0.5327
15318.0000 780 415 0.5321
15336.0000 781 415 0.5314
15360.0000 782 415 0.5307
15381.0000 783 415 0.5300
15389.7000 783 416 0.5313
15399.0000 784 416 0.5306
15419.0000 785 416 0.5299
15436.6000 785 417 0.5312
15439.2000 785 418 0.5325
15441.0000 786 418 0.5318
15459.6000 786 419 0.5331
15465.0000 787 419 0.5324
15482.0000 788 419 0.5317
15494.7000 788 420 0.5330
15504.0000 789 420 0.5323
15517.2000 789 421 0.5336
15526.0000 790 421 0.5329
15538.7000 790 422 0.5342
15546.2000 790 423 0.5354
15547.0000 791 423 0.5348
15569.0000 792 423 0.5341
15585.4000 792 424 0.5354
15591.0000 793 424 0.5347
15615.0000 794 424 0.5340
15632.0000 795 424 0.5333
15651.0000 796 424 0.5327
15666.0000 797 424 0.5320
15679.7000 797 425 0.5332
15681.2000 797 426 0.5345
15684.0000 798 426 0.5338
15704.8000 798 427 0.5351
15708.0000 799 427 0.5344
15724.0000 800 427 0.5338
15746.0000 801 427 0.5331
15764.0000 802 427 0.5324
15764.5000 802 428 0.5337
15766.2000 802 429 0.5349
15769.0000 802 430 0.5362
15780.2000 802 431 0.5374
15782.0000 803 431 0.5367
15793.3000 803 432 0.5380
15799.0000 804 432 0.5373
15815.0000 805 432 0.5366
15838.0000 806 432 0.5360
15854.0000 807 432 0.5353
15873.0000 808 432 0.5347
15894.0000 809 432 0.5340
15909.0000 810 432 0.5333
15927.0000 811 432 0.5327
15948.0000 812 432 0.5320
15953.6000 812 433 0.5333
15967.0000 813 433 0.5326
15990.0000 814 433 0.5319
15991.3000 814 434 0.5332
16005.4000 814 435 0.5344
16006.3000 814 436 0.5356
16010.0000 815 436 0.5350
16027.0000 816 436 0.5343
16042.0000 817 436 0.5337
16061.0000 818 436 0.5330
16080.0000 819 436 0.5324
16083.7000 819 437 0.5336
16104.0000 820 437 0.5329
16124.0000 821 437 0.5323
16139.0000 822 437 0.5316
16155.0000 823 437 0.5310
16175.0000 824 437 0.5303
16196.0000 825 437 0.5297
16212.0000 826 437 0.5291
16220.0000 826 438 0.5303
16230.0000 827 438 0.5296
16245.0000 828 438 0.5290
16250.6000 828 439 0.5302
16258.9000 828 440 0.5314
16261.0000 829 440 0.5308
16275.6000 829 441 0.5320
16281.0000 830 441 0.5313
16301.0000 831 441 0.5307
16309.7000 831 442 0.5319
16319.2000 831 443 0.5331
16322.0000 832 443 0.5325
16330.3000 832 444 0.5337
16338.0000 833 444 0.5330
16357.0000 834 444 0.5324
16380.0000 835 444 0.5317
16399.0000 836 444 0.5311
16416.0000 837 444 0.5305
16433.0000 838 444 0.5298
16455.0000 839 444 0.5292
16479.0000 840 444 0.5286
16503.0000 841 444 0.5279
16520.1000 841 445 0.5291
16526.0000 842 445 0.5285
16547.0000 843 445 0.5279
16567.5000 843 446 0.5291
16568.0000 844 446 0.5284
16588.9000 844 447 0.5296
16589.0000 845 447 0.5290
16605.1000 845 448 0.5302
16610.0000 846 448 0.5296
16627.3000 846 449 0.5307
16628.0000 847 449 0.5301
16630.4000 847 450 0.5313
16646.0000 848 450 0.5307
16662.0000 849 450 0.5300
16682.0000 850 450 0.5294
16699.0000 851 450 0.5288
16721.7000 851 451 0.5300
16723.0000 852 451 0.5293
16724.4000 852 452 0.5305
16745.0000 853 452 0.5299
16760.0000 854 452 0.5293
16771.2000 854 453 0.5304
16783.0000 855 453 0.5298
16798.0000 855 454 0.5310
16800.0000 856 454 0.5304
16818.0000 857 454 0.5298
16835.0000 858 454 0.5291
16849.2000 858 455 0.5303
16852.1000 858 456 0.5315
16858.0000 859 456 0.5308
16881.0000 860 456 0.5302
16901.0000 861 456 0.5296
16902.6000 861 457 0.5308
16917.0000 862 457 0.5302
16935.0000 863 457 0.5295
16952.5000 863 458 0.5307
16959.0000 864 458 0.5301
16980.0000 865 458 0.5295
16997.0000 866 458 0.5289
17001.5000 866 459 0.5300
17021.0000 867 459 0.5294
17034.1000 867 460 0.5306
17036.6000 867 461 0.5317
17040.0000 868 461 0.5311
17063.0000 869 461 0.5305
17070.5000 869 462 0.5316
17076.8000 869 463 0.5328
17079.9000 869 464 0.5339
17082.0000 870 464 0.5333
17105.0000 871 464 0.5327
17126.0000 872 464 0.5321
17143.0000 873 464 0.5315
17162.0000 874 464 0.5309
17179.7000 874 465 0.5320
17181.0000 875 465 0.5314
17202.0000 876 465 0.5308
17224.8000 876 466 0.5320
17225.0000 877 466 0.5314
17225.4000 877 467 0.5325
17238.1000 877 468 0.5336
17240.0000 878 468 0.5330
17259.0000 879 468 0.5324
17278.0000 880 468 0.5318
17299.0000 881 468 0.5312
17318.0000 882 468 0.5306
17336.0000 883 468 0.5300
17338.6000 883 469 0.5311
17341.8000 883 470 0.5323
17342.8000 883 471 0.5334
17353.0000 884 471 0.5328
17357.6000 884 472 0.5339
17370.0000 885 472 0.5333
17371.3000 885 473 0.5345
17393.6000 885 474 0.5356
17394.0000 886 474 0.5350
17416.0000 887 474 0.5344
17439.0000 888 474 0.5338
17454.0000 889 474 0.5332
17469.2000 889 475 0.5343
17472.7000 889 476 0.5354
17477.0000 890 476 0.5348
17491.6000 890 477 0.5360
17497.0000 891 477 0.5354
17515.0000 892 477 0.5348
17535.0000 893 477 0.5342
17558.0000 894 477 0.5336
17574.0000 895 477 0.5330
17598.0000 896 477 0.5324
17600.3000 896 478 0.5335
17619.0000 897 478 0.5329
17635.2000 897 479 0.5340
17639.0000 898 479 0.5334
17654.0000 899 479 0.5328
17672.0000 900 479 0.5322
17690.0000 901 479 0.5316
17710.0000 902 479 0.5310
17734.0000 903 479 0.5305
17751.0000 904 479 0.5299
17774.0000 905 479 0.5293
17785.2000 905 480 0.5304
17793.0000 906 480 0.5298
17808.0000 907 480 0.5292
17813.6000 907 481 0.5303
17816.7000 907 482 0.5314
17826.0000 908 482 0.5308
17835.5000 908 483 0.5319
17846.0000 909 483 0.5314
17864.0000 910 483 0.5308
17884.0000 911 483 0.5302
17899.0000 912 483 0.5296
17916.1000 912 484 0.5307
17917.0000 913 484 0.5301
17934.5000 913 485 0.5312
17934.7000 913 486 0.5323
17936.0000 914 486 0.5317
17951.1000 914 487 0.5328
17958.0000 915 487 0.5322
17976.0000 916 487 0.5317
17976.3000 916 488 0.5328
17997.9000 916 489 0.5338
18000.0000 917 489 0.5333
18021.0000 918 489 0.5327
18040.0000 919 489 0.5321
18059.0000 920 489 0.5315
18074.6000 920 490 0.5326
18077.0000 921 490 0.5320
18077.2000 921 491 0.5331
18092.0000 922 491 0.5325
18098.1000 922 492 0.5336
18112.1000 922 493 0.5347
18113.0000 923 493 0.5341
18132.0000 924 493 0.5335
18135.0000 924 494 0.5346
18147.7000 924 495 0.5357
18152.6000 924 496 0.5368
18155.0000 925 496 0.5362
18170.8000 925 497 0.5373
18173.5000 925 498 0.5384
18177.0000 926 498 0.5378
18190.3000 926 499 0.5389
18192.0000 927 499 0.5383
18214.0000 928 499 0.5377
18221.6000 928 500 0.5388
18227.7000 928 501 0.5399
18236.0000 929 501 0.5393
18259.0000 930 501 0.5387
18275.0000 931 501 0.5381
18298.0000 932 501 0.5376
18321.0000 933 501 0.5370
18340.0000 934 501 0.5364
18353.1000 934 502 0.5375
18364.0000 935 502 0.5369
18383.0000 936 502 0.5363
18402.0000 937 502 0.5358
18425.0000 938 502 0.5352
18449.0000 939 502 0.5346
18466.8000 939 503 0.5357
18470.1000 939 504 0.5367
18473.0000 940 504 0.5362
18488.0000 941 504 0.5356
18512.0000 942 504 0.5350
18534.0000 943 504 0.5345
18538.4000 943 505 0.5355
18549.0000 944 505 0.5350
18570.0000 945 505 0.5344
18587.2000 945 506 0.5354
18590.0000 946 506 0.5349
18594.1000 946 507 0.5359
18613.0000 947 507 0.5354
18620.9000 947 508 0.5364
18632.0000 948 508 0.5359
18649.6000 948 509 0.5369
18653.0000 949 509 0.5364
18677.0000 950 509 0.5358
18677.5000 950 510 0.5368
18696.0000 951 510 0.5363
18714.2000 951 511 0.5373
18715.0000 952 511 0.5368
18738.0000 953 511 0.5362
18753.0000 954 511 0.5356
18768.0000 955 511 0.5351
18769.1000 955 512 0.5361
18784.0000 955 513 0.5372
18786.0000 956 513 0.5366
18809.0000 957 513 0.5361
18828.0000 958 513 0.5355
18828.0000 958 514 0.5365
18841.2000 958 515 0.5376
18845.0000 959 515 0.5370
18851.0000 959 516 0.5381
18862.0000 960 516 0.5375
18884.0000 961 516 0.5369
18891.5000 961 517 0.5380
18894.5000 961 518 0.5390
18899.0000 962 518 0.5385
18922.0000 963 518 0.5379
18939.0000 964 518 0.5373
18945.2000 964 519 0.5384
18956.0000 965 519 0.5378
18964.9000 965 520 0.5389
18977.0000 966 520 0.5383
18980.9000 966 521 0.5393
18990.3000 966 522 0.5404
18993.0000 967 522 0.5398
19015.0000 968 522 0.5393
19021.3000 968 523 0.5403
19037.0000 969 523 0.5397
19038.9000 969 524 0.5408
19055.0000 970 524 0.5402
19065.1000 970 525 0.5412
19072.0000 971 525 0.5407
19087.0000 972 525 0.5401
19095.1000 972 526 0.5412
19108.0000 973 526 0.5406
19129.0000 974 526 0.5400
19151.0000 975 526 0.5395
19161.8000 975 527 0.5405
19173.0000 976 527 0.5400
19192.0000 977 527 0.5394
19193.2000 977 528 0.5404
19211.0000 978 528 0.5399
19228.2000 978 529 0.5409
19231.0000 979 529 0.5403
19236.7000 979 530 0.5414
19254.0000 980 530 0.5408
19258.7000 980 531 0.5418
19277.0000 981 531 0.5413
19293.0000 981 532 0.5423
19300.0000 981 533 0.5433
19301.0000 982 533 0.5428
19310.4000 982 534 0.5438
19313.4000 982 535 0.5448
19316.0000 983 535 0.5443
19340.0000 984 535 0.5437
19355.0000 985 535 0.5431
19373.0000 986 535 0.5426
19391.0000 987 535 0.5420
19406.0000 988 535 0.5415
19418.3000 988 536 0.5425
19418.6000 988 537 0.5435
19423.0000 989 537 0.5430
19439.0000 990 537 0.5424
19455.0000 991 537 0.5419
19479.0000 992 537 0.5413
19497.0000 993 537 0.5408
19518.9000 993 538 0.5418
19521.0000 994 538 0.5412
19542.0000 995 538 0.5407
19547.1000 995 539 0.5417
19565.0000 996 539 0.5412
19586.0000 997 539 0.5406
19589.2000 997 540 0.5416
19601.0000 998 540 0.5411
19622.0000 999 540 0.5405
19622.4000 999 541 0.5415
19641.0000 1000 541 0.5410
19656.0000 1000 542 0.5420
19660.0000 1001 542 0.5415
19677.0000 1002 542 0.5409
19692.0000 1003 542 0.5404
19716.0000 1004 542 0.5398
19739.0000 1005 542 0.5393
19740.4000 1005 543 0.5403
19755.0000 1006 543 0.5398
19770.0000 1007 543 0.5392
19780.1000 1007 544 0.5402
19783.2000 1007 545 0.5412
19792.0000 1008 545 0.5407
19815.0000 1009 545 0.5401
19816.1000 1009 546 0.5411
19826.5000 1009 547 0.5421
19827.1000 1009 548 0.5431
19833.0000 1010 548 0.5426
19852.0000 1011 548 0.5420
19876.0000 1012 548 0.5415
19886.6000 1012 549 0.5425
19891.0000 1013 549 0.5420
19908.0000 1014 549 0.5414
19909.4000 1014 550 0.5424
19924.9000 1014 551 0.5434
19932.0000 1015 551 0.5429
19943.0000 1015 552 0.5438
19956.0000 1016 552 0.5433
19968.8000 1016 553 0.5443
19970.9000 1016 554 0.5453
19976.0000 1017 554 0.5447
19994.1000 1017 555 0.5457
19998.0000 1018 555 0.5452
20019.0000 1019 555 0.5447
20034.0000 1020 555 0.5441
20039.7000 1020 556 0.5451
20054.8000 1020 557 0.5461
20057.0000 1021 557 0.5455
20075.0000 1022 557 0.5450
20094.0000 1023 557 0.5445
20097.3000 1023 558 0.5455
20118.0000 1024 558 0.5449
20129.3000 1024 559 0.5459
20135.0000 1025 559 0.5454
20137.6000 1025 560 0.5463
20157.0000 1026 560 0.5458
20179.0000 1027 560 0.5453
20181.8000 1027 561 0.5463
20197.0000 1028 561 0.5457
20201.3000 1028 562 0.5467
20221.0000 1029 562 0.5462
20237.0000 1030 562 0.5456
20257.5000 1030 563 0.5466
20259.0000 1031 563 0.5461
20276.0000 1032 563 0.5455
20293.0000 1033 563 0.5450
20293.6000 1033 564 0.5460
20308.0000 1034 564 0.5455
20310.1000 1034 565 0.5464
20324.6000 1034 566 0.5474
20327.0000 1035 566 0.5469
20339.7000 1035 567 0.5478
20349.5000 1035 568 0.5488
20350.0000 1036 568 0.5483
20366.0000 1037 568 0.5477
20372.7000 1037 569 0.5487
20373.6000 1037 570 0.5497
20385.0000 1038 570 0.5491
20398.9000 1038 571 0.5501
20401.0000 1039 571 0.5496
20421.0000 1040 571 0.5490
20437.0000 1041 571 0.5485
20461.0000 1042 571 0.5480
20475.4000 1042 572 0.5489
20485.0000 1043 572 0.5484
20492.2000 1043 573 0.5494
20504.8000 1043 574 0.5503
20508.0000 1044 574 0.5498
20522.0000 1044 575 0.5508
20532.0000 1045 575 0.5502
20533.4000 1045 576 0.5512
20554.0000 1046 576 0.5507
20576.0000 1047 576 0.5501
20594.0000 1048 576 0.5496
20611.0000 1049 576 0.5491
20635.0000 1050 576 0.5486
20655.0000 1051 576 0.5480
20673.0000 1052 576 0.5475
20691.0000 1053 576 0.5470
20706.0000 1054 576 0.5465
20724.0000 1055 576 0.5460
20744.0000 1056 576 0.5455
20756.1000 1056 577 0.5464
20761.2000 1056 578 0.5473
20766.0000 1057 578 0.5468
20782.0000 1058 578 0.5463
20791.7000 1058 579 0.5473
20800.0000 1059 579 0.5467
20821.0000 1060 579 0.5462
20837.1000 1060 580 0.5472
20839.1000 1060 581 0.5481
20844.0000 1061 581 0.5476
20855.4000 1061 582 0.5485
20857.6000 1061 583 0.5495
20864.0000 1062 583 0.5490
20888.0000 1063 583 0.5484
20911.0000 1064 583 0.5479
20922.6000 1064 584 0.5489
20931.0000 1065 584 0.5484
20952.0000 1066 584 0.5478
20968.0000 1067 584 0.5473
20968.5000 1067 585 0.5483
20987.6000 1067 586 0.5492
20990.0000 1068 586 0.5487
21007.0000 1069 586 0.5482
21008.6000 1069 587 0.5491
21021.5000 1069 588 0.5500
21031.0000 1070 588 0.5495
21055.0000 1071 588 0.5490
21077.0000 1072 588 0.5485
21081.9000 1072 589 0.5494
21092.0000 1073 589 0.5489
21096.9000 1073 590 0.5499
21116.0000 1074 590 0.5493
21132.0000 1075 590 0.5488
21148.0000 1076 590 0.5483
21163.6000 1076 591 0.5493
21166.0000 1077 591 0.5487
21184.0000 1078 591 0.5482
21189.4000 1078 592 0.5492
21189.7000 1078 593 0.5501
21204.0000 1079 593 0.5496
21223.0000 1080 593 0.5491
21227.5000 1080 594 0.5500
21235.3000 1080 595 0.5509
21247.0000 1081 595 0.5504
21249.0000 1081 596 0.5513
21251.1000 1081 597 0.5523
21271.0000 1082 597 0.5518
21273.8000 1082 598 0.5527
21283.8000 1082 599 0.5536
21292.0000 1083 599 0.5531
21309.0000 1084 599 0.5526
21319.4000 1084 600 0.5535
21327.0000 1085 600 0.5530
21331.3000 1085 601 0.5539
21338.4000 1085 602 0.5548
21351.0000 1086 602 0.5543
21367.7000 1086 603 0.5552
21368.0000 1087 603 0.5547
21387.0000 1088 603 0.5542
21393.0000 1088 604 0.5551
21401.4000 1088 605 0.5561
21407.0000 1089 605 0.5556
21424.0000 1090 605 0.5550
21444.0000 1091 605 0.5545
21463.0000 1092 605 0.5540
21475.0000 1092 606 0.5549
21483.0000 1093 606 0.5544
21486.4000 1093 607 0.5554
21486.6000 1093 608 0.5563
21501.7000 1093 609 0.5572
21505.0000 1094 609 0.5567
21523.0000 1095 609 0.5562
21539.0000 1096 609 0.5557
21556.0000 1097 609 0.5552
21564.2000 1097 610 0.5561
21565.8000 1097 611 0.5570
21577.0000 1098 611 0.5565
21599.0000 1099 611 0.5560
21615.0000 1100 611 0.5555
21632.0000 1101 611 0.5550
21648.0000 1102 611 0.5544
21649.7000 1102 612 0.5554
21654.1000 1102 613 0.5563
21665.0000 1103 613 0.5558
21666.3000 1103 614 0.5567
21689.0000 1104 614 0.5562
21707.0000 1105 614 0.5557
21713.3000 1105 615 0.5566
21731.0000 1106 615 0.5561
21740.4000 1106 616 0.5570
21755.0000 1107 616 0.5565
21755.7000 1107 617 0.5574
21777.0000 1108 617 0.5569
21794.0000 1109 617 0.5564
21806.3000 1109 618 0.5573
21807.1000 1109 619 0.5582
21818.0000 1110 619 0.5577
21837.0000 1111 619 0.5572
21847.3000 1111 620 0.5581
21851.8000 1111 621 0.5590
21860.0000 1112 621 0.5585
21883.0000 1113 621 0.5580
21898.0000 1114 621 0.5575
21916.0000 1115 621 0.5570
21939.0000 1116 621 0.5565
21941.3000 1116 622 0.5573
21949.6000 1116 623 0.5582
21950.6000 1116 624 0.5591
21960.0000 1117 624 0.5586
21976.0000 1118 624 0.5581
21999.0000 1119 624 0.5576
22022.0000 1120 624 0.5571
22026.9000 1120 625 0.5580
22041.0000 1121 625 0.5575
22052.4000 1121 626 0.5584
22052.6000 1121 627 0.5593
22061.0000 1122 627 0.5588
22078.0000 1123 627 0.5583
22101.0000 1124 627 0.5578
22121.0000 1125 627 0.5573
22124.3000 1125 628 0.5582
22140.0000 1126 628 0.5577
22143.1000 1126 629 0.5586
22145.4000 1126 630 0.5595
22159.0000 1127 630 0.5590
22165.2000 1127 631 0.5599
22167.0000 1127 632 0.5608
22174.7000 1127 633 0.5617
22183.0000 1128 633 0.5612
22199.0000 1129 633 0.5607
22218.0000 1130 633 0.5602
22242.0000 1131 633 0.5597
22263.0000 1132 633 0.5592
22281.0000 1133 633 0.5587
22304.0000 1134 633 0.5582
22310.8000 1134 634 0.5591
22312.4000 1134 635 0.5600
22318.4000 1134 636 0.5608
22322.0000 1135 636 0.5604
22335.9000 1135 637 0.5612
22346.0000 1136 637 0.5607
22363.0000 1137 637 0.5602
22385.0000 1138 637 0.5598
22405.0000 1139 637 0.5593
22420.0000 1140 637 0.5588
22444.0000 1141 637 0.5583
22445.7000 1141 638 0.5592
22461.3000 1141 639 0.5600
22464.0000 1142 639 0.5595
22482.0000 1143 639 0.5591
22500.0000 1144 639 0.5586
22521.0000 1145 639 0.5581
22543.7000 1145 640 0.5590
22544.0000 1146 640 0.5585
22546.3000 1146 641 0.5593
22560.0000 1147 641 0.5588
22573.9000 1147 642 0.5597
22578.0000 1148 642 0.5592
22595.0000 1149 642 0.5587
22613.0000 1150 642 0.5583
22628.0000 1151 642 0.5578
22648.0000 1152 642 0.5573
22666.0000 1153 642 0.5568
22682.0000 1154 642 0.5563
22684.2000 1154 643 0.5572
22698.0000 1155 643 0.5567
22713.0000 1156 643 0.5562
22717.4000 1156 644 0.5571
22735.0000 1157 644 0.5566
22758.0000 1158 644 0.5561
22763.7000 1158 645 0.5570
22778.0000 1158 646 0.5579
22779.0000 1159 646 0.5574
22799.0000 1160 646 0.5569
22816.7000 1160 647 0.5578
22820.0000 1161 647 0.5573
22823.0000 1161 648 0.5581
22824.8000 1161 649 0.5590
22835.0000 1162 649 0.5585
22850.0000 1163 649 0.5580
22869.0000 1164 649 0.5576
22891.0000 1165 649 0.5571
22893.0000 1165 650 0.5579
22913.0000 1166 650 0.5575
22921.6000 1166 651 0.5583
22926.9000 1166 652 0.5592
22931.0000 1167 652 0.5587
22954.0000 1168 652 0.5582
22962.7000 1168 653 0.5591
22971.0000 1169 653 0.5586
22991.0000 1170 653 0.5581
23007.0000 1171 653 0.5576
23031.0000 1172 653 0.5572
23047.0000 1173 653 0.5567
23047.9000 1173 654 0.5575
23050.0000 1173 655 0.5584
23064.4000 1173 656 0.5592
23070.0000 1174 656 0.5588
23085.0000 1175 656 0.5583
23106.0000 1176 656 0.5578
23107.0000 1176 657 0.5587
23113.0000 1176 658 0.5595
23127.0000 1177 658 0.5590
23134.3000 1177 659 0.5599
23149.0000 1178 659 0.5594
23165.0000 1179 659 0.5589
23179.9000 1179 660 0.5598
23180.0000 1180 660 0.5593
23198.0000 1181 660 0.5588
23214.0000 1182 660 0.5584
23219.8000 1182 661 0.5592
23234.7000 1182 662 0.5601
23238.0000 1183 662 0.5596
23252.6000 1183 663 0.5604
23258.0000 1184 663 0.5600
23280.0000 1185 663 0.5595
23287.5000 1185 664 0.5603
23295.0000 1186 664 0.5599
23301.3000 1186 665 0.5607
23304.1000 1186 666 0.5616
23319.0000 1187 666 0.5611
23339.0000 1188 666 0.5606
23360.0000 1189 666 0.5601
23377.0000 1190 666 0.5597
23393.0000 1191 666 0.5592
23409.0000 1192 666 0.5587
23428.0000 1193 666 0.5583
23445.0000 1194 666 0.5578
23455.5000 1194 667 0.5586
23463.8000 1194 668 0.5595
23464.0000 1195 668 0.5590
23466.7000 1195 669 0.5598
23482.0000 1196 669 0.5594
23498.0000 1197 669 0.5589
23499.9000 1197 670 0.5597
23516.0000 1198 670 0.5593
23532.0000 1199 670 0.5588
23547.0000 1200 670 0.5583
23558.7000 1200 671 0.5592
23566.4000 1200 672 0.5600
23568.0000 1201 672 0.5595
23582.8000 1201 673 0.5604
23589.0000 1202 673 0.5599
23613.0000 1203 673 0.5594
23620.2000 1203 674 0.5603
23629.0000 1204 674 0.5598
23647.0000 1205 674 0.5593
23654.1000 1205 675 0.5602
23662.0000 1206 675 0.5597
23667.0000 1206 676 0.5605
23678.4000 1206 677 0.5614
23681.0000 1207 677 0.5609
23698.1000 1207 678 0.5617
23702.0000 1208 678 0.5613
23710.9000 1208 679 0.5621
23712.4000 1208 680 0.5629
23720.1000 1208 681 0.5637
23726.0000 1209 681 0.5633
23741.0000 1210 681 0.5628
23760.0000 1211 681 0.5623
23769.3000 1211 682 0.5632
23778.0000 1212 682 0.5627
23782.6000 1212 683 0.5635
23785.9000 1212 684 0.5644
23798.0000 1213 684 0.5639
23817.0000 1214 684 0.5634
23837.0000 1215 684 0.5630
23843.7000 1215 685 0.5638
23846.7000 1215 686 0.5646
23858.6000 1215 687 0.5654
23859.0000 1216 687 0.5650
23874.0000 1217 687 0.5645
23895.0000 1218 687 0.5640
23895.5000 1218 688 0.5649
23916.0000 1219 688 0.5644
23929.9000 1219 689 0.5652
23937.0000 1220 689 0.5648
23957.0000 1220 690 0.5656
23961.0000 1221 690 0.5651
23981.0000 1222 690 0.5646
23985.1000 1222 691 0.5655
24004.0000 1223 691 0.5650
24016.0000 1223 692 0.5658
24026.0000 1224 692 0.5654
24037.4000 1224 693 0.5662
24043.0000 1225 693 0.5657
24045.4000 1225 694 0.5665
24046.3000 1225 695 0.5673
24062.0000 1226 695 0.5669
24077.5000 1226 696 0.5677
24079.0000 1227 696 0.5672
24095.0000 1228 696 0.5668
24110.0000 1229 696 0.5663
24134.0000 1230 696 0.5659
24140.5000 1230 697 0.5667
24157.0000 1231 697 0.5662
24169.2000 1231 698 0.5670
24179.0000 1232 698 0.5666
24196.3000 1232 699 0.5674
24203.0000 1233 699 0.5669
24210.8000 1233 700 0.5677
24222.0000 1234 700 0.5673
24225.8000 1234 701 0.5681
24245.0000 1235 701 0.5676
24245.2000 1235 702 0.5684
24262.0000 1236 702 0.5680
24286.0000 1237 702 0.5675
24305.0000 1238 702 0.5670
24326.0000 1239 702 0.5666
24341.7000 1239 703 0.5674
24349.0000 1240 703 0.5669
24368.0000 1241 703 0.5665
24379.5000 1241 704 0.5673
24380.6000 1241 705 0.5681
24383.0000 1242 705 0.5676
24407.0000 1243 705 0.5672
24423.0000 1243 706 0.5680
24427.0000 1244 706 0.5675
24445.2000 1244 707 0.5683
24447.0000 1245 707 0.5679
24468.0000 1246 707 0.5674
24468.8000 1246 708 0.5682
24473.7000 1246 709 0.5690
24475.7000 1246 710 0.5698
24490.0000 1247 710 0.5694
24514.0000 1248 710 0.5689
24530.0000 1249 710 0.5685
24550.4000 1249 711 0.5693
24553.0000 1250 711 0.5688
24553.1000 1250 712 0.5696
24568.0000 1251 712 0.5691
24591.0000 1252 712 0.5687
24607.0000 1253 712 0.5682
24624.0000 1254 712 0.5678
24641.0000 1255 712 0.5673
24644.2000 1255 713 0.5681
24656.0000 1256 713 0.5677
24669.0000 1256 714 0.5685
24677.0000 1257 714 0.5680
24693.0000 1258 714 0.5676
24712.0000 1259 714 0.5671
24736.0000 1260 714 0.5667
24751.0000 1261 714 0.5662
24753.3000 1261 715 0.5670
24768.0000 1262 715 0.5666
24790.0000 1263 715 0.5661
24809.0000 1264 715 0.5657
24818.6000 1264 716 0.5665
24824.0000 1265 716 0.5660
24844.0000 1266 716 0.5656
24857.7000 1266 717 0.5664
24867.0000 1267 717 0.5659
24870.4000 1267 718 0.5667
24883.0000 1268 718 0.5662
24898.4000 1268 719 0.5670
24898.8000 1268 720 0.5678
24906.0000 1269 720 0.5674
24919.6000 1269 721 0.5682
24921.0000 1270 721 0.5677
24945.0000 1271 721 0.5673
24957.1000 1271 722 0.5681
24963.0000 1272 722 0.5676
24980.0000 1273 722 0.5672
24998.0000 1273 723 0.5679
24999.0000 1274 723 0.5675
25015.0000 1275 723 0.5671
25022.3000 1275 724 0.5678
25028.2000 1275 725 0.5686
25034.0000 1276 725 0.5682
25042.8000 1276 726 0.5690
25055.0000 1277 726 0.5685
25074.0000 1278 726 0.5681
25095.0000 1279 726 0.5676
25107.0000 1279 727 0.5684
25116.1000 1279 728 0.5692
25116.1000 1279 729 0.5700
25119.0000 1280 729 0.5695
25129.8000 1280 730 0.5703
25138.0000 1281 730 0.5699
25147.6000 1281 731 0.5706
25162.0000 1282 731 0.5702
25183.0000 1283 731 0.5698
