# time  created  delivered  delivered/created
22.0000 1 0 0.0000
38.0000 2 0 0.0000
54.0000 3 0 0.0000
72.0000 4 0 0.0000
94.0000 5 0 0.0000
110.0000 6 0 0.0000
133.0000 7 0 0.0000
153.0000 8 0 0.0000
175.0000 9 0 0.0000
191.0000 10 0 0.0000
210.0000 11 0 0.0000
225.0000 12 0 0.0000
249.0000 13 0 0.0000
265.0000 14 0 0.0000
281.0000 15 0 0.0000
304.0000 16 0 0.0000
328.0000 17 0 0.0000
343.0000 18 0 0.0000
367.0000 19 0 0.0000
382.0000 20 0 0.0000
399.0000 21 0 0.0000
420.0000 22 0 0.0000
439.0000 23 0 0.0000
458.0000 24 0 0.0000
480.0000 25 0 0.0000
497.0000 26 0 0.0000
515.0000 27 0 0.0000
538.0000 28 0 0.0000
562.0000 29 0 0.0000
581.0000 30 0 0.0000
582.6000 30 1 0.0333
603.0000 31 1 0.0323
625.0000 32 1 0.0313
640.9000 32 2 0.0625
646.0000 33 2 0.0606
661.6000 33 3 0.0909
667.0000 34 3 0.0882
684.0000 34 4 0.1176
685.0000 35 4 0.1143
691.0000 35 5 0.1429
700.0000 36 5 0.1389
722.0000 37 5 0.1351
741.0000 38 5 0.1316
764.0000 39 5 0.1282
773.6000 39 6 0.1538
784.0000 40 6 0.1500
806.0000 41 6 0.1463
829.0000 42 6 0.1429
851.0000 43 6 0.1395
873.0000 44 6 0.1364
895.0000 45 6 0.1333
918.0000 46 6 0.1304
941.0000 47 6 0.1277
957.0000 48 6 0.1250
975.0000 49 6 0.1224
998.0000 50 6 0.1200
1018.0000 51 6 0.1176
1040.0000 52 6 0.1154
1056.0000 53 6 0.1132
1077.0000 54 6 0.1111
1096.0000 55 6 0.1091
1117.0000 56 6 0.1071
1137.0000 57 6 0.1053
1159.0000 58 6 0.1034
1179.0000 59 6 0.1017
1193.3000 59 7 0.1186
1201.0000 60 7 0.1167
1216.0000 61 7 0.1148
1225.1000 61 8 0.1311
1226.1000 61 9 0.1475
1232.0000 62 9 0.1452
1251.0000 63 9 0.1429
1268.0000 64 9 0.1406
1287.0000 65 9 0.1385
1308.0000 66 9 0.1364
1327.0000 67 9 0.1343
1342.0000 68 9 0.1324
1364.0000 69 9 0.1304
1382.8000 69 10 0.1449
1388.0000 70 10 0.1429
1397.1000 70 11 0.1571
1407.0000 71 11 0.1549
1408.4000 71 12 0.1690
1422.0000 72 12 0.1667
1442.0000 73 12 0.1644
1464.0000 74 12 0.1622
1475.9000 74 13 0.1757
1478.4000 74 14 0.1892
1479.0000 75 14 0.1867
1483.1000 75 15 0.2000
1500.0000 76 15 0.1974
1518.0000 77 15 0.1948
1542.0000 78 15 0.1923
1562.0000 79 15 0.1899
1577.0000 80 15 0.1875
1600.0000 81 15 0.1852
1620.0000 82 15 0.1829
1637.0000 83 15 0.1807
1652.0000 84 15 0.1786
1673.0000 85 15 0.1765
1695.0000 86 15 0.1744
1707.0000 86 16 0.1860
1709.8000 86 17 0.1977
1713.0000 87 17 0.1954
1736.2000 87 18 0.2069
1737.0000 88 18 0.2045
1739.4000 88 19 0.2159
1739.8000 88 20 0.2273
1754.9000 88 21 0.2386
1760.0000 89 21 0.2360
1781.0000 90 21 0.2333
1804.0000 91 21 0.2308
1826.0000 92 21 0.2283
1849.0000 93 21 0.2258
1870.0000 94 21 0.2234
1881.2000 94 22 0.2340
1882.8000 94 23 0.2447
1890.0000 95 23 0.2421
1911.0000 96 23 0.2396
1929.0000 97 23 0.2371
1948.0000 98 23 0.2347
1965.0000 99 23 0.2323
1980.0000 100 23 0.2300
2002.0000 101 23 0.2277
2019.9000 101 24 0.2376
2024.0000 102 24 0.2353
2027.9000 102 25 0.2451
2035.6000 102 26 0.2549
2041.0000 103 26 0.2524
2064.0000 104 26 0.2500
2080.0000 105 26 0.2476
2095.0000 106 26 0.2453
2119.0000 107 26 0.2430
2139.0000 108 26 0.2407
2142.8000 108 27 0.2500
2161.0000 109 27 0.2477
2178.0000 110 27 0.2455
2199.0000 111 27 0.2432
2217.0000 111 28 0.2523
2222.0000 112 28 0.2500
2240.0000 113 28 0.2478
2259.0000 114 28 0.2456
2275.0000 115 28 0.2435
2295.0000 116 28 0.2414
2314.0000 117 28 0.2393
2327.3000 117 29 0.2479
2335.0000 118 29 0.2458
2354.0000 119 29 0.2437
2377.0000 120 29 0.2417
2396.0000 121 29 0.2397
2411.0000 122 29 0.2377
2412.0000 122 30 0.2459
2433.0000 123 30 0.2439
2452.0000 124 30 0.2419
2460.7000 124 31 0.2500
2464.9000 124 32 0.2581
2470.3000 124 33 0.2661
2474.0000 125 33 0.2640
2496.0000 126 33 0.2619
2511.0000 127 33 0.2598
2526.0000 128 33 0.2578
2546.0000 129 33 0.2558
2552.0000 129 34 0.2636
2554.9000 129 35 0.2713
2555.3000 129 36 0.2791
2563.0000 130 36 0.2769
2586.0000 131 36 0.2748
2601.0000 132 36 0.2727
2621.0000 133 36 0.2707
2641.0000 134 36 0.2687
2662.0000 135 36 0.2667
2678.0000 136 36 0.2647
2679.8000 136 37 0.2721
2689.6000 136 38 0.2794
2690.9000 136 39 0.2868
2693.0000 137 39 0.2847
2716.0000 138 39 0.2826
2731.8000 138 40 0.2899
2735.0000 139 40 0.2878
2740.4000 139 41 0.2950
2754.0000 140 41 0.2929
2771.0000 141 41 0.2908
2788.0000 142 41 0.2887
2800.0000 142 42 0.2958
2803.7000 142 43 0.3028
2807.0000 143 43 0.3007
2823.1000 143 44 0.3077
2831.0000 144 44 0.3056
2853.0000 145 44 0.3034
2868.0000 146 44 0.3014
2891.0000 147 44 0.2993
2911.0000 148 44 0.2973
2926.0000 149 44 0.2953
2942.0000 150 44 0.2933
2947.3000 150 45 0.3000
2954.4000 150 46 0.3067
2962.0000 151 46 0.3046
2979.0000 152 46 0.3026
3003.0000 153 46 0.3007
3020.9000 153 47 0.3072
3024.0000 154 47 0.3052
3040.0000 155 47 0.3032
3061.0000 155 48 0.3097
3061.5000 155 49 0.3161
3064.0000 156 49 0.3141
3065.8000 156 50 0.3205
3085.7000 156 51 0.3269
3086.0000 157 51 0.3248
3110.0000 158 51 0.3228
3119.0000 158 52 0.3291
3129.0000 159 52 0.3270
3147.0000 160 52 0.3250
3166.0000 161 52 0.3230
3166.7000 161 53 0.3292
3190.0000 162 53 0.3272
3210.0000 163 53 0.3252
3225.0000 164 53 0.3232
3243.0000 165 53 0.3212
3260.0000 166 53 0.3193
3261.2000 166 54 0.3253
3271.8000 166 55 0.3313
3273.6000 166 56 0.3373
3283.0000 167 56 0.3353
3305.0000 168 56 0.3333
3321.0000 169 56 0.3314
3329.9000 169 57 0.3373
3344.0000 170 57 0.3353
3362.6000 170 58 0.3412
3365.0000 171 58 0.3392
3385.0000 172 58 0.3372
3408.0000 173 58 0.3353
3428.0000 174 58 0.3333
3429.2000 174 59 0.3391
3432.5000 174 60 0.3448
3449.0000 175 60 0.3429
3454.7000 175 61 0.3486
3456.1000 175 62 0.3543
3472.0000 176 62 0.3523
3488.0000 177 62 0.3503
3511.0000 178 62 0.3483
3527.1000 178 63 0.3539
3535.0000 179 63 0.3520
3550.3000 179 64 0.3575
3552.0000 180 64 0.3556
3563.1000 180 65 0.3611
3566.2000 180 66 0.3667
3570.0000 181 66 0.3646
3575.8000 181 67 0.3702
3589.0000 182 67 0.3681
3604.0000 183 67 0.3661
3619.0000 184 67 0.3641
3638.0000 185 67 0.3622
3653.0000 186 67 0.3602
3669.0000 187 67 0.3583
3670.3000 187 68 0.3636
3689.0000 188 68 0.3617
3712.0000 189 68 0.3598
3730.0000 190 68 0.3579
3754.0000 191 68 0.3560
3771.0000 192 68 0.3542
3787.0000 193 68 0.3523
3809.0000 194 68 0.3505
3831.8000 194 69 0.3557
3832.0000 195 69 0.3538
3854.0000 196 69 0.3520
3873.0000 197 69 0.3503
3882.8000 197 70 0.3553
3895.0000 198 70 0.3535
3919.0000 199 70 0.3518
3938.0000 200 70 0.3500
3946.3000 200 71 0.3550
3946.9000 200 72 0.3600
3953.0000 200 73 0.3650
3955.0000 201 73 0.3632
3975.0000 202 73 0.3614
3996.0000 203 73 0.3596
4005.8000 203 74 0.3645
4012.0000 204 74 0.3627
4031.0000 205 74 0.3610
4052.0000 206 74 0.3592
4054.9000 206 75 0.3641
4059.1000 206 76 0.3689
4060.1000 206 77 0.3738
4070.0000 207 77 0.3720
4094.0000 208 77 0.3702
4114.2000 208 78 0.3750
4115.0000 209 78 0.3732
4134.0000 210 78 0.3714
4153.0000 211 78 0.3697
4171.0000 212 78 0.3679
4194.0000 213 78 0.3662
4214.0000 214 78 0.3645
4214.6000 214 79 0.3692
4235.0000 215 79 0.3674
4245.1000 215 80 0.3721
4251.0000 216 80 0.3704
4268.6000 216 81 0.3750
4272.0000 217 81 0.3733
4290.0000 218 81 0.3716
4291.5000 218 82 0.3761
4297.6000 218 83 0.3807
4314.0000 219 83 0.3790
4316.0000 219 84 0.3836
4338.0000 220 84 0.3818
4360.0000 221 84 0.3801
4363.6000 221 85 0.3846
4376.1000 221 86 0.3891
4381.0000 222 86 0.3874
4400.0000 223 86 0.3857
4406.0000 223 87 0.3901
4419.0000 224 87 0.3884
4419.1000 224 88 0.3929
4434.0000 225 88 0.3911
4452.4000 225 89 0.3956
4458.0000 226 89 0.3938
4463.0000 226 90 0.3982
4476.0000 227 90 0.3965
4497.0000 228 90 0.3947
4505.4000 228 91 0.3991
4515.0000 229 91 0.3974
4537.0000 230 91 0.3957
4556.0000 231 91 0.3939
4580.0000 232 91 0.3922
4597.0000 233 91 0.3906
4614.0000 234 91 0.3889
4634.0000 235 91 0.3872
4655.0000 236 91 0.3856
4665.1000 236 92 0.3898
4670.2000 236 93 0.3941
4672.0000 237 93 0.3924
4689.0000 238 93 0.3908
4706.0000 239 93 0.3891
4729.0000 240 93 0.3875
4747.0000 241 93 0.3859
4762.0000 242 93 0.3843
4783.0000 243 93 0.3827
4795.2000 243 94 0.3868
4807.0000 244 94 0.3852
4819.6000 244 95 0.3893
4824.0000 245 95 0.3878
4848.0000 246 95 0.3862
4867.0000 247 95 0.3846
4886.0000 248 95 0.3831
4909.0000 249 95 0.3815
4914.4000 249 96 0.3855
4928.0000 250 96 0.3840
4932.1000 250 97 0.3880
4951.0000 251 97 0.3865
4966.0000 252 97 0.3849
4972.7000 252 98 0.3889
4986.0000 253 98 0.3874
4991.4000 253 99 0.3913
5010.0000 254 99 0.3898
5033.0000 255 99 0.3882
5048.0000 256 99 0.3867
5072.0000 257 99 0.3852
5089.0000 258 99 0.3837
5092.8000 258 100 0.3876
5112.0000 259 100 0.3861
5131.0000 260 100 0.3846
5151.0000 261 100 0.3831
5170.2000 261 101 0.3870
5175.0000 262 101 0.3855
5194.0000 263 101 0.3840
5215.0000 264 101 0.3826
5237.0000 265 101 0.3811
5238.4000 265 102 0.3849
5240.6000 265 103 0.3887
5254.0000 266 103 0.3872
5269.0000 267 103 0.3858
5291.0000 268 103 0.3843
5307.0000 269 103 0.3829
5324.0000 270 103 0.3815
5339.0000 271 103 0.3801
5355.3000 271 104 0.3838
5356.0000 272 104 0.3824
5356.4000 272 105 0.3860
5371.0000 273 105 0.3846
5387.0000 274 105 0.3832
5395.6000 274 106 0.3869
5410.0000 275 106 0.3855
5426.0000 276 106 0.3841
5430.3000 276 107 0.3877
5447.0000 277 107 0.3863
5470.0000 278 107 0.3849
5490.0000 279 107 0.3835
5504.6000 279 108 0.3871
5507.0000 280 108 0.3857
5516.1000 280 109 0.3893
5528.0000 281 109 0.3879
5546.0000 282 109 0.3865
5564.0000 283 109 0.3852
5565.1000 283 110 0.3887
5584.0000 284 110 0.3873
5592.0000 284 111 0.3908
5607.0000 285 111 0.3895
5625.0000 286 111 0.3881
5643.0000 287 111 0.3868
5665.0000 288 111 0.3854
5685.0000 289 111 0.3841
5688.2000 289 112 0.3875
5698.6000 289 113 0.3910
5704.0000 290 113 0.3897
5724.0000 291 113 0.3883
5729.1000 291 114 0.3918
5745.0000 292 114 0.3904
5745.2000 292 115 0.3938
5760.0000 293 115 0.3925
5784.0000 294 115 0.3912
5805.0000 295 115 0.3898
5822.0000 296 115 0.3885
5824.4000 296 116 0.3919
5841.0000 297 116 0.3906
5854.1000 297 117 0.3939
5859.0000 298 117 0.3926
5860.0000 298 118 0.3960
5869.1000 298 119 0.3993
5874.0000 299 119 0.3980
5893.0000 300 119 0.3967
5895.4000 300 120 0.4000
5901.3000 300 121 0.4033
5914.0000 301 121 0.4020
5914.2000 301 122 0.4053
5932.0000 302 122 0.4040
5938.5000 302 123 0.4073
5953.0000 303 123 0.4059
5970.9000 303 124 0.4092
5971.0000 304 124 0.4079
5986.0000 305 124 0.4066
5996.8000 305 125 0.4098
6003.8000 305 126 0.4131
6008.0000 306 126 0.4118
6010.3000 306 127 0.4150
6012.9000 306 128 0.4183
6024.0000 307 128 0.4169
6030.0000 307 129 0.4202
6041.0000 308 129 0.4188
6041.3000 308 130 0.4221
6042.8000 308 131 0.4253
6063.0000 309 131 0.4239
6076.1000 309 132 0.4272
6077.5000 309 133 0.4304
6087.0000 310 133 0.4290
6105.0000 311 133 0.4277
6112.1000 311 134 0.4309
6124.0000 312 134 0.4295
6130.5000 312 135 0.4327
6145.0000 313 135 0.4313
6166.0000 314 135 0.4299
6182.0000 315 135 0.4286
6201.0000 316 135 0.4272
6211.5000 316 136 0.4304
6216.0000 317 136 0.4290
6216.8000 317 137 0.4322
6231.0000 318 137 0.4308
6245.2000 318 138 0.4340
6248.0000 319 138 0.4326
6261.7000 319 139 0.4357
6267.0000 320 139 0.4344
6289.0000 321 139 0.4330
6308.0000 322 139 0.4317
6332.0000 323 139 0.4303
6338.7000 323 140 0.4334
6355.0000 324 140 0.4321
6372.0000 325 140 0.4308
6374.6000 325 141 0.4338
6384.7000 325 142 0.4369
6391.9000 325 143 0.4400
6393.0000 326 143 0.4387
6403.3000 326 144 0.4417
6417.0000 327 144 0.4404
6425.4000 327 145 0.4434
6428.8000 327 146 0.4465
6441.0000 328 146 0.4451
6462.5000 328 147 0.4482
6465.0000 329 147 0.4468
6467.3000 329 148 0.4498
6486.0000 330 148 0.4485
6502.0000 331 148 0.4471
6518.0000 332 148 0.4458
6536.0000 333 148 0.4444
6548.1000 333 149 0.4474
6555.0000 334 149 0.4461
6572.0000 335 149 0.4448
6591.0000 336 149 0.4435
6608.0000 337 149 0.4421
6631.0000 338 149 0.4408
6646.0000 339 149 0.4395
6665.0000 340 149 0.4382
6684.0000 341 149 0.4370
6687.9000 341 150 0.4399
6696.4000 341 151 0.4428
6708.0000 342 151 0.4415
6715.0000 342 152 0.4444
6725.0000 343 152 0.4431
6745.0000 344 152 0.4419
6760.0000 345 152 0.4406
6771.6000 345 153 0.4435
6773.1000 345 154 0.4464
6781.0000 346 154 0.4451
6793.2000 346 155 0.4480
6800.0000 347 155 0.4467
6816.0000 348 155 0.4454
6827.4000 348 156 0.4483
6839.0000 349 156 0.4470
6852.7000 349 157 0.4499
6854.0000 350 157 0.4486
6860.0000 350 158 0.4514
6861.4000 350 159 0.4543
6862.3000 350 160 0.4571
6874.0000 351 160 0.4558
6889.0000 352 160 0.4545
6893.6000 352 161 0.4574
6909.0000 353 161 0.4561
6917.1000 353 162 0.4589
6930.0000 354 162 0.4576
6951.0000 355 162 0.4563
6953.5000 355 163 0.4592
6971.0000 356 163 0.4579
6995.0000 357 163 0.4566
7010.0000 358 163 0.4553
7019.8000 358 164 0.4581
7029.0000 359 164 0.4568
7045.6000 359 165 0.4596
7048.0000 360 165 0.4583
7071.0000 361 165 0.4571
7091.5000 361 166 0.4598
7092.7000 361 167 0.4626
7093.0000 362 167 0.4613
7093.3000 362 168 0.4641
7108.0000 363 168 0.4628
7120.6000 363 169 0.4656
7130.0000 364 169 0.4643
7142.1000 364 170 0.4670
7147.0000 365 170 0.4658
7163.0000 366 170 0.4645
7177.2000 366 171 0.4672
7179.6000 366 172 0.4699
7179.7000 366 173 0.4727
7180.0000 367 173 0.4714
7189.3000 367 174 0.4741
7197.0000 368 174 0.4728
7205.1000 368 175 0.4755
7218.9000 368 176 0.4783
7221.0000 369 176 0.4770
7240.0000 370 176 0.4757
7255.0000 371 176 0.4744
7272.0000 372 176 0.4731
7296.0000 373 176 0.4718
7306.3000 373 177 0.4745
7306.8000 373 178 0.4772
7319.0000 374 178 0.4759
7333.2000 374 179 0.4786
7335.0000 375 179 0.4773
7351.5000 375 180 0.4800
7358.0000 376 180 0.4787
7367.4000 376 181 0.4814
7378.0000 377 181 0.4801
7394.0000 378 181 0.4788
7411.0000 379 181 0.4776
7412.7000 379 182 0.4802
7428.4000 379 183 0.4828
7435.0000 380 183 0.4816
7436.5000 380 184 0.4842
7459.0000 381 184 0.4829
7480.0000 382 184 0.4817
7493.2000 382 185 0.4843
7498.0000 383 185 0.4830
7514.0000 384 185 0.4818
7534.0000 384 186 0.4844
7535.4000 384 187 0.4870
7536.0000 385 187 0.4857
7559.0000 386 187 0.4845
7574.0000 387 187 0.4832
7593.0000 387 188 0.4858
7595.0000 388 188 0.4845
7613.0000 389 188 0.4833
7621.5000 389 189 0.4859
7632.0000 390 189 0.4846
7656.0000 391 189 0.4834
7673.0000 392 189 0.4821
7696.0000 393 189 0.4809
7710.0000 393 190 0.4835
7713.0000 394 190 0.4822
7730.0000 395 190 0.4810
7745.0000 396 190 0.4798
7762.0000 397 190 0.4786
7784.0000 398 190 0.4774
7804.0000 399 190 0.4762
7809.4000 399 191 0.4787
7822.0000 400 191 0.4775
7840.0000 401 191 0.4763
7858.0000 402 191 0.4751
7874.0000 403 191 0.4739
7878.2000 403 192 0.4764
7879.0000 403 193 0.4789
7891.0000 403 194 0.4814
7895.0000 404 194 0.4802
7914.0000 405 194 0.4790
7931.0000 406 194 0.4778
7934.1000 406 195 0.4803
7935.1000 406 196 0.4828
7936.7000 406 197 0.4852
7948.0000 407 197 0.4840
7960.8000 407 198 0.4865
7972.0000 408 198 0.4853
7987.0000 409 198 0.4841
7992.4000 409 199 0.4866
8002.0000 410 199 0.4854
8024.0000 411 199 0.4842
8040.0000 412 199 0.4830
8041.7000 412 200 0.4854
8059.0000 413 200 0.4843
8082.0000 414 200 0.4831
8084.7000 414 201 0.4855
8099.0000 415 201 0.4843
8106.7000 415 202 0.4867
8116.0000 416 202 0.4856
8137.0000 417 202 0.4844
8158.0000 418 202 0.4833
8173.0000 419 202 0.4821
8190.0000 420 202 0.4810
8205.0000 421 202 0.4798
8205.7000 421 203 0.4822
8221.8000 421 204 0.4846
8227.0000 422 204 0.4834
8235.0000 422 205 0.4858
8237.1000 422 206 0.4882
8251.0000 423 206 0.4870
8270.0000 423 207 0.4894
8272.4000 423 208 0.4917
8275.0000 424 208 0.4906
8297.0000 425 208 0.4894
8316.4000 425 209 0.4918
8317.0000 426 209 0.4906
8336.0000 427 209 0.4895
8354.3000 427 210 0.4918
8359.0000 428 210 0.4907
8370.3000 428 211 0.4930
8375.0000 429 211 0.4918
8396.0000 430 211 0.4907
8399.8000 430 212 0.4930
8407.6000 430 213 0.4953
8410.9000 430 214 0.4977
8414.0000 431 214 0.4965
8427.0000 431 215 0.4988
8437.0000 432 215 0.4977
8445.8000 432 216 0.5000
8453.0000 433 216 0.4988
8456.6000 433 217 0.5012
8468.0000 434 217 0.5000
8492.0000 435 217 0.4989
8510.0000 436 217 0.4977
8525.0000 437 217 0.4966
8544.0000 438 217 0.4954
8566.0000 439 217 0.4943
8578.2000 439 218 0.4966
8586.0000 440 218 0.4955
8609.0000 441 218 0.4943
8625.0000 442 218 0.4932
8628.7000 442 219 0.4955
8641.3000 442 220 0.4977
8644.0000 443 220 0.4966
8663.0000 444 220 0.4955
8663.0000 444 221 0.4977
8681.0000 445 221 0.4966
8697.0000 446 221 0.4955
8705.9000 446 222 0.4978
8719.0000 447 222 0.4966
8730.3000 447 223 0.4989
8743.0000 448 223 0.4978
8748.8000 448 224 0.5000
8767.0000 449 224 0.4989
8778.0000 449 225 0.5011
8784.0000 450 225 0.5000
8793.6000 450 226 0.5022
8794.1000 450 227 0.5044
8800.0000 451 227 0.5033
8822.7000 451 228 0.5055
8823.0000 452 228 0.5044
8825.6000 452 229 0.5066
8839.0000 453 229 0.5055
8843.6000 453 230 0.5077
8854.0000 454 230 0.5066
8869.0000 455 230 0.5055
8888.6000 455 231 0.5077
8892.0000 456 231 0.5066
8897.6000 456 232 0.5088
8911.0000 457 232 0.5077
8929.0000 458 232 0.5066
8941.6000 458 233 0.5087
8944.0000 459 233 0.5076
8955.3000 459 234 0.5098
8961.0000 460 234 0.5087
8979.0000 461 234 0.5076
8997.0000 462 234 0.5065
9011.3000 462 235 0.5087
9013.0000 463 235 0.5076
9035.0000 464 235 0.5065
9058.0000 465 235 0.5054
9066.6000 465 236 0.5075
9070.2000 465 237 0.5097
9073.0000 466 237 0.5086
9075.4000 466 238 0.5107
9093.5000 466 239 0.5129
9095.0000 467 239 0.5118
9098.0000 467 240 0.5139
9119.0000 468 240 0.5128
9124.0000 468 241 0.5150
9143.0000 469 241 0.5139
9162.0000 470 241 0.5128
9169.1000 470 242 0.5149
9184.4000 470 243 0.5170
9186.0000 471 243 0.5159
9188.3000 471 244 0.5180
9196.5000 471 245 0.5202
9209.0000 472 245 0.5191
9215.1000 472 246 0.5212
9224.0000 473 246 0.5201
9245.0000 474 246 0.5190
9264.0000 475 246 0.5179
9288.0000 476 246 0.5168
9294.6000 476 247 0.5189
9306.5000 476 248 0.5210
9307.6000 476 249 0.5231
9310.0000 477 249 0.5220
9313.6000 477 250 0.5241
9326.0000 478 250 0.5230
9326.6000 478 251 0.5251
9338.1000 478 252 0.5272
9341.0000 479 252 0.5261
9341.4000 479 253 0.5282
9365.0000 480 253 0.5271
9382.6000 480 254 0.5292
9387.0000 481 254 0.5281
9403.0000 482 254 0.5270
9426.0000 483 254 0.5259
9444.0000 484 254 0.5248
9448.7000 484 255 0.5269
9468.0000 485 255 0.5258
9485.0000 486 255 0.5247
9503.0000 487 255 0.5236
9527.0000 488 255 0.5225
9550.0000 489 255 0.5215
9550.4000 489 256 0.5235
9557.3000 489 257 0.5256
9566.1000 489 258 0.5276
9573.0000 490 258 0.5265
9591.0000 491 258 0.5255
9614.0000 492 258 0.5244
9632.0000 493 258 0.5233
9653.0000 494 258 0.5223
9676.0000 495 258 0.5212
9687.9000 495 259 0.5232
9693.0000 496 259 0.5222
9715.0000 497 259 0.5211
9736.0000 498 259 0.5201
9738.5000 498 260 0.5221
9750.0000 498 261 0.5241
9752.0000 499 261 0.5230
9771.1000 499 262 0.5251
9776.0000 500 262 0.5240
9791.4000 500 263 0.5260
9799.0000 501 263 0.5250
9805.5000 501 264 0.5269
9821.0000 502 264 0.5259
9837.0000 503 264 0.5249
9846.7000 503 265 0.5268
9861.0000 504 265 0.5258
9879.0000 505 265 0.5248
9883.0000 505 266 0.5267
9884.7000 505 267 0.5287
9887.2000 505 268 0.5307
9894.0000 506 268 0.5296
9904.5000 506 269 0.5316
9909.0000 507 269 0.5306
9920.2000 507 270 0.5325
9927.0000 508 270 0.5315
9946.0000 509 270 0.5305
9952.0000 509 271 0.5324
9969.0000 510 271 0.5314
9977.3000 510 272 0.5333
9988.0000 511 272 0.5323
10007.0000 512 272 0.5313
10007.6000 512 273 0.5332
10024.0000 513 273 0.5322
10027.8000 513 274 0.5341
10037.7000 513 275 0.5361
10044.0000 514 275 0.5350
10045.4000 514 276 0.5370
10050.2000 514 277 0.5389
10067.0000 515 277 0.5379
10087.0000 516 277 0.5368
10111.0000 517 277 0.5358
10117.9000 517 278 0.5377
10132.0000 518 278 0.5367
10154.0000 519 278 0.5356
10177.0000 520 278 0.5346
10194.0000 521 278 0.5336
10216.0000 522 278 0.5326
10233.5000 522 279 0.5345
10235.0000 523 279 0.5335
10243.0000 523 280 0.5354
10257.0000 524 280 0.5344
10272.6000 524 281 0.5363
10281.0000 525 281 0.5352
10300.0000 526 281 0.5342
10301.2000 526 282 0.5361
10320.0000 527 282 0.5351
10322.9000 527 283 0.5370
10323.4000 527 284 0.5389
10329.4000 527 285 0.5408
10334.5000 527 286 0.5427
10343.0000 528 286 0.5417
10366.0000 529 286 0.5406
10373.7000 529 287 0.5425
10374.3000 529 288 0.5444
10374.9000 529 289 0.5463
10380.0000 529 290 0.5482
10382.0000 530 290 0.5472
10402.0000 531 290 0.5461
10423.0000 532 290 0.5451
10433.1000 532 291 0.5470
10441.0000 533 291 0.5460
10441.7000 533 292 0.5478
10442.2000 533 293 0.5497
10461.0000 534 293 0.5487
10480.0000 535 293 0.5477
10496.9000 535 294 0.5495
10497.0000 536 294 0.5485
10518.0000 537 294 0.5475
10537.0000 538 294 0.5465
10537.2000 538 295 0.5483
10551.1000 538 296 0.5502
10555.0000 539 296 0.5492
10571.0000 540 296 0.5481
10591.0000 541 296 0.5471
10615.0000 542 296 0.5461
10637.0000 543 296 0.5451
10645.7000 543 297 0.5470
10657.0000 544 297 0.5460
10681.0000 545 297 0.5450
10693.1000 545 298 0.5468
10703.0000 546 298 0.5458
10726.0000 547 298 0.5448
10744.6000 547 299 0.5466
10748.0000 548 299 0.5456
10768.0000 549 299 0.5446
10781.7000 549 300 0.5464
10788.0000 550 300 0.5455
10808.0000 551 300 0.5445
10823.0000 552 300 0.5435
10842.0000 553 300 0.5425
10866.0000 554 300 0.5415
10875.2000 554 301 0.5433
10885.0000 555 301 0.5423
10907.0000 556 301 0.5414
10913.8000 556 302 0.5432
10915.8000 556 303 0.5450
10925.0000 557 303 0.5440
10942.0000 558 303 0.5430
10966.0000 559 303 0.5420
10983.0000 560 303 0.5411
11000.6000 560 304 0.5429
11006.0000 561 304 0.5419
11019.7000 561 305 0.5437
11021.3000 561 306 0.5455
11023.0000 562 306 0.5445
11046.0000 563 306 0.5435
11055.9000 563 307 0.5453
11068.0000 564 307 0.5443
11084.0000 565 307 0.5434
11097.6000 565 308 0.5451
11097.7000 565 309 0.5469
11102.0000 566 309 0.5459
11120.0000 567 309 0.5450
11126.8000 567 310 0.5467
11128.5000 567 311 0.5485
11143.0000 568 311 0.5475
11146.0000 568 312 0.5493
11166.0000 569 312 0.5483
11182.0000 570 312 0.5474
11183.2000 570 313 0.5491
11184.0000 570 314 0.5509
11191.1000 570 315 0.5526
11198.2000 570 316 0.5544
11201.0000 571 316 0.5534
11205.6000 571 317 0.5552
11207.5000 571 318 0.5569
11218.0000 572 318 0.5559
11226.8000 572 319 0.5577
11238.0000 573 319 0.5567
11249.5000 573 320 0.5585
11252.9000 573 321 0.5602
11260.0000 574 321 0.5592
11270.7000 574 322 0.5610
11280.0000 575 322 0.5600
11298.0000 576 322 0.5590
11308.0000 576 323 0.5608
11311.9000 576 324 0.5625
11315.7000 576 325 0.5642
11317.6000 576 326 0.5660
11319.0000 577 326 0.5650
11343.0000 578 326 0.5640
11363.0000 579 326 0.5630
11381.0000 580 326 0.5621
11405.0000 581 326 0.5611
11424.0000 582 326 0.5601
11432.3000 582 327 0.5619
11443.0000 583 327 0.5609
11450.2000 583 328 0.5626
11460.4000 583 329 0.5643
11467.0000 584 329 0.5634
11491.0000 585 329 0.5624
11504.3000 585 330 0.5641
11511.0000 586 330 0.5631
11515.6000 586 331 0.5648
11529.0000 587 331 0.5639
11534.1000 587 332 0.5656
11541.9000 587 333 0.5673
11547.0000 588 333 0.5663
11562.1000 588 334 0.5680
11566.0000 589 334 0.5671
11586.0000 590 334 0.5661
11610.0000 591 334 0.5651
11611.3000 591 335 0.5668
11626.0000 592 335 0.5659
11640.2000 592 336 0.5676
11640.5000 592 337 0.5693
11650.0000 593 337 0.5683
11665.0000 594 337 0.5673
11680.0000 595 337 0.5664
11686.0000 595 338 0.5681
11686.4000 595 339 0.5697
11686.6000 595 340 0.5714
11696.0000 596 340 0.5705
11711.0000 597 340 0.5695
11718.3000 597 341 0.5712
11731.0000 598 341 0.5702
11755.0000 599 341 0.5693
11771.0000 600 341 0.5683
11778.1000 600 342 0.5700
11789.8000 600 343 0.5717
11790.0000 601 343 0.5707
11805.5000 601 344 0.5724
11807.6000 601 345 0.5740
11809.0000 602 345 0.5731
11810.5000 602 346 0.5748
11826.4000 602 347 0.5764
11827.0000 603 347 0.5755
11851.0000 604 347 0.5745
11867.0000 605 347 0.5736
11871.0000 605 348 0.5752
11871.6000 605 349 0.5769
11885.0000 606 349 0.5759
11885.6000 606 350 0.5776
11907.0000 607 350 0.5766
11929.0000 608 350 0.5757
11933.3000 608 351 0.5773
11940.3000 608 352 0.5789
11946.1000 608 353 0.5806
11948.0000 609 353 0.5796
11959.7000 609 354 0.5813
11971.0000 610 354 0.5803
11988.9000 610 355 0.5820
11989.6000 610 356 0.5836
11995.0000 611 356 0.5827
12012.0000 612 356 0.5817
12033.0000 613 356 0.5808
12048.0000 614 356 0.5798
12070.0000 615 356 0.5789
12072.8000 615 357 0.5805
12075.1000 615 358 0.5821
12088.0000 616 358 0.5812
12104.0000 617 358 0.5802
12124.0000 618 358 0.5793
12140.9000 618 359 0.5809
12145.0000 619 359 0.5800
12152.3000 619 360 0.5816
12153.5000 619 361 0.5832
12154.0000 619 362 0.5848
12156.2000 619 363 0.5864
12165.0000 620 363 0.5855
12189.0000 621 363 0.5845
12209.0000 622 363 0.5836
12218.2000 622 364 0.5852
12220.5000 622 365 0.5868
12226.0000 623 365 0.5859
12249.0000 624 365 0.5849
12261.8000 624 366 0.5865
12270.0000 625 366 0.5856
12280.8000 625 367 0.5872
12286.7000 625 368 0.5888
12287.0000 626 368 0.5879
12289.4000 626 369 0.5895
12305.0000 627 369 0.5885
12309.2000 627 370 0.5901
12322.6000 627 371 0.5917
12323.0000 628 371 0.5908
12329.4000 628 372 0.5924
12335.4000 628 373 0.5939
12339.0000 629 373 0.5930
12358.0000 630 373 0.5921
12375.1000 630 374 0.5937
12377.0000 631 374 0.5927
12399.0000 632 374 0.5918
12416.9000 632 375 0.5934
12421.0000 633 375 0.5924
12435.4000 633 376 0.5940
12437.3000 633 377 0.5956
12444.0000 634 377 0.5946
12444.7000 634 378 0.5962
12458.3000 634 379 0.5978
12463.0000 635 379 0.5969
12463.5000 635 380 0.5984
12473.7000 635 381 0.6000
12479.0000 636 381 0.5991
12483.1000 636 382 0.6006
12494.8000 636 383 0.6022
12497.0000 637 383 0.6013
12518.0000 638 383 0.6003
12536.9000 638 384 0.6019
12538.0000 639 384 0.6009
12556.0000 640 384 0.6000
12575.0000 641 384 0.5991
12596.0000 642 384 0.5981
12611.0000 643 384 0.5972
12614.7000 643 385 0.5988
12635.0000 644 385 0.5978
12641.7000 644 386 0.5994
12643.9000 644 387 0.6009
12655.0000 645 387 0.6000
12672.0000 646 387 0.5991
12691.0000 647 387 0.5981
12713.0000 648 387 0.5972
12726.0000 648 388 0.5988
12727.4000 648 389 0.6003
12729.9000 648 390 0.6019
12737.0000 649 390 0.6009
12761.0000 650 390 0.6000
12767.7000 650 391 0.6015
12781.0000 651 391 0.6006
12798.0000 652 391 0.5997
12818.0000 653 391 0.5988
12831.2000 653 392 0.6003
12836.3000 653 393 0.6018
12839.0000 654 393 0.6009
12858.8000 654 394 0.6024
12863.0000 655 394 0.6015
12884.0000 656 394 0.6006
12901.0000 657 394 0.5997
12919.0000 658 394 0.5988
12936.0000 659 394 0.5979
12936.4000 659 395 0.5994
12954.0000 660 395 0.5985
12971.0000 661 395 0.5976
12986.0000 662 395 0.5967
12989.5000 662 396 0.5982
13009.0000 663 396 0.5973
13016.9000 663 397 0.5988
13022.3000 663 398 0.6003
13023.9000 663 399 0.6018
13029.0000 664 399 0.6009
13048.0000 665 399 0.6000
13069.0000 666 399 0.5991
13080.5000 666 400 0.6006
13080.6000 666 401 0.6021
13090.0000 667 401 0.6012
13112.0000 668 401 0.6003
13135.0000 669 401 0.5994
13146.6000 669 402 0.6009
13157.0000 670 402 0.6000
13175.0000 671 402 0.5991
13196.2000 671 403 0.6006
13198.0000 672 403 0.5997
13222.0000 673 403 0.5988
13237.0000 674 403 0.5979
13261.0000 675 403 0.5970
13279.0000 676 403 0.5962
13290.8000 676 404 0.5976
13293.1000 676 405 0.5991
13303.0000 677 405 0.5982
13308.2000 677 406 0.5997
13323.0000 677 407 0.6012
13327.0000 678 407 0.6003
13344.0000 679 407 0.5994
13367.0000 680 407 0.5985
13370.8000 680 408 0.6000
13385.0000 681 408 0.5991
13387.8000 681 409 0.6006
13400.0000 682 409 0.5997
13419.1000 682 410 0.6012
13420.1000 682 411 0.6026
13422.0000 683 411 0.6018
13439.0000 684 411 0.6009
13462.6000 684 412 0.6023
13463.0000 685 412 0.6015
13485.0000 686 412 0.6006
13501.0000 687 412 0.5997
13522.0000 688 412 0.5988
13543.0000 689 412 0.5980
13558.0000 690 412 0.5971
13578.0000 691 412 0.5962
13597.0000 692 412 0.5954
13600.2000 692 413 0.5968
13601.2000 692 414 0.5983
13605.2000 692 415 0.5997
13612.0000 693 415 0.5988
13622.2000 693 416 0.6003
13633.0000 694 416 0.5994
13654.0000 695 416 0.5986
13674.0000 696 416 0.5977
13689.0000 697 416 0.5968
13713.0000 698 416 0.5960
13733.0000 699 416 0.5951
13750.0000 700 416 0.5943
13755.0000 700 417 0.5957
13771.0000 701 417 0.5949
13772.8000 701 418 0.5963
13787.0000 702 418 0.5954
13803.2000 702 419 0.5969
13807.5000 702 420 0.5983
13808.0000 703 420 0.5974
13831.0000 704 420 0.5966
13853.0000 705 420 0.5957
13874.0000 706 420 0.5949
13876.3000 706 421 0.5963
13894.0000 707 421 0.5955
13905.8000 707 422 0.5969
13915.0000 708 422 0.5960
13930.6000 708 423 0.5975
13936.6000 708 424 0.5989
13937.0000 709 424 0.5980
13952.0000 710 424 0.5972
13955.2000 710 425 0.5986
13955.8000 710 426 0.6000
13976.0000 711 426 0.5992
13994.0000 712 426 0.5983
14007.4000 712 427 0.5997
14011.0000 713 427 0.5989
14032.0000 714 427 0.5980
14056.0000 715 427 0.5972
14061.1000 715 428 0.5986
14071.0000 715 429 0.6000
14076.0000 715 430 0.6014
14077.0000 716 430 0.6006
14086.0000 716 431 0.6020
14092.0000 717 431 0.6011
14107.0000 718 431 0.6003
14108.3000 718 432 0.6017
14123.0000 719 432 0.6008
14147.0000 720 432 0.6000
14167.0000 721 432 0.5992
14186.0000 722 432 0.5983
14204.0000 723 432 0.5975
14207.1000 723 433 0.5989
14225.0000 724 433 0.5981
14245.0000 725 433 0.5972
14267.0000 726 433 0.5964
14286.0000 727 433 0.5956
14304.0000 728 433 0.5948
14323.0000 729 433 0.5940
14324.6000 729 434 0.5953
14342.0000 729 435 0.5967
14343.0000 730 435 0.5959
14351.6000 730 436 0.5973
14363.0000 731 436 0.5964
14385.0000 732 436 0.5956
14385.5000 732 437 0.5970
14404.0000 733 437 0.5962
14420.0000 734 437 0.5954
14421.8000 734 438 0.5967
14441.0000 735 438 0.5959
14456.0000 736 438 0.5951
14466.4000 736 439 0.5965
14475.0000 737 439 0.5957
14499.0000 738 439 0.5949
14507.7000 738 440 0.5962
14523.0000 739 440 0.5954
14529.2000 739 441 0.5968
14544.0000 740 441 0.5959
14547.2000 740 442 0.5973
14568.0000 741 442 0.5965
14569.9000 741 443 0.5978
14572.7000 741 444 0.5992
14588.0000 742 444 0.5984
14603.0000 743 444 0.5976
14618.0000 744 444 0.5968
14624.7000 744 445 0.5981
14629.4000 744 446 0.5995
14639.0000 745 446 0.5987
14655.0000 746 446 0.5979
14676.0000 747 446 0.5971
14689.2000 747 447 0.5984
14696.0000 748 447 0.5976
14706.2000 748 448 0.5989
14718.0000 749 448 0.5981
14733.2000 749 449 0.5995
14736.0000 750 449 0.5987
14746.0000 750 450 0.6000
14756.0000 751 450 0.5992
14773.0000 752 450 0.5984
14790.0000 753 450 0.5976
14809.0000 754 450 0.5968
14830.5000 754 451 0.5981
14831.0000 755 451 0.5974
14848.0000 756 451 0.5966
14867.0000 757 451 0.5958
14889.0000 758 451 0.5950
14897.0000 758 452 0.5963
14905.0000 759 452 0.5955
14912.5000 759 453 0.5968
14927.0000 760 453 0.5961
14942.0000 761 453 0.5953
14961.0000 762 453 0.5945
14962.1000 762 454 0.5958
14975.8000 762 455 0.5971
14984.0000 763 455 0.5963
14999.0000 764 455 0.5955
15021.0000 765 455 0.5948
15022.6000 765 456 0.5961
15030.2000 765 457 0.5974
15041.0000 766 457 0.5966
15058.0000 767 457 0.5958
15074.0000 768 457 0.5951
15089.2000 768 458 0.5964
15093.0000 769 458 0.5956
15101.5000 769 459 0.5969
15114.0000 770 459 0.5961
15132.0000 771 459 0.5953
15149.0000 772 459 0.5946
15155.8000 772 460 0.5959
15155.9000 772 461 0.5972
15172.0000 773 461 0.5964
15190.0000 774 461 0.5956
15212.0000 775 461 0.5948
15235.0000 776 461 0.5941
15256.0000 777 461 0.5933
15273.9000 777 462 0.5946
15280.0000 778 462 0.5938
15297.0000 779 462 0.5931
15318.0000 780 462 0.5923
15336.0000 781 462 0.5915
15360.0000 782 462 0.5908
15381.0000 783 462 0.5900
15386.0000 783 463 0.5913
15390.4000 783 464 0.5926
15399.0000 784 464 0.5918
15419.0000 785 464 0.5911
15439.2000 785 465 0.5924
15441.0000 786 465 0.5916
15459.3000 786 466 0.5929
15465.0000 787 466 0.5921
15482.0000 788 466 0.5914
15496.1000 788 467 0.5926
15504.0000 789 467 0.5919
15517.2000 789 468 0.5932
15526.0000 790 468 0.5924
15538.7000 790 469 0.5937
15539.5000 790 470 0.5949
15539.7000 790 471 0.5962
15547.0000 791 471 0.5954
15569.0000 792 471 0.5947
15591.0000 793 471 0.5939
15615.0000 794 471 0.5932
15632.0000 795 471 0.5925
15651.0000 796 471 0.5917
15666.0000 797 471 0.5910
15684.0000 798 471 0.5902
15706.3000 798 472 0.5915
15708.0000 799 472 0.5907
15724.0000 800 472 0.5900
15743.0000 800 473 0.5913
15745.7000 800 474 0.5925
15746.0000 801 474 0.5918
15752.2000 801 475 0.5930
15764.0000 802 475 0.5923
15772.1000 802 476 0.5935
15780.2000 802 477 0.5948
15782.0000 803 477 0.5940
15782.0000 803 478 0.5953
15793.3000 803 479 0.5965
15795.7000 803 480 0.5978
15799.0000 804 480 0.5970
15808.1000 804 481 0.5983
15815.0000 805 481 0.5975
15829.9000 805 482 0.5988
15838.0000 806 482 0.5980
15854.0000 807 482 0.5973
15873.0000 808 482 0.5965
15880.0000 808 483 0.5978
15891.0000 808 484 0.5990
15894.0000 809 484 0.5983
15909.0000 810 484 0.5975
15927.0000 811 484 0.5968
15948.0000 812 484 0.5961
15953.1000 812 485 0.5973
15956.3000 812 486 0.5985
15967.0000 813 486 0.5978
15981.4000 813 487 0.5990
15990.0000 814 487 0.5983
15997.7000 814 488 0.5995
16004.6000 814 489 0.6007
16005.5000 814 490 0.6020
16006.2000 814 491 0.6032
16010.0000 815 491 0.6025
16027.0000 816 491 0.6017
16042.0000 817 491 0.6010
16060.9000 817 492 0.6022
16061.0000 818 492 0.6015
16062.0000 818 493 0.6027
16080.0000 819 493 0.6020
16104.0000 820 493 0.6012
16124.0000 821 493 0.6005
16124.2000 821 494 0.6017
16139.0000 822 494 0.6010
16155.0000 823 494 0.6002
16175.0000 824 494 0.5995
16196.0000 825 494 0.5988
16199.9000 825 495 0.6000
16212.0000 826 495 0.5993
16220.0000 826 496 0.6005
16230.0000 827 496 0.5998
16232.5000 827 497 0.6010
16245.0000 828 497 0.6002
16261.0000 829 497 0.5995
16265.4000 829 498 0.6007
16275.6000 829 499 0.6019
16281.0000 830 499 0.6012
16301.0000 831 499 0.6005
16305.1000 831 500 0.6017
16309.0000 831 501 0.6029
16322.0000 832 501 0.6022
16338.0000 833 501 0.6014
16357.0000 834 501 0.6007
16365.8000 834 502 0.6019
16374.5000 834 503 0.6031
16380.0000 835 503 0.6024
16389.0000 835 504 0.6036
16399.0000 836 504 0.6029
16410.7000 836 505 0.6041
16416.0000 837 505 0.6033
16433.0000 838 505 0.6026
16435.3000 838 506 0.6038
16455.0000 839 506 0.6031
16479.0000 840 506 0.6024
16503.0000 841 506 0.6017
16505.2000 841 507 0.6029
16520.1000 841 508 0.6040
16526.0000 842 508 0.6033
16547.0000 843 508 0.6026
16568.0000 844 508 0.6019
16581.4000 844 509 0.6031
16588.9000 844 510 0.6043
16589.0000 845 510 0.6036
16610.0000 846 510 0.6028
16628.0000 847 510 0.6021
16646.0000 848 510 0.6014
16662.0000 849 510 0.6007
16682.0000 850 510 0.6000
16699.0000 851 510 0.5993
16721.7000 851 511 0.6005
16723.0000 852 511 0.5998
16745.0000 853 511 0.5991
16760.0000 854 511 0.5984
16783.0000 855 511 0.5977
16788.4000 855 512 0.5988
16800.0000 856 512 0.5981
16818.0000 857 512 0.5974
16835.0000 858 512 0.5967
16849.4000 858 513 0.5979
16852.1000 858 514 0.5991
16858.0000 859 514 0.5984
16865.6000 859 515 0.5995
16870.0000 859 516 0.6007
16871.6000 859 517 0.6019
16881.0000 860 517 0.6012
16901.0000 861 517 0.6005
16917.0000 862 517 0.5998
16919.5000 862 518 0.6009
16935.0000 863 518 0.6002
16959.0000 864 518 0.5995
16976.1000 864 519 0.6007
16979.0000 864 520 0.6019
16979.4000 864 521 0.6030
16980.0000 865 521 0.6023
16982.5000 865 522 0.6035
16988.1000 865 523 0.6046
16997.0000 866 523 0.6039
17021.0000 867 523 0.6032
17036.6000 867 524 0.6044
17040.0000 868 524 0.6037
17063.0000 869 524 0.6030
17079.1000 869 525 0.6041
17082.0000 870 525 0.6034
17105.0000 871 525 0.6028
17119.1000 871 526 0.6039
17126.0000 872 526 0.6032
17143.0000 873 526 0.6025
17162.0000 874 526 0.6018
17181.0000 875 526 0.6011
17181.8000 875 527 0.6023
17182.1000 875 528 0.6034
17202.0000 876 528 0.6027
17224.8000 876 529 0.6039
17225.0000 877 529 0.6032
17236.8000 877 530 0.6043
17240.0000 878 530 0.6036
17259.0000 879 530 0.6030
17278.0000 880 530 0.6023
17299.0000 881 530 0.6016
17305.9000 881 531 0.6027
17318.0000 882 531 0.6020
17335.3000 882 532 0.6032
17336.0000 883 532 0.6025
17344.5000 883 533 0.6036
17346.4000 883 534 0.6048
17353.0000 884 534 0.6041
17357.6000 884 535 0.6052
17364.8000 884 536 0.6063
17370.0000 885 536 0.6056
17371.3000 885 537 0.6068
17374.3000 885 538 0.6079
17393.6000 885 539 0.6090
17394.0000 886 539 0.6084
17416.0000 887 539 0.6077
17428.3000 887 540 0.6088
17439.0000 888 540 0.6081
17454.0000 889 540 0.6074
17467.5000 889 541 0.6085
17470.6000 889 542 0.6097
17472.7000 889 543 0.6108
17477.0000 890 543 0.6101
17497.0000 891 543 0.6094
17515.0000 892 543 0.6087
17535.0000 893 543 0.6081
17558.0000 894 543 0.6074
17574.0000 895 543 0.6067
17598.0000 896 543 0.6060
17619.0000 897 543 0.6054
17637.6000 897 544 0.6065
17639.0000 898 544 0.6058
17654.0000 899 544 0.6051
17672.0000 900 544 0.6044
17682.8000 900 545 0.6056
17690.0000 901 545 0.6049
17710.0000 902 545 0.6042
17734.0000 903 545 0.6035
17746.5000 903 546 0.6047
17751.0000 904 546 0.6040
17773.8000 904 547 0.6051
17774.0000 905 547 0.6044
17785.2000 905 548 0.6055
17793.0000 906 548 0.6049
17808.0000 907 548 0.6042
17813.6000 907 549 0.6053
17816.2000 907 550 0.6064
17816.7000 907 551 0.6075
17826.0000 908 551 0.6068
17846.0000 909 551 0.6062
17864.0000 910 551 0.6055
17865.2000 910 552 0.6066
17867.9000 910 553 0.6077
17877.5000 910 554 0.6088
17880.1000 910 555 0.6099
17884.0000 911 555 0.6092
17899.0000 912 555 0.6086
17917.0000 913 555 0.6079
17934.7000 913 556 0.6090
17936.0000 914 556 0.6083
17942.6000 914 557 0.6094
17951.1000 914 558 0.6105
17958.0000 915 558 0.6098
17976.0000 916 558 0.6092
18000.0000 917 558 0.6085
