# time  created  delivered  delivered/created
22.0000 1 0 0.0000
38.0000 2 0 0.0000
54.0000 3 0 0.0000
72.0000 4 0 0.0000
94.0000 5 0 0.0000
110.0000 6 0 0.0000
133.0000 7 0 0.0000
153.0000 8 0 0.0000
175.0000 9 0 0.0000
191.0000 10 0 0.0000
210.0000 11 0 0.0000
225.0000 12 0 0.0000
249.0000 13 0 0.0000
265.0000 14 0 0.0000
281.0000 15 0 0.0000
304.0000 16 0 0.0000
328.0000 17 0 0.0000
343.0000 18 0 0.0000
367.0000 19 0 0.0000
382.0000 20 0 0.0000
399.0000 21 0 0.0000
420.0000 22 0 0.0000
439.0000 23 0 0.0000
458.0000 24 0 0.0000
480.0000 25 0 0.0000
497.0000 26 0 0.0000
515.0000 27 0 0.0000
538.0000 28 0 0.0000
562.0000 29 0 0.0000
581.0000 30 0 0.0000
581.2000 30 1 0.0333
603.0000 31 1 0.0323
625.0000 32 1 0.0313
642.8000 32 2 0.0625
646.0000 33 2 0.0606
661.6000 33 3 0.0909
667.0000 34 3 0.0882
685.0000 35 3 0.0857
691.0000 35 4 0.1143
700.0000 36 4 0.1111
715.2000 36 5 0.1389
722.0000 37 5 0.1351
741.0000 38 5 0.1316
764.0000 39 5 0.1282
784.0000 40 5 0.1250
786.4000 40 6 0.1500
806.0000 41 6 0.1463
829.0000 42 6 0.1429
851.0000 43 6 0.1395
873.0000 44 6 0.1364
895.0000 45 6 0.1333
918.0000 46 6 0.1304
941.0000 47 6 0.1277
957.0000 48 6 0.1250
975.0000 49 6 0.1224
998.0000 50 6 0.1200
1018.0000 51 6 0.1176
1040.0000 52 6 0.1154
1056.0000 53 6 0.1132
1077.0000 54 6 0.1111
1096.0000 55 6 0.1091
1117.0000 56 6 0.1071
1137.0000 57 6 0.1053
1159.0000 58 6 0.1034
1179.0000 59 6 0.1017
1193.3000 59 7 0.1186
1201.0000 60 7 0.1167
1216.0000 61 7 0.1148
1225.1000 61 8 0.1311
1226.1000 61 9 0.1475
1232.0000 62 9 0.1452
1251.0000 63 9 0.1429
1268.0000 64 9 0.1406
1287.0000 65 9 0.1385
1308.0000 66 9 0.1364
1327.0000 67 9 0.1343
1342.0000 68 9 0.1324
1364.0000 69 9 0.1304
1381.1000 69 10 0.1449
1388.0000 70 10 0.1429
1397.1000 70 11 0.1571
1407.0000 70 12 0.1714
1407.0000 71 12 0.1690
1422.0000 72 12 0.1667
1442.0000 73 12 0.1644
1464.0000 74 12 0.1622
1475.9000 74 13 0.1757
1478.4000 74 14 0.1892
1479.0000 75 14 0.1867
1483.6000 75 15 0.2000
1500.0000 76 15 0.1974
1518.0000 77 15 0.1948
1542.0000 78 15 0.1923
1560.8000 78 16 0.2051
1562.0000 79 16 0.2025
1577.0000 80 16 0.2000
1600.0000 81 16 0.1975
1620.0000 82 16 0.1951
1637.0000 83 16 0.1928
1652.0000 84 16 0.1905
1673.0000 85 16 0.1882
1695.0000 86 16 0.1860
1706.4000 86 17 0.1977
1713.0000 87 17 0.1954
1736.2000 87 18 0.2069
1736.7000 87 19 0.2184
1737.0000 88 19 0.2159
1739.8000 88 20 0.2273
1754.9000 88 21 0.2386
1760.0000 89 21 0.2360
1781.0000 90 21 0.2333
1804.0000 91 21 0.2308
1826.0000 92 21 0.2283
1849.0000 93 21 0.2258
1870.0000 94 21 0.2234
1880.0000 94 22 0.2340
1890.0000 95 22 0.2316
1911.0000 96 22 0.2292
1929.0000 97 22 0.2268
1948.0000 98 22 0.2245
1965.0000 99 22 0.2222
1980.0000 100 22 0.2200
1991.1000 100 23 0.2300
2002.0000 101 23 0.2277
2024.0000 102 23 0.2255
2035.6000 102 24 0.2353
2041.0000 103 24 0.2330
2064.0000 104 24 0.2308
2080.0000 105 24 0.2286
2095.0000 106 24 0.2264
2119.0000 107 24 0.2243
2139.0000 108 24 0.2222
2142.8000 108 25 0.2315
2161.0000 109 25 0.2294
2178.0000 110 25 0.2273
2199.0000 111 25 0.2252
2217.0000 111 26 0.2342
2222.0000 112 26 0.2321
2240.0000 113 26 0.2301
2259.0000 114 26 0.2281
2275.0000 115 26 0.2261
2295.0000 116 26 0.2241
2314.0000 117 26 0.2222
2327.6000 117 27 0.2308
2335.0000 118 27 0.2288
2348.0000 118 28 0.2373
2354.0000 119 28 0.2353
2377.0000 120 28 0.2333
2396.0000 121 28 0.2314
2411.0000 122 28 0.2295
2412.0000 122 29 0.2377
2433.0000 123 29 0.2358
2452.0000 124 29 0.2339
2460.7000 124 30 0.2419
2464.9000 124 31 0.2500
2474.0000 125 31 0.2480
2496.0000 126 31 0.2460
2511.0000 127 31 0.2441
2526.0000 128 31 0.2422
2546.0000 129 31 0.2403
2556.1000 129 32 0.2481
2556.6000 129 33 0.2558
2563.0000 130 33 0.2538
2586.0000 131 33 0.2519
2601.0000 132 33 0.2500
2621.0000 133 33 0.2481
2641.0000 134 33 0.2463
2649.1000 134 34 0.2537
2654.8000 134 35 0.2612
2662.0000 135 35 0.2593
2678.0000 136 35 0.2574
2689.6000 136 36 0.2647
2693.0000 137 36 0.2628
2716.0000 138 36 0.2609
2735.0000 139 36 0.2590
2741.3000 139 37 0.2662
2754.0000 140 37 0.2643
2771.0000 141 37 0.2624
2773.0000 141 38 0.2695
2788.0000 142 38 0.2676
2800.0000 142 39 0.2746
2807.0000 143 39 0.2727
2823.9000 143 40 0.2797
2831.0000 144 40 0.2778
2853.0000 145 40 0.2759
2868.0000 146 40 0.2740
2891.0000 147 40 0.2721
2899.2000 147 41 0.2789
2911.0000 148 41 0.2770
2926.0000 149 41 0.2752
2942.0000 150 41 0.2733
2946.7000 150 42 0.2800
2954.4000 150 43 0.2867
2962.0000 151 43 0.2848
2979.0000 152 43 0.2829
3003.0000 153 43 0.2810
3023.3000 153 44 0.2876
3024.0000 154 44 0.2857
3040.0000 155 44 0.2839
3064.0000 156 44 0.2821
3065.8000 156 45 0.2885
3084.5000 156 46 0.2949
3086.0000 157 46 0.2930
3110.0000 158 46 0.2911
3129.0000 159 46 0.2893
3131.0000 159 47 0.2956
3147.0000 160 47 0.2938
3166.0000 161 47 0.2919
3190.0000 162 47 0.2901
3210.0000 163 47 0.2883
3225.0000 164 47 0.2866
3243.0000 165 47 0.2848
3260.0000 166 47 0.2831
3261.2000 166 48 0.2892
3271.8000 166 49 0.2952
3273.4000 166 50 0.3012
3283.0000 167 50 0.2994
3305.0000 168 50 0.2976
3321.0000 169 50 0.2959
3321.7000 169 51 0.3018
3329.5000 169 52 0.3077
3344.0000 170 52 0.3059
3362.9000 170 53 0.3118
3365.0000 171 53 0.3099
3385.0000 172 53 0.3081
3408.0000 173 53 0.3064
3428.0000 174 53 0.3046
3429.2000 174 54 0.3103
3449.0000 175 54 0.3086
3472.0000 176 54 0.3068
3488.0000 177 54 0.3051
3510.8000 177 55 0.3107
3511.0000 178 55 0.3090
3532.4000 178 56 0.3146
3535.0000 179 56 0.3128
3550.1000 179 57 0.3184
3552.0000 180 57 0.3167
3566.9000 180 58 0.3222
3570.0000 181 58 0.3204
3577.0000 181 59 0.3260
3589.0000 182 59 0.3242
3604.0000 183 59 0.3224
3619.0000 184 59 0.3207
3638.0000 185 59 0.3189
3653.0000 186 59 0.3172
3669.0000 187 59 0.3155
3689.0000 188 59 0.3138
3712.0000 189 59 0.3122
3730.0000 190 59 0.3105
3754.0000 191 59 0.3089
3771.0000 192 59 0.3073
3787.0000 193 59 0.3057
3809.0000 194 59 0.3041
3832.0000 195 59 0.3026
3854.0000 196 59 0.3010
3873.0000 197 59 0.2995
3881.8000 197 60 0.3046
3895.0000 198 60 0.3030
3919.0000 199 60 0.3015
3938.0000 200 60 0.3000
3953.0000 200 61 0.3050
3955.0000 201 61 0.3035
3975.0000 202 61 0.3020
3985.4000 202 62 0.3069
3996.0000 203 62 0.3054
4012.0000 204 62 0.3039
4018.5000 204 63 0.3088
4031.0000 205 63 0.3073
4052.0000 206 63 0.3058
4054.9000 206 64 0.3107
4070.0000 207 64 0.3092
4094.0000 208 64 0.3077
4115.0000 209 64 0.3062
4134.0000 210 64 0.3048
4153.0000 211 64 0.3033
4171.0000 212 64 0.3019
4187.1000 212 65 0.3066
4194.0000 213 65 0.3052
4205.9000 213 66 0.3099
4214.0000 214 66 0.3084
4235.0000 215 66 0.3070
4251.0000 216 66 0.3056
4272.0000 217 66 0.3041
4287.3000 217 67 0.3088
4290.0000 217 68 0.3134
4290.0000 218 68 0.3119
4308.7000 218 69 0.3165
4314.0000 219 69 0.3151
4315.4000 219 70 0.3196
4338.0000 220 70 0.3182
4360.0000 221 70 0.3167
4381.0000 222 70 0.3153
4392.6000 222 71 0.3198
4400.0000 223 71 0.3184
4419.0000 224 71 0.3170
4419.1000 224 72 0.3214
4434.0000 225 72 0.3200
4452.4000 225 73 0.3244
4458.0000 226 73 0.3230
4476.0000 227 73 0.3216
4497.0000 228 73 0.3202
4515.0000 229 73 0.3188
4537.0000 230 73 0.3174
4556.0000 231 73 0.3160
4580.0000 232 73 0.3147
4597.0000 233 73 0.3133
4614.0000 234 73 0.3120
4634.0000 235 73 0.3106
4655.0000 236 73 0.3093
4665.1000 236 74 0.3136
4672.0000 237 74 0.3122
4689.0000 238 74 0.3109
4706.0000 239 74 0.3096
4729.0000 240 74 0.3083
4741.9000 240 75 0.3125
4747.0000 241 75 0.3112
4762.0000 242 75 0.3099
4783.0000 243 75 0.3086
4799.0000 243 76 0.3128
4807.0000 244 76 0.3115
4824.0000 245 76 0.3102
4848.0000 246 76 0.3089
4867.0000 247 76 0.3077
4880.8000 247 77 0.3117
4886.0000 248 77 0.3105
4909.0000 249 77 0.3092
4928.0000 250 77 0.3080
4951.0000 251 77 0.3068
4966.0000 252 77 0.3056
4975.7000 252 78 0.3095
4986.0000 253 78 0.3083
5010.0000 254 78 0.3071
5033.0000 255 78 0.3059
5048.0000 256 78 0.3047
5072.0000 257 78 0.3035
5089.0000 258 78 0.3023
5112.0000 259 78 0.3012
5131.0000 260 78 0.3000
5151.0000 261 78 0.2989
5170.9000 261 79 0.3027
5175.0000 262 79 0.3015
5194.0000 263 79 0.3004
5215.0000 264 79 0.2992
5237.0000 265 79 0.2981
5254.0000 266 79 0.2970
5269.0000 267 79 0.2959
5291.0000 268 79 0.2948
5307.0000 269 79 0.2937
5317.6000 269 80 0.2974
5324.0000 270 80 0.2963
5339.0000 271 80 0.2952
5356.0000 272 80 0.2941
5371.0000 273 80 0.2930
5387.0000 274 80 0.2920
5410.0000 275 80 0.2909
5426.0000 276 80 0.2899
5447.0000 277 80 0.2888
5470.0000 278 80 0.2878
5490.0000 279 80 0.2867
5507.0000 280 80 0.2857
5519.0000 280 81 0.2893
5528.0000 281 81 0.2883
5546.0000 282 81 0.2872
5564.0000 283 81 0.2862
5584.0000 284 81 0.2852
5607.0000 285 81 0.2842
5625.0000 286 81 0.2832
5643.0000 287 81 0.2822
5665.0000 288 81 0.2813
5685.0000 289 81 0.2803
5704.0000 290 81 0.2793
5724.0000 291 81 0.2784
5745.0000 292 81 0.2774
5760.0000 293 81 0.2765
5784.0000 294 81 0.2755
5805.0000 295 81 0.2746
5822.0000 296 81 0.2736
5830.9000 296 82 0.2770
5841.0000 297 82 0.2761
5859.0000 298 82 0.2752
5869.8000 298 83 0.2785
5874.0000 299 83 0.2776
5893.0000 300 83 0.2767
5914.0000 301 83 0.2757
5922.9000 301 84 0.2791
5932.0000 302 84 0.2781
5953.0000 303 84 0.2772
5959.1000 303 85 0.2805
5971.0000 304 85 0.2796
5973.2000 304 86 0.2829
5986.0000 305 86 0.2820
5995.1000 305 87 0.2852
6003.8000 305 88 0.2885
6008.0000 306 88 0.2876
6024.0000 307 88 0.2866
6029.0000 307 89 0.2899
6041.0000 308 89 0.2890
6063.0000 309 89 0.2880
6081.7000 309 90 0.2913
6087.0000 310 90 0.2903
6105.0000 311 90 0.2894
6114.3000 311 91 0.2926
6124.0000 312 91 0.2917
6145.0000 313 91 0.2907
6166.0000 314 91 0.2898
6182.0000 315 91 0.2889
6201.0000 316 91 0.2880
6216.0000 317 91 0.2871
6231.0000 318 91 0.2862
6248.0000 319 91 0.2853
6261.7000 319 92 0.2884
6267.0000 320 92 0.2875
6289.0000 321 92 0.2866
6308.0000 322 92 0.2857
6332.0000 323 92 0.2848
6338.7000 323 93 0.2879
6355.0000 324 93 0.2870
6372.0000 325 93 0.2862
6373.2000 325 94 0.2892
6393.0000 326 94 0.2883
6417.0000 327 94 0.2875
6424.2000 327 95 0.2905
6441.0000 328 95 0.2896
6457.3000 328 96 0.2927
6465.0000 329 96 0.2918
6467.3000 329 97 0.2948
6486.0000 330 97 0.2939
6502.0000 331 97 0.2931
6518.0000 332 97 0.2922
6536.0000 333 97 0.2913
6555.0000 334 97 0.2904
6572.0000 335 97 0.2896
6591.0000 336 97 0.2887
6608.0000 337 97 0.2878
6631.0000 338 97 0.2870
6646.0000 339 97 0.2861
6665.0000 340 97 0.2853
6684.0000 341 97 0.2845
6696.4000 341 98 0.2874
6708.0000 342 98 0.2865
6725.0000 343 98 0.2857
6745.0000 344 98 0.2849
6760.0000 345 98 0.2841
6765.0000 345 99 0.2870
6778.9000 345 100 0.2899
6781.0000 346 100 0.2890
6793.7000 346 101 0.2919
6800.0000 347 101 0.2911
6816.0000 348 101 0.2902
6839.0000 349 101 0.2894
6854.0000 350 101 0.2886
6861.3000 350 102 0.2914
6874.0000 351 102 0.2906
6889.0000 352 102 0.2898
6893.6000 352 103 0.2926
6897.1000 352 104 0.2955
6909.0000 353 104 0.2946
6930.0000 354 104 0.2938
6951.0000 355 104 0.2930
6954.0000 355 105 0.2958
6971.0000 356 105 0.2949
6989.5000 356 106 0.2978
6995.0000 357 106 0.2969
7010.0000 358 106 0.2961
7029.0000 359 106 0.2953
7043.6000 359 107 0.2981
7048.0000 360 107 0.2972
7061.5000 360 108 0.3000
7071.0000 361 108 0.2992
7091.8000 361 109 0.3019
7093.0000 362 109 0.3011
7108.0000 363 109 0.3003
7130.0000 364 109 0.2995
7147.0000 365 109 0.2986
7163.0000 366 109 0.2978
7176.4000 366 110 0.3005
7180.0000 367 110 0.2997
7197.0000 368 110 0.2989
7221.0000 369 110 0.2981
7240.0000 370 110 0.2973
7255.0000 371 110 0.2965
7272.0000 372 110 0.2957
7296.0000 373 110 0.2949
7319.0000 374 110 0.2941
7333.2000 374 111 0.2968
7335.0000 375 111 0.2960
7354.5000 375 112 0.2987
7358.0000 376 112 0.2979
7367.4000 376 113 0.3005
7372.4000 376 114 0.3032
7378.0000 377 114 0.3024
7387.9000 377 115 0.3050
7394.0000 378 115 0.3042
7411.0000 379 115 0.3034
7435.0000 380 115 0.3026
7459.0000 381 115 0.3018
7480.0000 382 115 0.3010
7481.3000 382 116 0.3037
7498.0000 383 116 0.3029
7514.0000 384 116 0.3021
7536.0000 385 116 0.3013
7549.7000 385 117 0.3039
7550.9000 385 118 0.3065
7559.0000 386 118 0.3057
7574.0000 387 118 0.3049
7595.0000 388 118 0.3041
7599.5000 388 119 0.3067
7609.6000 388 120 0.3093
7613.0000 389 120 0.3085
7632.0000 390 120 0.3077
7656.0000 391 120 0.3069
7673.0000 392 120 0.3061
7677.6000 392 121 0.3087
7696.0000 393 121 0.3079
7713.0000 394 121 0.3071
7730.0000 395 121 0.3063
7745.0000 396 121 0.3056
7749.4000 396 122 0.3081
7762.0000 397 122 0.3073
7784.0000 398 122 0.3065
7804.0000 399 122 0.3058
7822.0000 400 122 0.3050
7829.7000 400 123 0.3075
7840.0000 401 123 0.3067
7840.4000 401 124 0.3092
7858.0000 402 124 0.3085
7874.0000 403 124 0.3077
7876.9000 403 125 0.3102
7882.2000 403 126 0.3127
7895.0000 404 126 0.3119
7914.0000 405 126 0.3111
7931.0000 406 126 0.3103
7931.6000 406 127 0.3128
7948.0000 407 127 0.3120
7959.2000 407 128 0.3145
7961.3000 407 129 0.3170
7972.0000 408 129 0.3162
7987.0000 409 129 0.3154
8002.0000 410 129 0.3146
8024.0000 411 129 0.3139
8040.0000 412 129 0.3131
8041.7000 412 130 0.3155
8059.0000 413 130 0.3148
8082.0000 414 130 0.3140
8099.0000 415 130 0.3133
8116.0000 416 130 0.3125
8137.0000 417 130 0.3118
8147.1000 417 131 0.3141
8158.0000 418 131 0.3134
8173.0000 419 131 0.3126
8190.0000 420 131 0.3119
8193.3000 420 132 0.3143
8204.4000 420 133 0.3167
8205.0000 421 133 0.3159
8205.7000 421 134 0.3183
8227.0000 422 134 0.3175
8251.0000 423 134 0.3168
8270.0000 423 135 0.3191
8271.7000 423 136 0.3215
8275.0000 424 136 0.3208
8297.0000 425 136 0.3200
8317.0000 426 136 0.3192
8336.0000 427 136 0.3185
8359.0000 428 136 0.3178
8375.0000 429 136 0.3170
8396.0000 430 136 0.3163
8414.0000 431 136 0.3155
8437.0000 432 136 0.3148
8453.0000 433 136 0.3141
8468.0000 434 136 0.3134
8492.0000 435 136 0.3126
8510.0000 436 136 0.3119
8525.0000 437 136 0.3112
8544.0000 438 136 0.3105
8548.0000 438 137 0.3128
8566.0000 439 137 0.3121
8578.2000 439 138 0.3144
8586.0000 440 138 0.3136
8609.0000 441 138 0.3129
8625.0000 442 138 0.3122
8631.7000 442 139 0.3145
8642.6000 442 140 0.3167
8643.2000 442 141 0.3190
8644.0000 443 141 0.3183
8663.0000 444 141 0.3176
8681.0000 445 141 0.3169
8697.0000 446 141 0.3161
8719.0000 447 141 0.3154
8730.3000 447 142 0.3177
8743.0000 448 142 0.3170
8767.0000 449 142 0.3163
8784.0000 450 142 0.3156
8800.0000 451 142 0.3149
8807.1000 451 143 0.3171
8823.0000 452 143 0.3164
8824.9000 452 144 0.3186
8839.0000 453 144 0.3179
8854.0000 454 144 0.3172
8869.0000 455 144 0.3165
8892.0000 456 144 0.3158
8911.0000 457 144 0.3151
8929.0000 458 144 0.3144
8944.0000 459 144 0.3137
8955.3000 459 145 0.3159
8961.0000 460 145 0.3152
8979.0000 461 145 0.3145
8997.0000 462 145 0.3139
9011.3000 462 146 0.3160
9013.0000 463 146 0.3153
9035.0000 464 146 0.3147
9058.0000 465 146 0.3140
9065.9000 465 147 0.3161
9073.0000 466 147 0.3155
9095.0000 467 147 0.3148
9102.0000 467 148 0.3169
9119.0000 468 148 0.3162
9126.9000 468 149 0.3184
9129.5000 468 150 0.3205
9143.0000 469 150 0.3198
9154.0000 469 151 0.3220
9162.0000 470 151 0.3213
9174.0000 470 152 0.3234
9176.8000 470 153 0.3255
9184.6000 470 154 0.3277
9186.0000 471 154 0.3270
9209.0000 472 154 0.3263
9224.0000 473 154 0.3256
9245.0000 474 154 0.3249
9247.6000 474 155 0.3270
9264.0000 475 155 0.3263
9288.0000 476 155 0.3256
9306.5000 476 156 0.3277
9310.0000 477 156 0.3270
9326.0000 478 156 0.3264
9341.0000 479 156 0.3257
9342.1000 479 157 0.3278
9365.0000 480 157 0.3271
9387.0000 481 157 0.3264
9403.0000 482 157 0.3257
9426.0000 483 157 0.3251
9444.0000 484 157 0.3244
9468.0000 485 157 0.3237
9485.0000 486 157 0.3230
9503.0000 487 157 0.3224
9527.0000 488 157 0.3217
9550.0000 489 157 0.3211
9573.0000 490 157 0.3204
9591.0000 491 157 0.3198
9614.0000 492 157 0.3191
9614.9000 492 158 0.3211
9632.0000 493 158 0.3205
9653.0000 494 158 0.3198
9654.1000 494 159 0.3219
9663.3000 494 160 0.3239
9676.0000 495 160 0.3232
9693.0000 496 160 0.3226
9715.0000 497 160 0.3219
9736.0000 498 160 0.3213
9750.0000 498 161 0.3233
9752.0000 499 161 0.3226
9776.0000 500 161 0.3220
9799.0000 501 161 0.3214
9821.0000 502 161 0.3207
9837.0000 503 161 0.3201
9861.0000 504 161 0.3194
9879.0000 505 161 0.3188
9894.0000 506 161 0.3182
9909.0000 507 161 0.3176
9927.0000 508 161 0.3169
9946.0000 509 161 0.3163
9965.0000 509 162 0.3183
9969.0000 510 162 0.3176
9988.0000 511 162 0.3170
10007.0000 512 162 0.3164
10016.0000 512 163 0.3184
10024.0000 513 163 0.3177
10027.1000 513 164 0.3197
10039.7000 513 165 0.3216
10044.0000 514 165 0.3210
10066.3000 514 166 0.3230
10067.0000 515 166 0.3223
10087.0000 516 166 0.3217
10111.0000 517 166 0.3211
10132.0000 518 166 0.3205
10140.5000 518 167 0.3224
10154.0000 519 167 0.3218
10177.0000 520 167 0.3212
10194.0000 521 167 0.3205
10216.0000 522 167 0.3199
10235.0000 523 167 0.3193
10254.5000 523 168 0.3212
10257.0000 524 168 0.3206
10280.6000 524 169 0.3225
10281.0000 525 169 0.3219
10300.0000 526 169 0.3213
10320.0000 527 169 0.3207
10343.0000 528 169 0.3201
10366.0000 529 169 0.3195
10382.0000 530 169 0.3189
10401.4000 530 170 0.3208
10402.0000 531 170 0.3202
10410.2000 531 171 0.3220
10423.0000 532 171 0.3214
10424.8000 532 172 0.3233
10441.0000 533 172 0.3227
10443.4000 533 173 0.3246
10461.0000 534 173 0.3240
10480.0000 535 173 0.3234
10497.0000 536 173 0.3228
10518.0000 537 173 0.3222
10530.5000 537 174 0.3240
10537.0000 538 174 0.3234
10537.2000 538 175 0.3253
10555.0000 539 175 0.3247
10571.0000 540 175 0.3241
10591.0000 541 175 0.3235
10615.0000 542 175 0.3229
10637.0000 543 175 0.3223
10640.3000 543 176 0.3241
10645.7000 543 177 0.3260
10655.2000 543 178 0.3278
10657.0000 544 178 0.3272
10681.0000 545 178 0.3266
10681.1000 545 179 0.3284
10703.0000 546 179 0.3278
10715.1000 546 180 0.3297
10726.0000 547 180 0.3291
10748.0000 548 180 0.3285
10768.0000 549 180 0.3279
10781.7000 549 181 0.3297
10788.0000 550 181 0.3291
10808.0000 551 181 0.3285
10823.0000 552 181 0.3279
10842.0000 553 181 0.3273
10866.0000 554 181 0.3267
10875.5000 554 182 0.3285
10881.4000 554 183 0.3303
10885.0000 555 183 0.3297
10907.0000 556 183 0.3291
10925.0000 557 183 0.3285
10942.0000 558 183 0.3280
10966.0000 559 183 0.3274
10983.0000 560 183 0.3268
11006.0000 561 183 0.3262
11023.0000 562 183 0.3256
11046.0000 563 183 0.3250
11068.0000 564 183 0.3245
11084.0000 565 183 0.3239
11102.0000 566 183 0.3233
11120.0000 567 183 0.3228
11126.6000 567 184 0.3245
11143.0000 568 184 0.3239
11166.0000 569 184 0.3234
11182.0000 570 184 0.3228
11191.1000 570 185 0.3246
11197.6000 570 186 0.3263
11201.0000 571 186 0.3257
11218.0000 572 186 0.3252
11238.0000 573 186 0.3246
11250.8000 573 187 0.3264
11255.6000 573 188 0.3281
11260.0000 574 188 0.3275
11274.7000 574 189 0.3293
11280.0000 575 189 0.3287
11298.0000 576 189 0.3281
11309.0000 576 190 0.3299
11319.0000 577 190 0.3293
11343.0000 578 190 0.3287
11354.9000 578 191 0.3304
11363.0000 579 191 0.3299
11381.0000 580 191 0.3293
11405.0000 581 191 0.3287
11424.0000 582 191 0.3282
11431.4000 582 192 0.3299
11434.2000 582 193 0.3316
11443.0000 583 193 0.3310
11467.0000 584 193 0.3305
11471.6000 584 194 0.3322
11491.0000 585 194 0.3316
11508.9000 585 195 0.3333
11511.0000 586 195 0.3328
11529.0000 587 195 0.3322
11540.0000 587 196 0.3339
11547.0000 588 196 0.3333
11562.9000 588 197 0.3350
11566.0000 589 197 0.3345
11575.9000 589 198 0.3362
11576.7000 589 199 0.3379
11586.0000 590 199 0.3373
11610.0000 591 199 0.3367
11626.0000 592 199 0.3361
11640.2000 592 200 0.3378
11650.0000 593 200 0.3373
11665.0000 594 200 0.3367
11680.0000 595 200 0.3361
11696.0000 596 200 0.3356
11711.0000 597 200 0.3350
11731.0000 598 200 0.3344
11755.0000 599 200 0.3339
11771.0000 600 200 0.3333
11790.0000 601 200 0.3328
11794.9000 601 201 0.3344
11809.0000 602 201 0.3339
11809.6000 602 202 0.3355
11827.0000 603 202 0.3350
11851.0000 604 202 0.3344
11867.0000 605 202 0.3339
11885.0000 606 202 0.3333
11907.0000 607 202 0.3328
11929.0000 608 202 0.3322
11937.7000 608 203 0.3339
11948.0000 609 203 0.3333
11949.1000 609 204 0.3350
11949.7000 609 205 0.3366
11959.7000 609 206 0.3383
11971.0000 610 206 0.3377
11995.0000 611 206 0.3372
12005.8000 611 207 0.3388
12012.0000 612 207 0.3382
12033.0000 613 207 0.3377
12048.0000 614 207 0.3371
12064.6000 614 208 0.3388
12070.0000 615 208 0.3382
12073.0000 615 209 0.3398
12088.0000 616 209 0.3393
12104.0000 617 209 0.3387
12124.0000 618 209 0.3382
12145.0000 619 209 0.3376
12153.5000 619 210 0.3393
12155.1000 619 211 0.3409
12165.0000 620 211 0.3403
12180.5000 620 212 0.3419
12189.0000 621 212 0.3414
12209.0000 622 212 0.3408
12218.2000 622 213 0.3424
12226.0000 623 213 0.3419
12249.0000 624 213 0.3413
12270.0000 625 213 0.3408
12287.0000 626 213 0.3403
12304.8000 626 214 0.3419
12305.0000 627 214 0.3413
12323.0000 628 214 0.3408
12329.4000 628 215 0.3424
12332.9000 628 216 0.3439
12339.0000 629 216 0.3434
12358.0000 630 216 0.3429
12377.0000 631 216 0.3423
12399.0000 632 216 0.3418
12417.9000 632 217 0.3434
12421.0000 633 217 0.3428
12444.0000 634 217 0.3423
12463.0000 635 217 0.3417
12479.0000 636 217 0.3412
12497.0000 637 217 0.3407
12514.0000 637 218 0.3422
12518.0000 638 218 0.3417
12538.0000 639 218 0.3412
12556.0000 640 218 0.3406
12575.0000 641 218 0.3401
12596.0000 642 218 0.3396
12611.0000 643 218 0.3390
12613.7000 643 219 0.3406
12635.0000 644 219 0.3401
12642.9000 644 220 0.3416
12655.0000 645 220 0.3411
12671.7000 645 221 0.3426
12672.0000 646 221 0.3421
12689.5000 646 222 0.3437
12691.0000 647 222 0.3431
12713.0000 648 222 0.3426
12726.0000 648 223 0.3441
12727.4000 648 224 0.3457
12737.0000 649 224 0.3451
12761.0000 650 224 0.3446
12781.0000 651 224 0.3441
12798.0000 652 224 0.3436
12818.0000 653 224 0.3430
12836.3000 653 225 0.3446
12839.0000 654 225 0.3440
12841.6000 654 226 0.3456
12863.0000 655 226 0.3450
12884.0000 656 226 0.3445
12901.0000 657 226 0.3440
12919.0000 658 226 0.3435
12936.0000 659 226 0.3429
12954.0000 660 226 0.3424
12971.0000 661 226 0.3419
12986.0000 662 226 0.3414
13009.0000 663 226 0.3409
13019.0000 663 227 0.3424
13029.0000 664 227 0.3419
13043.7000 664 228 0.3434
13048.0000 665 228 0.3429
13052.7000 665 229 0.3444
13069.0000 666 229 0.3438
13080.5000 666 230 0.3453
13090.0000 667 230 0.3448
13112.0000 668 230 0.3443
13132.3000 668 231 0.3458
13135.0000 669 231 0.3453
13147.4000 669 232 0.3468
13148.4000 669 233 0.3483
13157.0000 670 233 0.3478
13175.0000 671 233 0.3472
13191.3000 671 234 0.3487
13198.0000 672 234 0.3482
13203.0000 672 235 0.3497
13222.0000 673 235 0.3492
13237.0000 674 235 0.3487
13261.0000 675 235 0.3481
13268.3000 675 236 0.3496
13279.0000 676 236 0.3491
13303.0000 677 236 0.3486
13327.0000 678 236 0.3481
13344.0000 679 236 0.3476
13367.0000 680 236 0.3471
13380.6000 680 237 0.3485
13385.0000 681 237 0.3480
13400.0000 682 237 0.3475
13422.0000 683 237 0.3470
13439.0000 684 237 0.3465
13463.0000 685 237 0.3460
13485.0000 686 237 0.3455
13501.0000 687 237 0.3450
13522.0000 688 237 0.3445
13543.0000 689 237 0.3440
13556.8000 689 238 0.3454
13558.0000 690 238 0.3449
13572.0000 690 239 0.3464
13578.0000 691 239 0.3459
13597.0000 692 239 0.3454
13601.2000 692 240 0.3468
13605.2000 692 241 0.3483
13612.0000 693 241 0.3478
13622.2000 693 242 0.3492
13632.3000 693 243 0.3506
13633.0000 694 243 0.3501
13654.0000 695 243 0.3496
13655.0000 695 244 0.3511
13674.0000 696 244 0.3506
13689.0000 697 244 0.3501
13713.0000 698 244 0.3496
13733.0000 699 244 0.3491
13750.0000 700 244 0.3486
13770.6000 700 245 0.3500
13771.0000 701 245 0.3495
13787.0000 702 245 0.3490
13792.0000 702 246 0.3504
13808.0000 703 246 0.3499
13831.0000 704 246 0.3494
13853.0000 705 246 0.3489
13874.0000 706 246 0.3484
13894.0000 707 246 0.3479
13915.0000 708 246 0.3475
13937.0000 709 246 0.3470
13952.0000 710 246 0.3465
13976.0000 711 246 0.3460
13984.0000 711 247 0.3474
13994.0000 712 247 0.3469
14011.0000 713 247 0.3464
14032.0000 714 247 0.3459
14049.1000 714 248 0.3473
14056.0000 715 248 0.3469
14077.0000 716 248 0.3464
14092.0000 717 248 0.3459
14107.0000 718 248 0.3454
14108.3000 718 249 0.3468
14123.0000 719 249 0.3463
14141.5000 719 250 0.3477
14147.0000 720 250 0.3472
14166.4000 720 251 0.3486
14167.0000 721 251 0.3481
14186.0000 722 251 0.3476
14204.0000 723 251 0.3472
14225.0000 724 251 0.3467
14245.0000 725 251 0.3462
14267.0000 726 251 0.3457
14286.0000 727 251 0.3453
14304.0000 728 251 0.3448
14323.0000 729 251 0.3443
14343.0000 730 251 0.3438
14363.0000 731 251 0.3434
14385.0000 732 251 0.3429
14386.9000 732 252 0.3443
14404.0000 733 252 0.3438
14420.0000 734 252 0.3433
14441.0000 735 252 0.3429
14456.0000 736 252 0.3424
14466.3000 736 253 0.3438
14467.0000 736 254 0.3451
14475.0000 737 254 0.3446
14499.0000 738 254 0.3442
14504.4000 738 255 0.3455
14523.0000 739 255 0.3451
14544.0000 740 255 0.3446
14568.0000 741 255 0.3441
14588.0000 742 255 0.3437
14603.0000 743 255 0.3432
14618.0000 744 255 0.3427
14619.7000 744 256 0.3441
14632.0000 744 257 0.3454
14639.0000 745 257 0.3450
14655.0000 746 257 0.3445
14676.0000 747 257 0.3440
14696.0000 748 257 0.3436
14718.0000 749 257 0.3431
14733.2000 749 258 0.3445
14736.0000 750 258 0.3440
14746.0000 750 259 0.3453
14756.0000 751 259 0.3449
14773.0000 752 259 0.3444
14790.0000 753 259 0.3440
14809.0000 754 259 0.3435
14831.0000 755 259 0.3430
14848.0000 756 259 0.3426
14867.0000 757 259 0.3421
14889.0000 758 259 0.3417
14898.6000 758 260 0.3430
14905.0000 759 260 0.3426
14920.9000 759 261 0.3439
14927.0000 760 261 0.3434
14942.0000 761 261 0.3430
14961.0000 762 261 0.3425
14984.0000 763 261 0.3421
14999.0000 764 261 0.3416
15021.0000 765 261 0.3412
15041.0000 766 261 0.3407
15058.0000 767 261 0.3403
15074.0000 768 261 0.3398
15093.0000 769 261 0.3394
15101.5000 769 262 0.3407
15114.0000 770 262 0.3403
15129.5000 770 263 0.3416
15132.0000 771 263 0.3411
15149.0000 772 263 0.3407
15172.0000 773 263 0.3402
15190.0000 774 263 0.3398
15212.0000 775 263 0.3394
15235.0000 776 263 0.3389
15256.0000 777 263 0.3385
15280.0000 778 263 0.3380
15297.0000 779 263 0.3376
15318.0000 780 263 0.3372
15329.3000 780 264 0.3385
15336.0000 781 264 0.3380
15360.0000 782 264 0.3376
15381.0000 783 264 0.3372
15399.0000 784 264 0.3367
15419.0000 785 264 0.3363
15439.2000 785 265 0.3376
15441.0000 786 265 0.3372
15460.6000 786 266 0.3384
15465.0000 787 266 0.3380
15482.0000 788 266 0.3376
15504.0000 789 266 0.3371
15517.2000 789 267 0.3384
15526.0000 790 267 0.3380
15547.0000 791 267 0.3375
15569.0000 792 267 0.3371
15583.0000 792 268 0.3384
15591.0000 793 268 0.3380
15597.7000 793 269 0.3392
15615.0000 794 269 0.3388
15632.0000 795 269 0.3384
15651.0000 796 269 0.3379
15666.0000 797 269 0.3375
15684.0000 798 269 0.3371
15708.0000 799 269 0.3367
15724.0000 800 269 0.3363
15746.0000 801 269 0.3358
15764.0000 802 269 0.3354
15764.5000 802 270 0.3367
15782.0000 803 270 0.3362
15793.3000 803 271 0.3375
15799.0000 804 271 0.3371
15815.0000 805 271 0.3366
15838.0000 806 271 0.3362
15854.0000 807 271 0.3358
15873.0000 808 271 0.3354
15894.0000 809 271 0.3350
15909.0000 810 271 0.3346
15927.0000 811 271 0.3342
15948.0000 812 271 0.3337
15954.6000 812 272 0.3350
15967.0000 813 272 0.3346
15981.4000 813 273 0.3358
15990.0000 814 273 0.3354
16005.1000 814 274 0.3366
16010.0000 815 274 0.3362
16027.0000 816 274 0.3358
16042.0000 817 274 0.3354
16061.0000 818 274 0.3350
16061.0000 818 275 0.3362
16080.0000 819 275 0.3358
16104.0000 820 275 0.3354
16124.0000 821 275 0.3350
16139.0000 822 275 0.3345
16155.0000 823 275 0.3341
16175.0000 824 275 0.3337
16196.0000 825 275 0.3333
16201.5000 825 276 0.3345
16212.0000 826 276 0.3341
16220.0000 826 277 0.3354
16230.0000 827 277 0.3349
16245.0000 828 277 0.3345
16261.0000 829 277 0.3341
16281.0000 830 277 0.3337
16301.0000 831 277 0.3333
16310.7000 831 278 0.3345
16322.0000 832 278 0.3341
16328.8000 832 279 0.3353
16338.0000 833 279 0.3349
16357.0000 834 279 0.3345
16380.0000 835 279 0.3341
16399.0000 836 279 0.3337
16408.3000 836 280 0.3349
16416.0000 837 280 0.3345
16433.0000 838 280 0.3341
16455.0000 839 280 0.3337
16479.0000 840 280 0.3333
16491.8000 840 281 0.3345
16503.0000 841 281 0.3341
16520.1000 841 282 0.3353
16526.0000 842 282 0.3349
16547.0000 843 282 0.3345
16567.0000 843 283 0.3357
16568.0000 844 283 0.3353
16588.9000 844 284 0.3365
16589.0000 845 284 0.3361
16602.9000 845 285 0.3373
16610.0000 846 285 0.3369
16628.0000 847 285 0.3365
16646.0000 848 285 0.3361
16662.0000 849 285 0.3357
16662.2000 849 286 0.3369
16682.0000 850 286 0.3365
16694.9000 850 287 0.3376
16699.0000 851 287 0.3373
16721.7000 851 288 0.3384
16723.0000 852 288 0.3380
16745.0000 853 288 0.3376
16748.7000 853 289 0.3388
16760.0000 854 289 0.3384
16783.0000 855 289 0.3380
16800.0000 856 289 0.3376
16818.0000 857 289 0.3372
16835.0000 858 289 0.3368
16839.1000 858 290 0.3380
16852.1000 858 291 0.3392
16858.0000 859 291 0.3388
16881.0000 860 291 0.3384
16901.0000 861 291 0.3380
16917.0000 862 291 0.3376
16935.0000 863 291 0.3372
16959.0000 864 291 0.3368
16980.0000 865 291 0.3364
16997.0000 866 291 0.3360
17019.2000 866 292 0.3372
17021.0000 867 292 0.3368
17038.5000 867 293 0.3379
17040.0000 868 293 0.3376
17063.0000 869 293 0.3372
17077.3000 869 294 0.3383
17082.0000 870 294 0.3379
17105.0000 871 294 0.3375
17126.0000 872 294 0.3372
17143.0000 873 294 0.3368
17162.0000 874 294 0.3364
17181.0000 875 294 0.3360
17202.0000 876 294 0.3356
17225.0000 877 294 0.3352
17240.0000 878 294 0.3349
17259.0000 879 294 0.3345
17278.0000 880 294 0.3341
17299.0000 881 294 0.3337
17318.0000 882 294 0.3333
17336.0000 883 294 0.3330
17353.0000 884 294 0.3326
17357.6000 884 295 0.3337
17370.0000 885 295 0.3333
17371.3000 885 296 0.3345
17394.0000 886 296 0.3341
17394.4000 886 297 0.3352
17416.0000 887 297 0.3348
17439.0000 888 297 0.3345
17454.0000 889 297 0.3341
17469.2000 889 298 0.3352
17477.0000 890 298 0.3348
17497.0000 891 298 0.3345
17503.3000 891 299 0.3356
17515.0000 892 299 0.3352
17535.0000 893 299 0.3348
17558.0000 894 299 0.3345
17574.0000 895 299 0.3341
17598.0000 896 299 0.3337
17619.0000 897 299 0.3333
17639.0000 898 299 0.3330
17654.0000 899 299 0.3326
17672.0000 900 299 0.3322
17690.0000 901 299 0.3319
17710.0000 902 299 0.3315
17734.0000 903 299 0.3311
17751.0000 904 299 0.3308
17774.0000 905 299 0.3304
17793.0000 906 299 0.3300
17805.6000 906 300 0.3311
17808.0000 907 300 0.3308
17816.2000 907 301 0.3319
17826.0000 908 301 0.3315
17846.0000 909 301 0.3311
17864.0000 910 301 0.3308
17869.1000 910 302 0.3319
17884.0000 911 302 0.3315
17899.0000 912 302 0.3311
17917.0000 913 302 0.3308
17934.5000 913 303 0.3319
17936.0000 914 303 0.3315
17958.0000 915 303 0.3311
17976.0000 916 303 0.3308
18000.0000 917 303 0.3304
18021.0000 918 303 0.3301
18040.0000 919 303 0.3297
18059.0000 920 303 0.3293
18077.0000 921 303 0.3290
18092.0000 922 303 0.3286
18107.7000 922 304 0.3297
18112.1000 922 305 0.3308
18113.0000 923 305 0.3304
18132.0000 924 305 0.3301
18150.0000 924 306 0.3312
18155.0000 925 306 0.3308
18162.0000 925 307 0.3319
18177.0000 926 307 0.3315
18192.0000 927 307 0.3312
18209.5000 927 308 0.3323
18214.0000 928 308 0.3319
18221.6000 928 309 0.3330
18236.0000 929 309 0.3326
18259.0000 930 309 0.3323
18275.0000 931 309 0.3319
18279.6000 931 310 0.3330
18298.0000 932 310 0.3326
18321.0000 933 310 0.3323
18340.0000 934 310 0.3319
18353.1000 934 311 0.3330
18364.0000 935 311 0.3326
18383.0000 936 311 0.3323
18402.0000 937 311 0.3319
18425.0000 938 311 0.3316
18449.0000 939 311 0.3312
18473.0000 940 311 0.3309
18488.0000 941 311 0.3305
18512.0000 942 311 0.3301
18534.0000 943 311 0.3298
18549.0000 944 311 0.3294
18570.0000 945 311 0.3291
18574.6000 945 312 0.3302
18587.4000 945 313 0.3312
18590.0000 946 313 0.3309
18613.0000 947 313 0.3305
18632.0000 948 313 0.3302
18653.0000 949 313 0.3298
18662.2000 949 314 0.3309
18677.0000 950 314 0.3305
18696.0000 951 314 0.3302
18704.5000 951 315 0.3312
18712.1000 951 316 0.3323
18715.0000 952 316 0.3319
18738.0000 953 316 0.3316
18753.0000 954 316 0.3312
18768.0000 955 316 0.3309
18784.0000 955 317 0.3319
18786.0000 956 317 0.3316
18809.0000 957 317 0.3312
18828.0000 958 317 0.3309
18841.2000 958 318 0.3319
18845.0000 959 318 0.3316
18862.0000 960 318 0.3313
18884.0000 961 318 0.3309
18891.5000 961 319 0.3319
18894.5000 961 320 0.3330
18899.0000 962 320 0.3326
18922.0000 963 320 0.3323
18939.0000 964 320 0.3320
18947.9000 964 321 0.3330
18956.0000 965 321 0.3326
18956.3000 965 322 0.3337
18972.6000 965 323 0.3347
18977.0000 966 323 0.3344
18993.0000 967 323 0.3340
19014.6000 967 324 0.3351
19015.0000 968 324 0.3347
19037.0000 969 324 0.3344
19055.0000 970 324 0.3340
19072.0000 971 324 0.3337
19087.0000 972 324 0.3333
19095.5000 972 325 0.3344
19108.0000 973 325 0.3340
19129.0000 974 325 0.3337
19151.0000 975 325 0.3333
19159.1000 975 326 0.3344
19161.8000 975 327 0.3354
19173.0000 976 327 0.3350
19192.0000 977 327 0.3347
19211.0000 978 327 0.3344
19231.0000 979 327 0.3340
19254.0000 980 327 0.3337
19277.0000 981 327 0.3333
19283.1000 981 328 0.3344
19297.8000 981 329 0.3354
19301.0000 982 329 0.3350
19313.4000 982 330 0.3360
19316.0000 983 330 0.3357
19340.0000 984 330 0.3354
19352.4000 984 331 0.3364
19355.0000 985 331 0.3360
19373.0000 986 331 0.3357
19391.0000 987 331 0.3354
19406.0000 988 331 0.3350
19415.5000 988 332 0.3360
19418.6000 988 333 0.3370
19423.0000 989 333 0.3367
19439.0000 990 333 0.3364
19455.0000 991 333 0.3360
19479.0000 992 333 0.3357
19497.0000 993 333 0.3353
19521.0000 994 333 0.3350
19531.8000 994 334 0.3360
19542.0000 995 334 0.3357
19565.0000 996 334 0.3353
19586.0000 997 334 0.3350
19601.0000 998 334 0.3347
19622.0000 999 334 0.3343
19641.0000 1000 334 0.3340
19657.0000 1000 335 0.3350
19660.0000 1001 335 0.3347
19669.8000 1001 336 0.3357
19677.0000 1002 336 0.3353
19692.0000 1003 336 0.3350
19716.0000 1004 336 0.3347
19739.0000 1005 336 0.3343
19745.7000 1005 337 0.3353
19755.0000 1006 337 0.3350
19770.0000 1007 337 0.3347
19783.2000 1007 338 0.3357
19792.0000 1008 338 0.3353
19808.2000 1008 339 0.3363
19815.0000 1009 339 0.3360
19816.1000 1009 340 0.3370
19826.5000 1009 341 0.3380
19833.0000 1010 341 0.3376
19839.8000 1010 342 0.3386
19852.0000 1011 342 0.3383
19876.0000 1012 342 0.3379
19884.4000 1012 343 0.3389
19886.4000 1012 344 0.3399
19891.0000 1013 344 0.3396
19896.2000 1013 345 0.3406
19908.0000 1014 345 0.3402
19924.9000 1014 346 0.3412
19932.0000 1015 346 0.3409
19944.7000 1015 347 0.3419
19956.0000 1016 347 0.3415
19970.9000 1016 348 0.3425
19976.0000 1017 348 0.3422
19998.0000 1018 348 0.3418
20019.0000 1019 348 0.3415
20034.0000 1020 348 0.3412
20039.7000 1020 349 0.3422
20054.8000 1020 350 0.3431
20054.9000 1020 351 0.3441
20057.0000 1021 351 0.3438
20075.0000 1022 351 0.3434
20088.8000 1022 352 0.3444
20094.0000 1023 352 0.3441
20097.6000 1023 353 0.3451
20118.0000 1024 353 0.3447
20135.0000 1025 353 0.3444
20139.1000 1025 354 0.3454
20140.1000 1025 355 0.3463
20157.0000 1026 355 0.3460
20179.0000 1027 355 0.3457
20197.0000 1028 355 0.3453
20201.3000 1028 356 0.3463
20221.0000 1029 356 0.3460
20237.0000 1030 356 0.3456
20259.0000 1031 356 0.3453
20276.0000 1032 356 0.3450
20293.0000 1033 356 0.3446
20308.0000 1034 356 0.3443
20327.0000 1035 356 0.3440
20331.9000 1035 357 0.3449
20350.0000 1036 357 0.3446
20365.2000 1036 358 0.3456
20366.0000 1037 358 0.3452
20385.0000 1038 358 0.3449
20401.0000 1039 358 0.3446
20421.0000 1040 358 0.3442
20437.0000 1041 358 0.3439
20461.0000 1042 358 0.3436
20475.4000 1042 359 0.3445
20476.0000 1042 360 0.3455
20485.0000 1043 360 0.3452
20499.0000 1043 361 0.3461
20504.8000 1043 362 0.3471
20508.0000 1044 362 0.3467
20532.0000 1045 362 0.3464
20535.2000 1045 363 0.3474
20537.5000 1045 364 0.3483
20554.0000 1046 364 0.3480
20570.7000 1046 365 0.3489
20576.0000 1047 365 0.3486
20594.0000 1048 365 0.3483
20611.0000 1049 365 0.3480
20635.0000 1050 365 0.3476
20655.0000 1051 365 0.3473
20673.0000 1052 365 0.3470
20691.0000 1053 365 0.3466
20706.0000 1054 365 0.3463
20724.0000 1055 365 0.3460
20744.0000 1055 366 0.3469
20744.0000 1056 366 0.3466
20757.0000 1056 367 0.3475
20761.2000 1056 368 0.3485
20766.0000 1057 368 0.3482
20766.6000 1057 369 0.3491
20782.0000 1058 369 0.3488
20783.7000 1058 370 0.3497
20800.0000 1059 370 0.3494
20800.1000 1059 371 0.3503
20801.7000 1059 372 0.3513
20821.0000 1060 372 0.3509
20844.0000 1061 372 0.3506
20855.4000 1061 373 0.3516
20864.0000 1062 373 0.3512
20888.0000 1063 373 0.3509
20892.1000 1063 374 0.3518
20911.0000 1064 374 0.3515
20922.6000 1064 375 0.3524
20931.0000 1065 375 0.3521
20952.0000 1066 375 0.3518
20968.0000 1067 375 0.3515
20987.6000 1067 376 0.3524
20990.0000 1068 376 0.3521
21007.0000 1069 376 0.3517
21021.5000 1069 377 0.3527
21031.0000 1070 377 0.3523
21055.0000 1071 377 0.3520
21077.0000 1072 377 0.3517
21080.0000 1072 378 0.3526
21092.0000 1073 378 0.3523
21096.9000 1073 379 0.3532
21116.0000 1074 379 0.3529
21132.0000 1075 379 0.3526
21137.0000 1075 380 0.3535
21148.0000 1076 380 0.3532
21149.8000 1076 381 0.3541
21166.0000 1077 381 0.3538
21184.0000 1078 381 0.3534
21204.0000 1079 381 0.3531
21223.0000 1080 381 0.3528
21225.8000 1080 382 0.3537
21247.0000 1081 382 0.3534
21271.0000 1082 382 0.3530
21292.0000 1083 382 0.3527
21309.0000 1084 382 0.3524
21319.4000 1084 383 0.3533
21327.0000 1085 383 0.3530
21338.8000 1085 384 0.3539
21346.3000 1085 385 0.3548
21351.0000 1086 385 0.3545
21368.0000 1087 385 0.3542
21387.0000 1088 385 0.3539
21392.2000 1088 386 0.3548
21407.0000 1089 386 0.3545
21424.0000 1090 386 0.3541
21431.1000 1090 387 0.3550
21444.0000 1091 387 0.3547
21463.0000 1092 387 0.3544
21483.0000 1093 387 0.3541
21504.4000 1093 388 0.3550
21505.0000 1094 388 0.3547
21517.7000 1094 389 0.3556
21523.0000 1095 389 0.3553
21539.0000 1096 389 0.3549
21553.1000 1096 390 0.3558
21556.0000 1097 390 0.3555
21577.0000 1098 390 0.3552
21579.7000 1098 391 0.3561
21599.0000 1099 391 0.3558
21615.0000 1100 391 0.3555
21632.0000 1101 391 0.3551
21648.0000 1102 391 0.3548
21653.9000 1102 392 0.3557
21665.0000 1103 392 0.3554
21689.0000 1104 392 0.3551
21707.0000 1105 392 0.3548
21713.3000 1105 393 0.3557
21731.0000 1106 393 0.3553
21740.4000 1106 394 0.3562
21755.0000 1107 394 0.3559
21777.0000 1108 394 0.3556
21794.0000 1109 394 0.3553
21805.4000 1109 395 0.3562
21818.0000 1110 395 0.3559
21837.0000 1111 395 0.3555
21860.0000 1112 395 0.3552
21883.0000 1113 395 0.3549
21898.0000 1114 395 0.3546
21916.0000 1115 395 0.3543
21939.0000 1116 395 0.3539
21941.3000 1116 396 0.3548
21949.8000 1116 397 0.3557
21950.6000 1116 398 0.3566
21952.8000 1116 399 0.3575
21960.0000 1117 399 0.3572
21971.6000 1117 400 0.3581
21976.0000 1118 400 0.3578
21999.0000 1119 400 0.3575
22022.0000 1120 400 0.3571
22041.0000 1121 400 0.3568
22050.9000 1121 401 0.3577
22061.0000 1122 401 0.3574
22071.9000 1122 402 0.3583
22075.9000 1122 403 0.3592
22078.0000 1123 403 0.3589
22085.7000 1123 404 0.3598
22101.0000 1124 404 0.3594
22121.0000 1125 404 0.3591
22140.0000 1126 404 0.3588
22159.0000 1127 404 0.3585
22165.2000 1127 405 0.3594
22167.0000 1127 406 0.3602
22183.0000 1128 406 0.3599
22189.5000 1128 407 0.3608
22199.0000 1129 407 0.3605
22217.2000 1129 408 0.3614
22218.0000 1130 408 0.3611
22228.1000 1130 409 0.3619
22242.0000 1131 409 0.3616
22263.0000 1132 409 0.3613
22281.0000 1133 409 0.3610
22304.0000 1134 409 0.3607
22322.0000 1135 409 0.3604
22341.1000 1135 410 0.3612
22346.0000 1136 410 0.3609
22363.0000 1137 410 0.3606
22385.0000 1138 410 0.3603
22405.0000 1139 410 0.3600
22420.0000 1140 410 0.3596
22444.0000 1141 410 0.3593
22464.0000 1142 410 0.3590
22482.0000 1143 410 0.3587
22500.0000 1144 410 0.3584
22516.0000 1144 411 0.3593
22521.0000 1145 411 0.3590
22543.7000 1145 412 0.3598
22544.0000 1146 412 0.3595
22560.0000 1147 412 0.3592
22568.3000 1147 413 0.3601
22569.6000 1147 414 0.3609
22578.0000 1148 414 0.3606
22595.0000 1149 414 0.3603
22613.0000 1150 414 0.3600
22628.0000 1151 414 0.3597
22647.5000 1151 415 0.3606
22648.0000 1152 415 0.3602
22666.0000 1153 415 0.3599
22682.0000 1154 415 0.3596
22682.4000 1154 416 0.3605
22695.6000 1154 417 0.3614
22698.0000 1155 417 0.3610
22713.0000 1156 417 0.3607
22729.7000 1156 418 0.3616
22735.0000 1157 418 0.3613
22758.0000 1158 418 0.3610
22773.7000 1158 419 0.3618
22779.0000 1159 419 0.3615
22799.0000 1160 419 0.3612
22820.0000 1161 419 0.3609
22822.5000 1161 420 0.3618
22828.5000 1161 421 0.3626
22835.0000 1162 421 0.3623
22850.0000 1163 421 0.3620
22869.0000 1164 421 0.3617
22891.0000 1165 421 0.3614
22913.0000 1166 421 0.3611
22924.7000 1166 422 0.3619
22931.0000 1167 422 0.3616
22954.0000 1168 422 0.3613
22971.0000 1169 422 0.3610
22991.0000 1170 422 0.3607
23004.2000 1170 423 0.3615
23007.0000 1171 423 0.3612
23031.0000 1172 423 0.3609
23047.0000 1173 423 0.3606
23047.9000 1173 424 0.3615
23050.1000 1173 425 0.3623
23064.9000 1173 426 0.3632
23070.0000 1174 426 0.3629
23079.8000 1174 427 0.3637
23085.0000 1175 427 0.3634
23089.3000 1175 428 0.3643
23106.0000 1176 428 0.3639
23127.0000 1177 428 0.3636
23149.0000 1178 428 0.3633
23154.4000 1178 429 0.3642
23165.0000 1179 429 0.3639
23179.9000 1179 430 0.3647
23180.0000 1180 430 0.3644
23198.0000 1181 430 0.3641
23214.0000 1182 430 0.3638
23238.0000 1183 430 0.3635
23252.6000 1183 431 0.3643
23258.0000 1184 431 0.3640
23268.5000 1184 432 0.3649
23280.0000 1185 432 0.3646
23295.0000 1186 432 0.3642
23304.1000 1186 433 0.3651
23319.0000 1187 433 0.3648
23339.0000 1188 433 0.3645
23360.0000 1189 433 0.3642
23371.1000 1189 434 0.3650
23377.0000 1190 434 0.3647
23393.0000 1191 434 0.3644
23409.0000 1192 434 0.3641
23428.0000 1193 434 0.3638
23445.0000 1194 434 0.3635
23463.8000 1194 435 0.3643
23464.0000 1195 435 0.3640
23466.7000 1195 436 0.3649
23482.0000 1196 436 0.3645
23498.0000 1197 436 0.3642
23507.8000 1197 437 0.3651
23516.0000 1198 437 0.3648
23532.0000 1199 437 0.3645
23547.0000 1200 437 0.3642
23559.1000 1200 438 0.3650
23560.1000 1200 439 0.3658
23565.9000 1200 440 0.3667
23568.0000 1201 440 0.3664
23572.7000 1201 441 0.3672
23582.3000 1201 442 0.3680
23589.0000 1202 442 0.3677
23595.6000 1202 443 0.3686
23603.6000 1202 444 0.3694
23613.0000 1203 444 0.3691
23629.0000 1204 444 0.3688
23642.2000 1204 445 0.3696
23647.0000 1205 445 0.3693
23658.2000 1205 446 0.3701
23662.0000 1206 446 0.3698
23681.0000 1207 446 0.3695
23702.0000 1208 446 0.3692
23710.9000 1208 447 0.3700
23726.0000 1209 447 0.3697
23726.3000 1209 448 0.3706
23741.0000 1209 449 0.3714
23741.0000 1210 449 0.3711
23750.5000 1210 450 0.3719
23760.0000 1211 450 0.3716
23769.3000 1211 451 0.3724
23776.0000 1211 452 0.3732
23778.0000 1212 452 0.3729
23798.0000 1213 452 0.3726
23817.0000 1214 452 0.3723
23837.0000 1215 452 0.3720
23843.7000 1215 453 0.3728
23846.7000 1215 454 0.3737
23857.6000 1215 455 0.3745
23859.0000 1216 455 0.3742
23874.0000 1217 455 0.3739
23895.0000 1218 455 0.3736
23905.3000 1218 456 0.3744
23916.0000 1219 456 0.3741
23937.0000 1220 456 0.3738
23961.0000 1221 456 0.3735
23969.4000 1221 457 0.3743
23981.0000 1222 457 0.3740
24004.0000 1223 457 0.3737
24026.0000 1224 457 0.3734
24037.4000 1224 458 0.3742
24042.1000 1224 459 0.3750
24042.5000 1224 460 0.3758
24043.0000 1225 460 0.3755
24062.0000 1226 460 0.3752
24077.5000 1226 461 0.3760
24079.0000 1227 461 0.3757
24095.0000 1228 461 0.3754
24110.0000 1229 461 0.3751
24134.0000 1230 461 0.3748
24144.9000 1230 462 0.3756
24157.0000 1231 462 0.3753
24179.0000 1232 462 0.3750
24195.3000 1232 463 0.3758
24198.0000 1232 464 0.3766
24203.0000 1233 464 0.3763
24222.0000 1234 464 0.3760
24245.0000 1235 464 0.3757
24262.0000 1236 464 0.3754
24286.0000 1237 464 0.3751
24295.0000 1237 465 0.3759
24305.0000 1238 465 0.3756
24309.1000 1238 466 0.3764
24326.0000 1239 466 0.3761
24349.0000 1240 466 0.3758
24368.0000 1241 466 0.3755
24379.5000 1241 467 0.3763
24383.0000 1242 467 0.3760
24407.0000 1243 467 0.3757
24427.0000 1244 467 0.3754
24444.1000 1244 468 0.3762
24445.2000 1244 469 0.3770
24447.0000 1245 469 0.3767
24468.0000 1246 469 0.3764
24475.7000 1246 470 0.3772
24490.0000 1247 470 0.3769
24505.6000 1247 471 0.3777
24510.4000 1247 472 0.3785
24514.0000 1248 472 0.3782
24530.0000 1249 472 0.3779
24553.0000 1250 472 0.3776
24568.0000 1251 472 0.3773
24591.0000 1252 472 0.3770
24607.0000 1253 472 0.3767
24624.0000 1254 472 0.3764
24641.0000 1255 472 0.3761
24656.0000 1256 472 0.3758
24656.6000 1256 473 0.3766
24666.2000 1256 474 0.3774
24677.0000 1257 474 0.3771
24692.7000 1257 475 0.3779
24693.0000 1258 475 0.3776
24702.5000 1258 476 0.3784
24712.0000 1259 476 0.3781
24736.0000 1260 476 0.3778
24751.0000 1261 476 0.3775
24768.0000 1262 476 0.3772
24790.0000 1263 476 0.3769
24809.0000 1264 476 0.3766
24824.0000 1265 476 0.3763
24844.0000 1266 476 0.3760
24867.0000 1267 476 0.3757
24877.9000 1267 477 0.3765
24883.0000 1268 477 0.3762
24906.0000 1269 477 0.3759
24921.0000 1270 477 0.3756
24945.0000 1271 477 0.3753
24963.0000 1272 477 0.3750
24980.0000 1273 477 0.3747
24999.0000 1274 477 0.3744
25015.0000 1275 477 0.3741
25027.1000 1275 478 0.3749
25029.7000 1275 479 0.3757
25034.0000 1276 479 0.3754
25055.0000 1277 479 0.3751
25074.0000 1278 479 0.3748
25079.4000 1278 480 0.3756
25087.5000 1278 481 0.3764
25095.0000 1279 481 0.3761
25107.0000 1279 482 0.3769
25116.1000 1279 483 0.3776
25119.0000 1280 483 0.3773
25138.0000 1281 483 0.3770
25148.0000 1281 484 0.3778
25162.0000 1282 484 0.3775
25176.1000 1282 485 0.3783
25183.0000 1283 485 0.3780
