# time  created  delivered  delivered/created
22.0000 1 0 0.0000
38.0000 2 0 0.0000
54.0000 3 0 0.0000
72.0000 4 0 0.0000
94.0000 5 0 0.0000
110.0000 6 0 0.0000
133.0000 7 0 0.0000
153.0000 8 0 0.0000
175.0000 9 0 0.0000
191.0000 10 0 0.0000
210.0000 11 0 0.0000
225.0000 12 0 0.0000
249.0000 13 0 0.0000
265.0000 14 0 0.0000
281.0000 15 0 0.0000
304.0000 16 0 0.0000
328.0000 17 0 0.0000
343.0000 18 0 0.0000
367.0000 19 0 0.0000
382.0000 20 0 0.0000
399.0000 21 0 0.0000
420.0000 22 0 0.0000
439.0000 23 0 0.0000
458.0000 24 0 0.0000
480.0000 25 0 0.0000
497.0000 26 0 0.0000
515.0000 27 0 0.0000
538.0000 28 0 0.0000
562.0000 29 0 0.0000
581.0000 30 0 0.0000
581.2000 30 1 0.0333
603.0000 31 1 0.0323
625.0000 32 1 0.0313
640.9000 32 2 0.0625
646.0000 33 2 0.0606
661.6000 33 3 0.0909
667.0000 34 3 0.0882
685.0000 35 3 0.0857
691.0000 35 4 0.1143
700.0000 36 4 0.1111
714.4000 36 5 0.1389
722.0000 37 5 0.1351
741.0000 38 5 0.1316
764.0000 39 5 0.1282
784.0000 40 5 0.1250
786.4000 40 6 0.1500
806.0000 41 6 0.1463
829.0000 42 6 0.1429
851.0000 43 6 0.1395
873.0000 44 6 0.1364
895.0000 45 6 0.1333
904.7000 45 7 0.1556
918.0000 46 7 0.1522
941.0000 47 7 0.1489
957.0000 48 7 0.1458
975.0000 49 7 0.1429
998.0000 50 7 0.1400
1018.0000 51 7 0.1373
1040.0000 52 7 0.1346
1056.0000 53 7 0.1321
1077.0000 54 7 0.1296
1096.0000 55 7 0.1273
1117.0000 56 7 0.1250
1137.0000 57 7 0.1228
1159.0000 58 7 0.1207
1179.0000 59 7 0.1186
1193.3000 59 8 0.1356
1201.0000 60 8 0.1333
1216.0000 61 8 0.1311
1225.2000 61 9 0.1475
1232.0000 62 9 0.1452
1251.0000 63 9 0.1429
1268.0000 64 9 0.1406
1287.0000 65 9 0.1385
1302.0000 65 10 0.1538
1308.0000 66 10 0.1515
1327.0000 67 10 0.1493
1342.0000 68 10 0.1471
1364.0000 69 10 0.1449
1381.1000 69 11 0.1594
1388.0000 70 11 0.1571
1397.1000 70 12 0.1714
1407.0000 71 12 0.1690
1408.4000 71 13 0.1831
1422.0000 72 13 0.1806
1442.0000 73 13 0.1781
1464.0000 74 13 0.1757
1475.9000 74 14 0.1892
1478.4000 74 15 0.2027
1479.0000 75 15 0.2000
1483.1000 75 16 0.2133
1500.0000 76 16 0.2105
1518.0000 77 16 0.2078
1542.0000 78 16 0.2051
1560.8000 78 17 0.2179
1562.0000 79 17 0.2152
1577.0000 80 17 0.2125
1600.0000 81 17 0.2099
1620.0000 82 17 0.2073
1637.0000 83 17 0.2048
1652.0000 84 17 0.2024
1673.0000 85 17 0.2000
1695.0000 86 17 0.1977
1707.0000 86 18 0.2093
1709.8000 86 19 0.2209
1713.0000 87 19 0.2184
1724.6000 87 20 0.2299
1736.2000 87 21 0.2414
1737.0000 88 21 0.2386
1739.4000 88 22 0.2500
1739.8000 88 23 0.2614
1760.0000 89 23 0.2584
1781.0000 90 23 0.2556
1804.0000 91 23 0.2527
1826.0000 92 23 0.2500
1849.0000 93 23 0.2473
1870.0000 94 23 0.2447
1881.2000 94 24 0.2553
1882.8000 94 25 0.2660
1890.0000 95 25 0.2632
1911.0000 96 25 0.2604
1929.0000 97 25 0.2577
1948.0000 98 25 0.2551
1965.0000 99 25 0.2525
1980.0000 100 25 0.2500
2002.0000 101 25 0.2475
2024.0000 102 25 0.2451
2026.9000 102 26 0.2549
2035.6000 102 27 0.2647
2041.0000 103 27 0.2621
2064.0000 104 27 0.2596
2080.0000 105 27 0.2571
2095.0000 106 27 0.2547
2119.0000 107 27 0.2523
2139.0000 108 27 0.2500
2144.5000 108 28 0.2593
2161.0000 109 28 0.2569
2178.0000 110 28 0.2545
2199.0000 111 28 0.2523
2217.0000 111 29 0.2613
2222.0000 112 29 0.2589
2240.0000 113 29 0.2566
2259.0000 114 29 0.2544
2275.0000 115 29 0.2522
2295.0000 116 29 0.2500
2314.0000 117 29 0.2479
2324.6000 117 30 0.2564
2335.0000 118 30 0.2542
2354.0000 119 30 0.2521
2377.0000 120 30 0.2500
2396.0000 121 30 0.2479
2411.0000 122 30 0.2459
2412.0000 122 31 0.2541
2433.0000 123 31 0.2520
2452.0000 124 31 0.2500
2460.7000 124 32 0.2581
2464.9000 124 33 0.2661
2470.3000 124 34 0.2742
2474.0000 125 34 0.2720
2490.0000 125 35 0.2800
2496.0000 126 35 0.2778
2506.7000 126 36 0.2857
2511.0000 127 36 0.2835
2526.0000 128 36 0.2813
2546.0000 129 36 0.2791
2554.9000 129 37 0.2868
2563.0000 130 37 0.2846
2586.0000 131 37 0.2824
2601.0000 132 37 0.2803
2621.0000 133 37 0.2782
2641.0000 134 37 0.2761
2662.0000 135 37 0.2741
2678.0000 136 37 0.2721
2689.6000 136 38 0.2794
2690.0000 136 39 0.2868
2690.9000 136 40 0.2941
2693.0000 137 40 0.2920
2699.2000 137 41 0.2993
2716.0000 138 41 0.2971
2735.0000 139 41 0.2950
2741.3000 139 42 0.3022
2754.0000 140 42 0.3000
2771.0000 141 42 0.2979
2773.0000 141 43 0.3050
2788.0000 142 43 0.3028
2800.0000 142 44 0.3099
2807.0000 143 44 0.3077
2824.2000 143 45 0.3147
2831.0000 144 45 0.3125
2840.0000 144 46 0.3194
2853.0000 145 46 0.3172
2868.0000 146 46 0.3151
2872.2000 146 47 0.3219
2891.0000 147 47 0.3197
2899.2000 147 48 0.3265
2911.0000 148 48 0.3243
2926.0000 149 48 0.3221
2942.0000 150 48 0.3200
2962.0000 151 48 0.3179
2979.0000 152 48 0.3158
3000.8000 152 49 0.3224
3003.0000 153 49 0.3203
3024.0000 154 49 0.3182
3040.0000 155 49 0.3161
3064.0000 156 49 0.3141
3065.8000 156 50 0.3205
3086.0000 157 50 0.3185
3087.1000 157 51 0.3248
3110.0000 158 51 0.3228
3129.0000 159 51 0.3208
3130.9000 159 52 0.3270
3147.0000 160 52 0.3250
3166.0000 161 52 0.3230
3190.0000 162 52 0.3210
3210.0000 163 52 0.3190
3225.0000 164 52 0.3171
3243.0000 165 52 0.3152
3260.0000 166 52 0.3133
3272.0000 166 53 0.3193
3273.4000 166 54 0.3253
3273.8000 166 55 0.3313
3274.8000 166 56 0.3373
3283.0000 167 56 0.3353
3289.8000 167 57 0.3413
3292.6000 167 58 0.3473
3305.0000 168 58 0.3452
3321.0000 169 58 0.3432
3337.2000 169 59 0.3491
3344.0000 170 59 0.3471
3363.5000 170 60 0.3529
3365.0000 171 60 0.3509
3385.0000 172 60 0.3488
3408.0000 173 60 0.3468
3414.4000 173 61 0.3526
3428.0000 174 61 0.3506
3429.2000 174 62 0.3563
3447.6000 174 63 0.3621
3449.0000 175 63 0.3600
3472.0000 176 63 0.3580
3488.0000 177 63 0.3559
3511.0000 178 63 0.3539
3530.6000 178 64 0.3596
3535.0000 179 64 0.3575
3547.0000 179 65 0.3631
3550.1000 179 66 0.3687
3552.0000 180 66 0.3667
3570.0000 181 66 0.3646
3575.8000 181 67 0.3702
3581.2000 181 68 0.3757
3589.0000 182 68 0.3736
3604.0000 183 68 0.3716
3619.0000 184 68 0.3696
3638.0000 185 68 0.3676
3653.0000 186 68 0.3656
3669.0000 187 68 0.3636
3689.0000 188 68 0.3617
3712.0000 189 68 0.3598
3730.0000 190 68 0.3579
3754.0000 191 68 0.3560
3771.0000 192 68 0.3542
3787.0000 193 68 0.3523
3809.0000 194 68 0.3505
3813.6000 194 69 0.3557
3832.0000 195 69 0.3538
3846.4000 195 70 0.3590
3854.0000 196 70 0.3571
3873.0000 197 70 0.3553
3895.0000 198 70 0.3535
3919.0000 199 70 0.3518
3938.0000 200 70 0.3500
3946.1000 200 71 0.3550
3953.0000 200 72 0.3600
3955.0000 201 72 0.3582
3975.0000 202 72 0.3564
3987.9000 202 73 0.3614
3996.0000 203 73 0.3596
4012.0000 204 73 0.3578
4031.0000 205 73 0.3561
4052.0000 206 73 0.3544
4054.9000 206 74 0.3592
4060.4000 206 75 0.3641
4070.0000 207 75 0.3623
4094.0000 208 75 0.3606
4115.0000 209 75 0.3589
4134.0000 210 75 0.3571
4153.0000 211 75 0.3555
4171.0000 212 75 0.3538
4194.0000 213 75 0.3521
4214.0000 214 75 0.3505
4235.0000 215 75 0.3488
4245.6000 215 76 0.3535
4251.0000 216 76 0.3519
4258.6000 216 77 0.3565
4268.6000 216 78 0.3611
4272.0000 217 78 0.3594
4284.9000 217 79 0.3641
4290.0000 218 79 0.3624
4308.6000 218 80 0.3670
4314.0000 219 80 0.3653
4315.4000 219 81 0.3699
4338.0000 220 81 0.3682
4360.0000 221 81 0.3665
4381.0000 222 81 0.3649
4400.0000 223 81 0.3632
4419.0000 224 81 0.3616
4419.1000 224 82 0.3661
4434.0000 225 82 0.3644
4452.4000 225 83 0.3689
4458.0000 226 83 0.3673
4463.0000 226 84 0.3717
4476.0000 227 84 0.3700
4497.0000 228 84 0.3684
4515.0000 229 84 0.3668
4537.0000 230 84 0.3652
4556.0000 231 84 0.3636
4580.0000 232 84 0.3621
4597.0000 233 84 0.3605
4607.1000 233 85 0.3648
4607.5000 233 86 0.3691
4610.6000 233 87 0.3734
4614.0000 234 87 0.3718
4634.0000 235 87 0.3702
4655.0000 236 87 0.3686
4665.1000 236 88 0.3729
4672.0000 237 88 0.3713
4684.5000 237 89 0.3755
4689.0000 238 89 0.3739
4706.0000 239 89 0.3724
4729.0000 240 89 0.3708
4741.9000 240 90 0.3750
4747.0000 241 90 0.3734
4762.0000 242 90 0.3719
4783.0000 243 90 0.3704
4807.0000 244 90 0.3689
4824.0000 245 90 0.3673
4848.0000 246 90 0.3659
4867.0000 247 90 0.3644
4886.0000 248 90 0.3629
4909.0000 249 90 0.3614
4914.5000 249 91 0.3655
4914.9000 249 92 0.3695
4928.0000 250 92 0.3680
4951.0000 251 92 0.3665
4966.0000 252 92 0.3651
4986.0000 253 92 0.3636
5008.8000 253 93 0.3676
5010.0000 254 93 0.3661
5033.0000 255 93 0.3647
5048.0000 256 93 0.3633
5072.0000 257 93 0.3619
5076.2000 257 94 0.3658
5089.0000 258 94 0.3643
5089.4000 258 95 0.3682
5112.0000 259 95 0.3668
5118.7000 259 96 0.3707
5131.0000 260 96 0.3692
5151.0000 261 96 0.3678
5175.0000 262 96 0.3664
5194.0000 263 96 0.3650
5215.0000 264 96 0.3636
5237.0000 265 96 0.3623
5254.0000 266 96 0.3609
5269.0000 267 96 0.3596
5291.0000 268 96 0.3582
5307.0000 269 96 0.3569
5320.9000 269 97 0.3606
5324.0000 270 97 0.3593
5339.0000 271 97 0.3579
5356.0000 272 97 0.3566
5371.0000 273 97 0.3553
5387.0000 274 97 0.3540
5410.0000 275 97 0.3527
5426.0000 276 97 0.3514
5447.0000 277 97 0.3502
5470.0000 278 97 0.3489
5490.0000 279 97 0.3477
5504.6000 279 98 0.3513
5507.0000 280 98 0.3500
5516.6000 280 99 0.3536
5528.0000 281 99 0.3523
5542.9000 281 100 0.3559
5546.0000 282 100 0.3546
5564.0000 283 100 0.3534
5584.0000 284 100 0.3521
5589.7000 284 101 0.3556
5607.0000 285 101 0.3544
5622.0000 285 102 0.3579
5625.0000 286 102 0.3566
5643.0000 287 102 0.3554
5665.0000 288 102 0.3542
5685.0000 289 102 0.3529
5688.2000 289 103 0.3564
5689.5000 289 104 0.3599
5704.0000 290 104 0.3586
5724.0000 291 104 0.3574
5741.4000 291 105 0.3608
5745.0000 292 105 0.3596
5760.0000 293 105 0.3584
5782.1000 293 106 0.3618
5784.0000 294 106 0.3605
5805.0000 295 106 0.3593
5807.1000 295 107 0.3627
5813.1000 295 108 0.3661
5822.0000 296 108 0.3649
5841.0000 297 108 0.3636
5859.0000 298 108 0.3624
5874.0000 299 108 0.3612
5893.0000 300 108 0.3600
5898.2000 300 109 0.3633
5914.0000 301 109 0.3621
5932.0000 302 109 0.3609
5953.0000 303 109 0.3597
5971.0000 304 109 0.3586
5986.0000 305 109 0.3574
5995.8000 305 110 0.3607
6003.8000 305 111 0.3639
6008.0000 306 111 0.3627
6024.0000 307 111 0.3616
6029.0000 307 112 0.3648
6041.0000 308 112 0.3636
6063.0000 309 112 0.3625
6087.0000 310 112 0.3613
6105.0000 311 112 0.3601
6114.3000 311 113 0.3633
6124.0000 312 113 0.3622
6139.1000 312 114 0.3654
6145.0000 313 114 0.3642
6166.0000 314 114 0.3631
6180.8000 314 115 0.3662
6182.0000 315 115 0.3651
6201.0000 316 115 0.3639
6216.0000 317 115 0.3628
6231.0000 318 115 0.3616
6248.0000 319 115 0.3605
6261.7000 319 116 0.3636
6267.0000 320 116 0.3625
6286.0000 320 117 0.3656
6289.0000 321 117 0.3645
6308.0000 322 117 0.3634
6332.0000 323 117 0.3622
6338.7000 323 118 0.3653
6355.0000 324 118 0.3642
6372.0000 325 118 0.3631
6377.1000 325 119 0.3662
6391.9000 325 120 0.3692
6393.0000 326 120 0.3681
6393.9000 326 121 0.3712
6417.0000 327 121 0.3700
6424.2000 327 122 0.3731
6431.8000 327 123 0.3761
6441.0000 328 123 0.3750
6457.3000 328 124 0.3780
6465.0000 329 124 0.3769
6467.3000 329 125 0.3799
6486.0000 330 125 0.3788
6502.0000 331 125 0.3776
6506.5000 331 126 0.3807
6518.0000 332 126 0.3795
6536.0000 333 126 0.3784
6551.1000 333 127 0.3814
6553.2000 333 128 0.3844
6555.0000 334 128 0.3832
6563.9000 334 129 0.3862
6572.0000 335 129 0.3851
6591.0000 336 129 0.3839
6608.0000 337 129 0.3828
6631.0000 338 129 0.3817
6646.0000 339 129 0.3805
6665.0000 340 129 0.3794
6684.0000 341 129 0.3783
6696.4000 341 130 0.3812
6708.0000 342 130 0.3801
6725.0000 343 130 0.3790
6727.2000 343 131 0.3819
6745.0000 344 131 0.3808
6760.0000 345 131 0.3797
6767.3000 345 132 0.3826
6775.7000 345 133 0.3855
6781.0000 346 133 0.3844
6794.7000 346 134 0.3873
6800.0000 347 134 0.3862
6816.0000 348 134 0.3851
6827.4000 348 135 0.3879
6839.0000 349 135 0.3868
6854.0000 350 135 0.3857
6874.0000 351 135 0.3846
6889.0000 352 135 0.3835
6893.6000 352 136 0.3864
6900.1000 352 137 0.3892
6909.0000 353 137 0.3881
6930.0000 354 137 0.3870
6942.0000 354 138 0.3898
6951.0000 355 138 0.3887
6951.3000 355 139 0.3915
6953.9000 355 140 0.3944
6971.0000 356 140 0.3933
6995.0000 357 140 0.3922
7010.0000 358 140 0.3911
7029.0000 359 140 0.3900
7045.2000 359 141 0.3928
7048.0000 360 141 0.3917
7071.0000 361 141 0.3906
7093.0000 362 141 0.3895
7108.0000 363 141 0.3884
7130.0000 364 141 0.3874
7147.0000 365 141 0.3863
7163.0000 366 141 0.3852
7176.4000 366 142 0.3880
7179.8000 366 143 0.3907
7180.0000 367 143 0.3896
7182.6000 367 144 0.3924
7189.3000 367 145 0.3951
7196.1000 367 146 0.3978
7197.0000 368 146 0.3967
7221.0000 369 146 0.3957
7240.0000 370 146 0.3946
7255.0000 371 146 0.3935
7272.0000 372 146 0.3925
7275.5000 372 147 0.3952
7296.0000 373 147 0.3941
7319.0000 374 147 0.3930
7333.2000 374 148 0.3957
7335.0000 375 148 0.3947
7351.5000 375 149 0.3973
7358.0000 376 149 0.3963
7378.0000 377 149 0.3952
7394.0000 378 149 0.3942
7411.0000 379 149 0.3931
7435.0000 380 149 0.3921
7459.0000 381 149 0.3911
7480.0000 382 149 0.3901
7481.3000 382 150 0.3927
7498.0000 383 150 0.3916
7514.0000 384 150 0.3906
7536.0000 385 150 0.3896
7559.0000 386 150 0.3886
7574.0000 387 150 0.3876
7595.0000 388 150 0.3866
7608.4000 388 151 0.3892
7613.0000 389 151 0.3882
7632.0000 390 151 0.3872
7656.0000 391 151 0.3862
7667.3000 391 152 0.3887
7673.0000 392 152 0.3878
7679.1000 392 153 0.3903
7696.0000 393 153 0.3893
7713.0000 394 153 0.3883
7730.0000 395 153 0.3873
7736.3000 395 154 0.3899
7745.0000 396 154 0.3889
7762.0000 397 154 0.3879
7777.8000 397 155 0.3904
7784.0000 398 155 0.3894
7786.1000 398 156 0.3920
7804.0000 399 156 0.3910
7822.0000 400 156 0.3900
7840.0000 401 156 0.3890
7851.9000 401 157 0.3915
7858.0000 402 157 0.3905
7874.0000 403 157 0.3896
7895.0000 404 157 0.3886
7914.0000 405 157 0.3877
7922.2000 405 158 0.3901
7927.9000 405 159 0.3926
7931.0000 406 159 0.3916
7948.0000 407 159 0.3907
7961.9000 407 160 0.3931
7972.0000 408 160 0.3922
7987.0000 409 160 0.3912
8002.0000 410 160 0.3902
8024.0000 411 160 0.3893
8040.0000 412 160 0.3883
8041.7000 412 161 0.3908
8059.0000 413 161 0.3898
8082.0000 414 161 0.3889
8082.3000 414 162 0.3913
8099.0000 415 162 0.3904
8116.0000 416 162 0.3894
8137.0000 417 162 0.3885
8158.0000 418 162 0.3876
8173.0000 419 162 0.3866
8190.0000 420 162 0.3857
8205.0000 421 162 0.3848
8205.7000 421 163 0.3872
8227.0000 422 163 0.3863
8236.3000 422 164 0.3886
8251.0000 423 164 0.3877
8270.0000 423 165 0.3901
8275.0000 424 165 0.3892
8297.0000 425 165 0.3882
8310.1000 425 166 0.3906
8317.0000 426 166 0.3897
8336.0000 427 166 0.3888
8359.0000 428 166 0.3879
8375.0000 429 166 0.3869
8396.0000 430 166 0.3860
8407.9000 430 167 0.3884
8414.0000 431 167 0.3875
8437.0000 432 167 0.3866
8453.0000 433 167 0.3857
8468.0000 434 167 0.3848
8492.0000 435 167 0.3839
8510.0000 436 167 0.3830
8525.0000 437 167 0.3822
8544.0000 438 167 0.3813
8556.0000 438 168 0.3836
8566.0000 439 168 0.3827
8578.2000 439 169 0.3850
8586.0000 440 169 0.3841
8591.3000 440 170 0.3864
8609.0000 441 170 0.3855
8625.0000 442 170 0.3846
8641.0000 442 171 0.3869
8644.0000 443 171 0.3860
8651.7000 443 172 0.3883
8663.0000 444 172 0.3874
8681.0000 445 172 0.3865
8697.0000 446 172 0.3857
8703.1000 446 173 0.3879
8703.5000 446 174 0.3901
8719.0000 447 174 0.3893
8730.3000 447 175 0.3915
8743.0000 448 175 0.3906
8767.0000 449 175 0.3898
8784.0000 450 175 0.3889
8790.7000 450 176 0.3911
8800.0000 451 176 0.3902
8806.3000 451 177 0.3925
8823.0000 452 177 0.3916
8824.9000 452 178 0.3938
8825.6000 452 179 0.3960
8839.0000 453 179 0.3951
8842.7000 453 180 0.3974
8854.0000 454 180 0.3965
8862.9000 454 181 0.3987
8869.0000 455 181 0.3978
8888.8000 455 182 0.4000
8892.0000 456 182 0.3991
8911.0000 457 182 0.3982
8929.0000 458 182 0.3974
8944.0000 459 182 0.3965
8955.3000 459 183 0.3987
8961.0000 460 183 0.3978
8979.0000 461 183 0.3970
8997.0000 462 183 0.3961
9011.3000 462 184 0.3983
9013.0000 463 184 0.3974
9035.0000 464 184 0.3966
9058.0000 465 184 0.3957
9065.9000 465 185 0.3978
9067.9000 465 186 0.4000
9073.0000 466 186 0.3991
9095.0000 467 186 0.3983
9119.0000 468 186 0.3974
9143.0000 469 186 0.3966
9153.5000 469 187 0.3987
9162.0000 470 187 0.3979
9174.0000 470 188 0.4000
9186.0000 471 188 0.3992
9209.0000 472 188 0.3983
9224.0000 473 188 0.3975
9245.0000 474 188 0.3966
9264.0000 475 188 0.3958
9288.0000 476 188 0.3950
9306.5000 476 189 0.3971
9310.0000 477 189 0.3962
9326.0000 478 189 0.3954
9337.5000 478 190 0.3975
9339.3000 478 191 0.3996
9341.0000 479 191 0.3987
9343.5000 479 192 0.4008
9365.0000 480 192 0.4000
9387.0000 481 192 0.3992
9403.0000 482 192 0.3983
9426.0000 483 192 0.3975
9444.0000 484 192 0.3967
9462.3000 484 193 0.3988
9468.0000 485 193 0.3979
9485.0000 486 193 0.3971
9503.0000 487 193 0.3963
9506.3000 487 194 0.3984
9510.0000 487 195 0.4004
9527.0000 488 195 0.3996
9550.0000 489 195 0.3988
9568.7000 489 196 0.4008
9570.6000 489 197 0.4029
9573.0000 490 197 0.4020
9591.0000 491 197 0.4012
9614.0000 492 197 0.4004
9614.9000 492 198 0.4024
9632.0000 493 198 0.4016
9653.0000 494 198 0.4008
9669.5000 494 199 0.4028
9676.0000 495 199 0.4020
9693.0000 496 199 0.4012
9695.4000 496 200 0.4032
9696.7000 496 201 0.4052
9715.0000 497 201 0.4044
9736.0000 498 201 0.4036
9750.0000 498 202 0.4056
9751.4000 498 203 0.4076
9752.0000 499 203 0.4068
9764.5000 499 204 0.4088
9776.0000 500 204 0.4080
9791.4000 500 205 0.4100
9791.7000 500 206 0.4120
9799.0000 501 206 0.4112
9821.0000 502 206 0.4104
9837.0000 503 206 0.4095
9846.7000 503 207 0.4115
9848.3000 503 208 0.4135
9861.0000 504 208 0.4127
9879.0000 505 208 0.4119
9894.0000 506 208 0.4111
9909.0000 507 208 0.4103
9927.0000 508 208 0.4094
9946.0000 509 208 0.4086
9969.0000 510 208 0.4078
9988.0000 511 208 0.4070
10005.2000 511 209 0.4090
10007.0000 512 209 0.4082
10013.2000 512 210 0.4102
10024.0000 513 210 0.4094
10044.0000 514 210 0.4086
10067.0000 515 210 0.4078
10087.0000 516 210 0.4070
10111.0000 517 210 0.4062
10132.0000 518 210 0.4054
10154.0000 519 210 0.4046
10177.0000 520 210 0.4038
10194.0000 521 210 0.4031
10208.6000 521 211 0.4050
10216.0000 522 211 0.4042
10235.0000 523 211 0.4034
10257.0000 524 211 0.4027
10281.0000 525 211 0.4019
10300.0000 526 211 0.4011
10320.0000 527 211 0.4004
10343.0000 528 211 0.3996
10356.1000 528 212 0.4015
10366.0000 529 212 0.4008
10379.4000 529 213 0.4026
10382.0000 530 213 0.4019
10398.6000 530 214 0.4038
10402.0000 531 214 0.4030
10423.0000 532 214 0.4023
10441.0000 533 214 0.4015
10461.0000 534 214 0.4007
10480.0000 535 214 0.4000
10497.0000 536 214 0.3993
10518.0000 537 214 0.3985
10537.0000 538 214 0.3978
10555.0000 539 214 0.3970
10571.0000 540 214 0.3963
10591.0000 541 214 0.3956
10615.0000 542 214 0.3948
10626.4000 542 215 0.3967
10637.0000 543 215 0.3959
10641.6000 543 216 0.3978
10644.9000 543 217 0.3996
10645.7000 543 218 0.4015
10657.0000 544 218 0.4007
10681.0000 545 218 0.4000
10681.6000 545 219 0.4018
10703.0000 546 219 0.4011
10726.0000 547 219 0.4004
10748.0000 548 219 0.3996
10768.0000 549 219 0.3989
10768.1000 549 220 0.4007
10781.7000 549 221 0.4026
10788.0000 550 221 0.4018
10794.6000 550 222 0.4036
10806.3000 550 223 0.4055
10808.0000 551 223 0.4047
10823.0000 552 223 0.4040
10842.0000 553 223 0.4033
10862.3000 553 224 0.4051
10866.0000 554 224 0.4043
10875.1000 554 225 0.4061
10883.9000 554 226 0.4079
10884.1000 554 227 0.4097
10885.0000 555 227 0.4090
10907.0000 556 227 0.4083
10913.9000 556 228 0.4101
10915.0000 556 229 0.4119
10919.3000 556 230 0.4137
10925.0000 557 230 0.4129
10942.0000 558 230 0.4122
10959.8000 558 231 0.4140
10963.8000 558 232 0.4158
10966.0000 559 232 0.4150
10970.3000 559 233 0.4168
10972.1000 559 234 0.4186
10974.2000 559 235 0.4204
10983.0000 560 235 0.4196
11006.0000 561 235 0.4189
11023.0000 562 235 0.4181
11046.0000 563 235 0.4174
11054.5000 563 236 0.4192
11058.5000 563 237 0.4210
11068.0000 564 237 0.4202
11084.0000 565 237 0.4195
11087.9000 565 238 0.4212
11102.0000 566 238 0.4205
11120.0000 567 238 0.4198
11125.5000 567 239 0.4215
11138.6000 567 240 0.4233
11143.0000 568 240 0.4225
11166.0000 569 240 0.4218
11182.0000 570 240 0.4211
11197.6000 570 241 0.4228
11201.0000 571 241 0.4221
11210.7000 571 242 0.4238
11218.0000 572 242 0.4231
11220.6000 572 243 0.4248
11232.2000 572 244 0.4266
11238.0000 573 244 0.4258
11250.8000 573 245 0.4276
11260.0000 574 245 0.4268
11280.0000 575 245 0.4261
11296.0000 575 246 0.4278
11298.0000 576 246 0.4271
11319.0000 577 246 0.4263
11343.0000 578 246 0.4256
11363.0000 579 246 0.4249
11381.0000 580 246 0.4241
11405.0000 581 246 0.4234
11424.0000 582 246 0.4227
11433.6000 582 247 0.4244
11443.0000 583 247 0.4237
11443.6000 583 248 0.4254
11450.2000 583 249 0.4271
11467.0000 584 249 0.4264
11491.0000 585 249 0.4256
11511.0000 586 249 0.4249
11529.0000 587 249 0.4242
11540.0000 587 250 0.4259
11547.0000 588 250 0.4252
11566.0000 589 250 0.4244
11586.0000 590 250 0.4237
11610.0000 591 250 0.4230
11612.0000 591 251 0.4247
11626.0000 592 251 0.4240
11640.2000 592 252 0.4257
11650.0000 593 252 0.4250
11665.0000 594 252 0.4242
11680.0000 595 252 0.4235
11696.0000 596 252 0.4228
11711.0000 597 252 0.4221
11714.6000 597 253 0.4238
11731.0000 598 253 0.4231
11747.3000 598 254 0.4247
11755.0000 599 254 0.4240
11769.7000 599 255 0.4257
11771.0000 600 255 0.4250
11774.2000 600 256 0.4267
11790.0000 601 256 0.4260
11794.9000 601 257 0.4276
11796.6000 601 258 0.4293
11809.0000 602 258 0.4286
11827.0000 603 258 0.4279
11839.5000 603 259 0.4295
11851.0000 604 259 0.4288
11867.0000 605 259 0.4281
11869.6000 605 260 0.4298
11885.0000 606 260 0.4290
11885.6000 606 261 0.4307
11907.0000 607 261 0.4300
11929.0000 608 261 0.4293
11938.6000 608 262 0.4309
11948.0000 609 262 0.4302
11959.7000 609 263 0.4319
11971.0000 610 263 0.4311
11995.0000 611 263 0.4304
12005.8000 611 264 0.4321
12012.0000 612 264 0.4314
12033.0000 613 264 0.4307
12048.0000 614 264 0.4300
12070.0000 615 264 0.4293
12073.0000 615 265 0.4309
12088.0000 616 265 0.4302
12091.1000 616 266 0.4318
12104.0000 617 266 0.4311
12124.0000 618 266 0.4304
12135.5000 618 267 0.4320
12141.5000 618 268 0.4337
12145.0000 619 268 0.4330
12153.5000 619 269 0.4346
12155.1000 619 270 0.4362
12165.0000 620 270 0.4355
12165.7000 620 271 0.4371
12180.2000 620 272 0.4387
12189.0000 621 272 0.4380
12209.0000 622 272 0.4373
12216.4000 622 273 0.4389
12218.2000 622 274 0.4405
12226.0000 623 274 0.4398
12249.0000 624 274 0.4391
12270.0000 625 274 0.4384
12287.0000 626 274 0.4377
12304.8000 626 275 0.4393
12305.0000 627 275 0.4386
12312.6000 627 276 0.4402
12323.0000 628 276 0.4395
12330.6000 628 277 0.4411
12332.8000 628 278 0.4427
12339.0000 629 278 0.4420
12358.0000 630 278 0.4413
12377.0000 631 278 0.4406
12399.0000 632 278 0.4399
12421.0000 633 278 0.4392
12444.0000 634 278 0.4385
12462.4000 634 279 0.4401
12463.0000 635 279 0.4394
12464.8000 635 280 0.4409
12479.0000 636 280 0.4403
12483.1000 636 281 0.4418
12497.0000 637 281 0.4411
12518.0000 638 281 0.4404
12538.0000 639 281 0.4397
12556.0000 640 281 0.4391
12575.0000 641 281 0.4384
12596.0000 642 281 0.4377
12611.0000 643 281 0.4370
12635.0000 644 281 0.4363
12642.9000 644 282 0.4379
12655.0000 645 282 0.4372
12672.0000 646 282 0.4365
12691.0000 647 282 0.4359
12713.0000 648 282 0.4352
12725.8000 648 283 0.4367
12727.4000 648 284 0.4383
12737.0000 649 284 0.4376
12761.0000 650 284 0.4369
12781.0000 651 284 0.4363
12798.0000 652 284 0.4356
12818.0000 653 284 0.4349
12831.0000 653 285 0.4364
12836.3000 653 286 0.4380
12839.0000 654 286 0.4373
12863.0000 655 286 0.4366
12884.0000 656 286 0.4360
12901.0000 657 286 0.4353
12919.0000 658 286 0.4347
12936.0000 659 286 0.4340
12936.4000 659 287 0.4355
12954.0000 660 287 0.4348
12971.0000 661 287 0.4342
12974.6000 661 288 0.4357
12986.0000 662 288 0.4350
13009.0000 663 288 0.4344
13029.0000 664 288 0.4337
13048.0000 665 288 0.4331
13069.0000 666 288 0.4324
13080.5000 666 289 0.4339
13090.0000 667 289 0.4333
13103.9000 667 290 0.4348
13112.0000 668 290 0.4341
13135.0000 669 290 0.4335
13146.6000 669 291 0.4350
13157.0000 670 291 0.4343
13173.4000 670 292 0.4358
13175.0000 671 292 0.4352
13182.3000 671 293 0.4367
13198.0000 672 293 0.4360
13222.0000 673 293 0.4354
13237.0000 674 293 0.4347
13261.0000 675 293 0.4341
13279.0000 676 293 0.4334
13279.3000 676 294 0.4349
13303.0000 677 294 0.4343
13327.0000 678 294 0.4336
13344.0000 679 294 0.4330
13367.0000 680 294 0.4324
13382.6000 680 295 0.4338
13385.0000 681 295 0.4332
13400.0000 682 295 0.4326
13422.0000 683 295 0.4319
13439.0000 684 295 0.4313
13462.2000 684 296 0.4327
13463.0000 685 296 0.4321
13485.0000 686 296 0.4315
13501.0000 687 296 0.4309
13522.0000 688 296 0.4302
13535.5000 688 297 0.4317
13543.0000 689 297 0.4311
13558.0000 690 297 0.4304
13572.4000 690 298 0.4319
13578.0000 691 298 0.4313
13597.0000 692 298 0.4306
13601.2000 692 299 0.4321
13605.2000 692 300 0.4335
13612.0000 693 300 0.4329
13622.2000 693 301 0.4343
13624.4000 693 302 0.4358
13633.0000 694 302 0.4352
13654.0000 695 302 0.4345
13674.0000 696 302 0.4339
13689.0000 697 302 0.4333
13690.0000 697 303 0.4347
13713.0000 698 303 0.4341
13733.0000 699 303 0.4335
13741.1000 699 304 0.4349
13750.0000 700 304 0.4343
13770.6000 700 305 0.4357
13771.0000 701 305 0.4351
13787.0000 702 305 0.4345
13808.0000 703 305 0.4339
13831.0000 704 305 0.4332
13853.0000 705 305 0.4326
13866.5000 705 306 0.4340
13874.0000 706 306 0.4334
13894.0000 707 306 0.4328
13915.0000 708 306 0.4322
13930.0000 708 307 0.4336
13937.0000 709 307 0.4330
13952.0000 710 307 0.4324
13976.0000 711 307 0.4318
13994.0000 712 307 0.4312
14011.0000 713 307 0.4306
14032.0000 714 307 0.4300
14036.7000 714 308 0.4314
14046.8000 714 309 0.4328
14056.0000 715 309 0.4322
14067.7000 715 310 0.4336
14071.0000 715 311 0.4350
14077.0000 716 311 0.4344
14091.3000 716 312 0.4358
14092.0000 717 312 0.4351
14107.0000 718 312 0.4345
14108.3000 718 313 0.4359
14123.0000 719 313 0.4353
14147.0000 720 313 0.4347
14167.0000 721 313 0.4341
14186.0000 722 313 0.4335
14204.0000 723 313 0.4329
14208.3000 723 314 0.4343
14220.8000 723 315 0.4357
14220.9000 723 316 0.4371
14225.0000 724 316 0.4365
14226.1000 724 317 0.4378
14245.0000 725 317 0.4372
14267.0000 726 317 0.4366
14286.0000 727 317 0.4360
14304.0000 728 317 0.4354
14323.0000 729 317 0.4348
14343.0000 730 317 0.4342
14363.0000 731 317 0.4337
14369.0000 731 318 0.4350
14385.0000 732 318 0.4344
14402.4000 732 319 0.4358
14404.0000 733 319 0.4352
14420.0000 734 319 0.4346
14441.0000 735 319 0.4340
14456.0000 736 319 0.4334
14466.4000 736 320 0.4348
14475.0000 737 320 0.4342
14499.0000 738 320 0.4336
14504.4000 738 321 0.4350
14508.4000 738 322 0.4363
14523.0000 739 322 0.4357
14544.0000 740 322 0.4351
14568.0000 741 322 0.4345
14588.0000 742 322 0.4340
14603.0000 743 322 0.4334
14618.0000 744 322 0.4328
14630.1000 744 323 0.4341
14639.0000 745 323 0.4336
14644.3000 745 324 0.4349
14655.0000 746 324 0.4343
14676.0000 747 324 0.4337
14696.0000 748 324 0.4332
14718.0000 749 324 0.4326
14720.4000 749 325 0.4339
14733.2000 749 326 0.4352
14734.1000 749 327 0.4366
14736.0000 750 327 0.4360
14746.0000 750 328 0.4373
14756.0000 751 328 0.4368
14772.3000 751 329 0.4381
14773.0000 752 329 0.4375
14781.8000 752 330 0.4388
14790.0000 753 330 0.4382
14809.0000 754 330 0.4377
14831.0000 755 330 0.4371
14848.0000 756 330 0.4365
14867.0000 757 330 0.4359
14888.3000 757 331 0.4373
14889.0000 758 331 0.4367
14905.0000 759 331 0.4361
14920.5000 759 332 0.4374
14927.0000 760 332 0.4368
14942.0000 761 332 0.4363
14961.0000 762 332 0.4357
14975.8000 762 333 0.4370
14984.0000 763 333 0.4364
14999.0000 764 333 0.4359
15001.4000 764 334 0.4372
15002.3000 764 335 0.4385
15021.0000 765 335 0.4379
15031.8000 765 336 0.4392
15041.0000 766 336 0.4386
15058.0000 767 336 0.4381
15074.0000 768 336 0.4375
15083.0000 768 337 0.4388
15093.0000 769 337 0.4382
15114.0000 770 337 0.4377
15132.0000 771 337 0.4371
15145.5000 771 338 0.4384
15149.0000 772 338 0.4378
15171.8000 772 339 0.4391
15172.0000 773 339 0.4386
15190.0000 774 339 0.4380
15212.0000 775 339 0.4374
15213.9000 775 340 0.4387
15235.0000 776 340 0.4381
15256.0000 777 340 0.4376
15269.4000 777 341 0.4389
15280.0000 778 341 0.4383
15297.0000 779 341 0.4377
15310.3000 779 342 0.4390
15318.0000 780 342 0.4385
15336.0000 781 342 0.4379
15343.9000 781 343 0.4392
15360.0000 782 343 0.4386
15381.0000 783 343 0.4381
15399.0000 784 343 0.4375
15419.0000 785 343 0.4369
15439.2000 785 344 0.4382
15441.0000 786 344 0.4377
15459.3000 786 345 0.4389
15465.0000 787 345 0.4384
15482.0000 788 345 0.4378
15504.0000 789 345 0.4373
15526.0000 790 345 0.4367
15547.0000 791 345 0.4362
15569.0000 792 345 0.4356
15591.0000 793 345 0.4351
15615.0000 794 345 0.4345
15632.0000 795 345 0.4340
15633.3000 795 346 0.4352
15651.0000 796 346 0.4347
15666.0000 797 346 0.4341
15684.0000 798 346 0.4336
15708.0000 799 346 0.4330
15724.0000 800 346 0.4325
15746.0000 801 346 0.4320
15764.0000 802 346 0.4314
15766.8000 802 347 0.4327
15780.2000 802 348 0.4339
15782.0000 803 348 0.4334
15793.3000 803 349 0.4346
15799.0000 804 349 0.4341
15815.0000 805 349 0.4335
15816.9000 805 350 0.4348
15838.0000 806 350 0.4342
15854.0000 807 350 0.4337
15873.0000 808 350 0.4332
15880.0000 808 351 0.4344
15881.1000 808 352 0.4356
15894.0000 809 352 0.4351
15909.0000 810 352 0.4346
15919.0000 810 353 0.4358
15927.0000 811 353 0.4353
15948.0000 812 353 0.4347
15953.1000 812 354 0.4360
15967.0000 813 354 0.4354
15981.4000 813 355 0.4367
15990.0000 814 355 0.4361
16004.8000 814 356 0.4373
16010.0000 815 356 0.4368
16017.9000 815 357 0.4380
16027.0000 816 357 0.4375
16042.0000 817 357 0.4370
16060.9000 817 358 0.4382
16061.0000 818 358 0.4377
16080.0000 819 358 0.4371
16104.0000 820 358 0.4366
16124.0000 821 358 0.4361
16139.0000 822 358 0.4355
16155.0000 823 358 0.4350
16175.0000 824 358 0.4345
16196.0000 825 358 0.4339
16200.2000 825 359 0.4352
16212.0000 826 359 0.4346
16220.0000 826 360 0.4358
16230.0000 827 360 0.4353
16232.7000 827 361 0.4365
16235.8000 827 362 0.4377
16245.0000 828 362 0.4372
16261.0000 829 362 0.4367
16275.6000 829 363 0.4379
16281.0000 830 363 0.4373
16301.0000 831 363 0.4368
16317.8000 831 364 0.4380
16322.0000 832 364 0.4375
16338.0000 833 364 0.4370
16357.0000 834 364 0.4365
16371.2000 834 365 0.4376
16380.0000 835 365 0.4371
16399.0000 836 365 0.4366
16416.0000 837 365 0.4361
16433.0000 838 365 0.4356
16455.0000 839 365 0.4350
16458.3000 839 366 0.4362
16479.0000 840 366 0.4357
16503.0000 841 366 0.4352
16520.1000 841 367 0.4364
16526.0000 842 367 0.4359
16547.0000 843 367 0.4353
16568.0000 844 367 0.4348
16588.9000 844 368 0.4360
16589.0000 845 368 0.4355
16610.0000 846 368 0.4350
16628.0000 847 368 0.4345
16646.0000 848 368 0.4340
16662.0000 849 368 0.4335
16662.2000 849 369 0.4346
16682.0000 850 369 0.4341
16699.0000 851 369 0.4336
16721.7000 851 370 0.4348
16723.0000 852 370 0.4343
16745.0000 853 370 0.4338
16760.0000 854 370 0.4333
16783.0000 855 370 0.4327
16800.0000 856 370 0.4322
16818.0000 857 370 0.4317
16835.0000 858 370 0.4312
16852.1000 858 371 0.4324
16858.0000 859 371 0.4319
16881.0000 860 371 0.4314
16901.0000 861 371 0.4309
16917.0000 862 371 0.4304
16935.0000 863 371 0.4299
16936.8000 863 372 0.4311
16959.0000 864 372 0.4306
16980.0000 865 372 0.4301
16981.4000 865 373 0.4312
16997.0000 866 373 0.4307
17019.9000 866 374 0.4319
17021.0000 867 374 0.4314
17038.1000 867 375 0.4325
17040.0000 868 375 0.4320
17048.6000 868 376 0.4332
17063.0000 869 376 0.4327
17082.0000 870 376 0.4322
17105.0000 871 376 0.4317
17126.0000 872 376 0.4312
17143.0000 873 376 0.4307
17162.0000 874 376 0.4302
17181.0000 875 376 0.4297
17202.0000 876 376 0.4292
17225.0000 877 376 0.4287
17240.0000 878 376 0.4282
17259.0000 879 376 0.4278
17274.7000 879 377 0.4289
17278.0000 880 377 0.4284
17299.0000 881 377 0.4279
17305.3000 881 378 0.4291
17318.0000 882 378 0.4286
17336.0000 883 378 0.4281
17338.2000 883 379 0.4292
17353.0000 884 379 0.4287
17357.6000 884 380 0.4299
17370.0000 885 380 0.4294
17371.3000 885 381 0.4305
17393.6000 885 382 0.4316
17394.0000 886 382 0.4312
17416.0000 887 382 0.4307
17439.0000 888 382 0.4302
17454.0000 889 382 0.4297
17469.2000 889 383 0.4308
17477.0000 890 383 0.4303
17497.0000 891 383 0.4299
17515.0000 892 383 0.4294
17516.6000 892 384 0.4305
17535.0000 893 384 0.4300
17551.3000 893 385 0.4311
17558.0000 894 385 0.4306
17574.0000 895 385 0.4302
17598.0000 896 385 0.4297
17619.0000 897 385 0.4292
17635.2000 897 386 0.4303
17639.0000 898 386 0.4298
17654.0000 899 386 0.4294
17672.0000 900 386 0.4289
17673.7000 900 387 0.4300
17690.0000 901 387 0.4295
17710.0000 902 387 0.4290
17734.0000 903 387 0.4286
17745.5000 903 388 0.4297
17751.0000 904 388 0.4292
17774.0000 905 388 0.4287
17777.3000 905 389 0.4298
17793.0000 906 389 0.4294
17808.0000 907 389 0.4289
17816.2000 907 390 0.4300
17826.0000 908 390 0.4295
17846.0000 909 390 0.4290
17864.0000 910 390 0.4286
17884.0000 911 390 0.4281
17897.1000 911 391 0.4292
17899.0000 912 391 0.4287
17917.0000 913 391 0.4283
17934.2000 913 392 0.4294
17934.5000 913 393 0.4304
17936.0000 914 393 0.4300
17951.1000 914 394 0.4311
17958.0000 915 394 0.4306
17976.0000 916 394 0.4301
18000.0000 917 394 0.4297
18021.0000 918 394 0.4292
18040.0000 919 394 0.4287
18059.0000 920 394 0.4283
18077.0000 921 394 0.4278
18092.0000 922 394 0.4273
18112.1000 922 395 0.4284
18113.0000 923 395 0.4280
18132.0000 924 395 0.4275
18143.4000 924 396 0.4286
18147.7000 924 397 0.4297
18155.0000 925 397 0.4292
18177.0000 926 397 0.4287
18192.0000 927 397 0.4283
18214.0000 928 397 0.4278
18221.6000 928 398 0.4289
18227.0000 928 399 0.4300
18236.0000 929 399 0.4295
18259.0000 930 399 0.4290
18271.8000 930 400 0.4301
18275.0000 931 400 0.4296
18298.0000 932 400 0.4292
18309.0000 932 401 0.4303
18321.0000 933 401 0.4298
18340.0000 934 401 0.4293
18353.1000 934 402 0.4304
18364.0000 935 402 0.4299
18383.0000 936 402 0.4295
18402.0000 937 402 0.4290
18425.0000 938 402 0.4286
18438.0000 938 403 0.4296
18449.0000 939 403 0.4292
18463.3000 939 404 0.4302
18471.3000 939 405 0.4313
18471.8000 939 406 0.4324
18473.0000 940 406 0.4319
18488.0000 941 406 0.4315
18512.0000 942 406 0.4310
18534.0000 943 406 0.4305
18549.0000 944 406 0.4301
18562.9000 944 407 0.4311
18570.0000 945 407 0.4307
18574.7000 945 408 0.4317
18575.3000 945 409 0.4328
18590.0000 946 409 0.4323
18613.0000 947 409 0.4319
18632.0000 948 409 0.4314
18653.0000 949 409 0.4310
18677.0000 950 409 0.4305
18696.0000 951 409 0.4301
18715.0000 952 409 0.4296
18724.5000 952 410 0.4307
18735.0000 952 411 0.4317
18738.0000 953 411 0.4313
18746.9000 953 412 0.4323
18753.0000 954 412 0.4319
18768.0000 955 412 0.4314
18784.0000 955 413 0.4325
18786.0000 956 413 0.4320
18797.5000 956 414 0.4331
18809.0000 957 414 0.4326
18828.0000 958 414 0.4322
18842.2000 958 415 0.4332
18845.0000 959 415 0.4327
18862.0000 960 415 0.4323
18884.0000 961 415 0.4318
18885.2000 961 416 0.4329
18891.5000 961 417 0.4339
18894.5000 961 418 0.4350
18898.7000 961 419 0.4360
18899.0000 962 419 0.4356
18899.6000 962 420 0.4366
18922.0000 963 420 0.4361
18939.0000 964 420 0.4357
18956.0000 965 420 0.4352
18977.0000 966 420 0.4348
18993.0000 967 420 0.4343
19014.3000 967 421 0.4354
19015.0000 968 421 0.4349
19037.0000 969 421 0.4345
19055.0000 970 421 0.4340
19067.4000 970 422 0.4351
19072.0000 971 422 0.4346
19087.0000 972 422 0.4342
19089.3000 972 423 0.4352
19095.5000 972 424 0.4362
19108.0000 973 424 0.4358
19129.0000 974 424 0.4353
19151.0000 975 424 0.4349
19161.8000 975 425 0.4359
19173.0000 976 425 0.4355
19192.0000 977 425 0.4350
19211.0000 978 425 0.4346
19231.0000 979 425 0.4341
19236.7000 979 426 0.4351
19254.0000 980 426 0.4347
19277.0000 981 426 0.4343
19283.9000 981 427 0.4353
19297.4000 981 428 0.4363
19301.0000 982 428 0.4358
19310.2000 982 429 0.4369
19313.4000 982 430 0.4379
19316.0000 983 430 0.4374
19340.0000 984 430 0.4370
19355.0000 985 430 0.4365
19373.0000 986 430 0.4361
19391.0000 987 430 0.4357
19406.0000 988 430 0.4352
19409.5000 988 431 0.4362
19418.6000 988 432 0.4372
19423.0000 989 432 0.4368
19439.0000 990 432 0.4364
19445.1000 990 433 0.4374
19455.0000 991 433 0.4369
19479.0000 992 433 0.4365
19497.0000 993 433 0.4361
19521.0000 994 433 0.4356
19542.0000 995 433 0.4352
19565.0000 996 433 0.4347
19586.0000 997 433 0.4343
19601.0000 998 433 0.4339
19622.0000 999 433 0.4334
19627.0000 999 434 0.4344
19632.8000 999 435 0.4354
19641.0000 1000 435 0.4350
19660.0000 1001 435 0.4346
19677.0000 1002 435 0.4341
19687.8000 1002 436 0.4351
19692.0000 1003 436 0.4347
19716.0000 1004 436 0.4343
19739.0000 1005 436 0.4338
19755.0000 1006 436 0.4334
19770.0000 1007 436 0.4330
19783.2000 1007 437 0.4340
19792.0000 1008 437 0.4335
19815.0000 1009 437 0.4331
19816.1000 1009 438 0.4341
19833.0000 1010 438 0.4337
19837.6000 1010 439 0.4347
19848.4000 1010 440 0.4356
19852.0000 1011 440 0.4352
19876.0000 1012 440 0.4348
19891.0000 1013 440 0.4344
19894.8000 1013 441 0.4353
19908.0000 1014 441 0.4349
19924.9000 1014 442 0.4359
19925.8000 1014 443 0.4369
19932.0000 1015 443 0.4365
19945.5000 1015 444 0.4374
19956.0000 1016 444 0.4370
19967.2000 1016 445 0.4380
19970.9000 1016 446 0.4390
19976.0000 1017 446 0.4385
19998.0000 1018 446 0.4381
20006.6000 1018 447 0.4391
20019.0000 1019 447 0.4387
20034.0000 1020 447 0.4382
20039.7000 1020 448 0.4392
20054.8000 1020 449 0.4402
20057.0000 1021 449 0.4398
20075.0000 1022 449 0.4393
20094.0000 1023 449 0.4389
20095.7000 1023 450 0.4399
20107.3000 1023 451 0.4409
20118.0000 1024 451 0.4404
20135.0000 1025 451 0.4400
20157.0000 1026 451 0.4396
20179.0000 1027 451 0.4391
20179.3000 1027 452 0.4401
20197.0000 1028 452 0.4397
20201.3000 1028 453 0.4407
20208.8000 1028 454 0.4416
20221.0000 1029 454 0.4412
20237.0000 1030 454 0.4408
20259.0000 1031 454 0.4403
20276.0000 1032 454 0.4399
20293.0000 1033 454 0.4395
20299.4000 1033 455 0.4405
20308.0000 1034 455 0.4400
20327.0000 1035 455 0.4396
20350.0000 1036 455 0.4392
20366.0000 1037 455 0.4388
20372.7000 1037 456 0.4397
20373.6000 1037 457 0.4407
20385.0000 1038 457 0.4403
20401.0000 1039 457 0.4398
20406.8000 1039 458 0.4408
20410.1000 1039 459 0.4418
20419.0000 1039 460 0.4427
20421.0000 1040 460 0.4423
20437.0000 1041 460 0.4419
20461.0000 1042 460 0.4415
20485.0000 1043 460 0.4410
20498.7000 1043 461 0.4420
20504.8000 1043 462 0.4430
20508.0000 1044 462 0.4425
20532.0000 1045 462 0.4421
20554.0000 1046 462 0.4417
20576.0000 1047 462 0.4413
20581.1000 1047 463 0.4422
20594.0000 1048 463 0.4418
20611.0000 1049 463 0.4414
20611.3000 1049 464 0.4423
20635.0000 1050 464 0.4419
20655.0000 1051 464 0.4415
20673.0000 1052 464 0.4411
20691.0000 1052 465 0.4420
20691.0000 1053 465 0.4416
20706.0000 1054 465 0.4412
20724.0000 1055 465 0.4408
20744.0000 1056 465 0.4403
20756.1000 1056 466 0.4413
20759.3000 1056 467 0.4422
20766.0000 1057 467 0.4418
20778.1000 1057 468 0.4428
20782.0000 1058 468 0.4423
20800.0000 1059 468 0.4419
20821.0000 1060 468 0.4415
20837.1000 1060 469 0.4425
20839.1000 1060 470 0.4434
20844.0000 1061 470 0.4430
20857.6000 1061 471 0.4439
20864.0000 1062 471 0.4435
20879.8000 1062 472 0.4444
20888.0000 1063 472 0.4440
20903.0000 1063 473 0.4450
20911.0000 1064 473 0.4445
20922.6000 1064 474 0.4455
20931.0000 1065 474 0.4451
20952.0000 1066 474 0.4447
20968.0000 1067 474 0.4442
20982.3000 1067 475 0.4452
20987.6000 1067 476 0.4461
20990.0000 1068 476 0.4457
20999.0000 1068 477 0.4466
21003.0000 1068 478 0.4476
21007.0000 1069 478 0.4471
21007.6000 1069 479 0.4481
21008.6000 1069 480 0.4490
21021.5000 1069 481 0.4500
21031.0000 1070 481 0.4495
21037.4000 1070 482 0.4505
21041.3000 1070 483 0.4514
21054.7000 1070 484 0.4523
21055.0000 1071 484 0.4519
21063.5000 1071 485 0.4528
21065.6000 1071 486 0.4538
21072.3000 1071 487 0.4547
21077.0000 1072 487 0.4543
21078.1000 1072 488 0.4552
21092.0000 1073 488 0.4548
21095.7000 1073 489 0.4557
21098.1000 1073 490 0.4567
21098.4000 1073 491 0.4576
21116.0000 1074 491 0.4572
21125.4000 1074 492 0.4581
21126.5000 1074 493 0.4590
21132.0000 1075 493 0.4586
21147.4000 1075 494 0.4595
21148.0000 1076 494 0.4591
21158.0000 1076 495 0.4600
21166.0000 1077 495 0.4596
21184.0000 1078 495 0.4592
21204.0000 1079 495 0.4588
21223.0000 1080 495 0.4583
21225.8000 1080 496 0.4593
21235.3000 1080 497 0.4602
21247.0000 1081 497 0.4598
21262.3000 1081 498 0.4607
21269.5000 1081 499 0.4616
21271.0000 1082 499 0.4612
21273.2000 1082 500 0.4621
21283.8000 1082 501 0.4630
21286.2000 1082 502 0.4640
21292.0000 1083 502 0.4635
21293.6000 1083 503 0.4645
21309.0000 1084 503 0.4640
21327.0000 1085 503 0.4636
21330.9000 1085 504 0.4645
21334.0000 1085 505 0.4654
21351.0000 1086 505 0.4650
21367.7000 1086 506 0.4659
21368.0000 1087 506 0.4655
21387.0000 1088 506 0.4651
21407.0000 1089 506 0.4646
21424.0000 1090 506 0.4642
21444.0000 1091 506 0.4638
21463.0000 1092 506 0.4634
21483.0000 1093 506 0.4629
21500.9000 1093 507 0.4639
21504.1000 1093 508 0.4648
21505.0000 1094 508 0.4644
21523.0000 1095 508 0.4639
21539.0000 1096 508 0.4635
21556.0000 1097 508 0.4631
21563.8000 1097 509 0.4640
21567.5000 1097 510 0.4649
21577.0000 1098 510 0.4645
21579.7000 1098 511 0.4654
21599.0000 1099 511 0.4650
21615.0000 1100 511 0.4645
21632.0000 1101 511 0.4641
21648.0000 1102 511 0.4637
21665.0000 1103 511 0.4633
21679.0000 1103 512 0.4642
21689.0000 1104 512 0.4638
21689.6000 1104 513 0.4647
21692.8000 1104 514 0.4656
21707.0000 1105 514 0.4652
21713.3000 1105 515 0.4661
21720.6000 1105 516 0.4670
21731.0000 1106 516 0.4665
21755.0000 1107 516 0.4661
21777.0000 1108 516 0.4657
21794.0000 1109 516 0.4653
21818.0000 1110 516 0.4649
21837.0000 1111 516 0.4644
21847.0000 1111 517 0.4653
21852.1000 1111 518 0.4662
21860.0000 1112 518 0.4658
21860.8000 1112 519 0.4667
21883.0000 1113 519 0.4663
21891.0000 1113 520 0.4672
21898.0000 1114 520 0.4668
21916.0000 1115 520 0.4664
21939.0000 1116 520 0.4659
21950.1000 1116 521 0.4668
21960.0000 1117 521 0.4664
21971.6000 1117 522 0.4673
21976.0000 1118 522 0.4669
21999.0000 1119 522 0.4665
22022.0000 1120 522 0.4661
22041.0000 1121 522 0.4657
22042.7000 1121 523 0.4665
22044.3000 1121 524 0.4674
22061.0000 1122 524 0.4670
22075.4000 1122 525 0.4679
22078.0000 1123 525 0.4675
22101.0000 1124 525 0.4671
22121.0000 1125 525 0.4667
22124.3000 1125 526 0.4676
22140.0000 1126 526 0.4671
22143.1000 1126 527 0.4680
22159.0000 1127 527 0.4676
22165.8000 1127 528 0.4685
22167.0000 1127 529 0.4694
22172.5000 1127 530 0.4703
22183.0000 1128 530 0.4699
22199.0000 1129 530 0.4694
22218.0000 1130 530 0.4690
22242.0000 1131 530 0.4686
22263.0000 1132 530 0.4682
22281.0000 1133 530 0.4678
22304.0000 1134 530 0.4674
22320.6000 1134 531 0.4683
22322.0000 1135 531 0.4678
22344.1000 1135 532 0.4687
22345.7000 1135 533 0.4696
22346.0000 1136 533 0.4692
22363.0000 1137 533 0.4688
22374.7000 1137 534 0.4697
22385.0000 1138 534 0.4692
22405.0000 1139 534 0.4688
22420.0000 1140 534 0.4684
22444.0000 1141 534 0.4680
22445.7000 1141 535 0.4689
22464.0000 1142 535 0.4685
22482.0000 1143 535 0.4681
22500.0000 1144 535 0.4677
22521.0000 1145 535 0.4672
22543.6000 1145 536 0.4681
22544.0000 1146 536 0.4677
22560.0000 1147 536 0.4673
22568.3000 1147 537 0.4682
22578.0000 1148 537 0.4678
22581.0000 1148 538 0.4686
22582.1000 1148 539 0.4695
22595.0000 1149 539 0.4691
22613.0000 1150 539 0.4687
22628.0000 1151 539 0.4683
22648.0000 1152 539 0.4679
22666.0000 1153 539 0.4675
22668.3000 1153 540 0.4683
22682.0000 1154 540 0.4679
22698.0000 1155 540 0.4675
22713.0000 1156 540 0.4671
22719.4000 1156 541 0.4680
22720.0000 1156 542 0.4689
22735.0000 1157 542 0.4685
22743.1000 1157 543 0.4693
22752.3000 1157 544 0.4702
22758.0000 1158 544 0.4698
22771.8000 1158 545 0.4706
22779.0000 1159 545 0.4702
22799.0000 1160 545 0.4698
22802.8000 1160 546 0.4707
22820.0000 1161 546 0.4703
22822.4000 1161 547 0.4711
22835.0000 1162 547 0.4707
22850.0000 1163 547 0.4703
22857.6000 1163 548 0.4712
22869.0000 1164 548 0.4708
22891.0000 1165 548 0.4704
22913.0000 1166 548 0.4700
22931.0000 1167 548 0.4696
22946.1000 1167 549 0.4704
22954.0000 1168 549 0.4700
22971.0000 1169 549 0.4696
22991.0000 1170 549 0.4692
23007.0000 1171 549 0.4688
23031.0000 1172 549 0.4684
23047.0000 1173 549 0.4680
23047.9000 1173 550 0.4689
23049.6000 1173 551 0.4697
23070.0000 1174 551 0.4693
23079.4000 1174 552 0.4702
23085.0000 1175 552 0.4698
23106.0000 1176 552 0.4694
23111.6000 1176 553 0.4702
23127.0000 1177 553 0.4698
23149.0000 1178 553 0.4694
23165.0000 1179 553 0.4690
23179.9000 1179 554 0.4699
23180.0000 1180 554 0.4695
23198.0000 1181 554 0.4691
23214.0000 1182 554 0.4687
23238.0000 1183 554 0.4683
23252.6000 1183 555 0.4691
23258.0000 1184 555 0.4688
23262.9000 1184 556 0.4696
23269.0000 1184 557 0.4704
23269.8000 1184 558 0.4713
23272.4000 1184 559 0.4721
23273.0000 1184 560 0.4730
23280.0000 1185 560 0.4726
23295.0000 1186 560 0.4722
23318.9000 1186 561 0.4730
23319.0000 1187 561 0.4726
23339.0000 1188 561 0.4722
23339.4000 1188 562 0.4731
23360.0000 1189 562 0.4727
23377.0000 1190 562 0.4723
23393.0000 1191 562 0.4719
23409.0000 1192 562 0.4715
23428.0000 1193 562 0.4711
23429.6000 1193 563 0.4719
23430.5000 1193 564 0.4728
23445.0000 1194 564 0.4724
23455.5000 1194 565 0.4732
23462.5000 1194 566 0.4740
23464.0000 1195 566 0.4736
23465.8000 1195 567 0.4745
23470.0000 1195 568 0.4753
23470.7000 1195 569 0.4762
23472.7000 1195 570 0.4770
23482.0000 1196 570 0.4766
23498.0000 1197 570 0.4762
23516.0000 1198 570 0.4758
23532.0000 1199 570 0.4754
23547.0000 1200 570 0.4750
23558.7000 1200 571 0.4758
23566.2000 1200 572 0.4767
23568.0000 1201 572 0.4763
23589.0000 1202 572 0.4759
23613.0000 1203 572 0.4755
23620.2000 1203 573 0.4763
23629.0000 1204 573 0.4759
23639.2000 1204 574 0.4767
23640.3000 1204 575 0.4776
23644.7000 1204 576 0.4784
23647.0000 1205 576 0.4780
23662.0000 1206 576 0.4776
23681.0000 1207 576 0.4772
23687.3000 1207 577 0.4780
23702.0000 1208 577 0.4776
23710.9000 1208 578 0.4785
23726.0000 1209 578 0.4781
23741.0000 1210 578 0.4777
23741.7000 1210 579 0.4785
23746.9000 1210 580 0.4793
23749.3000 1210 581 0.4802
23760.0000 1211 581 0.4798
23772.0000 1211 582 0.4806
23773.9000 1211 583 0.4814
23775.2000 1211 584 0.4822
23778.0000 1212 584 0.4818
23782.8000 1212 585 0.4827
23798.0000 1213 585 0.4823
23817.0000 1214 585 0.4819
23837.0000 1215 585 0.4815
23843.7000 1215 586 0.4823
23846.7000 1215 587 0.4831
23859.0000 1216 587 0.4827
23861.2000 1216 588 0.4836
23874.0000 1216 589 0.4844
23874.0000 1217 589 0.4840
23895.0000 1218 589 0.4836
23916.0000 1219 589 0.4832
23923.0000 1219 590 0.4840
23937.0000 1220 590 0.4836
23961.0000 1221 590 0.4832
23979.8000 1221 591 0.4840
23981.0000 1222 591 0.4836
23985.1000 1222 592 0.4845
24004.0000 1223 592 0.4841
24026.0000 1224 592 0.4837
24029.2000 1224 593 0.4845
24037.4000 1224 594 0.4853
24043.0000 1225 594 0.4849
24062.0000 1226 594 0.4845
24077.5000 1226 595 0.4853
24079.0000 1227 595 0.4849
24086.5000 1227 596 0.4857
24095.0000 1228 596 0.4853
24103.6000 1228 597 0.4862
24110.0000 1229 597 0.4858
24134.0000 1230 597 0.4854
24140.5000 1230 598 0.4862
24157.0000 1231 598 0.4858
24179.0000 1232 598 0.4854
24189.0000 1232 599 0.4862
24191.6000 1232 600 0.4870
24203.0000 1233 600 0.4866
24222.0000 1234 600 0.4862
24225.1000 1234 601 0.4870
24241.5000 1234 602 0.4878
24245.0000 1235 602 0.4874
24262.0000 1236 602 0.4871
24272.5000 1236 603 0.4879
24286.0000 1237 603 0.4875
24305.0000 1238 603 0.4871
24326.0000 1239 603 0.4867
24341.7000 1239 604 0.4875
24349.0000 1240 604 0.4871
24368.0000 1241 604 0.4867
24369.3000 1241 605 0.4875
24370.0000 1241 606 0.4883
24379.5000 1241 607 0.4891
24383.0000 1242 607 0.4887
24407.0000 1243 607 0.4883
24423.1000 1243 608 0.4891
24427.0000 1244 608 0.4887
24445.2000 1244 609 0.4895
24447.0000 1245 609 0.4892
24468.0000 1246 609 0.4888
24471.8000 1246 610 0.4896
24474.6000 1246 611 0.4904
24482.9000 1246 612 0.4912
24490.0000 1247 612 0.4908
24490.3000 1247 613 0.4916
24505.6000 1247 614 0.4924
24514.0000 1248 614 0.4920
24515.6000 1248 615 0.4928
24530.0000 1249 615 0.4924
24553.0000 1250 615 0.4920
24561.7000 1250 616 0.4928
24568.0000 1251 616 0.4924
24591.0000 1252 616 0.4920
24607.0000 1253 616 0.4916
24624.0000 1254 616 0.4912
24633.0000 1254 617 0.4920
24641.0000 1255 617 0.4916
24656.0000 1256 617 0.4912
24677.0000 1257 617 0.4909
24693.0000 1258 617 0.4905
24702.4000 1258 618 0.4913
24712.0000 1259 618 0.4909
24736.0000 1260 618 0.4905
24751.0000 1261 618 0.4901
24768.0000 1262 618 0.4897
24776.1000 1262 619 0.4905
24790.0000 1263 619 0.4901
24809.0000 1264 619 0.4897
24824.0000 1265 619 0.4893
24828.3000 1265 620 0.4901
24832.6000 1265 621 0.4909
24844.0000 1266 621 0.4905
24867.0000 1267 621 0.4901
24870.4000 1267 622 0.4909
24883.0000 1268 622 0.4905
24902.9000 1268 623 0.4913
24906.0000 1269 623 0.4909
24921.0000 1270 623 0.4906
24945.0000 1271 623 0.4902
24963.0000 1272 623 0.4898
24977.5000 1272 624 0.4906
24980.0000 1273 624 0.4902
24999.0000 1274 624 0.4898
25015.0000 1275 624 0.4894
25026.7000 1275 625 0.4902
25029.3000 1275 626 0.4910
25034.0000 1276 626 0.4906
25055.0000 1277 626 0.4902
25074.0000 1278 626 0.4898
25095.0000 1279 626 0.4894
25107.0000 1279 627 0.4902
25116.1000 1279 628 0.4910
25119.0000 1280 628 0.4906
25129.2000 1280 629 0.4914
25138.0000 1281 629 0.4910
25148.0000 1281 630 0.4918
25162.0000 1282 630 0.4914
25183.0000 1283 630 0.4910
