# time  created  delivered  delivered/created
22.0000 1 0 0.0000
38.0000 2 0 0.0000
54.0000 3 0 0.0000
72.0000 4 0 0.0000
94.0000 5 0 0.0000
110.0000 6 0 0.0000
133.0000 7 0 0.0000
153.0000 8 0 0.0000
175.0000 9 0 0.0000
191.0000 10 0 0.0000
210.0000 11 0 0.0000
225.0000 12 0 0.0000
249.0000 13 0 0.0000
265.0000 14 0 0.0000
281.0000 15 0 0.0000
304.0000 16 0 0.0000
328.0000 17 0 0.0000
343.0000 18 0 0.0000
367.0000 19 0 0.0000
382.0000 20 0 0.0000
399.0000 21 0 0.0000
420.0000 22 0 0.0000
439.0000 23 0 0.0000
458.0000 24 0 0.0000
480.0000 25 0 0.0000
497.0000 26 0 0.0000
515.0000 27 0 0.0000
538.0000 28 0 0.0000
562.0000 29 0 0.0000
581.0000 30 0 0.0000
583.9000 30 1 0.0333
603.0000 31 1 0.0323
625.0000 32 1 0.0313
640.9000 32 2 0.0625
646.0000 33 2 0.0606
658.2000 33 3 0.0909
661.6000 33 4 0.1212
667.0000 34 4 0.1176
685.0000 35 4 0.1143
691.0000 35 5 0.1429
700.0000 36 5 0.1389
722.0000 37 5 0.1351
741.0000 38 5 0.1316
764.0000 39 5 0.1282
775.8000 39 6 0.1538
784.0000 40 6 0.1500
806.0000 41 6 0.1463
829.0000 42 6 0.1429
851.0000 43 6 0.1395
873.0000 44 6 0.1364
895.0000 45 6 0.1333
903.5000 45 7 0.1556
918.0000 46 7 0.1522
941.0000 47 7 0.1489
957.0000 48 7 0.1458
975.0000 49 7 0.1429
998.0000 50 7 0.1400
1018.0000 51 7 0.1373
1040.0000 52 7 0.1346
1056.0000 53 7 0.1321
1077.0000 54 7 0.1296
1096.0000 55 7 0.1273
1117.0000 56 7 0.1250
1137.0000 57 7 0.1228
1159.0000 58 7 0.1207
1179.0000 59 7 0.1186
1193.3000 59 8 0.1356
1201.0000 60 8 0.1333
1216.0000 61 8 0.1311
1225.1000 61 9 0.1475
1232.0000 62 9 0.1452
1251.0000 63 9 0.1429
1268.0000 64 9 0.1406
1287.0000 65 9 0.1385
1300.0000 65 10 0.1538
1308.0000 66 10 0.1515
1327.0000 67 10 0.1493
1342.0000 68 10 0.1471
1364.0000 69 10 0.1449
1382.9000 69 11 0.1594
1388.0000 70 11 0.1571
1397.1000 70 12 0.1714
1407.0000 71 12 0.1690
1422.0000 72 12 0.1667
1442.0000 73 12 0.1644
1464.0000 74 12 0.1622
1477.4000 74 13 0.1757
1479.0000 75 13 0.1733
1483.1000 75 14 0.1867
1500.0000 76 14 0.1842
1518.0000 77 14 0.1818
1542.0000 78 14 0.1795
1560.8000 78 15 0.1923
1562.0000 79 15 0.1899
1577.0000 80 15 0.1875
1585.3000 80 16 0.2000
1594.5000 80 17 0.2125
1600.0000 81 17 0.2099
1620.0000 82 17 0.2073
1637.0000 83 17 0.2048
1652.0000 84 17 0.2024
1673.0000 85 17 0.2000
1695.0000 86 17 0.1977
1707.0000 86 18 0.2093
1709.8000 86 19 0.2209
1713.0000 87 19 0.2184
1724.6000 87 20 0.2299
1736.2000 87 21 0.2414
1737.0000 88 21 0.2386
1739.4000 88 22 0.2500
1739.8000 88 23 0.2614
1760.0000 89 23 0.2584
1781.0000 90 23 0.2556
1804.0000 91 23 0.2527
1826.0000 92 23 0.2500
1849.0000 93 23 0.2473
1870.0000 94 23 0.2447
1880.0000 94 24 0.2553
1882.8000 94 25 0.2660
1883.1000 94 26 0.2766
1890.0000 95 26 0.2737
1911.0000 96 26 0.2708
1929.0000 97 26 0.2680
1948.0000 98 26 0.2653
1965.0000 99 26 0.2626
1980.0000 100 26 0.2600
2002.0000 101 26 0.2574
2024.0000 102 26 0.2549
2028.3000 102 27 0.2647
2035.6000 102 28 0.2745
2041.0000 103 28 0.2718
2064.0000 104 28 0.2692
2080.0000 105 28 0.2667
2095.0000 106 28 0.2642
2119.0000 107 28 0.2617
2139.0000 108 28 0.2593
2142.8000 108 29 0.2685
2161.0000 109 29 0.2661
2178.0000 110 29 0.2636
2199.0000 111 29 0.2613
2217.0000 111 30 0.2703
2222.0000 112 30 0.2679
2240.0000 113 30 0.2655
2259.0000 114 30 0.2632
2275.0000 115 30 0.2609
2295.0000 116 30 0.2586
2314.0000 117 30 0.2564
2325.3000 117 31 0.2650
2335.0000 118 31 0.2627
2354.0000 119 31 0.2605
2377.0000 120 31 0.2583
2396.0000 121 31 0.2562
2405.9000 121 32 0.2645
2411.0000 122 32 0.2623
2412.0000 122 33 0.2705
2433.0000 123 33 0.2683
2452.0000 124 33 0.2661
2460.7000 124 34 0.2742
2464.9000 124 35 0.2823
2470.3000 124 36 0.2903
2474.0000 125 36 0.2880
2496.0000 126 36 0.2857
2496.5000 126 37 0.2937
2511.0000 127 37 0.2913
2526.0000 128 37 0.2891
2546.0000 129 37 0.2868
2554.4000 129 38 0.2946
2563.0000 130 38 0.2923
2586.0000 131 38 0.2901
2601.0000 132 38 0.2879
2621.0000 133 38 0.2857
2641.0000 134 38 0.2836
2662.0000 135 38 0.2815
2678.0000 136 38 0.2794
2689.6000 136 39 0.2868
2690.9000 136 40 0.2941
2693.0000 137 40 0.2920
2716.0000 138 40 0.2899
2735.0000 139 40 0.2878
2741.3000 139 41 0.2950
2754.0000 140 41 0.2929
2771.0000 141 41 0.2908
2773.0000 141 42 0.2979
2788.0000 142 42 0.2958
2800.0000 142 43 0.3028
2807.0000 143 43 0.3007
2823.1000 143 44 0.3077
2831.0000 144 44 0.3056
2834.0000 144 45 0.3125
2838.5000 144 46 0.3194
2839.1000 144 47 0.3264
2853.0000 145 47 0.3241
2868.0000 146 47 0.3219
2891.0000 147 47 0.3197
2899.2000 147 48 0.3265
2911.0000 148 48 0.3243
2926.0000 149 48 0.3221
2942.0000 150 48 0.3200
2954.4000 150 49 0.3267
2962.0000 151 49 0.3245
2979.0000 152 49 0.3224
3003.0000 153 49 0.3203
3019.7000 153 50 0.3268
3024.0000 154 50 0.3247
3040.0000 155 50 0.3226
3064.0000 156 50 0.3205
3086.0000 157 50 0.3185
3086.3000 157 51 0.3248
3110.0000 158 51 0.3228
3119.0000 158 52 0.3291
3129.0000 159 52 0.3270
3147.0000 160 52 0.3250
3166.0000 161 52 0.3230
3168.6000 161 53 0.3292
3190.0000 162 53 0.3272
3210.0000 163 53 0.3252
3225.0000 164 53 0.3232
3243.0000 165 53 0.3212
3260.0000 166 53 0.3193
3283.0000 167 53 0.3174
3288.4000 167 54 0.3234
3305.0000 168 54 0.3214
3321.0000 169 54 0.3195
3344.0000 170 54 0.3176
3362.8000 170 55 0.3235
3365.0000 171 55 0.3216
3378.6000 171 56 0.3275
3385.0000 172 56 0.3256
3408.0000 173 56 0.3237
3428.0000 174 56 0.3218
3429.2000 174 57 0.3276
3449.0000 175 57 0.3257
3472.0000 176 57 0.3239
3488.0000 177 57 0.3220
3510.8000 177 58 0.3277
3511.0000 178 58 0.3258
3527.8000 178 59 0.3315
3530.6000 178 60 0.3371
3535.0000 179 60 0.3352
3546.4000 179 61 0.3408
3548.8000 179 62 0.3464
3551.7000 179 63 0.3520
3552.0000 180 63 0.3500
3570.0000 180 64 0.3556
3570.0000 181 64 0.3536
3575.8000 181 65 0.3591
3589.0000 182 65 0.3571
3604.0000 183 65 0.3552
3619.0000 184 65 0.3533
3638.0000 185 65 0.3514
3653.0000 186 65 0.3495
3669.0000 187 65 0.3476
3689.0000 188 65 0.3457
3703.1000 188 66 0.3511
3712.0000 189 66 0.3492
3730.0000 190 66 0.3474
3754.0000 191 66 0.3455
3771.0000 192 66 0.3438
3787.0000 193 66 0.3420
3809.0000 194 66 0.3402
3822.2000 194 67 0.3454
3831.8000 194 68 0.3505
3832.0000 195 68 0.3487
3846.4000 195 69 0.3538
3854.0000 196 69 0.3520
3873.0000 197 69 0.3503
3895.0000 198 69 0.3485
3919.0000 199 69 0.3467
3938.0000 200 69 0.3450
3943.9000 200 70 0.3500
3946.3000 200 71 0.3550
3946.9000 200 72 0.3600
3953.0000 200 73 0.3650
3955.0000 201 73 0.3632
3975.0000 202 73 0.3614
3996.0000 203 73 0.3596
4012.0000 204 73 0.3578
4018.5000 204 74 0.3627
4031.0000 205 74 0.3610
4052.0000 206 74 0.3592
4054.9000 206 75 0.3641
4060.5000 206 76 0.3689
4061.5000 206 77 0.3738
4070.0000 207 77 0.3720
4094.0000 208 77 0.3702
4115.0000 209 77 0.3684
4134.0000 210 77 0.3667
4153.0000 211 77 0.3649
4171.0000 212 77 0.3632
4187.1000 212 78 0.3679
4194.0000 213 78 0.3662
4214.0000 214 78 0.3645
4214.5000 214 79 0.3692
4222.4000 214 80 0.3738
4223.6000 214 81 0.3785
4235.0000 215 81 0.3767
4244.9000 215 82 0.3814
4248.0000 215 83 0.3860
4251.0000 216 83 0.3843
4268.6000 216 84 0.3889
4272.0000 217 84 0.3871
4290.0000 218 84 0.3853
4291.5000 218 85 0.3899
4314.0000 219 85 0.3881
4338.0000 220 85 0.3864
4360.0000 221 85 0.3846
4381.0000 222 85 0.3829
4400.0000 223 85 0.3812
4419.0000 224 85 0.3795
4419.1000 224 86 0.3839
4428.4000 224 87 0.3884
4434.0000 225 87 0.3867
4452.4000 225 88 0.3911
4458.0000 226 88 0.3894
4463.0000 226 89 0.3938
4476.0000 227 89 0.3921
4497.0000 228 89 0.3904
4505.4000 228 90 0.3947
4515.0000 229 90 0.3930
4537.0000 230 90 0.3913
4556.0000 231 90 0.3896
4580.0000 232 90 0.3879
4597.0000 233 90 0.3863
4607.1000 233 91 0.3906
4610.6000 233 92 0.3948
4614.0000 234 92 0.3932
4617.8000 234 93 0.3974
4634.0000 235 93 0.3957
4655.0000 236 93 0.3941
4665.1000 236 94 0.3983
4672.0000 237 94 0.3966
4682.5000 237 95 0.4008
4689.0000 238 95 0.3992
4692.0000 238 96 0.4034
4699.4000 238 97 0.4076
4706.0000 239 97 0.4059
4729.0000 240 97 0.4042
4741.7000 240 98 0.4083
4747.0000 241 98 0.4066
4762.0000 242 98 0.4050
4783.0000 243 98 0.4033
4807.0000 244 98 0.4016
4811.2000 244 99 0.4057
4824.0000 245 99 0.4041
4848.0000 246 99 0.4024
4867.0000 247 99 0.4008
4868.9000 247 100 0.4049
4886.0000 248 100 0.4032
4909.0000 249 100 0.4016
4928.0000 250 100 0.4000
4951.0000 251 100 0.3984
4966.0000 252 100 0.3968
4976.0000 252 101 0.4008
4986.0000 253 101 0.3992
4990.9000 253 102 0.4032
5010.0000 254 102 0.4016
5033.0000 255 102 0.4000
5048.0000 256 102 0.3984
5072.0000 257 102 0.3969
5076.2000 257 103 0.4008
5089.0000 258 103 0.3992
5112.0000 259 103 0.3977
5131.0000 260 103 0.3962
5151.0000 261 103 0.3946
5175.0000 262 103 0.3931
5194.0000 263 103 0.3916
5212.5000 263 104 0.3954
5215.0000 264 104 0.3939
5237.0000 265 104 0.3925
5254.0000 266 104 0.3910
5269.0000 267 104 0.3895
5288.9000 267 105 0.3933
5291.0000 268 105 0.3918
5292.0000 268 106 0.3955
5307.0000 269 106 0.3941
5321.3000 269 107 0.3978
5324.0000 270 107 0.3963
5339.0000 271 107 0.3948
5356.0000 272 107 0.3934
5371.0000 273 107 0.3919
5387.0000 274 107 0.3905
5407.1000 274 108 0.3942
5410.0000 275 108 0.3927
5426.0000 276 108 0.3913
5430.3000 276 109 0.3949
5438.6000 276 110 0.3986
5447.0000 277 110 0.3971
5470.0000 278 110 0.3957
5490.0000 279 110 0.3943
5504.6000 279 111 0.3978
5507.0000 280 111 0.3964
5518.2000 280 112 0.4000
5528.0000 281 112 0.3986
5542.9000 281 113 0.4021
5546.0000 282 113 0.4007
5564.0000 283 113 0.3993
5566.2000 283 114 0.4028
5584.0000 284 114 0.4014
5607.0000 285 114 0.4000
5625.0000 286 114 0.3986
5643.0000 287 114 0.3972
5665.0000 288 114 0.3958
5680.1000 288 115 0.3993
5685.0000 289 115 0.3979
5704.0000 290 115 0.3966
5724.0000 291 115 0.3952
5728.0000 291 116 0.3986
5745.0000 292 116 0.3973
5745.2000 292 117 0.4007
5760.0000 293 117 0.3993
5778.7000 293 118 0.4027
5784.0000 294 118 0.4014
5805.0000 295 118 0.4000
5813.1000 295 119 0.4034
5822.0000 296 119 0.4020
5841.0000 297 119 0.4007
5859.0000 298 119 0.3993
5863.7000 298 120 0.4027
5874.0000 299 120 0.4013
5883.4000 299 121 0.4047
5893.0000 300 121 0.4033
5895.4000 300 122 0.4067
5896.1000 300 123 0.4100
5901.3000 300 124 0.4133
5914.0000 301 124 0.4120
5914.2000 301 125 0.4153
5916.3000 301 126 0.4186
5923.7000 301 127 0.4219
5932.0000 302 127 0.4205
5953.0000 303 127 0.4191
5967.4000 303 128 0.4224
5971.0000 304 128 0.4211
5980.5000 304 129 0.4243
5986.0000 305 129 0.4230
5996.8000 305 130 0.4262
5996.9000 305 131 0.4295
6008.0000 306 131 0.4281
6024.0000 307 131 0.4267
6041.0000 308 131 0.4253
6063.0000 309 131 0.4239
6068.1000 309 132 0.4272
6074.6000 309 133 0.4304
6087.0000 310 133 0.4290
6105.0000 311 133 0.4277
6124.0000 312 133 0.4263
6130.2000 312 134 0.4295
6131.0000 312 135 0.4327
6145.0000 313 135 0.4313
6166.0000 314 135 0.4299
6177.5000 314 136 0.4331
6182.0000 315 136 0.4317
6201.0000 316 136 0.4304
6216.0000 317 136 0.4290
6231.0000 318 136 0.4277
6248.0000 319 136 0.4263
6261.7000 319 137 0.4295
6267.0000 320 137 0.4281
6282.7000 320 138 0.4313
6285.7000 320 139 0.4344
6289.0000 321 139 0.4330
6308.0000 322 139 0.4317
6322.7000 322 140 0.4348
6332.0000 323 140 0.4334
6355.0000 324 140 0.4321
6372.0000 325 140 0.4308
6390.2000 325 141 0.4338
6391.9000 325 142 0.4369
6393.0000 326 142 0.4356
6417.0000 327 142 0.4343
6423.9000 327 143 0.4373
6425.2000 327 144 0.4404
6431.8000 327 145 0.4434
6441.0000 328 145 0.4421
6465.0000 329 145 0.4407
6466.5000 329 146 0.4438
6469.3000 329 147 0.4468
6474.5000 329 148 0.4498
6486.0000 330 148 0.4485
6502.0000 331 148 0.4471
6518.0000 332 148 0.4458
6536.0000 333 148 0.4444
6548.1000 333 149 0.4474
6555.0000 334 149 0.4461
6572.0000 335 149 0.4448
6591.0000 336 149 0.4435
6608.0000 337 149 0.4421
6617.1000 337 150 0.4451
6631.0000 338 150 0.4438
6646.0000 339 150 0.4425
6654.9000 339 151 0.4454
6665.0000 340 151 0.4441
6671.5000 340 152 0.4471
6684.0000 341 152 0.4457
6687.9000 341 153 0.4487
6696.4000 341 154 0.4516
6708.0000 342 154 0.4503
6725.0000 343 154 0.4490
6745.0000 344 154 0.4477
6760.0000 345 154 0.4464
6765.3000 345 155 0.4493
6770.7000 345 156 0.4522
6781.0000 346 156 0.4509
6793.2000 346 157 0.4538
6800.0000 347 157 0.4524
6816.0000 348 157 0.4511
6827.4000 348 158 0.4540
6839.0000 349 158 0.4527
6854.0000 350 158 0.4514
6874.0000 351 158 0.4501
6889.0000 352 158 0.4489
6893.6000 352 159 0.4517
6900.1000 352 160 0.4545
6909.0000 353 160 0.4533
6921.7000 353 161 0.4561
6930.0000 354 161 0.4548
6951.0000 355 161 0.4535
6953.5000 355 162 0.4563
6971.0000 356 162 0.4551
6978.5000 356 163 0.4579
6981.8000 356 164 0.4607
6995.0000 357 164 0.4594
7008.3000 357 165 0.4622
7010.0000 358 165 0.4609
7029.0000 359 165 0.4596
7045.6000 359 166 0.4624
7048.0000 360 166 0.4611
7062.8000 360 167 0.4639
7071.0000 361 167 0.4626
7073.0000 361 168 0.4654
7093.0000 362 168 0.4641
7108.0000 363 168 0.4628
7109.5000 363 169 0.4656
7111.8000 363 170 0.4683
7130.0000 364 170 0.4670
7147.0000 365 170 0.4658
7163.0000 366 170 0.4645
7172.4000 366 171 0.4672
7176.4000 366 172 0.4699
7180.0000 367 172 0.4687
7197.0000 368 172 0.4674
7221.0000 369 172 0.4661
7240.0000 370 172 0.4649
7255.0000 371 172 0.4636
7272.0000 372 172 0.4624
7296.0000 373 172 0.4611
7306.3000 373 173 0.4638
7319.0000 374 173 0.4626
7333.2000 374 174 0.4652
7335.0000 375 174 0.4640
7351.5000 375 175 0.4667
7358.0000 376 175 0.4654
7378.0000 377 175 0.4642
7394.0000 378 175 0.4630
7411.0000 379 175 0.4617
7429.7000 379 176 0.4644
7435.0000 380 176 0.4632
7436.5000 380 177 0.4658
7444.1000 380 178 0.4684
7459.0000 381 178 0.4672
7472.0000 381 179 0.4698
7480.0000 382 179 0.4686
7493.2000 382 180 0.4712
7498.0000 383 180 0.4700
7506.0000 383 181 0.4726
7514.0000 384 181 0.4714
7535.0000 384 182 0.4740
7536.0000 385 182 0.4727
7536.4000 385 183 0.4753
7559.0000 386 183 0.4741
7566.1000 386 184 0.4767
7574.0000 387 184 0.4755
7585.3000 387 185 0.4780
7590.6000 387 186 0.4806
7595.0000 388 186 0.4794
7610.7000 388 187 0.4820
7613.0000 389 187 0.4807
7632.0000 390 187 0.4795
7656.0000 391 187 0.4783
7673.0000 392 187 0.4770
7696.0000 393 187 0.4758
7710.0000 393 188 0.4784
7713.0000 394 188 0.4772
7730.0000 395 188 0.4759
7745.0000 396 188 0.4747
7762.0000 397 188 0.4736
7784.0000 398 188 0.4724
7804.0000 399 188 0.4712
7822.0000 400 188 0.4700
7823.7000 400 189 0.4725
7840.0000 401 189 0.4713
7858.0000 402 189 0.4701
7874.0000 403 189 0.4690
7878.2000 403 190 0.4715
7895.0000 404 190 0.4703
7908.8000 404 191 0.4728
7914.0000 405 191 0.4716
7931.0000 406 191 0.4704
7935.9000 406 192 0.4729
7948.0000 407 192 0.4717
7957.6000 407 193 0.4742
7961.4000 407 194 0.4767
7964.1000 407 195 0.4791
7972.0000 408 195 0.4779
7987.0000 409 195 0.4768
7992.4000 409 196 0.4792
7993.2000 409 197 0.4817
8002.0000 410 197 0.4805
8024.0000 411 197 0.4793
8024.6000 411 198 0.4818
8040.0000 412 198 0.4806
8041.7000 412 199 0.4830
8059.0000 413 199 0.4818
8061.9000 413 200 0.4843
8082.0000 414 200 0.4831
8085.4000 414 201 0.4855
8099.0000 415 201 0.4843
8116.0000 416 201 0.4832
8137.0000 417 201 0.4820
8158.0000 418 201 0.4809
8173.0000 419 201 0.4797
8190.0000 420 201 0.4786
8205.0000 421 201 0.4774
8205.7000 421 202 0.4798
8227.0000 422 202 0.4787
8229.9000 422 203 0.4810
8251.0000 423 203 0.4799
8270.0000 423 204 0.4823
8271.2000 423 205 0.4846
8275.0000 424 205 0.4835
8297.0000 425 205 0.4824
8317.0000 426 205 0.4812
8336.0000 427 205 0.4801
8354.6000 427 206 0.4824
8359.0000 428 206 0.4813
8375.0000 429 206 0.4802
8396.0000 430 206 0.4791
8414.0000 431 206 0.4780
8428.2000 431 207 0.4803
8437.0000 432 207 0.4792
8453.0000 433 207 0.4781
8468.0000 434 207 0.4770
8492.0000 435 207 0.4759
8507.9000 435 208 0.4782
8510.0000 436 208 0.4771
8525.0000 437 208 0.4760
8544.0000 438 208 0.4749
8548.0000 438 209 0.4772
8566.0000 439 209 0.4761
8578.2000 439 210 0.4784
8586.0000 440 210 0.4773
8609.0000 441 210 0.4762
8625.0000 442 210 0.4751
8630.3000 442 211 0.4774
8641.3000 442 212 0.4796
8644.0000 443 212 0.4786
8663.0000 444 212 0.4775
8681.0000 445 212 0.4764
8681.8000 445 213 0.4787
8697.0000 446 213 0.4776
8703.9000 446 214 0.4798
8711.9000 446 215 0.4821
8719.0000 447 215 0.4810
8736.2000 447 216 0.4832
8743.0000 448 216 0.4821
8767.0000 449 216 0.4811
8784.0000 450 216 0.4800
8800.0000 451 216 0.4789
8808.0000 451 217 0.4812
8823.0000 452 217 0.4801
8824.9000 452 218 0.4823
8839.0000 453 218 0.4812
8854.0000 454 218 0.4802
8869.0000 455 218 0.4791
8888.6000 455 219 0.4813
8892.0000 456 219 0.4803
8897.5000 456 220 0.4825
8911.0000 457 220 0.4814
8929.0000 458 220 0.4803
8944.0000 459 220 0.4793
8955.3000 459 221 0.4815
8955.8000 459 222 0.4837
8961.0000 460 222 0.4826
8979.0000 461 222 0.4816
8997.0000 462 222 0.4805
9006.8000 462 223 0.4827
9011.3000 462 224 0.4848
9013.0000 463 224 0.4838
9035.0000 464 224 0.4828
9058.0000 465 224 0.4817
9066.3000 465 225 0.4839
9073.0000 466 225 0.4828
9076.3000 466 226 0.4850
9093.5000 466 227 0.4871
9095.0000 467 227 0.4861
9119.0000 468 227 0.4850
9143.0000 469 227 0.4840
9162.0000 470 227 0.4830
9162.2000 470 228 0.4851
9186.0000 471 228 0.4841
9196.5000 471 229 0.4862
9209.0000 472 229 0.4852
9209.8000 472 230 0.4873
9216.6000 472 231 0.4894
9224.0000 473 231 0.4884
9245.0000 474 231 0.4873
9264.0000 475 231 0.4863
9277.9000 475 232 0.4884
9288.0000 476 232 0.4874
9300.8000 476 233 0.4895
9306.5000 476 234 0.4916
9310.0000 477 234 0.4906
9315.8000 477 235 0.4927
9326.0000 478 235 0.4916
9338.1000 478 236 0.4937
9341.0000 479 236 0.4927
9365.0000 480 236 0.4917
9378.3000 480 237 0.4938
9387.0000 481 237 0.4927
9403.0000 482 237 0.4917
9426.0000 483 237 0.4907
9444.0000 484 237 0.4897
9452.1000 484 238 0.4917
9468.0000 485 238 0.4907
9485.0000 486 238 0.4897
9503.0000 487 238 0.4887
9512.2000 487 239 0.4908
9527.0000 488 239 0.4898
9550.0000 489 239 0.4888
9573.0000 490 239 0.4878
9591.0000 491 239 0.4868
9614.0000 492 239 0.4858
9614.9000 492 240 0.4878
9632.0000 493 240 0.4868
9653.0000 494 240 0.4858
9667.1000 494 241 0.4879
9676.0000 495 241 0.4869
9693.0000 496 241 0.4859
9715.0000 497 241 0.4849
9736.0000 498 241 0.4839
9750.0000 498 242 0.4859
9752.0000 499 242 0.4850
9761.5000 499 243 0.4870
9770.3000 499 244 0.4890
9776.0000 500 244 0.4880
9796.7000 500 245 0.4900
9799.0000 501 245 0.4890
9821.0000 502 245 0.4880
9837.0000 503 245 0.4871
9861.0000 504 245 0.4861
9879.0000 505 245 0.4851
9894.0000 506 245 0.4842
9909.0000 507 245 0.4832
9927.0000 508 245 0.4823
9946.0000 509 245 0.4813
9950.5000 509 246 0.4833
9951.8000 509 247 0.4853
9969.0000 510 247 0.4843
9988.0000 511 247 0.4834
10007.0000 512 247 0.4824
10024.0000 513 247 0.4815
10044.0000 514 247 0.4805
10062.5000 514 248 0.4825
10067.0000 515 248 0.4816
10087.0000 516 248 0.4806
10111.0000 517 248 0.4797
10113.7000 517 249 0.4816
10117.8000 517 250 0.4836
10118.2000 517 251 0.4855
10132.0000 518 251 0.4846
10154.0000 519 251 0.4836
10155.7000 519 252 0.4855
10177.0000 520 252 0.4846
10185.2000 520 253 0.4865
10194.0000 521 253 0.4856
10216.0000 522 253 0.4847
10233.6000 522 254 0.4866
10235.0000 523 254 0.4857
10257.0000 524 254 0.4847
10281.0000 525 254 0.4838
10300.0000 526 254 0.4829
10320.0000 527 254 0.4820
10343.0000 528 254 0.4811
10366.0000 529 254 0.4802
10382.0000 530 254 0.4792
10402.0000 531 254 0.4783
10416.0000 531 255 0.4802
10423.0000 532 255 0.4793
10441.0000 533 255 0.4784
10442.5000 533 256 0.4803
10443.0000 533 257 0.4822
10444.4000 533 258 0.4841
10461.0000 534 258 0.4831
10474.8000 534 259 0.4850
10480.0000 535 259 0.4841
10496.9000 535 260 0.4860
10497.0000 536 260 0.4851
10518.0000 537 260 0.4842
10532.5000 537 261 0.4860
10537.0000 538 261 0.4851
10552.3000 538 262 0.4870
10555.0000 539 262 0.4861
10571.0000 540 262 0.4852
10591.0000 541 262 0.4843
10615.0000 542 262 0.4834
10615.9000 542 263 0.4852
10637.0000 543 263 0.4843
10644.4000 543 264 0.4862
10645.7000 543 265 0.4880
10657.0000 544 265 0.4871
10665.1000 544 266 0.4890
10666.1000 544 267 0.4908
10670.6000 544 268 0.4926
10681.0000 545 268 0.4917
10703.0000 546 268 0.4908
10715.1000 546 269 0.4927
10726.0000 547 269 0.4918
10748.0000 548 269 0.4909
10768.0000 549 269 0.4900
10781.7000 549 270 0.4918
10788.0000 550 270 0.4909
10788.5000 550 271 0.4927
10795.1000 550 272 0.4945
10808.0000 551 272 0.4936
10809.4000 551 273 0.4955
10823.0000 552 273 0.4946
10842.0000 553 273 0.4937
10862.3000 553 274 0.4955
10866.0000 554 274 0.4946
10875.3000 554 275 0.4964
10885.0000 555 275 0.4955
10887.3000 555 276 0.4973
10907.0000 556 276 0.4964
10925.0000 557 276 0.4955
10942.0000 558 276 0.4946
10952.2000 558 277 0.4964
10956.2000 558 278 0.4982
10966.0000 559 278 0.4973
10983.0000 560 278 0.4964
11006.0000 561 278 0.4955
11019.4000 561 279 0.4973
11021.3000 561 280 0.4991
11023.0000 562 280 0.4982
11046.0000 563 280 0.4973
11068.0000 564 280 0.4965
11084.0000 565 280 0.4956
11102.0000 566 280 0.4947
11120.0000 567 280 0.4938
11126.6000 567 281 0.4956
11136.4000 567 282 0.4974
11143.0000 568 282 0.4965
11144.0000 568 283 0.4982
11145.4000 568 284 0.5000
11166.0000 569 284 0.4991
11182.0000 570 284 0.4982
11199.4000 570 285 0.5000
11201.0000 571 285 0.4991
11218.0000 572 285 0.4983
11220.6000 572 286 0.5000
11238.0000 573 286 0.4991
11250.8000 573 287 0.5009
11252.6000 573 288 0.5026
11253.1000 573 289 0.5044
11260.0000 574 289 0.5035
11265.0000 574 290 0.5052
11280.0000 575 290 0.5043
11298.0000 576 290 0.5035
11307.3000 576 291 0.5052
11308.0000 576 292 0.5069
11311.9000 576 293 0.5087
11319.0000 577 293 0.5078
11343.0000 578 293 0.5069
11349.5000 578 294 0.5087
11363.0000 579 294 0.5078
11381.0000 580 294 0.5069
11405.0000 581 294 0.5060
11424.0000 582 294 0.5052
11432.3000 582 295 0.5069
11441.3000 582 296 0.5086
11443.0000 583 296 0.5077
11450.2000 583 297 0.5094
11467.0000 584 297 0.5086
11484.5000 584 298 0.5103
11491.0000 585 298 0.5094
11511.0000 586 298 0.5085
11512.9000 586 299 0.5102
11529.0000 587 299 0.5094
11540.0000 587 300 0.5111
11547.0000 588 300 0.5102
11562.1000 588 301 0.5119
11566.0000 589 301 0.5110
11586.0000 590 301 0.5102
11610.0000 591 301 0.5093
11611.3000 591 302 0.5110
11626.0000 592 302 0.5101
11640.2000 592 303 0.5118
11650.0000 593 303 0.5110
11665.0000 594 303 0.5101
11668.6000 594 304 0.5118
11678.5000 594 305 0.5135
11680.0000 595 305 0.5126
11685.7000 595 306 0.5143
11686.0000 595 307 0.5160
11696.0000 596 307 0.5151
11700.1000 596 308 0.5168
11711.0000 597 308 0.5159
11731.0000 598 308 0.5151
11755.0000 599 308 0.5142
11771.0000 600 308 0.5133
11790.0000 601 308 0.5125
11805.5000 601 309 0.5141
11806.0000 601 310 0.5158
11809.0000 602 310 0.5150
11809.2000 602 311 0.5166
11810.6000 602 312 0.5183
11826.4000 602 313 0.5199
11827.0000 603 313 0.5191
11833.3000 603 314 0.5207
11840.6000 603 315 0.5224
11851.0000 604 315 0.5215
11867.0000 605 315 0.5207
11870.3000 605 316 0.5223
11873.4000 605 317 0.5240
11885.0000 606 317 0.5231
11907.0000 607 317 0.5222
11929.0000 608 317 0.5214
11933.3000 608 318 0.5230
11940.3000 608 319 0.5247
11948.0000 609 319 0.5238
11971.0000 610 319 0.5230
11995.0000 611 319 0.5221
12005.8000 611 320 0.5237
12012.0000 612 320 0.5229
12018.3000 612 321 0.5245
12033.0000 613 321 0.5237
12048.0000 614 321 0.5228
12051.8000 614 322 0.5244
12064.7000 614 323 0.5261
12070.0000 615 323 0.5252
12073.0000 615 324 0.5268
12078.1000 615 325 0.5285
12088.0000 616 325 0.5276
12102.4000 616 326 0.5292
12104.0000 617 326 0.5284
12124.0000 618 326 0.5275
12131.9000 618 327 0.5291
12145.0000 619 327 0.5283
12153.5000 619 328 0.5299
12165.0000 620 328 0.5290
12189.0000 621 328 0.5282
12197.4000 621 329 0.5298
12198.1000 621 330 0.5314
12209.0000 622 330 0.5305
12218.5000 622 331 0.5322
12220.5000 622 332 0.5338
12226.0000 623 332 0.5329
12249.0000 624 332 0.5321
12270.0000 625 332 0.5312
12287.0000 626 332 0.5304
12288.8000 626 333 0.5319
12304.8000 626 334 0.5335
12305.0000 627 334 0.5327
12314.5000 627 335 0.5343
12323.0000 628 335 0.5334
12329.8000 628 336 0.5350
12339.0000 629 336 0.5342
12358.0000 630 336 0.5333
12377.0000 631 336 0.5325
12379.9000 631 337 0.5341
12399.0000 632 337 0.5332
12418.6000 632 338 0.5348
12421.0000 633 338 0.5340
12435.4000 633 339 0.5355
12437.3000 633 340 0.5371
12444.0000 634 340 0.5363
12444.7000 634 341 0.5379
12463.0000 635 341 0.5370
12474.8000 635 342 0.5386
12479.0000 636 342 0.5377
12483.1000 636 343 0.5393
12485.9000 636 344 0.5409
12497.0000 637 344 0.5400
12518.0000 638 344 0.5392
12538.0000 639 344 0.5383
12556.0000 640 344 0.5375
12569.6000 640 345 0.5391
12575.0000 641 345 0.5382
12596.0000 642 345 0.5374
12611.0000 643 345 0.5365
12635.0000 644 345 0.5357
12642.9000 644 346 0.5373
12655.0000 645 346 0.5364
12672.0000 646 346 0.5356
12689.5000 646 347 0.5372
12691.0000 647 347 0.5363
12713.0000 648 347 0.5355
12725.8000 648 348 0.5370
12727.4000 648 349 0.5386
12737.0000 649 349 0.5378
12761.0000 650 349 0.5369
12766.4000 650 350 0.5385
12781.0000 651 350 0.5376
12788.2000 651 351 0.5392
12798.0000 652 351 0.5383
12808.8000 652 352 0.5399
12812.3000 652 353 0.5414
12818.0000 653 353 0.5406
12830.3000 653 354 0.5421
12833.6000 653 355 0.5436
12839.0000 654 355 0.5428
12863.0000 655 355 0.5420
12884.0000 656 355 0.5412
12901.0000 657 355 0.5403
12919.0000 658 355 0.5395
12936.0000 659 355 0.5387
12954.0000 660 355 0.5379
12971.0000 661 355 0.5371
12975.8000 661 356 0.5386
12986.0000 662 356 0.5378
13009.0000 663 356 0.5370
13029.0000 664 356 0.5361
13048.0000 665 356 0.5353
13069.0000 666 356 0.5345
13071.4000 666 357 0.5360
13080.5000 666 358 0.5375
13090.0000 667 358 0.5367
13092.7000 667 359 0.5382
13112.0000 668 359 0.5374
13127.0000 668 360 0.5389
13132.3000 668 361 0.5404
13135.0000 669 361 0.5396
13137.1000 669 362 0.5411
13146.6000 669 363 0.5426
13157.0000 670 363 0.5418
13175.0000 671 363 0.5410
13180.8000 671 364 0.5425
13198.0000 672 364 0.5417
13222.0000 673 364 0.5409
13237.0000 674 364 0.5401
13243.3000 674 365 0.5415
13261.0000 675 365 0.5407
13279.0000 676 365 0.5399
13303.0000 677 365 0.5391
13327.0000 678 365 0.5383
13344.0000 679 365 0.5376
13367.0000 680 365 0.5368
13385.0000 681 365 0.5360
13400.0000 682 365 0.5352
13421.8000 682 366 0.5367
13422.0000 683 366 0.5359
13431.5000 683 367 0.5373
13431.6000 683 368 0.5388
13439.0000 684 368 0.5380
13463.0000 685 368 0.5372
13485.0000 686 368 0.5364
13501.0000 687 368 0.5357
13522.0000 688 368 0.5349
13522.3000 688 369 0.5363
13534.7000 688 370 0.5378
13543.0000 689 370 0.5370
13553.6000 689 371 0.5385
13554.1000 689 372 0.5399
13558.0000 690 372 0.5391
13560.9000 690 373 0.5406
13578.0000 691 373 0.5398
13589.2000 691 374 0.5412
13597.0000 692 374 0.5405
13601.2000 692 375 0.5419
13605.2000 692 376 0.5434
13612.0000 693 376 0.5426
13622.2000 693 377 0.5440
13633.0000 694 377 0.5432
13640.1000 694 378 0.5447
13654.0000 695 378 0.5439
13674.0000 696 378 0.5431
13689.0000 697 378 0.5423
13713.0000 698 378 0.5415
13733.0000 699 378 0.5408
13750.0000 700 378 0.5400
13770.8000 700 379 0.5414
13771.0000 701 379 0.5407
13787.0000 702 379 0.5399
13808.0000 703 379 0.5391
13813.8000 703 380 0.5405
13831.0000 704 380 0.5398
13836.3000 704 381 0.5412
13845.9000 704 382 0.5426
13853.0000 705 382 0.5418
13874.0000 706 382 0.5411
13876.3000 706 383 0.5425
13894.0000 707 383 0.5417
13915.0000 708 383 0.5410
13937.0000 709 383 0.5402
13952.0000 710 383 0.5394
13955.8000 710 384 0.5408
13956.2000 710 385 0.5423
13976.0000 711 385 0.5415
13994.0000 712 385 0.5407
14011.0000 713 385 0.5400
14013.5000 713 386 0.5414
14013.9000 713 387 0.5428
14032.0000 714 387 0.5420
14046.8000 714 388 0.5434
14056.0000 715 388 0.5427
14072.2000 715 389 0.5441
14073.7000 715 390 0.5455
14077.0000 716 390 0.5447
14092.0000 717 390 0.5439
14107.0000 718 390 0.5432
14107.8000 718 391 0.5446
14109.6000 718 392 0.5460
14123.0000 719 392 0.5452
14141.4000 719 393 0.5466
14147.0000 720 393 0.5458
14167.0000 721 393 0.5451
14186.0000 722 393 0.5443
14204.0000 723 393 0.5436
14225.0000 724 393 0.5428
14245.0000 725 393 0.5421
14267.0000 726 393 0.5413
14284.4000 726 394 0.5427
14286.0000 727 394 0.5420
14304.0000 728 394 0.5412
14306.8000 728 395 0.5426
14323.0000 729 395 0.5418
14343.0000 730 395 0.5411
14363.0000 731 395 0.5404
14379.8000 731 396 0.5417
14385.0000 732 396 0.5410
14404.0000 733 396 0.5402
14420.0000 734 396 0.5395
14421.0000 734 397 0.5409
14433.0000 734 398 0.5422
14441.0000 735 398 0.5415
14456.0000 736 398 0.5408
14466.4000 736 399 0.5421
14475.0000 737 399 0.5414
14499.0000 738 399 0.5407
14523.0000 739 399 0.5399
14544.0000 740 399 0.5392
14547.2000 740 400 0.5405
14568.0000 741 400 0.5398
14569.4000 741 401 0.5412
14588.0000 742 401 0.5404
14601.2000 742 402 0.5418
14603.0000 743 402 0.5410
14618.0000 744 402 0.5403
14629.4000 744 403 0.5417
14638.0000 744 404 0.5430
14639.0000 745 404 0.5423
14655.0000 746 404 0.5416
14665.1000 746 405 0.5429
14676.0000 747 405 0.5422
14684.6000 747 406 0.5435
14696.0000 748 406 0.5428
14718.0000 749 406 0.5421
14723.7000 749 407 0.5434
14733.2000 749 408 0.5447
14736.0000 750 408 0.5440
14746.0000 750 409 0.5453
14746.4000 750 410 0.5467
14756.0000 751 410 0.5459
14762.0000 751 411 0.5473
14773.0000 752 411 0.5465
14790.0000 753 411 0.5458
14809.0000 754 411 0.5451
14828.1000 754 412 0.5464
14828.8000 754 413 0.5477
14831.0000 755 413 0.5470
14848.0000 756 413 0.5463
14857.2000 756 414 0.5476
14867.0000 757 414 0.5469
14889.0000 758 414 0.5462
14905.0000 759 414 0.5455
14927.0000 760 414 0.5447
14942.0000 761 414 0.5440
14961.0000 762 414 0.5433
14964.4000 762 415 0.5446
14975.8000 762 416 0.5459
14984.0000 763 416 0.5452
14999.0000 764 416 0.5445
15001.4000 764 417 0.5458
15021.0000 765 417 0.5451
15041.0000 766 417 0.5444
15058.0000 767 417 0.5437
15063.2000 767 418 0.5450
15074.0000 768 418 0.5443
15083.4000 768 419 0.5456
15093.0000 769 419 0.5449
15114.0000 770 419 0.5442
15123.0000 770 420 0.5455
15132.0000 771 420 0.5447
15149.0000 772 420 0.5440
15155.7000 772 421 0.5453
15172.0000 773 421 0.5446
15181.5000 773 422 0.5459
15184.7000 773 423 0.5472
15185.1000 773 424 0.5485
15190.0000 774 424 0.5478
15212.0000 775 424 0.5471
15235.0000 776 424 0.5464
15256.0000 777 424 0.5457
15275.7000 777 425 0.5470
15280.0000 778 425 0.5463
15297.0000 779 425 0.5456
15318.0000 780 425 0.5449
15336.0000 781 425 0.5442
15360.0000 782 425 0.5435
15381.0000 783 425 0.5428
15386.6000 783 426 0.5441
15399.0000 784 426 0.5434
15407.7000 784 427 0.5446
15419.0000 785 427 0.5439
15439.2000 785 428 0.5452
15441.0000 786 428 0.5445
15459.3000 786 429 0.5458
15465.0000 787 429 0.5451
15482.0000 788 429 0.5444
15504.0000 789 429 0.5437
15517.2000 789 430 0.5450
15526.0000 790 430 0.5443
15536.2000 790 431 0.5456
15547.0000 791 431 0.5449
15569.0000 792 431 0.5442
15583.0000 792 432 0.5455
15591.0000 793 432 0.5448
15615.0000 794 432 0.5441
15632.0000 795 432 0.5434
15651.0000 796 432 0.5427
15662.6000 796 433 0.5440
15666.0000 797 433 0.5433
15684.0000 798 433 0.5426
15705.5000 798 434 0.5439
15708.0000 799 434 0.5432
15724.0000 800 434 0.5425
15744.5000 800 435 0.5438
15746.0000 801 435 0.5431
15764.0000 802 435 0.5424
15780.2000 802 436 0.5436
15782.0000 803 436 0.5430
15793.3000 803 437 0.5442
15799.0000 804 437 0.5435
15815.0000 805 437 0.5429
15838.0000 806 437 0.5422
15854.0000 807 437 0.5415
15873.0000 808 437 0.5408
15891.0000 808 438 0.5421
15894.0000 809 438 0.5414
15909.0000 810 438 0.5407
15927.0000 811 438 0.5401
15948.0000 812 438 0.5394
15953.1000 812 439 0.5406
15956.3000 812 440 0.5419
15967.0000 813 440 0.5412
15990.0000 814 440 0.5405
16004.6000 814 441 0.5418
16010.0000 815 441 0.5411
16014.3000 815 442 0.5423
16027.0000 816 442 0.5417
16039.8000 816 443 0.5429
16042.0000 817 443 0.5422
16048.6000 817 444 0.5435
16061.0000 818 444 0.5428
16080.0000 819 444 0.5421
16083.5000 819 445 0.5433
16104.0000 820 445 0.5427
16124.0000 821 445 0.5420
16139.0000 822 445 0.5414
16155.0000 823 445 0.5407
16175.0000 824 445 0.5400
16184.1000 824 446 0.5413
16196.0000 825 446 0.5406
16199.9000 825 447 0.5418
16208.2000 825 448 0.5430
16212.0000 826 448 0.5424
16220.0000 826 449 0.5436
16230.0000 827 449 0.5429
16245.0000 828 449 0.5423
16261.0000 829 449 0.5416
16281.0000 830 449 0.5410
16301.0000 831 449 0.5403
16308.8000 831 450 0.5415
16309.6000 831 451 0.5427
16322.0000 832 451 0.5421
16334.0000 832 452 0.5433
16338.0000 833 452 0.5426
16346.4000 833 453 0.5438
16348.2000 833 454 0.5450
16357.0000 834 454 0.5444
16380.0000 835 454 0.5437
16390.6000 835 455 0.5449
16399.0000 836 455 0.5443
16416.0000 837 455 0.5436
16433.0000 838 455 0.5430
16455.0000 839 455 0.5423
16479.0000 840 455 0.5417
16503.0000 841 455 0.5410
16520.1000 841 456 0.5422
16526.0000 842 456 0.5416
16547.0000 843 456 0.5409
16568.0000 844 456 0.5403
16589.0000 845 456 0.5396
16610.0000 846 456 0.5390
16627.8000 846 457 0.5402
16628.0000 847 457 0.5396
16628.5000 847 458 0.5407
16639.1000 847 459 0.5419
16646.0000 848 459 0.5413
16662.0000 849 459 0.5406
16662.2000 849 460 0.5418
16682.0000 850 460 0.5412
16699.0000 851 460 0.5405
16721.7000 851 461 0.5417
16723.0000 852 461 0.5411
16745.0000 853 461 0.5404
16760.0000 854 461 0.5398
16783.0000 855 461 0.5392
16800.0000 856 461 0.5386
16818.0000 857 461 0.5379
16835.0000 858 461 0.5373
16852.1000 858 462 0.5385
16858.0000 859 462 0.5378
16863.2000 859 463 0.5390
16881.0000 860 463 0.5384
16901.0000 861 463 0.5377
16917.0000 862 463 0.5371
16932.3000 862 464 0.5383
16935.0000 863 464 0.5377
16935.5000 863 465 0.5388
16959.0000 864 465 0.5382
16963.5000 864 466 0.5394
16979.0000 864 467 0.5405
16980.0000 865 467 0.5399
16997.0000 866 467 0.5393
17019.7000 866 468 0.5404
17021.0000 867 468 0.5398
17040.0000 868 468 0.5392
17051.8000 868 469 0.5403
17063.0000 869 469 0.5397
17075.7000 869 470 0.5409
17082.0000 870 470 0.5402
17087.8000 870 471 0.5414
17105.0000 871 471 0.5408
17126.0000 872 471 0.5401
17143.0000 873 471 0.5395
17153.6000 873 472 0.5407
17162.0000 874 472 0.5400
17181.0000 875 472 0.5394
17202.0000 876 472 0.5388
17224.9000 876 473 0.5400
17225.0000 877 473 0.5393
17226.5000 877 474 0.5405
17240.0000 878 474 0.5399
17259.0000 879 474 0.5392
17278.0000 880 474 0.5386
17299.0000 881 474 0.5380
17318.0000 882 474 0.5374
17336.0000 883 474 0.5368
17341.5000 883 475 0.5379
17353.0000 884 475 0.5373
17357.6000 884 476 0.5385
17370.0000 885 476 0.5379
17371.3000 885 477 0.5390
17393.6000 885 478 0.5401
17394.0000 886 478 0.5395
17416.0000 887 478 0.5389
17439.0000 888 478 0.5383
17454.0000 889 478 0.5377
17458.4000 889 479 0.5388
17467.5000 889 480 0.5399
17470.6000 889 481 0.5411
17471.5000 889 482 0.5422
17477.0000 890 482 0.5416
17497.0000 891 482 0.5410
17515.0000 892 482 0.5404
17535.0000 893 482 0.5398
17558.0000 894 482 0.5391
17568.6000 894 483 0.5403
17574.0000 895 483 0.5397
17598.0000 896 483 0.5391
17599.3000 896 484 0.5402
17619.0000 897 484 0.5396
17639.0000 898 484 0.5390
17654.0000 899 484 0.5384
17672.0000 900 484 0.5378
17690.0000 901 484 0.5372
17710.0000 902 484 0.5366
17730.2000 902 485 0.5377
17734.0000 903 485 0.5371
17747.1000 903 486 0.5382
17751.0000 904 486 0.5376
17773.8000 904 487 0.5387
17774.0000 905 487 0.5381
17793.0000 906 487 0.5375
17808.0000 907 487 0.5369
17816.2000 907 488 0.5380
17826.0000 908 488 0.5374
17846.0000 909 488 0.5369
17864.0000 910 488 0.5363
17865.2000 910 489 0.5374
17884.0000 911 489 0.5368
17899.0000 912 489 0.5362
17915.7000 912 490 0.5373
17917.0000 913 490 0.5367
17934.5000 913 491 0.5378
17934.7000 913 492 0.5389
17936.0000 914 492 0.5383
17941.6000 914 493 0.5394
17951.1000 914 494 0.5405
17958.0000 915 494 0.5399
17960.0000 915 495 0.5410
17976.0000 916 495 0.5404
18000.0000 917 495 0.5398
