# time  created  delivered  delivered/created
22.0000 1 0 0.0000
38.0000 2 0 0.0000
54.0000 3 0 0.0000
72.0000 4 0 0.0000
94.0000 5 0 0.0000
110.0000 6 0 0.0000
133.0000 7 0 0.0000
153.0000 8 0 0.0000
175.0000 9 0 0.0000
191.0000 10 0 0.0000
210.0000 11 0 0.0000
225.0000 12 0 0.0000
249.0000 13 0 0.0000
265.0000 14 0 0.0000
281.0000 15 0 0.0000
304.0000 16 0 0.0000
328.0000 17 0 0.0000
343.0000 18 0 0.0000
367.0000 19 0 0.0000
382.0000 20 0 0.0000
399.0000 21 0 0.0000
420.0000 22 0 0.0000
439.0000 23 0 0.0000
458.0000 24 0 0.0000
480.0000 25 0 0.0000
497.0000 26 0 0.0000
515.0000 27 0 0.0000
538.0000 28 0 0.0000
562.0000 29 0 0.0000
581.0000 30 0 0.0000
581.2000 30 1 0.0333
603.0000 31 1 0.0323
625.0000 32 1 0.0313
641.2000 32 2 0.0625
646.0000 33 2 0.0606
661.6000 33 3 0.0909
667.0000 34 3 0.0882
685.0000 35 3 0.0857
691.0000 35 4 0.1143
700.0000 36 4 0.1111
713.7000 36 5 0.1389
722.0000 37 5 0.1351
741.0000 38 5 0.1316
764.0000 39 5 0.1282
773.6000 39 6 0.1538
784.0000 40 6 0.1500
806.0000 41 6 0.1463
829.0000 42 6 0.1429
851.0000 43 6 0.1395
873.0000 44 6 0.1364
895.0000 45 6 0.1333
918.0000 46 6 0.1304
935.7000 46 7 0.1522
941.0000 47 7 0.1489
957.0000 48 7 0.1458
975.0000 49 7 0.1429
998.0000 50 7 0.1400
1018.0000 51 7 0.1373
1040.0000 52 7 0.1346
1056.0000 53 7 0.1321
1077.0000 54 7 0.1296
1096.0000 55 7 0.1273
1117.0000 56 7 0.1250
1137.0000 57 7 0.1228
1159.0000 58 7 0.1207
1179.0000 59 7 0.1186
1194.4000 59 8 0.1356
1201.0000 60 8 0.1333
1216.0000 61 8 0.1311
1225.2000 61 9 0.1475
1226.1000 61 10 0.1639
1232.0000 62 10 0.1613
1251.0000 63 10 0.1587
1268.0000 64 10 0.1563
1287.0000 65 10 0.1538
1308.0000 66 10 0.1515
1327.0000 67 10 0.1493
1342.0000 68 10 0.1471
1364.0000 69 10 0.1449
1381.1000 69 11 0.1594
1388.0000 70 11 0.1571
1397.1000 70 12 0.1714
1407.0000 71 12 0.1690
1408.5000 71 13 0.1831
1422.0000 72 13 0.1806
1442.0000 73 13 0.1781
1464.0000 74 13 0.1757
1475.9000 74 14 0.1892
1478.4000 74 15 0.2027
1479.0000 75 15 0.2000
1483.1000 75 16 0.2133
1500.0000 76 16 0.2105
1518.0000 77 16 0.2078
1542.0000 78 16 0.2051
1562.0000 79 16 0.2025
1577.0000 80 16 0.2000
1594.5000 80 17 0.2125
1600.0000 81 17 0.2099
1620.0000 82 17 0.2073
1637.0000 83 17 0.2048
1652.0000 84 17 0.2024
1673.0000 85 17 0.2000
1695.0000 86 17 0.1977
1702.5000 86 18 0.2093
1706.4000 86 19 0.2209
1713.0000 87 19 0.2184
1736.2000 87 20 0.2299
1737.0000 87 21 0.2414
1737.0000 88 21 0.2386
1739.4000 88 22 0.2500
1739.8000 88 23 0.2614
1760.0000 89 23 0.2584
1781.0000 90 23 0.2556
1804.0000 91 23 0.2527
1826.0000 92 23 0.2500
1849.0000 93 23 0.2473
1870.0000 94 23 0.2447
1880.0000 94 24 0.2553
1882.8000 94 25 0.2660
1890.0000 95 25 0.2632
1911.0000 96 25 0.2604
1929.0000 97 25 0.2577
1948.0000 98 25 0.2551
1965.0000 99 25 0.2525
1980.0000 100 25 0.2500
1991.7000 100 26 0.2600
2002.0000 101 26 0.2574
2024.0000 102 26 0.2549
2035.6000 102 27 0.2647
2041.0000 103 27 0.2621
2064.0000 104 27 0.2596
2080.0000 105 27 0.2571
2095.0000 106 27 0.2547
2119.0000 107 27 0.2523
2139.0000 108 27 0.2500
2143.6000 108 28 0.2593
2161.0000 109 28 0.2569
2178.0000 110 28 0.2545
2199.0000 111 28 0.2523
2213.8000 111 29 0.2613
2217.0000 111 30 0.2703
2222.0000 112 30 0.2679
2240.0000 113 30 0.2655
2259.0000 114 30 0.2632
2275.0000 115 30 0.2609
2295.0000 116 30 0.2586
2314.0000 117 30 0.2564
2326.3000 117 31 0.2650
2335.0000 118 31 0.2627
2354.0000 119 31 0.2605
2377.0000 120 31 0.2583
2396.0000 121 31 0.2562
2411.0000 122 31 0.2541
2412.0000 122 32 0.2623
2433.0000 123 32 0.2602
2452.0000 124 32 0.2581
2460.7000 124 33 0.2661
2464.9000 124 34 0.2742
2470.9000 124 35 0.2823
2474.0000 125 35 0.2800
2490.0000 125 36 0.2880
2496.0000 126 36 0.2857
2511.0000 127 36 0.2835
2526.0000 128 36 0.2813
2531.5000 128 37 0.2891
2546.0000 129 37 0.2868
2554.8000 129 38 0.2946
2557.4000 129 39 0.3023
2563.0000 130 39 0.3000
2586.0000 131 39 0.2977
2601.0000 132 39 0.2955
2621.0000 133 39 0.2932
2641.0000 134 39 0.2910
2662.0000 135 39 0.2889
2678.0000 136 39 0.2868
2689.6000 136 40 0.2941
2690.0000 136 41 0.3015
2690.9000 136 42 0.3088
2693.0000 137 42 0.3066
2716.0000 138 42 0.3043
2729.2000 138 43 0.3116
2735.0000 139 43 0.3094
2741.3000 139 44 0.3165
2742.9000 139 45 0.3237
2754.0000 140 45 0.3214
2771.0000 141 45 0.3191
2788.0000 142 45 0.3169
2800.0000 142 46 0.3239
2803.7000 142 47 0.3310
2807.0000 143 47 0.3287
2823.6000 143 48 0.3357
2831.0000 144 48 0.3333
2840.1000 144 49 0.3403
2853.0000 145 49 0.3379
2868.0000 146 49 0.3356
2891.0000 147 49 0.3333
2899.2000 147 50 0.3401
2911.0000 148 50 0.3378
2926.0000 149 50 0.3356
2942.0000 150 50 0.3333
2947.3000 150 51 0.3400
2954.4000 150 52 0.3467
2962.0000 151 52 0.3444
2979.0000 152 52 0.3421
3003.0000 153 52 0.3399
3022.3000 153 53 0.3464
3024.0000 154 53 0.3442
3040.0000 155 53 0.3419
3059.0000 155 54 0.3484
3064.0000 156 54 0.3462
3065.8000 156 55 0.3526
3072.5000 156 56 0.3590
3084.5000 156 57 0.3654
3086.0000 157 57 0.3631
3110.0000 158 57 0.3608
3118.8000 158 58 0.3671
3129.0000 159 58 0.3648
3131.0000 159 59 0.3711
3147.0000 160 59 0.3688
3166.0000 161 59 0.3665
3190.0000 162 59 0.3642
3210.0000 163 59 0.3620
3225.0000 164 59 0.3598
3243.0000 165 59 0.3576
3260.0000 166 59 0.3554
3261.2000 166 60 0.3614
3271.5000 166 61 0.3675
3272.8000 166 62 0.3735
3283.0000 167 62 0.3713
3305.0000 168 62 0.3690
3321.0000 169 62 0.3669
3344.0000 170 62 0.3647
3364.2000 170 63 0.3706
3365.0000 171 63 0.3684
3385.0000 172 63 0.3663
3396.5000 172 64 0.3721
3408.0000 173 64 0.3699
3414.1000 173 65 0.3757
3414.4000 173 66 0.3815
3423.8000 173 67 0.3873
3428.0000 174 67 0.3851
3429.2000 174 68 0.3908
3449.0000 175 68 0.3886
3454.7000 175 69 0.3943
3456.6000 175 70 0.4000
3472.0000 176 70 0.3977
3488.0000 177 70 0.3955
3511.0000 178 70 0.3933
3512.4000 178 71 0.3989
3526.2000 178 72 0.4045
3530.6000 178 73 0.4101
3535.0000 179 73 0.4078
3547.0000 179 74 0.4134
3548.5000 179 75 0.4190
3551.5000 179 76 0.4246
3552.0000 180 76 0.4222
3569.8000 180 77 0.4278
3570.0000 181 77 0.4254
3570.4000 181 78 0.4309
3576.3000 181 79 0.4365
3589.0000 182 79 0.4341
3604.0000 183 79 0.4317
3619.0000 184 79 0.4293
3638.0000 185 79 0.4270
3653.0000 186 79 0.4247
3669.0000 187 79 0.4225
3682.2000 187 80 0.4278
3689.0000 188 80 0.4255
3712.0000 189 80 0.4233
3730.0000 190 80 0.4211
3754.0000 191 80 0.4188
3771.0000 192 80 0.4167
3787.0000 193 80 0.4145
3809.0000 194 80 0.4124
3832.0000 195 80 0.4103
3852.6000 195 81 0.4154
3854.0000 196 81 0.4133
3873.0000 197 81 0.4112
3895.0000 198 81 0.4091
3919.0000 199 81 0.4070
3938.0000 200 81 0.4050
3952.2000 200 82 0.4100
3953.0000 200 83 0.4150
3955.0000 201 83 0.4129
3975.0000 202 83 0.4109
3996.0000 203 83 0.4089
4012.0000 204 83 0.4069
4018.5000 204 84 0.4118
4031.0000 205 84 0.4098
4052.0000 206 84 0.4078
4054.9000 206 85 0.4126
4057.8000 206 86 0.4175
4060.9000 206 87 0.4223
4061.9000 206 88 0.4272
4070.0000 207 88 0.4251
4094.0000 208 88 0.4231
4115.0000 209 88 0.4211
4134.0000 210 88 0.4190
4153.0000 211 88 0.4171
4171.0000 212 88 0.4151
4187.1000 212 89 0.4198
4194.0000 213 89 0.4178
4205.9000 213 90 0.4225
4214.0000 214 90 0.4206
4235.0000 215 90 0.4186
4245.6000 215 91 0.4233
4251.0000 216 91 0.4213
4268.6000 216 92 0.4259
4272.0000 217 92 0.4240
4287.3000 217 93 0.4286
4290.0000 218 93 0.4266
4297.6000 218 94 0.4312
4314.0000 219 94 0.4292
4315.4000 219 95 0.4338
4338.0000 220 95 0.4318
4360.0000 221 95 0.4299
4381.0000 222 95 0.4279
4400.0000 223 95 0.4260
4419.0000 224 95 0.4241
4419.1000 224 96 0.4286
4428.4000 224 97 0.4330
4434.0000 225 97 0.4311
4435.5000 225 98 0.4356
4452.4000 225 99 0.4400
4453.5000 225 100 0.4444
4455.6000 225 101 0.4489
4458.0000 226 101 0.4469
4463.0000 226 102 0.4513
4475.9000 226 103 0.4558
4476.0000 227 103 0.4537
4497.0000 228 103 0.4518
4505.4000 228 104 0.4561
4515.0000 229 104 0.4541
4537.0000 230 104 0.4522
4556.0000 231 104 0.4502
4580.0000 232 104 0.4483
4597.0000 233 104 0.4464
4609.0000 233 105 0.4506
4614.0000 234 105 0.4487
4634.0000 235 105 0.4468
4655.0000 236 105 0.4449
4665.1000 236 106 0.4492
4670.2000 236 107 0.4534
4672.0000 237 107 0.4515
4689.0000 238 107 0.4496
4692.0000 238 108 0.4538
4706.0000 239 108 0.4519
4729.0000 240 108 0.4500
4743.5000 240 109 0.4542
4747.0000 241 109 0.4523
4747.5000 241 110 0.4564
4751.3000 241 111 0.4606
4762.0000 242 111 0.4587
4764.8000 242 112 0.4628
4783.0000 243 112 0.4609
4795.2000 243 113 0.4650
4807.0000 244 113 0.4631
4824.0000 245 113 0.4612
4848.0000 246 113 0.4593
4867.0000 247 113 0.4575
4886.0000 248 113 0.4556
4909.0000 249 113 0.4538
4928.0000 250 113 0.4520
4951.0000 251 113 0.4502
4966.0000 252 113 0.4484
4977.3000 252 114 0.4524
4979.5000 252 115 0.4563
4986.0000 253 115 0.4545
4989.5000 253 116 0.4585
4993.8000 253 117 0.4625
4995.1000 253 118 0.4664
5010.0000 254 118 0.4646
5033.0000 255 118 0.4627
5048.0000 256 118 0.4609
5072.0000 257 118 0.4591
5089.0000 258 118 0.4574
5095.0000 258 119 0.4612
5112.0000 259 119 0.4595
5131.0000 260 119 0.4577
5151.0000 261 119 0.4559
5175.0000 262 119 0.4542
5194.0000 263 119 0.4525
5209.7000 263 120 0.4563
5215.0000 264 120 0.4545
5237.0000 265 120 0.4528
5254.0000 266 120 0.4511
5269.0000 267 120 0.4494
5291.0000 268 120 0.4478
5307.0000 269 120 0.4461
5324.0000 270 120 0.4444
5325.3000 270 121 0.4481
5339.0000 271 121 0.4465
5355.3000 271 122 0.4502
5356.0000 272 122 0.4485
5371.0000 273 122 0.4469
5387.0000 274 122 0.4453
5410.0000 275 122 0.4436
5410.3000 275 123 0.4473
5411.5000 275 124 0.4509
5426.0000 276 124 0.4493
5430.3000 276 125 0.4529
5447.0000 277 125 0.4513
5470.0000 278 125 0.4496
5490.0000 279 125 0.4480
5504.6000 279 126 0.4516
5507.0000 280 126 0.4500
5516.3000 280 127 0.4536
5528.0000 281 127 0.4520
5542.9000 281 128 0.4555
5546.0000 282 128 0.4539
5564.0000 283 128 0.4523
5566.2000 283 129 0.4558
5568.1000 283 130 0.4594
5584.0000 284 130 0.4577
5607.0000 285 130 0.4561
5622.0000 285 131 0.4596
5625.0000 286 131 0.4580
5643.0000 287 131 0.4564
5665.0000 288 131 0.4549
5685.0000 289 131 0.4533
5699.0000 289 132 0.4567
5704.0000 290 132 0.4552
5724.0000 291 132 0.4536
5727.8000 291 133 0.4570
5745.0000 292 133 0.4555
5745.2000 292 134 0.4589
5760.0000 293 134 0.4573
5770.4000 293 135 0.4608
5778.9000 293 136 0.4642
5784.0000 294 136 0.4626
5805.0000 295 136 0.4610
5807.1000 295 137 0.4644
5822.0000 296 137 0.4628
5841.0000 297 137 0.4613
5855.7000 297 138 0.4646
5859.0000 298 138 0.4631
5860.0000 298 139 0.4664
5862.4000 298 140 0.4698
5865.2000 298 141 0.4732
5874.0000 299 141 0.4716
5893.0000 300 141 0.4700
5895.4000 300 142 0.4733
5896.1000 300 143 0.4767
5898.7000 300 144 0.4800
5914.0000 301 144 0.4784
5932.0000 302 144 0.4768
5953.0000 303 144 0.4752
5968.9000 303 145 0.4785
5971.0000 304 145 0.4770
5986.0000 305 145 0.4754
5996.8000 305 146 0.4787
6003.8000 305 147 0.4820
6007.7000 305 148 0.4852
6008.0000 306 148 0.4837
6008.4000 306 149 0.4869
6024.0000 307 149 0.4853
6029.0000 307 150 0.4886
6037.2000 307 151 0.4919
6041.0000 308 151 0.4903
6041.3000 308 152 0.4935
6063.0000 309 152 0.4919
6068.1000 309 153 0.4951
6074.6000 309 154 0.4984
6087.0000 310 154 0.4968
6105.0000 311 154 0.4952
6114.3000 311 155 0.4984
6124.0000 312 155 0.4968
6129.8000 312 156 0.5000
6145.0000 313 156 0.4984
6166.0000 314 156 0.4968
6182.0000 315 156 0.4952
6201.0000 316 156 0.4937
6216.0000 317 156 0.4921
6231.0000 318 156 0.4906
6245.2000 318 157 0.4937
6248.0000 319 157 0.4922
6261.7000 319 158 0.4953
6267.0000 320 158 0.4938
6289.0000 321 158 0.4922
6289.3000 321 159 0.4953
6299.1000 321 160 0.4984
6308.0000 322 160 0.4969
6320.5000 322 161 0.5000
6332.0000 323 161 0.4985
6355.0000 324 161 0.4969
6372.0000 325 161 0.4954
6374.6000 325 162 0.4985
6387.8000 325 163 0.5015
6391.9000 325 164 0.5046
6393.0000 326 164 0.5031
6394.0000 326 165 0.5061
6412.5000 326 166 0.5092
6417.0000 327 166 0.5076
6431.8000 327 167 0.5107
6441.0000 328 167 0.5091
6460.0000 328 168 0.5122
6464.6000 328 169 0.5152
6465.0000 329 169 0.5137
6467.0000 329 170 0.5167
6486.0000 330 170 0.5152
6502.0000 331 170 0.5136
6518.0000 332 170 0.5120
6536.0000 333 170 0.5105
6548.1000 333 171 0.5135
6553.5000 333 172 0.5165
6554.1000 333 173 0.5195
6555.0000 334 173 0.5180
6564.7000 334 174 0.5210
6572.0000 335 174 0.5194
6591.0000 336 174 0.5179
6606.9000 336 175 0.5208
6608.0000 337 175 0.5193
6631.0000 338 175 0.5178
6646.0000 339 175 0.5162
6665.0000 340 175 0.5147
6669.5000 340 176 0.5176
6684.0000 341 176 0.5161
6687.9000 341 177 0.5191
6696.4000 341 178 0.5220
6708.0000 342 178 0.5205
6725.0000 343 178 0.5190
6743.9000 343 179 0.5219
6745.0000 344 179 0.5203
6751.4000 344 180 0.5233
6753.2000 344 181 0.5262
6760.0000 345 181 0.5246
6765.3000 345 182 0.5275
6776.9000 345 183 0.5304
6781.0000 346 183 0.5289
6793.8000 346 184 0.5318
6800.0000 347 184 0.5303
6816.0000 348 184 0.5287
6827.4000 348 185 0.5316
6839.0000 349 185 0.5301
6854.0000 350 185 0.5286
6874.0000 351 185 0.5271
6889.0000 352 185 0.5256
6893.6000 352 186 0.5284
6900.6000 352 187 0.5313
6909.0000 353 187 0.5297
6917.1000 353 188 0.5326
6921.2000 353 189 0.5354
6930.0000 354 189 0.5339
6950.0000 354 190 0.5367
6951.0000 355 190 0.5352
6952.1000 355 191 0.5380
6971.0000 356 191 0.5365
6973.3000 356 192 0.5393
6978.5000 356 193 0.5421
6989.4000 356 194 0.5449
6995.0000 357 194 0.5434
7008.1000 357 195 0.5462
7010.0000 358 195 0.5447
7010.7000 358 196 0.5475
7012.1000 358 197 0.5503
7013.4000 358 198 0.5531
7019.8000 358 199 0.5559
7021.7000 358 200 0.5587
7029.0000 359 200 0.5571
7044.3000 359 201 0.5599
7048.0000 360 201 0.5583
7062.9000 360 202 0.5611
7071.0000 361 202 0.5596
7073.0000 361 203 0.5623
7093.0000 362 203 0.5608
7093.3000 362 204 0.5635
7104.9000 362 205 0.5663
7108.0000 363 205 0.5647
7130.0000 364 205 0.5632
7147.0000 365 205 0.5616
7163.0000 366 205 0.5601
7177.2000 366 206 0.5628
7179.6000 366 207 0.5656
7180.0000 367 207 0.5640
7197.0000 368 207 0.5625
7221.0000 369 207 0.5610
7240.0000 370 207 0.5595
7243.4000 370 208 0.5622
7253.6000 370 209 0.5649
7255.0000 371 209 0.5633
7272.0000 372 209 0.5618
7290.8000 372 210 0.5645
7296.0000 373 210 0.5630
7305.1000 373 211 0.5657
7314.6000 373 212 0.5684
7315.8000 373 213 0.5710
7319.0000 374 213 0.5695
7333.2000 374 214 0.5722
7335.0000 375 214 0.5707
7358.0000 376 214 0.5691
7378.0000 377 214 0.5676
7389.9000 377 215 0.5703
7393.2000 377 216 0.5729
7394.0000 378 216 0.5714
7411.0000 379 216 0.5699
7435.0000 380 216 0.5684
7436.5000 380 217 0.5711
7459.0000 381 217 0.5696
7480.0000 382 217 0.5681
7481.3000 382 218 0.5707
7498.0000 383 218 0.5692
7498.8000 383 219 0.5718
7514.0000 384 219 0.5703
7536.0000 385 219 0.5688
7546.9000 385 220 0.5714
7549.7000 385 221 0.5740
7549.9000 385 222 0.5766
7559.0000 386 222 0.5751
7566.1000 386 223 0.5777
7574.0000 387 223 0.5762
7583.5000 387 224 0.5788
7589.5000 387 225 0.5814
7595.0000 388 225 0.5799
7600.5000 388 226 0.5825
7601.8000 388 227 0.5851
7610.5000 388 228 0.5876
7613.0000 389 228 0.5861
7621.5000 389 229 0.5887
7622.6000 389 230 0.5913
7632.0000 390 230 0.5897
7650.2000 390 231 0.5923
7656.0000 391 231 0.5908
7673.0000 392 231 0.5893
7685.6000 392 232 0.5918
7696.0000 393 232 0.5903
7713.0000 394 232 0.5888
7730.0000 395 232 0.5873
7745.0000 396 232 0.5859
7762.0000 397 232 0.5844
7769.2000 397 233 0.5869
7784.0000 398 233 0.5854
7804.0000 399 233 0.5840
7822.0000 400 233 0.5825
7822.3000 400 234 0.5850
7823.0000 400 235 0.5875
7840.0000 401 235 0.5860
7858.0000 402 235 0.5846
7874.0000 403 235 0.5831
7878.2000 403 236 0.5856
7883.6000 403 237 0.5881
7895.0000 404 237 0.5866
7914.0000 405 237 0.5852
7922.2000 405 238 0.5877
7931.0000 406 238 0.5862
7935.7000 406 239 0.5887
7948.0000 407 239 0.5872
7962.2000 407 240 0.5897
7972.0000 408 240 0.5882
7987.0000 409 240 0.5868
7992.4000 409 241 0.5892
8002.0000 410 241 0.5878
8017.4000 410 242 0.5902
8024.0000 411 242 0.5888
8035.3000 411 243 0.5912
8040.0000 412 243 0.5898
8041.7000 412 244 0.5922
8059.0000 413 244 0.5908
8069.1000 413 245 0.5932
8082.0000 414 245 0.5918
8085.0000 414 246 0.5942
8099.0000 415 246 0.5928
8106.7000 415 247 0.5952
8108.6000 415 248 0.5976
8116.0000 416 248 0.5962
8137.0000 417 248 0.5947
8144.6000 417 249 0.5971
8158.0000 418 249 0.5957
8168.9000 418 250 0.5981
8173.0000 419 250 0.5967
8190.0000 420 250 0.5952
8205.0000 421 250 0.5938
8205.7000 421 251 0.5962
8227.0000 422 251 0.5948
8229.6000 422 252 0.5972
8235.0000 422 253 0.5995
8251.0000 423 253 0.5981
8270.0000 423 254 0.6005
8272.4000 423 255 0.6028
8272.4000 423 256 0.6052
8275.0000 424 256 0.6038
8283.2000 424 257 0.6061
8284.1000 424 258 0.6085
8285.2000 424 259 0.6108
8297.0000 425 259 0.6094
8317.0000 426 259 0.6080
8336.0000 427 259 0.6066
8359.0000 428 259 0.6051
8375.0000 429 259 0.6037
8393.7000 429 260 0.6061
8396.0000 430 260 0.6047
8399.8000 430 261 0.6070
8414.0000 431 261 0.6056
8428.2000 431 262 0.6079
8437.0000 432 262 0.6065
8453.0000 433 262 0.6051
8457.5000 433 263 0.6074
8468.0000 434 263 0.6060
8492.0000 435 263 0.6046
8510.0000 436 263 0.6032
8525.0000 437 263 0.6018
8544.0000 438 263 0.6005
8548.0000 438 264 0.6027
8556.0000 438 265 0.6050
8566.0000 439 265 0.6036
8570.0000 439 266 0.6059
8570.5000 439 267 0.6082
8578.2000 439 268 0.6105
8586.0000 440 268 0.6091
8609.0000 441 268 0.6077
8625.0000 442 268 0.6063
8630.5000 442 269 0.6086
8642.9000 442 270 0.6109
8644.0000 443 270 0.6095
8663.0000 444 270 0.6081
8663.0000 444 271 0.6104
8681.0000 445 271 0.6090
8697.0000 446 271 0.6076
8699.3000 446 272 0.6099
8705.9000 446 273 0.6121
8719.0000 447 273 0.6107
8743.0000 448 273 0.6094
8748.8000 448 274 0.6116
8767.0000 449 274 0.6102
8778.0000 449 275 0.6125
8784.0000 450 275 0.6111
8794.1000 450 276 0.6133
8800.0000 451 276 0.6120
8823.0000 452 276 0.6106
8824.9000 452 277 0.6128
8839.0000 453 277 0.6115
8854.0000 454 277 0.6101
8869.0000 455 277 0.6088
8873.3000 455 278 0.6110
8888.6000 455 279 0.6132
8892.0000 456 279 0.6118
8897.5000 456 280 0.6140
8911.0000 457 280 0.6127
8925.8000 457 281 0.6149
8929.0000 458 281 0.6135
8944.0000 459 281 0.6122
8945.5000 459 282 0.6144
8955.3000 459 283 0.6166
8961.0000 460 283 0.6152
8968.9000 460 284 0.6174
8979.0000 461 284 0.6161
8996.6000 461 285 0.6182
8997.0000 462 285 0.6169
9011.3000 462 286 0.6190
9012.0000 462 287 0.6212
9013.0000 463 287 0.6199
9020.1000 463 288 0.6220
9026.4000 463 289 0.6242
9035.0000 464 289 0.6228
9058.0000 465 289 0.6215
9058.2000 465 290 0.6237
9070.2000 465 291 0.6258
9071.2000 465 292 0.6280
9073.0000 466 292 0.6266
9075.4000 466 293 0.6288
9095.0000 467 293 0.6274
9113.8000 467 294 0.6296
9119.0000 468 294 0.6282
9143.0000 469 294 0.6269
9162.0000 470 294 0.6255
9172.0000 470 295 0.6277
9184.4000 470 296 0.6298
9186.0000 471 296 0.6285
9196.5000 471 297 0.6306
9208.4000 471 298 0.6327
9209.0000 472 298 0.6314
9209.2000 472 299 0.6335
9219.1000 472 300 0.6356
9224.0000 473 300 0.6342
9245.0000 474 300 0.6329
9253.4000 474 301 0.6350
9264.0000 475 301 0.6337
9288.0000 476 301 0.6324
9294.6000 476 302 0.6345
9306.5000 476 303 0.6366
9310.0000 477 303 0.6352
9314.0000 477 304 0.6373
9321.5000 477 305 0.6394
9326.0000 478 305 0.6381
9338.9000 478 306 0.6402
9341.0000 479 306 0.6388
9365.0000 480 306 0.6375
9365.4000 480 307 0.6396
9387.0000 481 307 0.6383
9403.0000 482 307 0.6369
9426.0000 483 307 0.6356
9444.0000 484 307 0.6343
9468.0000 485 307 0.6330
9485.0000 486 307 0.6317
9496.5000 486 308 0.6337
9503.0000 487 308 0.6324
9527.0000 488 308 0.6311
9528.3000 488 309 0.6332
9528.7000 488 310 0.6352
9538.8000 488 311 0.6373
9550.0000 489 311 0.6360
9550.4000 489 312 0.6380
9573.0000 490 312 0.6367
9591.0000 491 312 0.6354
9613.4000 491 313 0.6375
9614.0000 492 313 0.6362
9632.0000 493 313 0.6349
9653.0000 494 313 0.6336
9665.4000 494 314 0.6356
9673.6000 494 315 0.6377
9676.0000 495 315 0.6364
9693.0000 496 315 0.6351
9695.2000 496 316 0.6371
9715.0000 497 316 0.6358
9736.0000 498 316 0.6345
9738.5000 498 317 0.6365
9748.3000 498 318 0.6386
9748.5000 498 319 0.6406
9748.9000 498 320 0.6426
9750.0000 498 321 0.6446
9751.4000 498 322 0.6466
9752.0000 499 322 0.6453
9761.5000 499 323 0.6473
9768.7000 499 324 0.6493
9776.0000 500 324 0.6480
9791.7000 500 325 0.6500
9799.0000 501 325 0.6487
9804.1000 501 326 0.6507
9817.1000 501 327 0.6527
9821.0000 502 327 0.6514
9837.0000 503 327 0.6501
9844.3000 503 328 0.6521
9846.7000 503 329 0.6541
9861.0000 504 329 0.6528
9879.0000 505 329 0.6515
9881.3000 505 330 0.6535
9881.8000 505 331 0.6554
9894.0000 506 331 0.6542
9905.9000 506 332 0.6561
9907.1000 506 333 0.6581
9909.0000 507 333 0.6568
9927.0000 508 333 0.6555
9946.0000 509 333 0.6542
9969.0000 510 333 0.6529
9988.0000 511 333 0.6517
9995.7000 511 334 0.6536
10007.0000 512 334 0.6523
10007.4000 512 335 0.6543
10013.2000 512 336 0.6563
10024.0000 513 336 0.6550
10026.8000 513 337 0.6569
10037.7000 513 338 0.6589
10044.0000 514 338 0.6576
10067.0000 515 338 0.6563
10079.6000 515 339 0.6583
10087.0000 516 339 0.6570
10108.0000 516 340 0.6589
10108.8000 516 341 0.6609
10111.0000 517 341 0.6596
10111.2000 517 342 0.6615
10123.9000 517 343 0.6634
10132.0000 518 343 0.6622
10154.0000 519 343 0.6609
10155.7000 519 344 0.6628
10177.0000 520 344 0.6615
10194.0000 521 344 0.6603
10207.2000 521 345 0.6622
10216.0000 522 345 0.6609
10235.0000 523 345 0.6597
10257.0000 524 345 0.6584
10265.1000 524 346 0.6603
10272.5000 524 347 0.6622
10279.7000 524 348 0.6641
10281.0000 525 348 0.6629
10292.1000 525 349 0.6648
10300.0000 526 349 0.6635
10320.0000 527 349 0.6622
10343.0000 528 349 0.6610
10366.0000 529 349 0.6597
10374.1000 529 350 0.6616
10379.4000 529 351 0.6635
10382.0000 530 351 0.6623
10402.0000 531 351 0.6610
10403.2000 531 352 0.6629
10410.2000 531 353 0.6648
10423.0000 532 353 0.6635
10424.8000 532 354 0.6654
10441.0000 533 354 0.6642
10441.0000 533 355 0.6660
10443.4000 533 356 0.6679
10461.0000 534 356 0.6667
10466.5000 534 357 0.6685
10474.0000 534 358 0.6704
10480.0000 535 358 0.6692
10496.9000 535 359 0.6710
10497.0000 536 359 0.6698
10518.0000 537 359 0.6685
10524.1000 537 360 0.6704
10530.5000 537 361 0.6723
10536.0000 537 362 0.6741
10537.0000 538 362 0.6729
10538.1000 538 363 0.6747
10551.1000 538 364 0.6766
10555.0000 539 364 0.6753
10571.0000 540 364 0.6741
10591.0000 541 364 0.6728
10597.1000 541 365 0.6747
10615.0000 542 365 0.6734
10637.0000 543 365 0.6722
10645.7000 543 366 0.6740
10648.9000 543 367 0.6759
10657.0000 544 367 0.6746
10665.2000 544 368 0.6765
10681.0000 545 368 0.6752
10703.0000 546 368 0.6740
10713.5000 546 369 0.6758
10726.0000 547 369 0.6746
10748.0000 548 369 0.6734
10768.0000 549 369 0.6721
10781.7000 549 370 0.6740
10788.0000 550 370 0.6727
10808.0000 551 370 0.6715
10808.2000 551 371 0.6733
10823.0000 552 371 0.6721
10842.0000 553 371 0.6709
10862.3000 553 372 0.6727
10866.0000 554 372 0.6715
10876.4000 554 373 0.6733
10877.9000 554 374 0.6751
10884.2000 554 375 0.6769
10885.0000 555 375 0.6757
10887.3000 555 376 0.6775
10907.0000 556 376 0.6763
10925.0000 557 376 0.6750
10942.0000 558 376 0.6738
10966.0000 559 376 0.6726
10983.0000 560 376 0.6714
11006.0000 561 376 0.6702
11019.7000 561 377 0.6720
11021.3000 561 378 0.6738
11023.0000 562 378 0.6726
11024.1000 562 379 0.6744
11038.9000 562 380 0.6762
11046.0000 563 380 0.6750
11057.2000 563 381 0.6767
11057.8000 563 382 0.6785
11068.0000 564 382 0.6773
11084.0000 565 382 0.6761
11102.0000 566 382 0.6749
11116.8000 566 383 0.6767
11120.0000 567 383 0.6755
11131.7000 567 384 0.6772
11137.9000 567 385 0.6790
11143.0000 568 385 0.6778
11144.0000 568 386 0.6796
11146.6000 568 387 0.6813
11166.0000 569 387 0.6801
11171.9000 569 388 0.6819
11182.0000 570 388 0.6807
11191.1000 570 389 0.6825
11201.0000 571 389 0.6813
11207.5000 571 390 0.6830
11208.2000 571 391 0.6848
11210.6000 571 392 0.6865
11218.0000 572 392 0.6853
11238.0000 573 392 0.6841
11260.0000 574 392 0.6829
11280.0000 575 392 0.6817
11290.4000 575 393 0.6835
11298.0000 576 393 0.6823
11307.9000 576 394 0.6840
11308.0000 576 395 0.6858
11308.4000 576 396 0.6875
11315.7000 576 397 0.6892
11319.0000 577 397 0.6880
11332.9000 577 398 0.6898
11343.0000 578 398 0.6886
11363.0000 579 398 0.6874
11381.0000 580 398 0.6862
11392.0000 580 399 0.6879
11405.0000 581 399 0.6867
11424.0000 582 399 0.6856
11432.5000 582 400 0.6873
11433.4000 582 401 0.6890
11443.0000 583 401 0.6878
11443.6000 583 402 0.6895
11459.6000 583 403 0.6913
11467.0000 584 403 0.6901
11491.0000 585 403 0.6889
11508.7000 585 404 0.6906
11511.0000 586 404 0.6894
11513.2000 586 405 0.6911
11529.0000 587 405 0.6899
11534.4000 587 406 0.6917
11547.0000 588 406 0.6905
11566.0000 589 406 0.6893
11576.7000 589 407 0.6910
11586.0000 590 407 0.6898
11597.9000 590 408 0.6915
11610.0000 591 408 0.6904
11626.0000 592 408 0.6892
11640.2000 592 409 0.6909
11650.0000 593 409 0.6897
11665.0000 594 409 0.6886
11680.0000 595 409 0.6874
11688.2000 595 410 0.6891
11696.0000 596 410 0.6879
11711.0000 597 410 0.6868
11731.0000 598 410 0.6856
11755.0000 599 410 0.6845
11771.0000 600 410 0.6833
11774.2000 600 411 0.6850
11781.7000 600 412 0.6867
11790.0000 601 412 0.6855
11795.9000 601 413 0.6872
11805.5000 601 414 0.6889
11809.0000 602 414 0.6877
11827.0000 603 414 0.6866
11830.9000 603 415 0.6882
11831.1000 603 416 0.6899
11838.2000 603 417 0.6915
11841.3000 603 418 0.6932
11851.0000 604 418 0.6921
11867.0000 605 418 0.6909
11869.6000 605 419 0.6926
11872.9000 605 420 0.6942
11876.0000 605 421 0.6959
11885.0000 606 421 0.6947
11907.0000 607 421 0.6936
11929.0000 608 421 0.6924
11935.8000 608 422 0.6941
11940.3000 608 423 0.6957
11948.0000 609 423 0.6946
11951.7000 609 424 0.6962
11953.4000 609 425 0.6979
11959.7000 609 426 0.6995
11971.0000 610 426 0.6984
11989.6000 610 427 0.7000
11995.0000 611 427 0.6989
12012.0000 612 427 0.6977
12033.0000 613 427 0.6966
12042.0000 613 428 0.6982
12048.0000 614 428 0.6971
12051.8000 614 429 0.6987
12070.0000 615 429 0.6976
12072.7000 615 430 0.6992
12074.0000 615 431 0.7008
12079.6000 615 432 0.7024
12082.6000 615 433 0.7041
12088.0000 616 433 0.7029
12091.1000 616 434 0.7045
12092.1000 616 435 0.7062
12094.3000 616 436 0.7078
12104.0000 617 436 0.7066
12124.0000 618 436 0.7055
12145.0000 619 436 0.7044
12153.4000 619 437 0.7060
12153.5000 619 438 0.7076
12165.0000 620 438 0.7065
12189.0000 621 438 0.7053
12209.0000 622 438 0.7042
12211.8000 622 439 0.7058
12216.4000 622 440 0.7074
12217.1000 622 441 0.7090
12218.2000 622 442 0.7106
12220.5000 622 443 0.7122
12226.0000 623 443 0.7111
12243.7000 623 444 0.7127
12249.0000 624 444 0.7115
12264.2000 624 445 0.7131
12264.7000 624 446 0.7147
12270.0000 625 446 0.7136
12281.4000 625 447 0.7152
12287.0000 626 447 0.7141
12304.8000 626 448 0.7157
12305.0000 627 448 0.7145
12306.9000 627 449 0.7161
12323.0000 628 449 0.7150
12329.5000 628 450 0.7166
12330.1000 628 451 0.7182
12332.7000 628 452 0.7197
12339.0000 629 452 0.7186
12358.0000 630 452 0.7175
12377.0000 631 452 0.7163
12379.9000 631 453 0.7179
12389.5000 631 454 0.7195
12399.0000 632 454 0.7184
12416.9000 632 455 0.7199
12421.0000 633 455 0.7188
12444.0000 634 455 0.7177
12444.7000 634 456 0.7192
12463.0000 635 456 0.7181
12479.0000 636 456 0.7170
12483.1000 636 457 0.7186
12485.9000 636 458 0.7201
12487.4000 636 459 0.7217
12497.0000 637 459 0.7206
12518.0000 638 459 0.7194
12535.5000 638 460 0.7210
12538.0000 639 460 0.7199
12539.5000 639 461 0.7214
12556.0000 640 461 0.7203
12566.4000 640 462 0.7219
12569.6000 640 463 0.7234
12575.0000 641 463 0.7223
12587.1000 641 464 0.7239
12592.6000 641 465 0.7254
12596.0000 642 465 0.7243
12611.0000 643 465 0.7232
12614.7000 643 466 0.7247
12615.7000 643 467 0.7263
12634.2000 643 468 0.7278
12635.0000 644 468 0.7267
12642.9000 644 469 0.7283
12655.0000 645 469 0.7271
12672.0000 646 469 0.7260
12681.4000 646 470 0.7276
12691.0000 647 470 0.7264
12706.4000 647 471 0.7280
12713.0000 648 471 0.7269
12726.0000 648 472 0.7284
12727.4000 648 473 0.7299
12731.2000 648 474 0.7315
12737.0000 649 474 0.7304
12746.5000 649 475 0.7319
12761.0000 650 475 0.7308
12781.0000 651 475 0.7296
12784.8000 651 476 0.7312
12798.0000 652 476 0.7301
12818.0000 653 476 0.7289
12830.3000 653 477 0.7305
12836.3000 653 478 0.7320
12838.1000 653 479 0.7335
12839.0000 654 479 0.7324
12863.0000 655 479 0.7313
12879.5000 655 480 0.7328
12884.0000 656 480 0.7317
12901.0000 657 480 0.7306
12919.0000 658 480 0.7295
12936.0000 659 480 0.7284
12946.4000 659 481 0.7299
12954.0000 660 481 0.7288
12971.0000 661 481 0.7277
12976.7000 661 482 0.7292
12986.0000 662 482 0.7281
12994.8000 662 483 0.7296
12998.0000 662 484 0.7311
12999.5000 662 485 0.7326
13004.9000 662 486 0.7341
13009.0000 663 486 0.7330
13021.9000 663 487 0.7345
13025.2000 663 488 0.7360
13029.0000 664 488 0.7349
13048.0000 665 488 0.7338
13049.7000 665 489 0.7353
13069.0000 666 489 0.7342
13080.5000 666 490 0.7357
13081.1000 666 491 0.7372
13090.0000 667 491 0.7361
13112.0000 668 491 0.7350
13123.8000 668 492 0.7365
13132.3000 668 493 0.7380
13135.0000 669 493 0.7369
13137.4000 669 494 0.7384
13139.6000 669 495 0.7399
13146.6000 669 496 0.7414
13157.0000 670 496 0.7403
13172.9000 670 497 0.7418
13174.9000 670 498 0.7433
13175.0000 671 498 0.7422
13181.1000 671 499 0.7437
13183.7000 671 500 0.7452
13198.0000 672 500 0.7440
13200.2000 672 501 0.7455
13200.8000 672 502 0.7470
13222.0000 673 502 0.7459
13235.4000 673 503 0.7474
13237.0000 674 503 0.7463
13238.8000 674 504 0.7478
13261.0000 675 504 0.7467
13267.0000 675 505 0.7481
13279.0000 676 505 0.7470
13288.8000 676 506 0.7485
13303.0000 677 506 0.7474
13327.0000 678 506 0.7463
13344.0000 679 506 0.7452
13344.0000 679 507 0.7467
13345.1000 679 508 0.7482
13360.6000 679 509 0.7496
13367.0000 680 509 0.7485
13370.8000 680 510 0.7500
13384.0000 680 511 0.7515
13385.0000 681 511 0.7504
13387.8000 681 512 0.7518
13400.0000 682 512 0.7507
13422.0000 683 512 0.7496
13439.0000 684 512 0.7485
13463.0000 685 512 0.7474
13485.0000 686 512 0.7464
13501.0000 687 512 0.7453
13515.0000 687 513 0.7467
13522.0000 688 513 0.7456
13534.7000 688 514 0.7471
13535.9000 688 515 0.7485
13543.0000 689 515 0.7475
13558.0000 690 515 0.7464
13562.1000 690 516 0.7478
13578.0000 691 516 0.7467
13578.1000 691 517 0.7482
13597.0000 692 517 0.7471
13600.2000 692 518 0.7486
13601.2000 692 519 0.7500
13605.2000 692 520 0.7514
13605.9000 692 521 0.7529
13612.0000 693 521 0.7518
13622.2000 693 522 0.7532
13633.0000 694 522 0.7522
13654.0000 695 522 0.7511
13662.9000 695 523 0.7525
13663.4000 695 524 0.7540
13669.7000 695 525 0.7554
13674.0000 696 525 0.7543
13689.0000 697 525 0.7532
13694.2000 697 526 0.7547
13695.3000 697 527 0.7561
13701.7000 697 528 0.7575
13704.0000 697 529 0.7590
13713.0000 698 529 0.7579
13733.0000 699 529 0.7568
13743.2000 699 530 0.7582
13750.0000 700 530 0.7571
13751.3000 700 531 0.7586
13770.6000 700 532 0.7600
13771.0000 701 532 0.7589
13787.0000 702 532 0.7578
13808.0000 703 532 0.7568
13831.0000 704 532 0.7557
13853.0000 705 532 0.7546
13874.0000 706 532 0.7535
13892.9000 706 533 0.7550
13894.0000 707 533 0.7539
13915.0000 708 533 0.7528
13937.0000 709 533 0.7518
13952.0000 710 533 0.7507
13976.0000 711 533 0.7496
13979.8000 711 534 0.7511
13994.0000 712 534 0.7500
14007.7000 712 535 0.7514
14011.0000 713 535 0.7504
14028.3000 713 536 0.7518
14032.0000 714 536 0.7507
14039.9000 714 537 0.7521
14056.0000 715 537 0.7510
14071.0000 715 538 0.7524
14073.0000 715 539 0.7538
14077.0000 716 539 0.7528
14092.0000 717 539 0.7517
14107.0000 718 539 0.7507
14108.3000 718 540 0.7521
14123.0000 719 540 0.7510
14141.4000 719 541 0.7524
14147.0000 720 541 0.7514
14157.3000 720 542 0.7528
14167.0000 721 542 0.7517
14180.8000 721 543 0.7531
14186.0000 722 543 0.7521
14195.3000 722 544 0.7535
14204.0000 723 544 0.7524
14225.0000 724 544 0.7514
14240.1000 724 545 0.7528
14245.0000 725 545 0.7517
14267.0000 726 545 0.7507
14269.6000 726 546 0.7521
14286.0000 727 546 0.7510
14304.0000 728 546 0.7500
14313.7000 728 547 0.7514
14323.0000 729 547 0.7503
14343.0000 730 547 0.7493
14363.0000 731 547 0.7483
14368.7000 731 548 0.7497
14385.0000 732 548 0.7486
14404.0000 733 548 0.7476
14420.0000 734 548 0.7466
14421.8000 734 549 0.7480
14434.2000 734 550 0.7493
14441.0000 735 550 0.7483
14456.0000 736 550 0.7473
14466.4000 736 551 0.7486
14475.0000 737 551 0.7476
14475.1000 737 552 0.7490
14499.0000 738 552 0.7480
14504.4000 738 553 0.7493
14508.8000 738 554 0.7507
14523.0000 739 554 0.7497
14534.7000 739 555 0.7510
14544.0000 740 555 0.7500
14550.3000 740 556 0.7514
14568.0000 741 556 0.7503
14569.4000 741 557 0.7517
14588.0000 742 557 0.7507
14603.0000 743 557 0.7497
14605.8000 743 558 0.7510
14618.0000 744 558 0.7500
14618.2000 744 559 0.7513
14631.0000 744 560 0.7527
14631.9000 744 561 0.7540
14639.0000 745 561 0.7530
14655.0000 746 561 0.7520
14676.0000 747 561 0.7510
14696.0000 748 561 0.7500
14701.7000 748 562 0.7513
14718.0000 749 562 0.7503
14736.0000 750 562 0.7493
14739.2000 750 563 0.7507
14746.0000 750 564 0.7520
14748.6000 750 565 0.7533
14756.0000 751 565 0.7523
14773.0000 752 565 0.7513
14790.0000 753 565 0.7503
14797.1000 753 566 0.7517
14809.0000 754 566 0.7507
14827.4000 754 567 0.7520
14830.5000 754 568 0.7533
14831.0000 755 568 0.7523
14848.0000 756 568 0.7513
14867.0000 757 568 0.7503
14889.0000 758 568 0.7493
14905.0000 759 568 0.7484
14905.1000 759 569 0.7497
14921.8000 759 570 0.7510
14926.9000 759 571 0.7523
14927.0000 760 571 0.7513
14942.0000 761 571 0.7503
14958.9000 761 572 0.7516
14961.0000 762 572 0.7507
14961.9000 762 573 0.7520
14963.1000 762 574 0.7533
14984.0000 763 574 0.7523
14999.0000 764 574 0.7513
15001.4000 764 575 0.7526
15021.0000 765 575 0.7516
15022.6000 765 576 0.7529
15031.8000 765 577 0.7542
15034.7000 765 578 0.7556
15041.0000 766 578 0.7546
15058.0000 767 578 0.7536
15074.0000 768 578 0.7526
15093.0000 769 578 0.7516
15114.0000 770 578 0.7506
15127.7000 770 579 0.7519
15132.0000 771 579 0.7510
15149.0000 772 579 0.7500
15159.2000 772 580 0.7513
15170.3000 772 581 0.7526
15172.0000 773 581 0.7516
15184.1000 773 582 0.7529
15190.0000 774 582 0.7519
15212.0000 775 582 0.7510
15235.0000 776 582 0.7500
15256.0000 777 582 0.7490
15274.3000 777 583 0.7503
15280.0000 778 583 0.7494
15290.0000 778 584 0.7506
15297.0000 779 584 0.7497
15318.0000 780 584 0.7487
15336.0000 781 584 0.7478
15360.0000 782 584 0.7468
15381.0000 783 584 0.7458
15388.1000 783 585 0.7471
15390.3000 783 586 0.7484
15399.0000 784 586 0.7474
15419.0000 785 586 0.7465
15439.2000 785 587 0.7478
15441.0000 786 587 0.7468
15442.1000 786 588 0.7481
15465.0000 787 588 0.7471
15482.0000 788 588 0.7462
15494.7000 788 589 0.7475
15500.8000 788 590 0.7487
15504.0000 789 590 0.7478
15526.0000 790 590 0.7468
15538.7000 790 591 0.7481
15547.0000 791 591 0.7472
15569.0000 792 591 0.7462
15583.0000 792 592 0.7475
15591.0000 793 592 0.7465
15602.7000 793 593 0.7478
15615.0000 794 593 0.7469
15632.0000 795 593 0.7459
15651.0000 796 593 0.7450
15662.6000 796 594 0.7462
15666.0000 797 594 0.7453
15679.6000 797 595 0.7465
15684.0000 798 595 0.7456
15708.0000 799 595 0.7447
15724.0000 800 595 0.7438
15727.8000 800 596 0.7450
15740.2000 800 597 0.7463
15746.0000 801 597 0.7453
15755.2000 801 598 0.7466
15764.0000 802 598 0.7456
15772.1000 802 599 0.7469
15780.2000 802 600 0.7481
15782.0000 803 600 0.7472
15793.3000 803 601 0.7484
15795.4000 803 602 0.7497
15799.0000 804 602 0.7488
15815.0000 805 602 0.7478
15825.5000 805 603 0.7491
15838.0000 806 603 0.7481
15854.0000 807 603 0.7472
15873.0000 808 603 0.7463
15880.0000 808 604 0.7475
15891.0000 808 605 0.7488
15894.0000 809 605 0.7478
15909.0000 810 605 0.7469
15927.0000 811 605 0.7460
15948.0000 812 605 0.7451
15953.1000 812 606 0.7463
15967.0000 813 606 0.7454
15981.4000 813 607 0.7466
15990.0000 814 607 0.7457
16004.9000 814 608 0.7469
16008.1000 814 609 0.7482
16009.4000 814 610 0.7494
16010.0000 815 610 0.7485
16019.4000 815 611 0.7497
16022.3000 815 612 0.7509
16027.0000 816 612 0.7500
16042.0000 817 612 0.7491
16048.6000 817 613 0.7503
16056.0000 817 614 0.7515
16060.9000 817 615 0.7528
16061.0000 818 615 0.7518
16064.0000 818 616 0.7531
16080.0000 819 616 0.7521
16104.0000 820 616 0.7512
16124.0000 821 616 0.7503
16139.0000 822 616 0.7494
16155.0000 823 616 0.7485
16175.0000 824 616 0.7476
16196.0000 825 616 0.7467
16212.0000 826 616 0.7458
16220.0000 826 617 0.7470
16230.0000 827 617 0.7461
16232.1000 827 618 0.7473
16245.0000 828 618 0.7464
16250.6000 828 619 0.7476
16251.0000 828 620 0.7488
16261.0000 829 620 0.7479
16281.0000 830 620 0.7470
16295.8000 830 621 0.7482
16301.0000 831 621 0.7473
16322.0000 832 621 0.7464
16330.2000 832 622 0.7476
16336.1000 832 623 0.7488
16338.0000 833 623 0.7479
16347.1000 833 624 0.7491
16357.0000 834 624 0.7482
16380.0000 835 624 0.7473
16388.4000 835 625 0.7485
16391.8000 835 626 0.7497
16399.0000 836 626 0.7488
16405.7000 836 627 0.7500
16411.2000 836 628 0.7512
16416.0000 837 628 0.7503
16433.0000 838 628 0.7494
16455.0000 839 628 0.7485
16458.4000 839 629 0.7497
16479.0000 840 629 0.7488
16491.8000 840 630 0.7500
16503.0000 841 630 0.7491
16520.1000 841 631 0.7503
16526.0000 842 631 0.7494
16547.0000 843 631 0.7485
16568.0000 844 631 0.7476
16589.0000 845 631 0.7467
16589.9000 845 632 0.7479
16610.0000 846 632 0.7470
16627.3000 846 633 0.7482
16628.0000 847 633 0.7473
16646.0000 848 633 0.7465
16662.0000 849 633 0.7456
16666.9000 849 634 0.7468
16682.0000 850 634 0.7459
16699.0000 851 634 0.7450
16721.7000 851 635 0.7462
16723.0000 852 635 0.7453
16745.0000 853 635 0.7444
16760.0000 854 635 0.7436
16783.0000 855 635 0.7427
16784.2000 855 636 0.7439
16800.0000 856 636 0.7430
16818.0000 857 636 0.7421
16835.0000 858 636 0.7413
16837.1000 858 637 0.7424
16850.9000 858 638 0.7436
16852.1000 858 639 0.7448
16858.0000 859 639 0.7439
16873.9000 859 640 0.7451
16881.0000 860 640 0.7442
16890.0000 860 641 0.7453
16901.0000 861 641 0.7445
16913.8000 861 642 0.7456
16917.0000 862 642 0.7448
16923.8000 862 643 0.7459
16935.0000 863 643 0.7451
16959.0000 864 643 0.7442
16964.8000 864 644 0.7454
16980.0000 865 644 0.7445
16997.0000 866 644 0.7436
17021.0000 867 644 0.7428
17024.9000 867 645 0.7439
17040.0000 868 645 0.7431
17063.0000 869 645 0.7422
17076.8000 869 646 0.7434
17082.0000 870 646 0.7425
17092.2000 870 647 0.7437
17105.0000 871 647 0.7428
17119.1000 871 648 0.7440
17126.0000 872 648 0.7431
17143.0000 873 648 0.7423
17152.1000 873 649 0.7434
17153.7000 873 650 0.7446
17154.2000 873 651 0.7457
17162.0000 874 651 0.7449
17181.0000 875 651 0.7440
17202.0000 876 651 0.7432
17208.0000 876 652 0.7443
17225.0000 877 652 0.7434
17234.6000 877 653 0.7446
17238.1000 877 654 0.7457
17240.0000 878 654 0.7449
17259.0000 879 654 0.7440
17278.0000 880 654 0.7432
17299.0000 881 654 0.7423
17318.0000 882 654 0.7415
17336.0000 883 654 0.7407
17338.6000 883 655 0.7418
17341.8000 883 656 0.7429
17344.4000 883 657 0.7441
17347.1000 883 658 0.7452
17353.0000 884 658 0.7443
17354.6000 884 659 0.7455
17357.6000 884 660 0.7466
17365.7000 884 661 0.7477
17366.9000 884 662 0.7489
17367.8000 884 663 0.7500
17370.0000 885 663 0.7492
17371.5000 885 664 0.7503
17372.0000 885 665 0.7514
17393.6000 885 666 0.7525
17394.0000 886 666 0.7517
17416.0000 887 666 0.7508
17425.9000 887 667 0.7520
17439.0000 888 667 0.7511
17454.0000 889 667 0.7503
17469.2000 889 668 0.7514
17472.7000 889 669 0.7525
17477.0000 890 669 0.7517
17497.0000 891 669 0.7508
17503.3000 891 670 0.7520
17515.0000 892 670 0.7511
17515.9000 892 671 0.7522
17535.0000 893 671 0.7514
17558.0000 894 671 0.7506
17568.6000 894 672 0.7517
17574.0000 895 672 0.7508
17598.0000 896 672 0.7500
17619.0000 897 672 0.7492
17632.9000 897 673 0.7503
17635.7000 897 674 0.7514
17639.0000 898 674 0.7506
17654.0000 899 674 0.7497
17672.0000 900 674 0.7489
17682.8000 900 675 0.7500
17690.0000 901 675 0.7492
17710.0000 902 675 0.7483
17734.0000 903 675 0.7475
17751.0000 904 675 0.7467
17758.4000 904 676 0.7478
17774.0000 905 676 0.7470
17785.2000 905 677 0.7481
17793.0000 906 677 0.7472
17808.0000 907 677 0.7464
17813.6000 907 678 0.7475
17816.7000 907 679 0.7486
17825.2000 907 680 0.7497
17826.0000 908 680 0.7489
17835.5000 908 681 0.7500
17835.9000 908 682 0.7511
17840.8000 908 683 0.7522
17846.0000 909 683 0.7514
17849.5000 909 684 0.7525
17864.0000 910 684 0.7516
17884.0000 911 684 0.7508
17888.9000 911 685 0.7519
17892.1000 911 686 0.7530
17899.0000 912 686 0.7522
17917.0000 913 686 0.7514
17934.1000 913 687 0.7525
17934.5000 913 688 0.7536
17936.0000 914 688 0.7527
17958.0000 915 688 0.7519
17976.0000 916 688 0.7511
17976.3000 916 689 0.7522
18000.0000 917 689 0.7514
18011.5000 917 690 0.7525
18021.0000 918 690 0.7516
18040.0000 919 690 0.7508
18057.4000 919 691 0.7519
18058.1000 919 692 0.7530
18059.0000 920 692 0.7522
18059.5000 920 693 0.7533
18077.0000 921 693 0.7524
18077.2000 921 694 0.7535
18092.0000 922 694 0.7527
18097.7000 922 695 0.7538
18104.0000 922 696 0.7549
18107.7000 922 697 0.7560
18112.1000 922 698 0.7570
18113.0000 923 698 0.7562
18124.5000 923 699 0.7573
18132.0000 924 699 0.7565
18135.2000 924 700 0.7576
18135.5000 924 701 0.7587
18143.4000 924 702 0.7597
18147.7000 924 703 0.7608
18154.1000 924 704 0.7619
18155.0000 925 704 0.7611
18170.8000 925 705 0.7622
18177.0000 926 705 0.7613
18190.3000 926 706 0.7624
18192.0000 927 706 0.7616
18206.3000 927 707 0.7627
18214.0000 928 707 0.7619
18221.6000 928 708 0.7629
18226.9000 928 709 0.7640
18236.0000 929 709 0.7632
18259.0000 930 709 0.7624
18275.0000 931 709 0.7615
18298.0000 932 709 0.7607
18321.0000 933 709 0.7599
18340.0000 934 709 0.7591
18353.1000 934 710 0.7602
18364.0000 935 710 0.7594
18383.0000 936 710 0.7585
18402.0000 937 710 0.7577
18425.0000 938 710 0.7569
18426.5000 938 711 0.7580
18449.0000 939 711 0.7572
18454.9000 939 712 0.7583
18461.5000 939 713 0.7593
18471.3000 939 714 0.7604
18471.8000 939 715 0.7614
18473.0000 940 715 0.7606
18488.0000 941 715 0.7598
18512.0000 942 715 0.7590
18517.2000 942 716 0.7601
18534.0000 943 716 0.7593
18536.1000 943 717 0.7603
18549.0000 944 717 0.7595
18562.8000 944 718 0.7606
18570.0000 945 718 0.7598
18574.1000 945 719 0.7608
18576.3000 945 720 0.7619
18587.2000 945 721 0.7630
18590.0000 946 721 0.7622
18613.0000 947 721 0.7614
18632.0000 948 721 0.7605
18643.8000 948 722 0.7616
18653.0000 949 722 0.7608
18677.0000 950 722 0.7600
18696.0000 951 722 0.7592
18704.5000 951 723 0.7603
18714.5000 951 724 0.7613
18715.0000 952 724 0.7605
18723.6000 952 725 0.7616
18728.8000 952 726 0.7626
18730.5000 952 727 0.7637
18737.6000 952 728 0.7647
18738.0000 953 728 0.7639
18753.0000 954 728 0.7631
18768.0000 955 728 0.7623
18784.0000 955 729 0.7634
18786.0000 956 729 0.7626
18799.2000 956 730 0.7636
18809.0000 957 730 0.7628
18817.3000 957 731 0.7638
18828.0000 958 731 0.7630
18841.4000 958 732 0.7641
18845.0000 959 732 0.7633
18851.3000 959 733 0.7643
18853.4000 959 734 0.7654
18862.0000 960 734 0.7646
18884.0000 961 734 0.7638
18893.4000 961 735 0.7648
18894.5000 961 736 0.7659
18894.6000 961 737 0.7669
18899.0000 962 737 0.7661
18917.8000 962 738 0.7672
18922.0000 963 738 0.7664
18939.0000 964 738 0.7656
18952.3000 964 739 0.7666
18956.0000 965 739 0.7658
18958.1000 965 740 0.7668
18977.0000 966 740 0.7660
18990.3000 966 741 0.7671
18993.0000 967 741 0.7663
19015.0000 968 741 0.7655
19019.9000 968 742 0.7665
19037.0000 969 742 0.7657
19037.8000 969 743 0.7668
19055.0000 970 743 0.7660
19072.0000 971 743 0.7652
19087.0000 972 743 0.7644
19095.5000 972 744 0.7654
19108.0000 973 744 0.7646
19129.0000 974 744 0.7639
19151.0000 975 744 0.7631
19154.3000 975 745 0.7641
19161.8000 975 746 0.7651
19173.0000 976 746 0.7643
19192.0000 977 746 0.7636
19211.0000 978 746 0.7628
19231.0000 979 746 0.7620
19236.7000 979 747 0.7630
19253.8000 979 748 0.7640
19254.0000 980 748 0.7633
19277.0000 981 748 0.7625
19300.0000 981 749 0.7635
19301.0000 982 749 0.7627
19310.4000 982 750 0.7637
19313.4000 982 751 0.7648
19316.0000 983 751 0.7640
19316.1000 983 752 0.7650
19316.6000 983 753 0.7660
19340.0000 984 753 0.7652
19355.0000 985 753 0.7645
19373.0000 986 753 0.7637
19391.0000 987 753 0.7629
19403.7000 987 754 0.7639
19406.0000 988 754 0.7632
19418.6000 988 755 0.7642
19423.0000 989 755 0.7634
19438.5000 989 756 0.7644
19439.0000 990 756 0.7636
19455.0000 991 756 0.7629
19479.0000 992 756 0.7621
19497.0000 993 756 0.7613
19502.9000 993 757 0.7623
19518.9000 993 758 0.7633
19521.0000 994 758 0.7626
19542.0000 995 758 0.7618
19547.1000 995 759 0.7628
19559.7000 995 760 0.7638
19565.0000 996 760 0.7631
19586.0000 997 760 0.7623
19601.0000 998 760 0.7615
19622.0000 999 760 0.7608
19622.4000 999 761 0.7618
19630.2000 999 762 0.7628
19641.0000 1000 762 0.7620
19660.0000 1001 762 0.7612
19669.0000 1001 763 0.7622
19677.0000 1002 763 0.7615
19692.0000 1003 763 0.7607
19703.3000 1003 764 0.7617
19704.6000 1003 765 0.7627
19716.0000 1004 765 0.7620
19726.2000 1004 766 0.7629
19739.0000 1005 766 0.7622
19755.0000 1006 766 0.7614
19756.2000 1006 767 0.7624
19770.0000 1007 767 0.7617
19783.2000 1007 768 0.7627
19792.0000 1008 768 0.7619
19815.0000 1009 768 0.7611
19815.7000 1009 769 0.7621
19816.7000 1009 770 0.7631
19826.5000 1009 771 0.7641
19828.2000 1009 772 0.7651
19833.0000 1010 772 0.7644
19848.4000 1010 773 0.7653
19852.0000 1011 773 0.7646
19872.9000 1011 774 0.7656
19876.0000 1012 774 0.7648
19891.0000 1013 774 0.7641
19894.8000 1013 775 0.7651
19908.0000 1014 775 0.7643
19909.4000 1014 776 0.7653
19924.7000 1014 777 0.7663
19924.9000 1014 778 0.7673
19932.0000 1015 778 0.7665
19945.5000 1015 779 0.7675
19956.0000 1016 779 0.7667
19968.8000 1016 780 0.7677
19970.9000 1016 781 0.7687
19975.0000 1016 782 0.7697
19976.0000 1017 782 0.7689
19987.9000 1017 783 0.7699
19998.0000 1018 783 0.7692
20019.0000 1019 783 0.7684
20027.8000 1019 784 0.7694
20034.0000 1020 784 0.7686
20039.7000 1020 785 0.7696
20041.7000 1020 786 0.7706
20053.8000 1020 787 0.7716
20054.8000 1020 788 0.7725
20054.9000 1020 789 0.7735
20057.0000 1021 789 0.7728
20075.0000 1022 789 0.7720
20086.0000 1022 790 0.7730
20088.8000 1022 791 0.7740
20094.0000 1023 791 0.7732
20097.3000 1023 792 0.7742
20118.0000 1024 792 0.7734
20135.0000 1025 792 0.7727
20136.9000 1025 793 0.7737
20141.0000 1025 794 0.7746
20149.3000 1025 795 0.7756
20157.0000 1026 795 0.7749
20179.0000 1027 795 0.7741
20179.3000 1027 796 0.7751
20197.0000 1028 796 0.7743
20204.0000 1028 797 0.7753
20204.5000 1028 798 0.7763
20221.0000 1029 798 0.7755
20231.5000 1029 799 0.7765
20237.0000 1030 799 0.7757
20259.0000 1031 799 0.7750
20276.0000 1032 799 0.7742
20293.0000 1033 799 0.7735
20307.2000 1033 800 0.7744
20308.0000 1034 800 0.7737
20309.0000 1034 801 0.7747
20327.0000 1035 801 0.7739
20349.5000 1035 802 0.7749
20350.0000 1036 802 0.7741
20366.0000 1037 802 0.7734
20372.7000 1037 803 0.7743
20373.6000 1037 804 0.7753
20385.0000 1038 804 0.7746
20401.0000 1039 804 0.7738
20421.0000 1040 804 0.7731
20426.5000 1040 805 0.7740
20437.0000 1041 805 0.7733
20461.0000 1042 805 0.7726
20485.0000 1043 805 0.7718
20508.0000 1044 805 0.7711
20515.1000 1044 806 0.7720
20532.0000 1045 806 0.7713
20533.4000 1045 807 0.7722
20554.0000 1046 807 0.7715
20576.0000 1047 807 0.7708
20588.3000 1047 808 0.7717
20594.0000 1048 808 0.7710
20603.8000 1048 809 0.7719
20609.2000 1048 810 0.7729
20611.0000 1049 810 0.7722
20635.0000 1050 810 0.7714
20638.6000 1050 811 0.7724
20653.5000 1050 812 0.7733
20655.0000 1051 812 0.7726
20656.4000 1051 813 0.7735
20673.0000 1052 813 0.7728
20691.0000 1053 813 0.7721
20706.0000 1054 813 0.7713
20724.0000 1055 813 0.7706
20735.7000 1055 814 0.7716
20736.3000 1055 815 0.7725
20744.0000 1056 815 0.7718
20746.4000 1056 816 0.7727
20756.1000 1056 817 0.7737
20763.0000 1056 818 0.7746
20765.6000 1056 819 0.7756
20766.0000 1057 819 0.7748
20776.2000 1057 820 0.7758
20782.0000 1058 820 0.7750
20797.6000 1058 821 0.7760
20800.0000 1059 821 0.7753
20801.3000 1059 822 0.7762
20821.0000 1060 822 0.7755
20823.7000 1060 823 0.7764
20840.9000 1060 824 0.7774
20842.1000 1060 825 0.7783
20844.0000 1061 825 0.7776
20855.4000 1061 826 0.7785
20857.6000 1061 827 0.7795
20864.0000 1062 827 0.7787
20888.0000 1063 827 0.7780
20889.0000 1063 828 0.7789
20911.0000 1064 828 0.7782
20931.0000 1065 828 0.7775
20952.0000 1066 828 0.7767
20965.5000 1066 829 0.7777
20968.0000 1067 829 0.7769
20970.5000 1067 830 0.7779
20971.2000 1067 831 0.7788
20980.0000 1067 832 0.7798
20982.5000 1067 833 0.7807
20987.6000 1067 834 0.7816
20990.0000 1068 834 0.7809
21005.7000 1068 835 0.7818
21007.0000 1069 835 0.7811
21008.6000 1069 836 0.7820
21018.1000 1069 837 0.7830
21031.0000 1070 837 0.7822
21055.0000 1071 837 0.7815
21068.2000 1071 838 0.7824
21077.0000 1072 838 0.7817
21078.1000 1072 839 0.7826
21092.0000 1073 839 0.7819
21096.3000 1073 840 0.7829
21097.4000 1073 841 0.7838
21107.7000 1073 842 0.7847
21116.0000 1074 842 0.7840
21124.4000 1074 843 0.7849
21126.5000 1074 844 0.7858
21132.0000 1075 844 0.7851
21148.0000 1076 844 0.7844
21166.0000 1077 844 0.7837
21169.4000 1077 845 0.7846
21184.0000 1078 845 0.7839
21189.3000 1078 846 0.7848
21189.4000 1078 847 0.7857
21190.0000 1078 848 0.7866
21204.0000 1079 848 0.7859
21223.0000 1080 848 0.7852
21225.8000 1080 849 0.7861
21235.3000 1080 850 0.7870
21239.3000 1080 851 0.7880
21247.0000 1081 851 0.7872
21271.0000 1082 851 0.7865
21288.6000 1082 852 0.7874
21292.0000 1083 852 0.7867
21309.0000 1084 852 0.7860
21319.4000 1084 853 0.7869
21327.0000 1085 853 0.7862
21350.8000 1085 854 0.7871
21351.0000 1086 854 0.7864
21351.4000 1086 855 0.7873
21352.7000 1086 856 0.7882
21355.3000 1086 857 0.7891
21367.7000 1086 858 0.7901
21368.0000 1087 858 0.7893
21369.9000 1087 859 0.7902
21387.0000 1088 859 0.7895
21394.6000 1088 860 0.7904
21407.0000 1089 860 0.7897
21424.0000 1090 860 0.7890
21444.0000 1091 860 0.7883
21459.5000 1091 861 0.7892
21463.0000 1092 861 0.7885
21483.0000 1093 861 0.7877
21487.6000 1093 862 0.7887
21501.7000 1093 863 0.7896
21505.0000 1094 863 0.7888
21523.0000 1095 863 0.7881
21539.0000 1096 863 0.7874
21556.0000 1097 863 0.7867
21577.0000 1098 863 0.7860
21579.2000 1098 864 0.7869
21583.0000 1098 865 0.7878
21599.0000 1099 865 0.7871
21612.2000 1099 866 0.7880
21615.0000 1100 866 0.7873
21624.6000 1100 867 0.7882
21632.0000 1101 867 0.7875
21648.0000 1102 867 0.7868
21651.4000 1102 868 0.7877
21665.0000 1103 868 0.7869
21666.3000 1103 869 0.7879
21689.0000 1104 869 0.7871
21695.2000 1104 870 0.7880
21707.0000 1105 870 0.7873
21713.3000 1105 871 0.7882
21714.8000 1105 872 0.7891
21731.0000 1106 872 0.7884
21740.1000 1106 873 0.7893
21741.0000 1106 874 0.7902
21755.0000 1107 874 0.7895
21755.7000 1107 875 0.7904
21769.5000 1107 876 0.7913
21777.0000 1108 876 0.7906
21783.6000 1108 877 0.7915
21794.0000 1109 877 0.7908
21806.3000 1109 878 0.7917
21813.5000 1109 879 0.7926
21818.0000 1110 879 0.7919
21837.0000 1111 879 0.7912
21860.0000 1112 879 0.7905
21872.6000 1112 880 0.7914
21883.0000 1113 880 0.7907
21897.8000 1113 881 0.7916
21898.0000 1114 881 0.7908
21916.0000 1115 881 0.7901
21939.0000 1116 881 0.7894
21941.3000 1116 882 0.7903
21949.4000 1116 883 0.7912
21960.0000 1117 883 0.7905
21976.0000 1118 883 0.7898
21985.3000 1118 884 0.7907
21993.9000 1118 885 0.7916
21999.0000 1119 885 0.7909
22019.2000 1119 886 0.7918
22022.0000 1120 886 0.7911
22041.0000 1121 886 0.7904
22052.4000 1121 887 0.7913
22052.4000 1121 888 0.7921
22055.1000 1121 889 0.7930
22061.0000 1122 889 0.7923
22075.8000 1122 890 0.7932
22078.0000 1123 890 0.7925
22101.0000 1124 890 0.7918
22121.0000 1125 890 0.7911
22124.3000 1125 891 0.7920
22135.4000 1125 892 0.7929
22140.0000 1126 892 0.7922
22143.1000 1126 893 0.7931
22159.0000 1127 893 0.7924
22165.8000 1127 894 0.7933
22183.0000 1128 894 0.7926
22190.2000 1128 895 0.7934
22199.0000 1129 895 0.7927
22212.7000 1129 896 0.7936
22218.0000 1130 896 0.7929
22228.1000 1130 897 0.7938
22242.0000 1131 897 0.7931
22263.0000 1132 897 0.7924
22266.5000 1132 898 0.7933
22281.0000 1133 898 0.7926
22286.7000 1133 899 0.7935
22291.8000 1133 900 0.7944
22304.0000 1134 900 0.7937
22310.8000 1134 901 0.7945
22322.0000 1135 901 0.7938
22335.9000 1135 902 0.7947
22338.8000 1135 903 0.7956
22346.0000 1136 903 0.7949
22354.8000 1136 904 0.7958
22363.0000 1137 904 0.7951
22385.0000 1138 904 0.7944
22388.9000 1138 905 0.7953
22405.0000 1139 905 0.7946
22405.1000 1139 906 0.7954
22420.0000 1140 906 0.7947
22444.0000 1141 906 0.7940
22445.7000 1141 907 0.7949
22464.0000 1142 907 0.7942
22482.0000 1143 907 0.7935
22500.0000 1144 907 0.7928
22503.9000 1144 908 0.7937
22521.0000 1145 908 0.7930
22543.6000 1145 909 0.7939
22544.0000 1146 909 0.7932
22546.3000 1146 910 0.7941
22560.0000 1147 910 0.7934
22571.5000 1147 911 0.7942
22574.7000 1147 912 0.7951
22578.0000 1148 912 0.7944
22595.0000 1149 912 0.7937
22613.0000 1150 912 0.7930
22627.3000 1150 913 0.7939
22628.0000 1151 913 0.7932
22644.9000 1151 914 0.7941
22648.0000 1152 914 0.7934
22660.7000 1152 915 0.7943
22666.0000 1153 915 0.7936
22668.3000 1153 916 0.7944
22682.0000 1154 916 0.7938
22691.8000 1154 917 0.7946
22698.0000 1155 917 0.7939
22713.0000 1156 917 0.7933
22717.4000 1156 918 0.7941
22724.9000 1156 919 0.7950
22735.0000 1157 919 0.7943
22744.0000 1157 920 0.7952
22758.0000 1158 920 0.7945
22771.2000 1158 921 0.7953
22776.0000 1158 922 0.7962
22779.0000 1159 922 0.7955
22781.5000 1159 923 0.7964
22799.0000 1160 923 0.7957
22802.8000 1160 924 0.7966
22820.0000 1161 924 0.7959
22823.2000 1161 925 0.7967
22835.0000 1162 925 0.7960
22846.3000 1162 926 0.7969
22846.9000 1162 927 0.7978
22850.0000 1163 927 0.7971
22869.0000 1164 927 0.7964
22891.0000 1165 927 0.7957
22901.5000 1165 928 0.7966
22906.9000 1165 929 0.7974
22912.1000 1165 930 0.7983
22913.0000 1166 930 0.7976
22915.4000 1166 931 0.7985
22920.6000 1166 932 0.7993
22931.0000 1167 932 0.7986
22952.2000 1167 933 0.7995
22954.0000 1168 933 0.7988
22971.0000 1169 933 0.7981
22991.0000 1170 933 0.7974
23007.0000 1171 933 0.7968
23031.0000 1172 933 0.7961
23047.0000 1173 933 0.7954
23047.9000 1173 934 0.7962
23051.2000 1173 935 0.7971
23066.8000 1173 936 0.7980
23070.0000 1174 936 0.7973
23085.0000 1175 936 0.7966
23106.0000 1176 936 0.7959
23113.0000 1176 937 0.7968
23114.0000 1176 938 0.7976
23118.3000 1176 939 0.7985
23127.0000 1177 939 0.7978
23142.0000 1177 940 0.7986
23149.0000 1178 940 0.7980
23165.0000 1179 940 0.7973
23179.9000 1179 941 0.7981
23180.0000 1180 941 0.7975
23182.6000 1180 942 0.7983
23185.3000 1180 943 0.7992
23198.0000 1181 943 0.7985
23214.0000 1182 943 0.7978
23220.9000 1182 944 0.7986
23238.0000 1183 944 0.7980
23249.6000 1183 945 0.7988
23252.6000 1183 946 0.7997
23258.0000 1184 946 0.7990
23276.0000 1184 947 0.7998
23280.0000 1185 947 0.7992
23295.0000 1186 947 0.7985
23303.3000 1186 948 0.7993
23319.0000 1187 948 0.7987
23339.0000 1188 948 0.7980
23340.6000 1188 949 0.7988
23354.2000 1188 950 0.7997
23359.8000 1188 951 0.8005
23360.0000 1189 951 0.7998
23377.0000 1190 951 0.7992
23393.0000 1191 951 0.7985
23409.0000 1192 951 0.7978
23428.0000 1193 951 0.7972
23435.6000 1193 952 0.7980
23445.0000 1194 952 0.7973
23450.5000 1194 953 0.7982
23463.8000 1194 954 0.7990
23464.0000 1195 954 0.7983
23466.7000 1195 955 0.7992
23482.0000 1196 955 0.7985
23498.0000 1197 955 0.7978
23499.9000 1197 956 0.7987
23504.5000 1197 957 0.7995
23507.8000 1197 958 0.8003
23508.9000 1197 959 0.8012
23516.0000 1198 959 0.8005
23528.5000 1198 960 0.8013
23528.8000 1198 961 0.8022
23532.0000 1199 961 0.8015
23547.0000 1200 961 0.8008
23558.7000 1200 962 0.8017
23565.9000 1200 963 0.8025
23568.0000 1201 963 0.8018
23577.2000 1201 964 0.8027
23589.0000 1202 964 0.8020
23592.2000 1202 965 0.8028
23613.0000 1203 965 0.8022
23614.5000 1203 966 0.8030
23629.0000 1204 966 0.8023
23647.0000 1205 966 0.8017
23653.6000 1205 967 0.8025
23653.9000 1205 968 0.8033
23662.0000 1206 968 0.8027
23678.4000 1206 969 0.8035
23681.0000 1207 969 0.8028
23695.9000 1207 970 0.8036
23702.0000 1208 970 0.8030
23710.9000 1208 971 0.8038
23713.1000 1208 972 0.8046
23723.1000 1208 973 0.8055
23726.0000 1209 973 0.8048
23726.3000 1209 974 0.8056
23741.0000 1210 974 0.8050
23746.9000 1210 975 0.8058
23759.3000 1210 976 0.8066
23760.0000 1211 976 0.8059
23771.5000 1211 977 0.8068
23778.0000 1212 977 0.8061
23782.4000 1212 978 0.8069
23785.5000 1212 979 0.8078
23798.0000 1213 979 0.8071
23817.0000 1214 979 0.8064
23823.5000 1214 980 0.8072
23837.0000 1215 980 0.8066
23843.7000 1215 981 0.8074
23846.7000 1215 982 0.8082
23859.0000 1216 982 0.8076
23874.0000 1217 982 0.8069
23895.0000 1218 982 0.8062
23916.0000 1219 982 0.8056
23926.6000 1219 983 0.8064
23937.0000 1220 983 0.8057
23961.0000 1221 983 0.8051
23970.3000 1221 984 0.8059
23978.4000 1221 985 0.8067
23981.0000 1222 985 0.8061
23985.1000 1222 986 0.8069
24004.0000 1223 986 0.8062
24022.8000 1223 987 0.8070
24026.0000 1224 987 0.8064
24037.4000 1224 988 0.8072
24043.0000 1225 988 0.8065
24044.4000 1225 989 0.8073
24046.5000 1225 990 0.8082
24062.0000 1226 990 0.8075
24077.5000 1226 991 0.8083
24079.0000 1227 991 0.8077
24090.2000 1227 992 0.8085
24095.0000 1228 992 0.8078
24110.0000 1229 992 0.8072
24134.0000 1230 992 0.8065
24157.0000 1231 992 0.8058
24179.0000 1232 992 0.8052
24192.1000 1232 993 0.8060
24203.0000 1233 993 0.8054
24222.0000 1234 993 0.8047
24225.8000 1234 994 0.8055
24242.4000 1234 995 0.8063
24245.0000 1235 995 0.8057
24251.5000 1235 996 0.8065
24257.6000 1235 997 0.8073
24262.0000 1236 997 0.8066
24268.9000 1236 998 0.8074
24273.6000 1236 999 0.8083
24286.0000 1237 999 0.8076
24305.0000 1238 999 0.8069
24326.0000 1239 999 0.8063
24341.7000 1239 1000 0.8071
24349.0000 1240 1000 0.8065
24363.0000 1240 1001 0.8073
24364.6000 1240 1002 0.8081
24368.0000 1241 1002 0.8074
24379.5000 1241 1003 0.8082
24382.2000 1241 1004 0.8090
24383.0000 1242 1004 0.8084
24407.0000 1243 1004 0.8077
24422.4000 1243 1005 0.8085
24424.7000 1243 1006 0.8093
24427.0000 1244 1006 0.8087
24445.2000 1244 1007 0.8095
24447.0000 1245 1007 0.8088
24468.0000 1246 1007 0.8082
24468.8000 1246 1008 0.8090
24473.7000 1246 1009 0.8098
24479.5000 1246 1010 0.8106
24490.0000 1247 1010 0.8099
24490.3000 1247 1011 0.8107
24510.4000 1247 1012 0.8115
24514.0000 1248 1012 0.8109
24530.0000 1249 1012 0.8102
24548.6000 1249 1013 0.8110
24553.0000 1250 1013 0.8104
24568.0000 1251 1013 0.8098
24591.0000 1252 1013 0.8091
24602.5000 1252 1014 0.8099
24607.0000 1253 1014 0.8093
24624.0000 1254 1014 0.8086
24641.0000 1255 1014 0.8080
24652.8000 1255 1015 0.8088
24655.2000 1255 1016 0.8096
24656.0000 1256 1016 0.8089
24677.0000 1257 1016 0.8083
24693.0000 1258 1016 0.8076
24702.5000 1258 1017 0.8084
24712.0000 1259 1017 0.8078
24736.0000 1260 1017 0.8071
24751.0000 1261 1017 0.8065
24768.0000 1262 1017 0.8059
24773.9000 1262 1018 0.8067
24777.3000 1262 1019 0.8074
24780.2000 1262 1020 0.8082
24790.0000 1263 1020 0.8076
24809.0000 1264 1020 0.8070
24824.0000 1265 1020 0.8063
24828.3000 1265 1021 0.8071
24844.0000 1266 1021 0.8065
24857.9000 1266 1022 0.8073
24867.0000 1267 1022 0.8066
24868.9000 1267 1023 0.8074
24870.4000 1267 1024 0.8082
24883.0000 1268 1024 0.8076
24894.8000 1268 1025 0.8084
24903.8000 1268 1026 0.8091
24906.0000 1269 1026 0.8085
24918.8000 1269 1027 0.8093
24921.0000 1270 1027 0.8087
24945.0000 1271 1027 0.8080
24963.0000 1272 1027 0.8074
24980.0000 1273 1027 0.8068
24999.0000 1274 1027 0.8061
25015.0000 1275 1027 0.8055
25023.4000 1275 1028 0.8063
25024.3000 1275 1029 0.8071
25026.2000 1275 1030 0.8078
25029.2000 1275 1031 0.8086
25034.0000 1276 1031 0.8080
25049.0000 1276 1032 0.8088
25055.0000 1277 1032 0.8081
25068.1000 1277 1033 0.8089
25072.0000 1277 1034 0.8097
25074.0000 1278 1034 0.8091
25078.3000 1278 1035 0.8099
25094.7000 1278 1036 0.8106
25095.0000 1279 1036 0.8100
25107.0000 1279 1037 0.8108
25116.1000 1279 1038 0.8116
25116.7000 1279 1039 0.8124
25119.0000 1280 1039 0.8117
25130.0000 1280 1040 0.8125
25130.1000 1280 1041 0.8133
25138.0000 1281 1041 0.8126
25147.5000 1281 1042 0.8134
25162.0000 1282 1042 0.8128
25170.0000 1282 1043 0.8136
25183.0000 1283 1043 0.8129
