# time  created  delivered  delivered/created
22.0000 1 0 0.0000
38.0000 2 0 0.0000
54.0000 3 0 0.0000
72.0000 4 0 0.0000
94.0000 5 0 0.0000
110.0000 6 0 0.0000
133.0000 7 0 0.0000
153.0000 8 0 0.0000
175.0000 9 0 0.0000
191.0000 10 0 0.0000
210.0000 11 0 0.0000
225.0000 12 0 0.0000
249.0000 13 0 0.0000
265.0000 14 0 0.0000
281.0000 15 0 0.0000
304.0000 16 0 0.0000
328.0000 17 0 0.0000
343.0000 18 0 0.0000
367.0000 19 0 0.0000
382.0000 20 0 0.0000
399.0000 21 0 0.0000
420.0000 22 0 0.0000
439.0000 23 0 0.0000
458.0000 24 0 0.0000
480.0000 25 0 0.0000
497.0000 26 0 0.0000
515.0000 27 0 0.0000
538.0000 28 0 0.0000
562.0000 29 0 0.0000
581.0000 30 0 0.0000
581.2000 30 1 0.0333
603.0000 31 1 0.0323
625.0000 32 1 0.0313
640.9000 32 2 0.0625
646.0000 33 2 0.0606
661.6000 33 3 0.0909
667.0000 34 3 0.0882
685.0000 35 3 0.0857
691.0000 35 4 0.1143
700.0000 36 4 0.1111
714.8000 36 5 0.1389
722.0000 37 5 0.1351
741.0000 38 5 0.1316
764.0000 39 5 0.1282
773.6000 39 6 0.1538
784.0000 40 6 0.1500
806.0000 41 6 0.1463
829.0000 42 6 0.1429
851.0000 43 6 0.1395
873.0000 44 6 0.1364
895.0000 45 6 0.1333
918.0000 46 6 0.1304
935.7000 46 7 0.1522
941.0000 47 7 0.1489
957.0000 48 7 0.1458
975.0000 49 7 0.1429
998.0000 50 7 0.1400
1018.0000 51 7 0.1373
1040.0000 52 7 0.1346
1056.0000 53 7 0.1321
1077.0000 54 7 0.1296
1096.0000 55 7 0.1273
1117.0000 56 7 0.1250
1137.0000 57 7 0.1228
1159.0000 58 7 0.1207
1179.0000 59 7 0.1186
1194.1000 59 8 0.1356
1201.0000 60 8 0.1333
1216.0000 61 8 0.1311
1225.2000 61 9 0.1475
1226.1000 61 10 0.1639
1232.0000 62 10 0.1613
1251.0000 63 10 0.1587
1268.0000 64 10 0.1563
1287.0000 65 10 0.1538
1308.0000 66 10 0.1515
1327.0000 67 10 0.1493
1342.0000 68 10 0.1471
1364.0000 69 10 0.1449
1381.1000 69 11 0.1594
1388.0000 70 11 0.1571
1397.1000 70 12 0.1714
1407.0000 70 13 0.1857
1407.0000 71 13 0.1831
1422.0000 72 13 0.1806
1442.0000 73 13 0.1781
1464.0000 74 13 0.1757
1475.9000 74 14 0.1892
1478.4000 74 15 0.2027
1479.0000 75 15 0.2000
1483.1000 75 16 0.2133
1500.0000 76 16 0.2105
1518.0000 77 16 0.2078
1542.0000 78 16 0.2051
1562.0000 79 16 0.2025
1577.0000 80 16 0.2000
1600.0000 81 16 0.1975
1620.0000 82 16 0.1951
1637.0000 83 16 0.1928
1652.0000 84 16 0.1905
1673.0000 85 16 0.1882
1695.0000 86 16 0.1860
1706.4000 86 17 0.1977
1709.8000 86 18 0.2093
1713.0000 87 18 0.2069
1736.2000 87 19 0.2184
1737.0000 88 19 0.2159
1739.4000 88 20 0.2273
1739.8000 88 21 0.2386
1760.0000 89 21 0.2360
1781.0000 90 21 0.2333
1804.0000 91 21 0.2308
1812.7000 91 22 0.2418
1826.0000 92 22 0.2391
1849.0000 93 22 0.2366
1870.0000 94 22 0.2340
1881.2000 94 23 0.2447
1882.8000 94 24 0.2553
1890.0000 95 24 0.2526
1911.0000 96 24 0.2500
1929.0000 97 24 0.2474
1948.0000 98 24 0.2449
1965.0000 99 24 0.2424
1980.0000 100 24 0.2400
2002.0000 101 24 0.2376
2024.0000 102 24 0.2353
2035.6000 102 25 0.2451
2041.0000 103 25 0.2427
2064.0000 104 25 0.2404
2080.0000 105 25 0.2381
2095.0000 106 25 0.2358
2119.0000 107 25 0.2336
2139.0000 108 25 0.2315
2143.6000 108 26 0.2407
2161.0000 109 26 0.2385
2178.0000 110 26 0.2364
2199.0000 111 26 0.2342
2217.0000 111 27 0.2432
2222.0000 112 27 0.2411
2240.0000 113 27 0.2389
2259.0000 114 27 0.2368
2275.0000 115 27 0.2348
2295.0000 116 27 0.2328
2314.0000 117 27 0.2308
2327.0000 117 28 0.2393
2335.0000 118 28 0.2373
2354.0000 119 28 0.2353
2377.0000 120 28 0.2333
2396.0000 121 28 0.2314
2411.0000 122 28 0.2295
2412.0000 122 29 0.2377
2433.0000 123 29 0.2358
2452.0000 124 29 0.2339
2460.7000 124 30 0.2419
2464.9000 124 31 0.2500
2470.8000 124 32 0.2581
2474.0000 125 32 0.2560
2494.6000 125 33 0.2640
2496.0000 126 33 0.2619
2511.0000 127 33 0.2598
2526.0000 128 33 0.2578
2546.0000 129 33 0.2558
2556.7000 129 34 0.2636
2563.0000 130 34 0.2615
2586.0000 131 34 0.2595
2592.3000 131 35 0.2672
2601.0000 132 35 0.2652
2621.0000 133 35 0.2632
2641.0000 134 35 0.2612
2662.0000 135 35 0.2593
2678.0000 136 35 0.2574
2681.8000 136 36 0.2647
2681.9000 136 37 0.2721
2689.6000 136 38 0.2794
2690.9000 136 39 0.2868
2693.0000 137 39 0.2847
2716.0000 138 39 0.2826
2735.0000 139 39 0.2806
2737.9000 139 40 0.2878
2740.4000 139 41 0.2950
2754.0000 140 41 0.2929
2771.0000 141 41 0.2908
2788.0000 142 41 0.2887
2800.0000 142 42 0.2958
2807.0000 143 42 0.2937
2825.1000 143 43 0.3007
2831.0000 144 43 0.2986
2832.2000 144 44 0.3056
2840.3000 144 45 0.3125
2853.0000 145 45 0.3103
2868.0000 146 45 0.3082
2891.0000 147 45 0.3061
2911.0000 148 45 0.3041
2911.3000 148 46 0.3108
2926.0000 149 46 0.3087
2942.0000 150 46 0.3067
2947.3000 150 47 0.3133
2954.4000 150 48 0.3200
2962.0000 151 48 0.3179
2979.0000 152 48 0.3158
3003.0000 153 48 0.3137
3004.4000 153 49 0.3203
3024.0000 154 49 0.3182
3040.0000 155 49 0.3161
3064.0000 156 49 0.3141
3065.8000 156 50 0.3205
3084.5000 156 51 0.3269
3086.0000 157 51 0.3248
3110.0000 158 51 0.3228
3118.8000 158 52 0.3291
3129.0000 159 52 0.3270
3147.0000 160 52 0.3250
3166.0000 161 52 0.3230
3166.7000 161 53 0.3292
3190.0000 162 53 0.3272
3204.1000 162 54 0.3333
3210.0000 163 54 0.3313
3225.0000 164 54 0.3293
3243.0000 165 54 0.3273
3260.0000 166 54 0.3253
3261.2000 166 55 0.3313
3271.8000 166 56 0.3373
3273.6000 166 57 0.3434
3283.0000 167 57 0.3413
3305.0000 168 57 0.3393
3321.0000 169 57 0.3373
3344.0000 170 57 0.3353
3365.0000 171 57 0.3333
3385.0000 172 57 0.3314
3408.0000 173 57 0.3295
3414.1000 173 58 0.3353
3428.0000 174 58 0.3333
3429.2000 174 59 0.3391
3435.5000 174 60 0.3448
3447.8000 174 61 0.3506
3449.0000 175 61 0.3486
3454.7000 175 62 0.3543
3458.0000 175 63 0.3600
3472.0000 176 63 0.3580
3488.0000 177 63 0.3559
3505.5000 177 64 0.3616
3510.8000 177 65 0.3672
3511.0000 178 65 0.3652
3526.3000 178 66 0.3708
3535.0000 179 66 0.3687
3550.1000 179 67 0.3743
3552.0000 180 67 0.3722
3570.0000 181 67 0.3702
3577.8000 181 68 0.3757
3589.0000 182 68 0.3736
3604.0000 183 68 0.3716
3619.0000 184 68 0.3696
3638.0000 185 68 0.3676
3653.0000 186 68 0.3656
3669.0000 187 68 0.3636
3689.0000 188 68 0.3617
3712.0000 189 68 0.3598
3730.0000 190 68 0.3579
3754.0000 191 68 0.3560
3771.0000 192 68 0.3542
3774.1000 192 69 0.3594
3787.0000 193 69 0.3575
3809.0000 194 69 0.3557
3822.2000 194 70 0.3608
3831.8000 194 71 0.3660
3832.0000 195 71 0.3641
3848.6000 195 72 0.3692
3850.5000 195 73 0.3744
3854.0000 196 73 0.3724
3867.6000 196 74 0.3776
3873.0000 197 74 0.3756
3895.0000 198 74 0.3737
3919.0000 199 74 0.3719
3938.0000 200 74 0.3700
3946.1000 200 75 0.3750
3948.6000 200 76 0.3800
3949.2000 200 77 0.3850
3953.0000 200 78 0.3900
3955.0000 201 78 0.3881
3975.0000 202 78 0.3861
3996.0000 203 78 0.3842
4012.0000 204 78 0.3824
4031.0000 205 78 0.3805
4052.0000 206 78 0.3786
4054.9000 206 79 0.3835
4058.7000 206 80 0.3883
4060.0000 206 81 0.3932
4070.0000 207 81 0.3913
4094.0000 208 81 0.3894
4115.0000 209 81 0.3876
4134.0000 210 81 0.3857
4153.0000 211 81 0.3839
4171.0000 212 81 0.3821
4194.0000 213 81 0.3803
4214.0000 214 81 0.3785
4214.7000 214 82 0.3832
4235.0000 215 82 0.3814
4245.6000 215 83 0.3860
4251.0000 216 83 0.3843
4268.6000 216 84 0.3889
4272.0000 217 84 0.3871
4287.3000 217 85 0.3917
4290.0000 218 85 0.3899
4291.5000 218 86 0.3945
4297.6000 218 87 0.3991
4306.4000 218 88 0.4037
4314.0000 219 88 0.4018
4325.0000 219 89 0.4064
4338.0000 220 89 0.4045
4360.0000 221 89 0.4027
4363.9000 221 90 0.4072
4381.0000 222 90 0.4054
4400.0000 223 90 0.4036
4406.0000 223 91 0.4081
4418.3000 223 92 0.4126
4419.0000 224 92 0.4107
4419.1000 224 93 0.4152
4434.0000 225 93 0.4133
4452.4000 225 94 0.4178
4454.5000 225 95 0.4222
4458.0000 226 95 0.4204
4463.0000 226 96 0.4248
4476.0000 227 96 0.4229
4497.0000 228 96 0.4211
4505.4000 228 97 0.4254
4507.9000 228 98 0.4298
4515.0000 229 98 0.4279
4537.0000 230 98 0.4261
4556.0000 231 98 0.4242
4558.1000 231 99 0.4286
4580.0000 232 99 0.4267
4597.0000 233 99 0.4249
4614.0000 234 99 0.4231
4634.0000 235 99 0.4213
4655.0000 236 99 0.4195
4665.1000 236 100 0.4237
4672.0000 237 100 0.4219
4689.0000 238 100 0.4202
4699.4000 238 101 0.4244
4706.0000 239 101 0.4226
4729.0000 240 101 0.4208
4747.0000 241 101 0.4191
4762.0000 242 101 0.4174
4783.0000 243 101 0.4156
4793.4000 243 102 0.4198
4796.3000 243 103 0.4239
4807.0000 244 103 0.4221
4824.0000 245 103 0.4204
4846.7000 245 104 0.4245
4848.0000 246 104 0.4228
4867.0000 247 104 0.4211
4883.5000 247 105 0.4251
4886.0000 248 105 0.4234
4909.0000 249 105 0.4217
4914.5000 249 106 0.4257
4928.0000 250 106 0.4240
4951.0000 251 106 0.4223
4966.0000 252 106 0.4206
4986.0000 253 106 0.4190
4991.0000 253 107 0.4229
4995.1000 253 108 0.4269
5010.0000 254 108 0.4252
5014.7000 254 109 0.4291
5033.0000 255 109 0.4275
5048.0000 256 109 0.4258
5072.0000 257 109 0.4241
5089.0000 258 109 0.4225
5112.0000 259 109 0.4208
5131.0000 260 109 0.4192
5151.0000 261 109 0.4176
5170.2000 261 110 0.4215
5171.0000 261 111 0.4253
5175.0000 262 111 0.4237
5194.0000 263 111 0.4221
5212.5000 263 112 0.4259
5215.0000 264 112 0.4242
5237.0000 265 112 0.4226
5254.0000 266 112 0.4211
5269.0000 267 112 0.4195
5291.0000 268 112 0.4179
5307.0000 269 112 0.4164
5324.0000 270 112 0.4148
5339.0000 271 112 0.4133
5356.0000 272 112 0.4118
5371.0000 273 112 0.4103
5387.0000 274 112 0.4088
5395.6000 274 113 0.4124
5410.0000 275 113 0.4109
5410.3000 275 114 0.4145
5426.0000 276 114 0.4130
5447.0000 277 114 0.4116
5470.0000 278 114 0.4101
5490.0000 279 114 0.4086
5507.0000 280 114 0.4071
5516.5000 280 115 0.4107
5528.0000 281 115 0.4093
5546.0000 282 115 0.4078
5564.0000 283 115 0.4064
5566.2000 283 116 0.4099
5584.0000 284 116 0.4085
5595.0000 284 117 0.4120
5607.0000 285 117 0.4105
5625.0000 286 117 0.4091
5643.0000 287 117 0.4077
5665.0000 288 117 0.4063
5685.0000 289 117 0.4048
5704.0000 290 117 0.4034
5724.0000 291 117 0.4021
5745.0000 292 117 0.4007
5745.2000 292 118 0.4041
5760.0000 293 118 0.4027
5784.0000 294 118 0.4014
5805.0000 295 118 0.4000
5820.6000 295 119 0.4034
5822.0000 296 119 0.4020
5841.0000 297 119 0.4007
5859.0000 298 119 0.3993
5860.0000 298 120 0.4027
5873.7000 298 121 0.4060
5874.0000 299 121 0.4047
5883.3000 299 122 0.4080
5893.0000 300 122 0.4067
5895.4000 300 123 0.4100
5901.3000 300 124 0.4133
5914.0000 301 124 0.4120
5914.2000 301 125 0.4153
5932.0000 302 125 0.4139
5953.0000 303 125 0.4125
5969.5000 303 126 0.4158
5971.0000 304 126 0.4145
5986.0000 305 126 0.4131
5996.8000 305 127 0.4164
6003.8000 305 128 0.4197
6008.0000 306 128 0.4183
6024.0000 307 128 0.4169
6041.0000 308 128 0.4156
6063.0000 309 128 0.4142
6076.5000 309 129 0.4175
6077.9000 309 130 0.4207
6087.0000 310 130 0.4194
6105.0000 311 130 0.4180
6112.1000 311 131 0.4212
6124.0000 312 131 0.4199
6129.8000 312 132 0.4231
6145.0000 313 132 0.4217
6166.0000 314 132 0.4204
6182.0000 315 132 0.4190
6201.0000 316 132 0.4177
6216.0000 317 132 0.4164
6231.0000 318 132 0.4151
6248.0000 319 132 0.4138
6261.7000 319 133 0.4169
6267.0000 320 133 0.4156
6289.0000 321 133 0.4143
6308.0000 322 133 0.4130
6332.0000 323 133 0.4118
6337.7000 323 134 0.4149
6340.0000 323 135 0.4180
6355.0000 324 135 0.4167
6372.0000 325 135 0.4154
6386.8000 325 136 0.4185
6390.2000 325 137 0.4215
6393.0000 326 137 0.4202
6417.0000 327 137 0.4190
6424.2000 327 138 0.4220
6431.8000 327 139 0.4251
6441.0000 328 139 0.4238
6465.0000 329 139 0.4225
6467.3000 329 140 0.4255
6486.0000 330 140 0.4242
6502.0000 331 140 0.4230
6518.0000 332 140 0.4217
6536.0000 333 140 0.4204
6548.1000 333 141 0.4234
6553.5000 333 142 0.4264
6554.1000 333 143 0.4294
6555.0000 334 143 0.4281
6572.0000 335 143 0.4269
6591.0000 336 143 0.4256
6608.0000 337 143 0.4243
6631.0000 338 143 0.4231
6646.0000 339 143 0.4218
6649.3000 339 144 0.4248
6665.0000 340 144 0.4235
6684.0000 341 144 0.4223
6696.4000 341 145 0.4252
6708.0000 342 145 0.4240
6725.0000 343 145 0.4227
6727.3000 343 146 0.4257
6740.0000 343 147 0.4286
6745.0000 344 147 0.4273
6760.0000 345 147 0.4261
6770.7000 345 148 0.4290
6781.0000 346 148 0.4277
6793.2000 346 149 0.4306
6800.0000 347 149 0.4294
6816.0000 348 149 0.4282
6839.0000 349 149 0.4269
6854.0000 350 149 0.4257
6864.8000 350 150 0.4286
6874.0000 351 150 0.4274
6889.0000 352 150 0.4261
6893.6000 352 151 0.4290
6900.1000 352 152 0.4318
6909.0000 353 152 0.4306
6930.0000 354 152 0.4294
6951.0000 355 152 0.4282
6971.0000 356 152 0.4270
6978.5000 356 153 0.4298
6980.2000 356 154 0.4326
6995.0000 357 154 0.4314
7010.0000 358 154 0.4302
7011.5000 358 155 0.4330
7029.0000 359 155 0.4318
7045.8000 359 156 0.4345
7048.0000 360 156 0.4333
7071.0000 361 156 0.4321
7093.0000 362 156 0.4309
7093.3000 362 157 0.4337
7108.0000 363 157 0.4325
7112.8000 363 158 0.4353
7130.0000 364 158 0.4341
7147.0000 365 158 0.4329
7163.0000 366 158 0.4317
7175.0000 366 159 0.4344
7178.2000 366 160 0.4372
7180.0000 367 160 0.4360
7180.6000 367 161 0.4387
7183.2000 367 162 0.4414
7189.3000 367 163 0.4441
7197.0000 368 163 0.4429
7205.1000 368 164 0.4457
7221.0000 369 164 0.4444
7240.0000 370 164 0.4432
7255.0000 371 164 0.4420
7272.0000 372 164 0.4409
7290.8000 372 165 0.4435
7296.0000 373 165 0.4424
7301.8000 373 166 0.4450
7314.6000 373 167 0.4477
7319.0000 374 167 0.4465
7333.2000 374 168 0.4492
7335.0000 375 168 0.4480
7358.0000 376 168 0.4468
7378.0000 377 168 0.4456
7387.9000 377 169 0.4483
7394.0000 378 169 0.4471
7406.7000 378 170 0.4497
7411.0000 379 170 0.4485
7431.4000 379 171 0.4512
7435.0000 380 171 0.4500
7436.5000 380 172 0.4526
7459.0000 381 172 0.4514
7480.0000 382 172 0.4503
7498.0000 383 172 0.4491
7514.0000 384 172 0.4479
7536.0000 385 172 0.4468
7545.4000 385 173 0.4494
7559.0000 386 173 0.4482
7574.0000 387 173 0.4470
7583.5000 387 174 0.4496
7589.8000 387 175 0.4522
7595.0000 388 175 0.4510
7600.5000 388 176 0.4536
7613.0000 389 176 0.4524
7621.5000 389 177 0.4550
7632.0000 390 177 0.4538
7656.0000 391 177 0.4527
7658.1000 391 178 0.4552
7673.0000 392 178 0.4541
7678.6000 392 179 0.4566
7685.6000 392 180 0.4592
7696.0000 393 180 0.4580
7703.3000 393 181 0.4606
7713.0000 394 181 0.4594
7730.0000 395 181 0.4582
7745.0000 396 181 0.4571
7762.0000 397 181 0.4559
7768.5000 397 182 0.4584
7784.0000 398 182 0.4573
7804.0000 399 182 0.4561
7822.0000 400 182 0.4550
7840.0000 401 182 0.4539
7848.4000 401 183 0.4564
7858.0000 402 183 0.4552
7874.0000 403 183 0.4541
7891.3000 403 184 0.4566
7895.0000 404 184 0.4554
7914.0000 405 184 0.4543
7931.0000 406 184 0.4532
7948.0000 407 184 0.4521
7961.2000 407 185 0.4545
7972.0000 408 185 0.4534
7973.5000 408 186 0.4559
7987.0000 409 186 0.4548
7992.4000 409 187 0.4572
8002.0000 410 187 0.4561
8024.0000 411 187 0.4550
8035.3000 411 188 0.4574
8040.0000 412 188 0.4563
8041.7000 412 189 0.4587
8059.0000 413 189 0.4576
8082.0000 414 189 0.4565
8099.0000 415 189 0.4554
8116.0000 416 189 0.4543
8137.0000 417 189 0.4532
8158.0000 418 189 0.4522
8173.0000 419 189 0.4511
8190.0000 420 189 0.4500
8205.0000 421 189 0.4489
8205.7000 421 190 0.4513
8227.0000 422 190 0.4502
8229.9000 422 191 0.4526
8235.0000 422 192 0.4550
8237.1000 422 193 0.4573
8237.2000 422 194 0.4597
8251.0000 423 194 0.4586
8270.0000 423 195 0.4610
8271.7000 423 196 0.4634
8275.0000 424 196 0.4623
8297.0000 425 196 0.4612
8317.0000 426 196 0.4601
8336.0000 427 196 0.4590
8359.0000 428 196 0.4579
8365.6000 428 197 0.4603
8375.0000 429 197 0.4592
8396.0000 430 197 0.4581
8404.7000 430 198 0.4605
8414.0000 431 198 0.4594
8426.8000 431 199 0.4617
8427.0000 431 200 0.4640
8437.0000 432 200 0.4630
8437.9000 432 201 0.4653
8453.0000 433 201 0.4642
8468.0000 434 201 0.4631
8492.0000 435 201 0.4621
8495.9000 435 202 0.4644
8510.0000 436 202 0.4633
8525.0000 437 202 0.4622
8541.2000 437 203 0.4645
8544.0000 438 203 0.4635
8548.0000 438 204 0.4658
8566.0000 439 204 0.4647
8578.2000 439 205 0.4670
8586.0000 440 205 0.4659
8609.0000 441 205 0.4649
8625.0000 442 205 0.4638
8641.0000 442 206 0.4661
8644.0000 443 206 0.4650
8650.9000 443 207 0.4673
8663.0000 444 207 0.4662
8681.0000 445 207 0.4652
8697.0000 446 207 0.4641
8705.9000 446 208 0.4664
8706.6000 446 209 0.4686
8719.0000 447 209 0.4676
8726.4000 447 210 0.4698
8730.3000 447 211 0.4720
8743.0000 448 211 0.4710
8748.8000 448 212 0.4732
8767.0000 449 212 0.4722
8784.0000 450 212 0.4711
8791.6000 450 213 0.4733
8800.0000 451 213 0.4723
8807.3000 451 214 0.4745
8823.0000 452 214 0.4735
8839.0000 453 214 0.4724
8849.0000 453 215 0.4746
8854.0000 454 215 0.4736
8869.0000 455 215 0.4725
8888.6000 455 216 0.4747
8892.0000 456 216 0.4737
8897.8000 456 217 0.4759
8904.6000 456 218 0.4781
8911.0000 457 218 0.4770
8929.0000 458 218 0.4760
8944.0000 459 218 0.4749
8955.3000 459 219 0.4771
8955.8000 459 220 0.4793
8961.0000 460 220 0.4783
8979.0000 461 220 0.4772
8985.6000 461 221 0.4794
8997.0000 462 221 0.4784
9009.7000 462 222 0.4805
9011.3000 462 223 0.4827
9013.0000 463 223 0.4816
9020.7000 463 224 0.4838
9035.0000 464 224 0.4828
9054.3000 464 225 0.4849
9058.0000 465 225 0.4839
9065.9000 465 226 0.4860
9070.2000 465 227 0.4882
9073.0000 466 227 0.4871
9095.0000 467 227 0.4861
9119.0000 468 227 0.4850
9143.0000 469 227 0.4840
9162.0000 470 227 0.4830
9184.4000 470 228 0.4851
9184.6000 470 229 0.4872
9186.0000 471 229 0.4862
9196.5000 471 230 0.4883
9209.0000 472 230 0.4873
9224.0000 473 230 0.4863
9245.0000 474 230 0.4852
9264.0000 475 230 0.4842
9265.6000 475 231 0.4863
9288.0000 476 231 0.4853
9294.6000 476 232 0.4874
9306.5000 476 233 0.4895
9310.0000 477 233 0.4885
9315.5000 477 234 0.4906
9326.0000 478 234 0.4895
9341.0000 479 234 0.4885
9365.0000 480 234 0.4875
9382.6000 480 235 0.4896
9387.0000 481 235 0.4886
9403.0000 482 235 0.4876
9403.6000 482 236 0.4896
9406.5000 482 237 0.4917
9426.0000 483 237 0.4907
9444.0000 484 237 0.4897
9448.7000 484 238 0.4917
9455.8000 484 239 0.4938
9468.0000 485 239 0.4928
9485.0000 486 239 0.4918
9496.5000 486 240 0.4938
9503.0000 487 240 0.4928
9504.0000 487 241 0.4949
9527.0000 488 241 0.4939
9550.0000 489 241 0.4928
9573.0000 490 241 0.4918
9591.0000 491 241 0.4908
9614.0000 492 241 0.4898
9614.9000 492 242 0.4919
9632.0000 493 242 0.4909
9645.7000 493 243 0.4929
9653.0000 494 243 0.4919
9653.4000 494 244 0.4939
9669.5000 494 245 0.4960
9676.0000 495 245 0.4949
9693.0000 496 245 0.4940
9715.0000 497 245 0.4930
9736.0000 498 245 0.4920
9738.8000 498 246 0.4940
9750.0000 498 247 0.4960
9752.0000 499 247 0.4950
9776.0000 500 247 0.4940
9793.4000 500 248 0.4960
9799.0000 501 248 0.4950
9821.0000 502 248 0.4940
9837.0000 503 248 0.4930
9846.7000 503 249 0.4950
9848.0000 503 250 0.4970
9861.0000 504 250 0.4960
9879.0000 505 250 0.4950
9887.2000 505 251 0.4970
9894.0000 506 251 0.4960
9901.8000 506 252 0.4980
9906.5000 506 253 0.5000
9907.7000 506 254 0.5020
9909.0000 507 254 0.5010
9927.0000 508 254 0.5000
9946.0000 509 254 0.4990
9969.0000 510 254 0.4980
9988.0000 511 254 0.4971
9995.7000 511 255 0.4990
10007.0000 512 255 0.4980
10013.2000 512 256 0.5000
10024.0000 513 256 0.4990
10024.6000 513 257 0.5010
10026.8000 513 258 0.5029
10038.9000 513 259 0.5049
10044.0000 514 259 0.5039
10067.0000 515 259 0.5029
10087.0000 516 259 0.5019
10108.0000 516 260 0.5039
10108.2000 516 261 0.5058
10111.0000 517 261 0.5048
10132.0000 518 261 0.5039
10151.9000 518 262 0.5058
10154.0000 519 262 0.5048
10163.5000 519 263 0.5067
10176.9000 519 264 0.5087
10177.0000 520 264 0.5077
10185.2000 520 265 0.5096
10194.0000 521 265 0.5086
10216.0000 522 265 0.5077
10235.0000 523 265 0.5067
10256.0000 523 266 0.5086
10257.0000 524 266 0.5076
10272.6000 524 267 0.5095
10281.0000 525 267 0.5086
10284.4000 525 268 0.5105
10300.0000 526 268 0.5095
10320.0000 527 268 0.5085
10333.5000 527 269 0.5104
10343.0000 528 269 0.5095
10345.9000 528 270 0.5114
10366.0000 529 270 0.5104
10382.0000 530 270 0.5094
10402.0000 531 270 0.5085
10423.0000 532 270 0.5075
10424.8000 532 271 0.5094
10441.0000 533 271 0.5084
10443.4000 533 272 0.5103
10461.0000 534 272 0.5094
10480.0000 535 272 0.5084
10496.9000 535 273 0.5103
10497.0000 536 273 0.5093
10506.5000 536 274 0.5112
10518.0000 537 274 0.5102
10536.0000 537 275 0.5121
10537.0000 538 275 0.5112
10538.1000 538 276 0.5130
10552.3000 538 277 0.5149
10554.1000 538 278 0.5167
10555.0000 539 278 0.5158
10571.0000 540 278 0.5148
10591.0000 541 278 0.5139
10610.3000 541 279 0.5157
10615.0000 542 279 0.5148
10617.4000 542 280 0.5166
10622.1000 542 281 0.5185
10637.0000 543 281 0.5175
10645.7000 543 282 0.5193
10654.6000 543 283 0.5212
10657.0000 544 283 0.5202
10681.0000 545 283 0.5193
10703.0000 546 283 0.5183
10726.0000 547 283 0.5174
10748.0000 548 283 0.5164
10768.0000 549 283 0.5155
10781.7000 549 284 0.5173
10788.0000 550 284 0.5164
10808.0000 551 284 0.5154
10808.4000 551 285 0.5172
10823.0000 552 285 0.5163
10842.0000 553 285 0.5154
10862.0000 553 286 0.5172
10866.0000 554 286 0.5162
10876.1000 554 287 0.5181
10885.0000 555 287 0.5171
10887.3000 555 288 0.5189
10907.0000 556 288 0.5180
10925.0000 557 288 0.5171
10942.0000 558 288 0.5161
10966.0000 559 288 0.5152
10983.0000 560 288 0.5143
11000.4000 560 289 0.5161
11006.0000 561 289 0.5152
11007.8000 561 290 0.5169
11019.7000 561 291 0.5187
11021.3000 561 292 0.5205
11023.0000 562 292 0.5196
11040.7000 562 293 0.5214
11041.5000 562 294 0.5231
11046.0000 563 294 0.5222
11058.5000 563 295 0.5240
11068.0000 564 295 0.5230
11079.9000 564 296 0.5248
11084.0000 565 296 0.5239
11102.0000 566 296 0.5230
11116.8000 566 297 0.5247
11120.0000 567 297 0.5238
11126.6000 567 298 0.5256
11143.0000 568 298 0.5246
11146.6000 568 299 0.5264
11166.0000 569 299 0.5255
11182.0000 570 299 0.5246
11197.6000 570 300 0.5263
11201.0000 571 300 0.5254
11206.5000 571 301 0.5271
11207.0000 571 302 0.5289
11218.0000 572 302 0.5280
11238.0000 573 302 0.5271
11249.5000 573 303 0.5288
11250.8000 573 304 0.5305
11260.0000 574 304 0.5296
11280.0000 575 304 0.5287
11298.0000 576 304 0.5278
11308.0000 576 305 0.5295
11314.1000 576 306 0.5313
11319.0000 577 306 0.5303
11323.3000 577 307 0.5321
11343.0000 578 307 0.5311
11363.0000 579 307 0.5302
11381.0000 580 307 0.5293
11404.0000 580 308 0.5310
11405.0000 581 308 0.5301
11424.0000 582 308 0.5292
11432.3000 582 309 0.5309
11443.0000 583 309 0.5300
11450.2000 583 310 0.5317
11467.0000 584 310 0.5308
11472.6000 584 311 0.5325
11491.0000 585 311 0.5316
11511.0000 586 311 0.5307
11514.1000 586 312 0.5324
11529.0000 587 312 0.5315
11534.4000 587 313 0.5332
11547.0000 588 313 0.5323
11563.1000 588 314 0.5340
11566.0000 589 314 0.5331
11575.9000 589 315 0.5348
11586.0000 590 315 0.5339
11610.0000 591 315 0.5330
11611.8000 591 316 0.5347
11626.0000 592 316 0.5338
11640.2000 592 317 0.5355
11650.0000 593 317 0.5346
11665.0000 594 317 0.5337
11680.0000 595 317 0.5328
11687.5000 595 318 0.5345
11687.6000 595 319 0.5361
11696.0000 596 319 0.5352
11711.0000 597 319 0.5343
11731.0000 598 319 0.5334
11755.0000 599 319 0.5326
11768.7000 599 320 0.5342
11771.0000 600 320 0.5333
11790.0000 601 320 0.5324
11790.7000 601 321 0.5341
11795.3000 601 322 0.5358
11805.5000 601 323 0.5374
11807.6000 601 324 0.5391
11809.0000 602 324 0.5382
11809.8000 602 325 0.5399
11827.0000 603 325 0.5390
11833.3000 603 326 0.5406
11851.0000 604 326 0.5397
11867.0000 605 326 0.5388
11872.5000 605 327 0.5405
11885.0000 606 327 0.5396
11907.0000 607 327 0.5387
11929.0000 608 327 0.5378
11935.8000 608 328 0.5395
11940.3000 608 329 0.5411
11947.6000 608 330 0.5428
11948.0000 609 330 0.5419
11959.7000 609 331 0.5435
11971.0000 610 331 0.5426
11989.6000 610 332 0.5443
11995.0000 611 332 0.5434
12012.0000 612 332 0.5425
12033.0000 613 332 0.5416
12048.0000 614 332 0.5407
12066.6000 614 333 0.5423
12070.0000 615 333 0.5415
12073.0000 615 334 0.5431
12075.7000 615 335 0.5447
12088.0000 616 335 0.5438
12104.0000 617 335 0.5429
12124.0000 618 335 0.5421
12135.5000 618 336 0.5437
12145.0000 619 336 0.5428
12153.5000 619 337 0.5444
12165.0000 620 337 0.5435
12189.0000 621 337 0.5427
12209.0000 622 337 0.5418
12210.0000 622 338 0.5434
12216.6000 622 339 0.5450
12218.2000 622 340 0.5466
12226.0000 623 340 0.5457
12249.0000 624 340 0.5449
12270.0000 625 340 0.5440
12280.1000 625 341 0.5456
12286.7000 625 342 0.5472
12287.0000 626 342 0.5463
12305.0000 627 342 0.5455
12309.8000 627 343 0.5470
12312.8000 627 344 0.5486
12314.5000 627 345 0.5502
12316.8000 627 346 0.5518
12323.0000 628 346 0.5510
12329.5000 628 347 0.5525
12339.0000 629 347 0.5517
12345.6000 629 348 0.5533
12358.0000 630 348 0.5524
12360.6000 630 349 0.5540
12377.0000 631 349 0.5531
12389.5000 631 350 0.5547
12399.0000 632 350 0.5538
12416.9000 632 351 0.5554
12418.6000 632 352 0.5570
12421.0000 633 352 0.5561
12444.0000 634 352 0.5552
12457.2000 634 353 0.5568
12463.0000 635 353 0.5559
12474.8000 635 354 0.5575
12479.0000 636 354 0.5566
12483.2000 636 355 0.5582
12497.0000 637 355 0.5573
12518.0000 638 355 0.5564
12535.5000 638 356 0.5580
12538.0000 639 356 0.5571
12546.1000 639 357 0.5587
12556.0000 640 357 0.5578
12556.6000 640 358 0.5594
12575.0000 641 358 0.5585
12596.0000 642 358 0.5576
12611.0000 643 358 0.5568
12635.0000 644 358 0.5559
12641.9000 644 359 0.5575
12644.1000 644 360 0.5590
12655.0000 645 360 0.5581
12670.3000 645 361 0.5597
12672.0000 646 361 0.5588
12689.5000 646 362 0.5604
12691.0000 647 362 0.5595
12709.9000 647 363 0.5611
12713.0000 648 363 0.5602
12726.0000 648 364 0.5617
12726.0000 648 365 0.5633
12727.4000 648 366 0.5648
12729.0000 648 367 0.5664
12737.0000 649 367 0.5655
12761.0000 650 367 0.5646
12781.0000 651 367 0.5637
12798.0000 652 367 0.5629
12818.0000 653 367 0.5620
12830.3000 653 368 0.5636
12836.3000 653 369 0.5651
12839.0000 654 369 0.5642
12863.0000 655 369 0.5634
12866.0000 655 370 0.5649
12884.0000 656 370 0.5640
12901.0000 657 370 0.5632
12919.0000 658 370 0.5623
12936.0000 659 370 0.5615
12945.4000 659 371 0.5630
12954.0000 660 371 0.5621
12971.0000 661 371 0.5613
12985.9000 661 372 0.5628
12986.0000 662 372 0.5619
12995.2000 662 373 0.5634
13009.0000 663 373 0.5626
13029.0000 664 373 0.5617
13048.0000 665 373 0.5609
13069.0000 666 373 0.5601
13080.5000 666 374 0.5616
13082.6000 666 375 0.5631
13090.0000 667 375 0.5622
13112.0000 668 375 0.5614
13132.3000 668 376 0.5629
13135.0000 669 376 0.5620
13146.6000 669 377 0.5635
13148.8000 669 378 0.5650
13157.0000 670 378 0.5642
13175.0000 671 378 0.5633
13198.0000 672 378 0.5625
13222.0000 673 378 0.5617
13237.0000 674 378 0.5608
13261.0000 675 378 0.5600
13266.4000 675 379 0.5615
13279.0000 676 379 0.5607
13290.8000 676 380 0.5621
13295.2000 676 381 0.5636
13303.0000 677 381 0.5628
13327.0000 678 381 0.5619
13344.0000 679 381 0.5611
13367.0000 680 381 0.5603
13370.8000 680 382 0.5618
13382.8000 680 383 0.5632
13385.0000 681 383 0.5624
13400.0000 682 383 0.5616
13422.0000 683 383 0.5608
13422.1000 683 384 0.5622
13439.0000 684 384 0.5614
13462.2000 684 385 0.5629
13463.0000 685 385 0.5620
13463.2000 685 386 0.5635
13485.0000 686 386 0.5627
13501.0000 687 386 0.5619
13522.0000 688 386 0.5610
13543.0000 689 386 0.5602
13558.0000 690 386 0.5594
13571.7000 690 387 0.5609
13572.0000 690 388 0.5623
13578.0000 691 388 0.5615
13597.0000 692 388 0.5607
13601.2000 692 389 0.5621
13605.2000 692 390 0.5636
13612.0000 693 390 0.5628
13615.9000 693 391 0.5642
13622.2000 693 392 0.5657
13626.3000 693 393 0.5671
13633.0000 694 393 0.5663
13640.1000 694 394 0.5677
13642.3000 694 395 0.5692
13654.0000 695 395 0.5683
13674.0000 696 395 0.5675
13689.0000 697 395 0.5667
13693.9000 697 396 0.5681
13713.0000 698 396 0.5673
13732.6000 698 397 0.5688
13733.0000 699 397 0.5680
13750.0000 700 397 0.5671
13770.6000 700 398 0.5686
13771.0000 701 398 0.5678
13787.0000 702 398 0.5670
13808.0000 703 398 0.5661
13831.0000 704 398 0.5653
13836.3000 704 399 0.5668
13853.0000 705 399 0.5660
13874.0000 706 399 0.5652
13894.0000 707 399 0.5644
13915.0000 708 399 0.5636
13937.0000 709 399 0.5628
13939.5000 709 400 0.5642
13952.0000 710 400 0.5634
13955.8000 710 401 0.5648
13976.0000 711 401 0.5640
13987.4000 711 402 0.5654
13994.0000 712 402 0.5646
14006.6000 712 403 0.5660
14007.7000 712 404 0.5674
14011.0000 713 404 0.5666
14031.0000 713 405 0.5680
14032.0000 714 405 0.5672
14056.0000 715 405 0.5664
14077.0000 716 405 0.5656
14092.0000 717 405 0.5649
14107.0000 718 405 0.5641
14123.0000 719 405 0.5633
14147.0000 720 405 0.5625
14166.1000 720 406 0.5639
14167.0000 721 406 0.5631
14186.0000 722 406 0.5623
14204.0000 723 406 0.5615
14220.4000 723 407 0.5629
14225.0000 724 407 0.5622
14245.0000 725 407 0.5614
14267.0000 726 407 0.5606
14279.3000 726 408 0.5620
14286.0000 727 408 0.5612
14304.0000 728 408 0.5604
14323.0000 729 408 0.5597
14343.0000 730 408 0.5589
14363.0000 731 408 0.5581
14379.4000 731 409 0.5595
14385.0000 732 409 0.5587
14404.0000 733 409 0.5580
14420.0000 734 409 0.5572
14433.0000 734 410 0.5586
14441.0000 735 410 0.5578
14456.0000 736 410 0.5571
14466.4000 736 411 0.5584
14475.0000 737 411 0.5577
14499.0000 738 411 0.5569
14510.0000 738 412 0.5583
14523.0000 739 412 0.5575
14544.0000 740 412 0.5568
14568.0000 741 412 0.5560
14588.0000 742 412 0.5553
14603.0000 743 412 0.5545
14618.0000 744 412 0.5538
14624.9000 744 413 0.5551
14628.6000 744 414 0.5565
14631.4000 744 415 0.5578
14636.7000 744 416 0.5591
14638.0000 744 417 0.5605
14639.0000 745 417 0.5597
14655.0000 746 417 0.5590
14676.0000 747 417 0.5582
14696.0000 748 417 0.5575
14701.5000 748 418 0.5588
14701.8000 748 419 0.5602
14706.4000 748 420 0.5615
14711.4000 748 421 0.5628
14718.0000 749 421 0.5621
14725.3000 749 422 0.5634
14733.2000 749 423 0.5648
14736.0000 750 423 0.5640
14742.0000 750 424 0.5653
14746.0000 750 425 0.5667
14756.0000 751 425 0.5659
14773.0000 752 425 0.5652
14790.0000 753 425 0.5644
14809.0000 754 425 0.5637
14815.1000 754 426 0.5650
14830.9000 754 427 0.5663
14831.0000 755 427 0.5656
14848.0000 756 427 0.5648
14867.0000 757 427 0.5641
14889.0000 758 427 0.5633
14896.9000 758 428 0.5646
14905.0000 759 428 0.5639
14910.5000 759 429 0.5652
14927.0000 760 429 0.5645
14942.0000 761 429 0.5637
14961.0000 762 429 0.5630
14975.8000 762 430 0.5643
14984.0000 763 430 0.5636
14999.0000 764 430 0.5628
15001.4000 764 431 0.5641
15016.0000 764 432 0.5654
15021.0000 765 432 0.5647
15022.6000 765 433 0.5660
15030.4000 765 434 0.5673
15033.3000 765 435 0.5686
15041.0000 766 435 0.5679
15058.0000 767 435 0.5671
15071.9000 767 436 0.5684
15074.0000 768 436 0.5677
15089.2000 768 437 0.5690
15093.0000 769 437 0.5683
15114.0000 770 437 0.5675
15129.5000 770 438 0.5688
15132.0000 771 438 0.5681
15149.0000 772 438 0.5674
15172.0000 773 438 0.5666
15182.2000 773 439 0.5679
15190.0000 774 439 0.5672
15212.0000 775 439 0.5665
15235.0000 776 439 0.5657
15256.0000 777 439 0.5650
15266.0000 777 440 0.5663
15280.0000 778 440 0.5656
15290.0000 778 441 0.5668
15297.0000 779 441 0.5661
15318.0000 780 441 0.5654
15336.0000 781 441 0.5647
15360.0000 782 441 0.5639
15381.0000 783 441 0.5632
15386.0000 783 442 0.5645
15389.7000 783 443 0.5658
15395.7000 783 444 0.5670
15397.8000 783 445 0.5683
15399.0000 784 445 0.5676
15406.9000 784 446 0.5689
15419.0000 785 446 0.5682
15439.2000 785 447 0.5694
15441.0000 786 447 0.5687
15459.3000 786 448 0.5700
15465.0000 787 448 0.5693
15482.0000 788 448 0.5685
15500.3000 788 449 0.5698
15504.0000 789 449 0.5691
15517.2000 789 450 0.5703
15526.0000 790 450 0.5696
15538.7000 790 451 0.5709
15540.0000 790 452 0.5722
15547.0000 791 452 0.5714
15569.0000 792 452 0.5707
15583.0000 792 453 0.5720
15591.0000 793 453 0.5712
15615.0000 794 453 0.5705
15632.0000 795 453 0.5698
15651.0000 796 453 0.5691
15657.6000 796 454 0.5704
15666.0000 797 454 0.5696
15684.0000 798 454 0.5689
15708.0000 799 454 0.5682
15724.0000 800 454 0.5675
15746.0000 801 454 0.5668
15764.0000 802 454 0.5661
15769.0000 802 455 0.5673
15780.2000 802 456 0.5686
15782.0000 803 456 0.5679
15793.3000 803 457 0.5691
15799.0000 804 457 0.5684
15815.0000 805 457 0.5677
15838.0000 806 457 0.5670
15854.0000 807 457 0.5663
15873.0000 808 457 0.5656
15880.0000 808 458 0.5668
15891.0000 808 459 0.5681
15894.0000 809 459 0.5674
15909.0000 810 459 0.5667
15927.0000 811 459 0.5660
15948.0000 812 459 0.5653
15953.1000 812 460 0.5665
15967.0000 813 460 0.5658
15990.0000 814 460 0.5651
16006.3000 814 461 0.5663
16006.5000 814 462 0.5676
16010.0000 815 462 0.5669
16027.0000 816 462 0.5662
16042.0000 817 462 0.5655
16044.5000 817 463 0.5667
16060.9000 817 464 0.5679
16061.0000 818 464 0.5672
16080.0000 819 464 0.5665
16104.0000 820 464 0.5659
16124.0000 821 464 0.5652
16139.0000 822 464 0.5645
16155.0000 823 464 0.5638
16175.0000 824 464 0.5631
16196.0000 825 464 0.5624
16199.9000 825 465 0.5636
16205.1000 825 466 0.5648
16212.0000 826 466 0.5642
16220.0000 826 467 0.5654
16230.0000 827 467 0.5647
16232.5000 827 468 0.5659
16245.0000 828 468 0.5652
16250.6000 828 469 0.5664
16261.0000 829 469 0.5657
16281.0000 830 469 0.5651
16297.5000 830 470 0.5663
16301.0000 831 470 0.5656
16312.0000 831 471 0.5668
16322.0000 832 471 0.5661
16338.0000 833 471 0.5654
16357.0000 834 471 0.5647
16380.0000 835 471 0.5641
16390.0000 835 472 0.5653
16399.0000 836 472 0.5646
16416.0000 837 472 0.5639
16433.0000 838 472 0.5632
16455.0000 839 472 0.5626
16458.4000 839 473 0.5638
16479.0000 840 473 0.5631
16493.6000 840 474 0.5643
16503.0000 841 474 0.5636
16520.1000 841 475 0.5648
16526.0000 842 475 0.5641
16543.7000 842 476 0.5653
16547.0000 843 476 0.5647
16568.0000 844 476 0.5640
16588.9000 844 477 0.5652
16589.0000 845 477 0.5645
16591.9000 845 478 0.5657
16604.1000 845 479 0.5669
16610.0000 846 479 0.5662
16628.0000 847 479 0.5655
16629.6000 847 480 0.5667
16635.4000 847 481 0.5679
16646.0000 848 481 0.5672
16662.0000 849 481 0.5665
16682.0000 850 481 0.5659
16699.0000 851 481 0.5652
16721.7000 851 482 0.5664
16723.0000 852 482 0.5657
16745.0000 853 482 0.5651
16760.0000 854 482 0.5644
16771.5000 854 483 0.5656
16783.0000 855 483 0.5649
16798.0000 855 484 0.5661
16800.0000 856 484 0.5654
16802.3000 856 485 0.5666
16818.0000 857 485 0.5659
16835.0000 858 485 0.5653
16852.1000 858 486 0.5664
16858.0000 859 486 0.5658
16881.0000 860 486 0.5651
16901.0000 861 486 0.5645
16904.2000 861 487 0.5656
16913.8000 861 488 0.5668
16914.7000 861 489 0.5679
16917.0000 862 489 0.5673
16935.0000 863 489 0.5666
16959.0000 864 489 0.5660
16980.0000 865 489 0.5653
16997.0000 866 489 0.5647
17001.1000 866 490 0.5658
17021.0000 867 490 0.5652
17038.4000 867 491 0.5663
17040.0000 868 491 0.5657
17040.0000 868 492 0.5668
17062.4000 868 493 0.5680
17063.0000 869 493 0.5673
17082.0000 870 493 0.5667
17105.0000 871 493 0.5660
17126.0000 872 493 0.5654
17143.0000 873 493 0.5647
17162.0000 874 493 0.5641
17181.0000 875 493 0.5634
17202.0000 876 493 0.5628
17225.0000 877 493 0.5621
17226.5000 877 494 0.5633
17240.0000 878 494 0.5626
17259.0000 879 494 0.5620
17278.0000 880 494 0.5614
17299.0000 881 494 0.5607
17318.0000 882 494 0.5601
17336.0000 883 494 0.5595
17338.6000 883 495 0.5606
17353.0000 884 495 0.5600
17354.6000 884 496 0.5611
17357.6000 884 497 0.5622
17364.8000 884 498 0.5633
17370.0000 885 498 0.5627
17371.3000 885 499 0.5638
17393.6000 885 500 0.5650
17394.0000 886 500 0.5643
17406.8000 886 501 0.5655
17416.0000 887 501 0.5648
17439.0000 888 501 0.5642
17454.0000 889 501 0.5636
17457.9000 889 502 0.5647
17469.2000 889 503 0.5658
17477.0000 890 503 0.5652
17497.0000 891 503 0.5645
17515.0000 892 503 0.5639
17535.0000 893 503 0.5633
17558.0000 894 503 0.5626
17574.0000 895 503 0.5620
17598.0000 896 503 0.5614
17619.0000 897 503 0.5608
17639.0000 898 503 0.5601
17654.0000 899 503 0.5595
17672.0000 900 503 0.5589
17690.0000 901 503 0.5583
17710.0000 902 503 0.5576
17734.0000 903 503 0.5570
17742.4000 903 504 0.5581
17751.0000 904 504 0.5575
17773.8000 904 505 0.5586
17774.0000 905 505 0.5580
17782.6000 905 506 0.5591
17793.0000 906 506 0.5585
17808.0000 907 506 0.5579
17813.6000 907 507 0.5590
17816.7000 907 508 0.5601
17817.3000 907 509 0.5612
17826.0000 908 509 0.5606
17846.0000 909 509 0.5600
17864.0000 910 509 0.5593
17869.5000 910 510 0.5604
17884.0000 911 510 0.5598
17887.7000 911 511 0.5609
17899.0000 912 511 0.5603
17917.0000 913 511 0.5597
17934.7000 913 512 0.5608
17936.0000 914 512 0.5602
17943.3000 914 513 0.5613
17951.1000 914 514 0.5624
17954.2000 914 515 0.5635
17958.0000 915 515 0.5628
17976.0000 916 515 0.5622
18000.0000 917 515 0.5616
18021.0000 918 515 0.5610
18040.0000 919 515 0.5604
18059.0000 920 515 0.5598
18077.0000 921 515 0.5592
18091.7000 921 516 0.5603
18092.0000 922 516 0.5597
18092.7000 922 517 0.5607
18097.4000 922 518 0.5618
18104.0000 922 519 0.5629
18112.1000 922 520 0.5640
18113.0000 923 520 0.5634
18124.5000 923 521 0.5645
18132.0000 924 521 0.5639
18135.7000 924 522 0.5649
18140.6000 924 523 0.5660
18155.0000 925 523 0.5654
18169.3000 925 524 0.5665
18177.0000 926 524 0.5659
18190.3000 926 525 0.5670
18192.0000 927 525 0.5663
18214.0000 928 525 0.5657
18221.6000 928 526 0.5668
18225.3000 928 527 0.5679
18227.7000 928 528 0.5690
18236.0000 929 528 0.5684
18259.0000 930 528 0.5677
18275.0000 931 528 0.5671
18298.0000 932 528 0.5665
18309.0000 932 529 0.5676
18321.0000 933 529 0.5670
18340.0000 934 529 0.5664
18351.8000 934 530 0.5675
18352.4000 934 531 0.5685
18353.1000 934 532 0.5696
18364.0000 935 532 0.5690
18383.0000 936 532 0.5684
18402.0000 937 532 0.5678
18425.0000 938 532 0.5672
18449.0000 939 532 0.5666
18463.3000 939 533 0.5676
18470.1000 939 534 0.5687
18473.0000 940 534 0.5681
18488.0000 941 534 0.5675
18502.5000 941 535 0.5685
18512.0000 942 535 0.5679
18534.0000 943 535 0.5673
18549.0000 944 535 0.5667
18570.0000 945 535 0.5661
18577.1000 945 536 0.5672
18587.2000 945 537 0.5683
18590.0000 946 537 0.5677
18613.0000 947 537 0.5671
18625.1000 947 538 0.5681
18625.7000 947 539 0.5692
18632.0000 948 539 0.5686
18650.0000 948 540 0.5696
18653.0000 949 540 0.5690
18677.0000 950 540 0.5684
18677.5000 950 541 0.5695
18696.0000 951 541 0.5689
18704.5000 951 542 0.5699
18714.2000 951 543 0.5710
18715.0000 952 543 0.5704
18738.0000 953 543 0.5698
18753.0000 954 543 0.5692
18768.0000 955 543 0.5686
18784.0000 955 544 0.5696
18786.0000 956 544 0.5690
18809.0000 957 544 0.5684
18828.0000 958 544 0.5678
18828.0000 958 545 0.5689
18836.3000 958 546 0.5699
18841.2000 958 547 0.5710
18845.0000 959 547 0.5704
18862.0000 960 547 0.5698
18884.0000 961 547 0.5692
18894.5000 961 548 0.5702
18899.0000 962 548 0.5696
18918.0000 962 549 0.5707
18921.2000 962 550 0.5717
18922.0000 963 550 0.5711
18939.0000 964 550 0.5705
18956.0000 965 550 0.5699
18964.9000 965 551 0.5710
18966.7000 965 552 0.5720
18972.8000 965 553 0.5731
18977.0000 966 553 0.5725
18990.3000 966 554 0.5735
18991.1000 966 555 0.5745
18993.0000 967 555 0.5739
19015.0000 968 555 0.5733
19035.4000 968 556 0.5744
19037.0000 969 556 0.5738
19055.0000 970 556 0.5732
19072.0000 971 556 0.5726
19072.3000 971 557 0.5736
19087.0000 972 557 0.5730
19095.0000 972 558 0.5741
19108.0000 973 558 0.5735
19129.0000 974 558 0.5729
19151.0000 975 558 0.5723
19161.8000 975 559 0.5733
19173.0000 976 559 0.5727
19192.0000 977 559 0.5722
19211.0000 978 559 0.5716
19231.0000 979 559 0.5710
19236.7000 979 560 0.5720
19253.8000 979 561 0.5730
19254.0000 980 561 0.5724
19277.0000 981 561 0.5719
19293.0000 981 562 0.5729
19301.0000 982 562 0.5723
19313.4000 982 563 0.5733
19316.0000 983 563 0.5727
19316.1000 983 564 0.5738
19340.0000 984 564 0.5732
19341.0000 984 565 0.5742
19355.0000 985 565 0.5736
19363.7000 985 566 0.5746
19373.0000 986 566 0.5740
19391.0000 987 566 0.5735
19406.0000 988 566 0.5729
19411.2000 988 567 0.5739
19418.6000 988 568 0.5749
19423.0000 989 568 0.5743
19429.7000 989 569 0.5753
19439.0000 990 569 0.5747
19455.0000 991 569 0.5742
19479.0000 992 569 0.5736
19497.0000 993 569 0.5730
19518.9000 993 570 0.5740
19521.0000 994 570 0.5734
19531.8000 994 571 0.5744
19542.0000 995 571 0.5739
19565.0000 996 571 0.5733
19586.0000 997 571 0.5727
19601.0000 998 571 0.5721
19621.8000 998 572 0.5731
19622.0000 999 572 0.5726
19623.5000 999 573 0.5736
19641.0000 1000 573 0.5730
19660.0000 1001 573 0.5724
19677.0000 1002 573 0.5719
19692.0000 1003 573 0.5713
19703.0000 1003 574 0.5723
19716.0000 1004 574 0.5717
19733.6000 1004 575 0.5727
19739.0000 1005 575 0.5721
19755.0000 1006 575 0.5716
19756.2000 1006 576 0.5726
19770.0000 1007 576 0.5720
19783.2000 1007 577 0.5730
19792.0000 1008 577 0.5724
19815.0000 1009 577 0.5719
19815.7000 1009 578 0.5728
19816.7000 1009 579 0.5738
19826.5000 1009 580 0.5748
19827.0000 1009 581 0.5758
19827.5000 1009 582 0.5768
19833.0000 1010 582 0.5762
19835.8000 1010 583 0.5772
19852.0000 1011 583 0.5767
19876.0000 1012 583 0.5761
19886.6000 1012 584 0.5771
19891.0000 1013 584 0.5765
19908.0000 1014 584 0.5759
19924.9000 1014 585 0.5769
19926.6000 1014 586 0.5779
19932.0000 1015 586 0.5773
19956.0000 1016 586 0.5768
19968.8000 1016 587 0.5778
19969.1000 1016 588 0.5787
19970.9000 1016 589 0.5797
19976.0000 1017 589 0.5792
19998.0000 1018 589 0.5786
20019.0000 1019 589 0.5780
20034.0000 1020 589 0.5775
20039.7000 1020 590 0.5784
20054.8000 1020 591 0.5794
20057.0000 1021 591 0.5788
20075.0000 1022 591 0.5783
20094.0000 1023 591 0.5777
20095.0000 1023 592 0.5787
20096.1000 1023 593 0.5797
20118.0000 1024 593 0.5791
20135.0000 1025 593 0.5785
20157.0000 1026 593 0.5780
20179.0000 1027 593 0.5774
20197.0000 1028 593 0.5768
20201.3000 1028 594 0.5778
20221.0000 1029 594 0.5773
20237.0000 1030 594 0.5767
20259.0000 1031 594 0.5761
20276.0000 1032 594 0.5756
20293.0000 1033 594 0.5750
20308.0000 1034 594 0.5745
20327.0000 1035 594 0.5739
20341.7000 1035 595 0.5749
20350.0000 1036 595 0.5743
20366.0000 1037 595 0.5738
20373.6000 1037 596 0.5747
20375.1000 1037 597 0.5757
20376.0000 1037 598 0.5767
20385.0000 1038 598 0.5761
20389.6000 1038 599 0.5771
20401.0000 1039 599 0.5765
20421.0000 1040 599 0.5760
20437.0000 1041 599 0.5754
20456.9000 1041 600 0.5764
20461.0000 1042 600 0.5758
20475.4000 1042 601 0.5768
20485.0000 1043 601 0.5762
20492.2000 1043 602 0.5772
20498.7000 1043 603 0.5781
20504.8000 1043 604 0.5791
20508.0000 1044 604 0.5785
20532.0000 1045 604 0.5780
20554.0000 1046 604 0.5774
20576.0000 1047 604 0.5769
20594.0000 1048 604 0.5763
20610.8000 1048 605 0.5773
20611.0000 1049 605 0.5767
20633.8000 1049 606 0.5777
20635.0000 1050 606 0.5771
20646.2000 1050 607 0.5781
20655.0000 1051 607 0.5775
20663.9000 1051 608 0.5785
20666.6000 1051 609 0.5794
20673.0000 1052 609 0.5789
20691.0000 1053 609 0.5783
20706.0000 1054 609 0.5778
20724.0000 1055 609 0.5773
20735.7000 1055 610 0.5782
20736.4000 1055 611 0.5791
20739.8000 1055 612 0.5801
20744.0000 1056 612 0.5795
20746.4000 1056 613 0.5805
20750.5000 1056 614 0.5814
20756.1000 1056 615 0.5824
20766.0000 1057 615 0.5818
20782.0000 1058 615 0.5813
20786.9000 1058 616 0.5822
20800.0000 1059 616 0.5817
20821.0000 1060 616 0.5811
20824.7000 1060 617 0.5821
20839.1000 1060 618 0.5830
20844.0000 1061 618 0.5825
20855.1000 1061 619 0.5834
20855.4000 1061 620 0.5844
20857.6000 1061 621 0.5853
20864.0000 1062 621 0.5847
20888.0000 1063 621 0.5842
20889.0000 1063 622 0.5851
20911.0000 1064 622 0.5846
20931.0000 1065 622 0.5840
20948.7000 1065 623 0.5850
20952.0000 1066 623 0.5844
20955.8000 1066 624 0.5854
20968.0000 1067 624 0.5848
20968.5000 1067 625 0.5858
20979.5000 1067 626 0.5867
20980.6000 1067 627 0.5876
20987.6000 1067 628 0.5886
20988.9000 1067 629 0.5895
20990.0000 1068 629 0.5890
21007.0000 1069 629 0.5884
21008.6000 1069 630 0.5893
21021.5000 1069 631 0.5903
21031.0000 1070 631 0.5897
21055.0000 1071 631 0.5892
21072.3000 1071 632 0.5901
21077.0000 1072 632 0.5896
21092.0000 1073 632 0.5890
21097.1000 1073 633 0.5899
21116.0000 1074 633 0.5894
21132.0000 1075 633 0.5888
21148.0000 1076 633 0.5883
21165.0000 1076 634 0.5892
21166.0000 1077 634 0.5887
21184.0000 1078 634 0.5881
21189.4000 1078 635 0.5891
21204.0000 1079 635 0.5885
21223.0000 1080 635 0.5880
21225.8000 1080 636 0.5889
21235.3000 1080 637 0.5898
21236.2000 1080 638 0.5907
21247.0000 1081 638 0.5902
21249.0000 1081 639 0.5911
21271.0000 1082 639 0.5906
21273.8000 1082 640 0.5915
21292.0000 1083 640 0.5910
21306.0000 1083 641 0.5919
21309.0000 1084 641 0.5913
21319.4000 1084 642 0.5923
21327.0000 1085 642 0.5917
21341.3000 1085 643 0.5926
21350.8000 1085 644 0.5935
21351.0000 1086 644 0.5930
21357.2000 1086 645 0.5939
21367.7000 1086 646 0.5948
21368.0000 1087 646 0.5943
21387.0000 1088 646 0.5938
21407.0000 1089 646 0.5932
21424.0000 1090 646 0.5927
21424.5000 1090 647 0.5936
21444.0000 1091 647 0.5930
21463.0000 1092 647 0.5925
21483.0000 1093 647 0.5919
21492.2000 1093 648 0.5929
21496.9000 1093 649 0.5938
21505.0000 1094 649 0.5932
21508.4000 1094 650 0.5941
21523.0000 1095 650 0.5936
21539.0000 1096 650 0.5931
21556.0000 1097 650 0.5925
21564.2000 1097 651 0.5934
21577.0000 1098 651 0.5929
21592.3000 1098 652 0.5938
21599.0000 1099 652 0.5933
21615.0000 1100 652 0.5927
21623.9000 1100 653 0.5936
21632.0000 1101 653 0.5931
21648.0000 1102 653 0.5926
21648.8000 1102 654 0.5935
21652.6000 1102 655 0.5944
21665.0000 1103 655 0.5938
21689.0000 1104 655 0.5933
21707.0000 1105 655 0.5928
21713.3000 1105 656 0.5937
21731.0000 1106 656 0.5931
21755.0000 1107 656 0.5926
21777.0000 1108 656 0.5921
21794.0000 1109 656 0.5915
21806.3000 1109 657 0.5924
21807.1000 1109 658 0.5933
21818.0000 1110 658 0.5928
21837.0000 1111 658 0.5923
21860.0000 1112 658 0.5917
21873.5000 1112 659 0.5926
21883.0000 1113 659 0.5921
21898.0000 1114 659 0.5916
21915.3000 1114 660 0.5925
21916.0000 1115 660 0.5919
21939.0000 1116 660 0.5914
21949.4000 1116 661 0.5923
21960.0000 1117 661 0.5918
21976.0000 1118 661 0.5912
21999.0000 1119 661 0.5907
22022.0000 1120 661 0.5902
22041.0000 1121 661 0.5897
22050.4000 1121 662 0.5905
22053.7000 1121 663 0.5914
22061.0000 1122 663 0.5909
22078.0000 1123 663 0.5904
22101.0000 1124 663 0.5899
22121.0000 1125 663 0.5893
22124.3000 1125 664 0.5902
22140.0000 1126 664 0.5897
22159.0000 1127 664 0.5892
22165.2000 1127 665 0.5901
22167.0000 1127 666 0.5909
22172.5000 1127 667 0.5918
22183.0000 1128 667 0.5913
22199.0000 1129 667 0.5908
22213.2000 1129 668 0.5917
22218.0000 1130 668 0.5912
22242.0000 1131 668 0.5906
22259.1000 1131 669 0.5915
22261.6000 1131 670 0.5924
22263.0000 1132 670 0.5919
22264.8000 1132 671 0.5928
22266.7000 1132 672 0.5936
22281.0000 1133 672 0.5931
22304.0000 1134 672 0.5926
22310.8000 1134 673 0.5935
22322.0000 1135 673 0.5930
22337.3000 1135 674 0.5938
22344.1000 1135 675 0.5947
22346.0000 1136 675 0.5942
22363.0000 1137 675 0.5937
22385.0000 1138 675 0.5931
22388.9000 1138 676 0.5940
22400.2000 1138 677 0.5949
22405.0000 1139 677 0.5944
22420.0000 1140 677 0.5939
22444.0000 1141 677 0.5933
22445.7000 1141 678 0.5942
22464.0000 1142 678 0.5937
22482.0000 1143 678 0.5932
22500.0000 1144 678 0.5927
22521.0000 1145 678 0.5921
22543.7000 1145 679 0.5930
22544.0000 1146 679 0.5925
22546.3000 1146 680 0.5934
22560.0000 1147 680 0.5929
22578.0000 1148 680 0.5923
22595.0000 1149 680 0.5918
22605.9000 1149 681 0.5927
22613.0000 1150 681 0.5922
22628.0000 1151 681 0.5917
22648.0000 1152 681 0.5911
22666.0000 1153 681 0.5906
22679.8000 1153 682 0.5915
22681.8000 1153 683 0.5924
22682.0000 1153 684 0.5932
22682.0000 1154 684 0.5927
22698.0000 1155 684 0.5922
22713.0000 1156 684 0.5917
22717.4000 1156 685 0.5926
22735.0000 1157 685 0.5920
22742.7000 1157 686 0.5929
22758.0000 1158 686 0.5924
22779.0000 1159 686 0.5919
22799.0000 1160 686 0.5914
22802.8000 1160 687 0.5922
22809.2000 1160 688 0.5931
22820.0000 1161 688 0.5926
22823.8000 1161 689 0.5935
22835.0000 1162 689 0.5929
22850.0000 1163 689 0.5924
22860.8000 1163 690 0.5933
22869.0000 1164 690 0.5928
22891.0000 1165 690 0.5923
22893.0000 1165 691 0.5931
22912.0000 1165 692 0.5940
22913.0000 1166 692 0.5935
22914.3000 1166 693 0.5943
22915.4000 1166 694 0.5952
22931.0000 1167 694 0.5947
22943.1000 1167 695 0.5955
22954.0000 1168 695 0.5950
22971.0000 1169 695 0.5945
22991.0000 1170 695 0.5940
23007.0000 1171 695 0.5935
23031.0000 1172 695 0.5930
23047.0000 1173 695 0.5925
23047.9000 1173 696 0.5934
23070.0000 1174 696 0.5928
23085.0000 1175 696 0.5923
23106.0000 1176 696 0.5918
23118.3000 1176 697 0.5927
23127.0000 1177 697 0.5922
23149.0000 1178 697 0.5917
23155.3000 1178 698 0.5925
23155.7000 1178 699 0.5934
23165.0000 1179 699 0.5929
23179.9000 1179 700 0.5937
23180.0000 1180 700 0.5932
23198.0000 1181 700 0.5927
23214.0000 1182 700 0.5922
23238.0000 1183 700 0.5917
23252.6000 1183 701 0.5926
23256.3000 1183 702 0.5934
23258.0000 1184 702 0.5929
23280.0000 1185 702 0.5924
23295.0000 1186 702 0.5919
23303.3000 1186 703 0.5927
23304.1000 1186 704 0.5936
23319.0000 1187 704 0.5931
23329.4000 1187 705 0.5939
23339.0000 1188 705 0.5934
23352.0000 1188 706 0.5943
23360.0000 1189 706 0.5938
23377.0000 1190 706 0.5933
23393.0000 1191 706 0.5928
23409.0000 1192 706 0.5923
23428.0000 1193 706 0.5918
23429.8000 1193 707 0.5926
23445.0000 1194 707 0.5921
23463.8000 1194 708 0.5930
23464.0000 1195 708 0.5925
23466.7000 1195 709 0.5933
23482.0000 1196 709 0.5928
23498.0000 1197 709 0.5923
23500.6000 1197 710 0.5931
23516.0000 1198 710 0.5927
23532.0000 1199 710 0.5922
23536.1000 1199 711 0.5930
23547.0000 1200 711 0.5925
23558.7000 1200 712 0.5933
23565.9000 1200 713 0.5942
23568.0000 1201 713 0.5937
23582.8000 1201 714 0.5945
23589.0000 1202 714 0.5940
23613.0000 1203 714 0.5935
23614.5000 1203 715 0.5943
23629.0000 1204 715 0.5939
23631.8000 1204 716 0.5947
23641.1000 1204 717 0.5955
23647.0000 1205 717 0.5950
23654.3000 1205 718 0.5959
23662.0000 1206 718 0.5954
23678.4000 1206 719 0.5962
23679.5000 1206 720 0.5970
23681.0000 1207 720 0.5965
23694.2000 1207 721 0.5973
23702.0000 1208 721 0.5969
23710.9000 1208 722 0.5977
23723.2000 1208 723 0.5985
23724.4000 1208 724 0.5993
23726.0000 1209 724 0.5988
23741.0000 1210 724 0.5983
23749.4000 1210 725 0.5992
23753.8000 1210 726 0.6000
23759.0000 1210 727 0.6008
23760.0000 1211 727 0.6003
23769.3000 1211 728 0.6012
23778.0000 1212 728 0.6007
23798.0000 1213 728 0.6002
23817.0000 1214 728 0.5997
23837.0000 1215 728 0.5992
23843.7000 1215 729 0.6000
23846.7000 1215 730 0.6008
23850.9000 1215 731 0.6016
23859.0000 1216 731 0.6012
23868.4000 1216 732 0.6020
23874.0000 1217 732 0.6015
23880.1000 1217 733 0.6023
23895.0000 1218 733 0.6018
23916.0000 1219 733 0.6013
23926.0000 1219 734 0.6021
23937.0000 1220 734 0.6016
23961.0000 1221 734 0.6011
23981.0000 1222 734 0.6007
23984.0000 1222 735 0.6015
23985.5000 1222 736 0.6023
24004.0000 1223 736 0.6018
24026.0000 1224 736 0.6013
24043.0000 1225 736 0.6008
24062.0000 1226 736 0.6003
24077.5000 1226 737 0.6011
24079.0000 1227 737 0.6007
24095.0000 1228 737 0.6002
24110.0000 1229 737 0.5997
24134.0000 1230 737 0.5992
24140.5000 1230 738 0.6000
24144.7000 1230 739 0.6008
24151.4000 1230 740 0.6016
24157.0000 1231 740 0.6011
24179.0000 1232 740 0.6006
24189.3000 1232 741 0.6015
24203.0000 1233 741 0.6010
24222.0000 1234 741 0.6005
24242.4000 1234 742 0.6013
24245.0000 1235 742 0.6008
24262.0000 1236 742 0.6003
24268.9000 1236 743 0.6011
24286.0000 1237 743 0.6006
24305.0000 1238 743 0.6002
24326.0000 1239 743 0.5997
24341.7000 1239 744 0.6005
24349.0000 1240 744 0.6000
24368.0000 1241 744 0.5995
24379.5000 1241 745 0.6003
24380.6000 1241 746 0.6011
24383.0000 1242 746 0.6006
24383.9000 1242 747 0.6014
24407.0000 1243 747 0.6010
24427.0000 1244 747 0.6005
24437.6000 1244 748 0.6013
24444.1000 1244 749 0.6021
24445.2000 1244 750 0.6029
24447.0000 1245 750 0.6024
24456.9000 1245 751 0.6032
24468.0000 1246 751 0.6027
24468.8000 1246 752 0.6035
24473.7000 1246 753 0.6043
24480.7000 1246 754 0.6051
24482.9000 1246 755 0.6059
24490.0000 1247 755 0.6055
24510.4000 1247 756 0.6063
24514.0000 1248 756 0.6058
24530.0000 1249 756 0.6053
24550.0000 1249 757 0.6061
24553.0000 1250 757 0.6056
24568.0000 1251 757 0.6051
24591.0000 1252 757 0.6046
24607.0000 1253 757 0.6042
24624.0000 1254 757 0.6037
24641.0000 1255 757 0.6032
24656.0000 1256 757 0.6027
24677.0000 1257 757 0.6022
24693.0000 1258 757 0.6017
24712.0000 1259 757 0.6013
24736.0000 1260 757 0.6008
24751.0000 1261 757 0.6003
24768.0000 1262 757 0.5998
24774.9000 1262 758 0.6006
24790.0000 1262 759 0.6014
24790.0000 1263 759 0.6010
24809.0000 1264 759 0.6005
24824.0000 1265 759 0.6000
24844.0000 1266 759 0.5995
24867.0000 1267 759 0.5991
24870.0000 1267 760 0.5998
24870.4000 1267 761 0.6006
24883.0000 1268 761 0.6002
24898.8000 1268 762 0.6009
24906.0000 1269 762 0.6005
24921.0000 1270 762 0.6000
24945.0000 1271 762 0.5995
24950.6000 1271 763 0.6003
24963.0000 1272 763 0.5998
24977.8000 1272 764 0.6006
24980.0000 1273 764 0.6002
24999.0000 1274 764 0.5997
25015.0000 1275 764 0.5992
25022.3000 1275 765 0.6000
25022.8000 1275 766 0.6008
25027.0000 1275 767 0.6016
25029.7000 1275 768 0.6024
25034.0000 1276 768 0.6019
25042.8000 1276 769 0.6027
25055.0000 1277 769 0.6022
25067.9000 1277 770 0.6030
25074.0000 1278 770 0.6025
25078.3000 1278 771 0.6033
25095.0000 1279 771 0.6028
25107.0000 1279 772 0.6036
25116.1000 1279 773 0.6044
25116.1000 1279 774 0.6052
25119.0000 1280 774 0.6047
25138.0000 1281 774 0.6042
25146.7000 1281 775 0.6050
25162.0000 1282 775 0.6045
25172.8000 1282 776 0.6053
25174.2000 1282 777 0.6061
25183.0000 1283 777 0.6056
