# time  created  delivered  delivered/created
22.0000 1 0 0.0000
38.0000 2 0 0.0000
54.0000 3 0 0.0000
72.0000 4 0 0.0000
94.0000 5 0 0.0000
110.0000 6 0 0.0000
133.0000 7 0 0.0000
153.0000 8 0 0.0000
175.0000 9 0 0.0000
191.0000 10 0 0.0000
210.0000 11 0 0.0000
225.0000 12 0 0.0000
249.0000 13 0 0.0000
265.0000 14 0 0.0000
281.0000 15 0 0.0000
304.0000 16 0 0.0000
328.0000 17 0 0.0000
343.0000 18 0 0.0000
367.0000 19 0 0.0000
382.0000 20 0 0.0000
399.0000 21 0 0.0000
420.0000 22 0 0.0000
439.0000 23 0 0.0000
458.0000 24 0 0.0000
480.0000 25 0 0.0000
497.0000 26 0 0.0000
515.0000 27 0 0.0000
538.0000 28 0 0.0000
562.0000 29 0 0.0000
581.0000 30 0 0.0000
581.2000 30 1 0.0333
603.0000 31 1 0.0323
625.0000 32 1 0.0313
640.9000 32 2 0.0625
646.0000 33 2 0.0606
661.6000 33 3 0.0909
667.0000 34 3 0.0882
685.0000 35 3 0.0857
691.0000 35 4 0.1143
700.0000 36 4 0.1111
714.8000 36 5 0.1389
722.0000 37 5 0.1351
741.0000 38 5 0.1316
764.0000 39 5 0.1282
775.8000 39 6 0.1538
784.0000 40 6 0.1500
806.0000 41 6 0.1463
829.0000 42 6 0.1429
851.0000 43 6 0.1395
873.0000 44 6 0.1364
895.0000 45 6 0.1333
918.0000 46 6 0.1304
935.7000 46 7 0.1522
941.0000 47 7 0.1489
957.0000 48 7 0.1458
975.0000 49 7 0.1429
998.0000 50 7 0.1400
1018.0000 51 7 0.1373
1040.0000 52 7 0.1346
1056.0000 53 7 0.1321
1077.0000 54 7 0.1296
1096.0000 55 7 0.1273
1117.0000 56 7 0.1250
1137.0000 57 7 0.1228
1159.0000 58 7 0.1207
1179.0000 59 7 0.1186
1194.1000 59 8 0.1356
1201.0000 60 8 0.1333
1216.0000 61 8 0.1311
1225.2000 61 9 0.1475
1232.0000 62 9 0.1452
1251.0000 63 9 0.1429
1268.0000 64 9 0.1406
1287.0000 65 9 0.1385
1308.0000 66 9 0.1364
1327.0000 67 9 0.1343
1342.0000 68 9 0.1324
1364.0000 69 9 0.1304
1381.1000 69 10 0.1449
1388.0000 70 10 0.1429
1397.1000 70 11 0.1571
1407.0000 70 12 0.1714
1407.0000 71 12 0.1690
1422.0000 72 12 0.1667
1442.0000 73 12 0.1644
1464.0000 74 12 0.1622
1476.9000 74 13 0.1757
1479.0000 75 13 0.1733
1483.1000 75 14 0.1867
1500.0000 76 14 0.1842
1518.0000 77 14 0.1818
1542.0000 78 14 0.1795
1562.0000 79 14 0.1772
1577.0000 80 14 0.1750
1600.0000 81 14 0.1728
1620.0000 82 14 0.1707
1637.0000 83 14 0.1687
1652.0000 84 14 0.1667
1673.0000 85 14 0.1647
1695.0000 86 14 0.1628
1707.0000 86 15 0.1744
1709.8000 86 16 0.1860
1713.0000 87 16 0.1839
1736.2000 87 17 0.1954
1737.0000 88 17 0.1932
1739.4000 88 18 0.2045
1739.8000 88 19 0.2159
1760.0000 89 19 0.2135
1781.0000 90 19 0.2111
1804.0000 91 19 0.2088
1812.7000 91 20 0.2198
1826.0000 92 20 0.2174
1849.0000 93 20 0.2151
1850.6000 93 21 0.2258
1870.0000 94 21 0.2234
1881.2000 94 22 0.2340
1882.8000 94 23 0.2447
1890.0000 95 23 0.2421
1911.0000 96 23 0.2396
1929.0000 97 23 0.2371
1948.0000 98 23 0.2347
1965.0000 99 23 0.2323
1980.0000 100 23 0.2300
2002.0000 101 23 0.2277
2019.9000 101 24 0.2376
2024.0000 102 24 0.2353
2035.6000 102 25 0.2451
2041.0000 103 25 0.2427
2064.0000 104 25 0.2404
2075.8000 104 26 0.2500
2080.0000 105 26 0.2476
2095.0000 106 26 0.2453
2119.0000 107 26 0.2430
2139.0000 108 26 0.2407
2142.8000 108 27 0.2500
2161.0000 109 27 0.2477
2178.0000 110 27 0.2455
2199.0000 111 27 0.2432
2215.4000 111 28 0.2523
2222.0000 112 28 0.2500
2240.0000 113 28 0.2478
2259.0000 114 28 0.2456
2275.0000 115 28 0.2435
2295.0000 116 28 0.2414
2314.0000 117 28 0.2393
2325.0000 117 29 0.2479
2335.0000 118 29 0.2458
2354.0000 119 29 0.2437
2377.0000 120 29 0.2417
2396.0000 121 29 0.2397
2411.0000 122 29 0.2377
2412.0000 122 30 0.2459
2433.0000 123 30 0.2439
2452.0000 124 30 0.2419
2460.7000 124 31 0.2500
2474.0000 125 31 0.2480
2496.0000 126 31 0.2460
2506.7000 126 32 0.2540
2511.0000 127 32 0.2520
2526.0000 128 32 0.2500
2546.0000 129 32 0.2481
2551.9000 129 33 0.2558
2554.8000 129 34 0.2636
2563.0000 130 34 0.2615
2586.0000 131 34 0.2595
2601.0000 132 34 0.2576
2621.0000 133 34 0.2556
2641.0000 134 34 0.2537
2662.0000 135 34 0.2519
2678.0000 136 34 0.2500
2680.3000 136 35 0.2574
2689.6000 136 36 0.2647
2693.0000 137 36 0.2628
2716.0000 138 36 0.2609
2730.8000 138 37 0.2681
2735.0000 139 37 0.2662
2740.4000 139 38 0.2734
2754.0000 140 38 0.2714
2771.0000 141 38 0.2695
2788.0000 142 38 0.2676
2800.0000 142 39 0.2746
2803.7000 142 40 0.2817
2807.0000 143 40 0.2797
2824.3000 143 41 0.2867
2831.0000 144 41 0.2847
2832.2000 144 42 0.2917
2853.0000 145 42 0.2897
2868.0000 146 42 0.2877
2872.2000 146 43 0.2945
2891.0000 147 43 0.2925
2911.0000 148 43 0.2905
2911.3000 148 44 0.2973
2926.0000 149 44 0.2953
2942.0000 150 44 0.2933
2947.3000 150 45 0.3000
2962.0000 151 45 0.2980
2979.0000 152 45 0.2961
3003.0000 153 45 0.2941
3023.3000 153 46 0.3007
3024.0000 154 46 0.2987
3040.0000 155 46 0.2968
3064.0000 156 46 0.2949
3065.8000 156 47 0.3013
3086.0000 157 47 0.2994
3110.0000 158 47 0.2975
3129.0000 159 47 0.2956
3147.0000 160 47 0.2938
3166.0000 161 47 0.2919
3166.7000 161 48 0.2981
3190.0000 162 48 0.2963
3210.0000 163 48 0.2945
3225.0000 164 48 0.2927
3230.0000 164 49 0.2988
3243.0000 165 49 0.2970
3260.0000 166 49 0.2952
3283.0000 167 49 0.2934
3305.0000 168 49 0.2917
3321.0000 169 49 0.2899
3344.0000 170 49 0.2882
3365.0000 171 49 0.2865
3385.0000 172 49 0.2849
3408.0000 173 49 0.2832
3428.0000 174 49 0.2816
3449.0000 175 49 0.2800
3450.6000 175 50 0.2857
3460.4000 175 51 0.2914
3472.0000 176 51 0.2898
3488.0000 177 51 0.2881
3511.0000 178 51 0.2865
3511.1000 178 52 0.2921
3535.0000 179 52 0.2905
3547.0000 179 53 0.2961
3552.0000 180 53 0.2944
3565.2000 180 54 0.3000
3570.0000 181 54 0.2983
3575.8000 181 55 0.3039
3581.2000 181 56 0.3094
3589.0000 182 56 0.3077
3604.0000 183 56 0.3060
3619.0000 184 56 0.3043
3638.0000 185 56 0.3027
3653.0000 186 56 0.3011
3667.7000 186 57 0.3065
3669.0000 187 57 0.3048
3689.0000 188 57 0.3032
3712.0000 189 57 0.3016
3730.0000 190 57 0.3000
3754.0000 191 57 0.2984
3771.0000 192 57 0.2969
3787.0000 193 57 0.2953
3809.0000 194 57 0.2938
3832.0000 195 57 0.2923
3854.0000 196 57 0.2908
3873.0000 197 57 0.2893
3895.0000 198 57 0.2879
3919.0000 199 57 0.2864
3935.5000 199 58 0.2915
3938.0000 200 58 0.2900
3955.0000 201 58 0.2886
3975.0000 202 58 0.2871
3996.0000 203 58 0.2857
4012.0000 204 58 0.2843
4031.0000 205 58 0.2829
4052.0000 206 58 0.2816
4061.9000 206 59 0.2864
4070.0000 207 59 0.2850
4094.0000 208 59 0.2837
4114.2000 208 60 0.2885
4115.0000 209 60 0.2871
4128.4000 209 61 0.2919
4134.0000 210 61 0.2905
4153.0000 211 61 0.2891
4171.0000 212 61 0.2877
4194.0000 213 61 0.2864
4214.0000 214 61 0.2850
4214.5000 214 62 0.2897
4214.6000 214 63 0.2944
4222.4000 214 64 0.2991
4231.2000 214 65 0.3037
4235.0000 215 65 0.3023
4245.6000 215 66 0.3070
4251.0000 216 66 0.3056
4258.6000 216 67 0.3102
4272.0000 217 67 0.3088
4290.0000 218 67 0.3073
4314.0000 219 67 0.3059
4338.0000 220 67 0.3045
4339.6000 220 68 0.3091
4357.9000 220 69 0.3136
4360.0000 221 69 0.3122
4381.0000 222 69 0.3108
4400.0000 223 69 0.3094
4419.0000 224 69 0.3080
4419.1000 224 70 0.3125
4434.0000 225 70 0.3111
4452.4000 225 71 0.3156
4458.0000 226 71 0.3142
4476.0000 227 71 0.3128
4497.0000 228 71 0.3114
4515.0000 229 71 0.3100
4537.0000 230 71 0.3087
4538.5000 230 72 0.3130
4550.2000 230 73 0.3174
4556.0000 231 73 0.3160
4580.0000 232 73 0.3147
4597.0000 233 73 0.3133
4604.8000 233 74 0.3176
4614.0000 234 74 0.3162
4634.0000 235 74 0.3149
4655.0000 236 74 0.3136
4665.1000 236 75 0.3178
4672.0000 237 75 0.3165
4686.6000 237 76 0.3207
4689.0000 238 76 0.3193
4706.0000 239 76 0.3180
4729.0000 240 76 0.3167
4741.7000 240 77 0.3208
4747.0000 241 77 0.3195
4762.0000 242 77 0.3182
4783.0000 243 77 0.3169
4807.0000 244 77 0.3156
4824.0000 245 77 0.3143
4848.0000 246 77 0.3130
4867.0000 247 77 0.3117
4886.0000 248 77 0.3105
4909.0000 249 77 0.3092
4928.0000 250 77 0.3080
4951.0000 251 77 0.3068
4952.1000 251 78 0.3108
4966.0000 252 78 0.3095
4986.0000 253 78 0.3083
5010.0000 254 78 0.3071
5012.1000 254 79 0.3110
5033.0000 255 79 0.3098
5048.0000 256 79 0.3086
5062.2000 256 80 0.3125
5072.0000 257 80 0.3113
5078.6000 257 81 0.3152
5089.0000 258 81 0.3140
5112.0000 259 81 0.3127
5131.0000 260 81 0.3115
5151.0000 261 81 0.3103
5175.0000 262 81 0.3092
5194.0000 263 81 0.3080
5215.0000 264 81 0.3068
5237.0000 265 81 0.3057
5254.0000 266 81 0.3045
5269.0000 267 81 0.3034
5291.0000 268 81 0.3022
5307.0000 269 81 0.3011
5324.0000 270 81 0.3000
5339.0000 271 81 0.2989
5356.0000 272 81 0.2978
5371.0000 273 81 0.2967
5387.0000 274 81 0.2956
5395.6000 274 82 0.2993
5410.0000 275 82 0.2982
5426.0000 276 82 0.2971
5447.0000 277 82 0.2960
5470.0000 278 82 0.2950
5490.0000 279 82 0.2939
5507.0000 280 82 0.2929
5528.0000 281 82 0.2918
5542.2000 281 83 0.2954
5546.0000 282 83 0.2943
5564.0000 283 83 0.2933
5584.0000 284 83 0.2923
5607.0000 285 83 0.2912
5622.0000 285 84 0.2947
5625.0000 286 84 0.2937
5626.7000 286 85 0.2972
5643.0000 287 85 0.2962
5665.0000 288 85 0.2951
5685.0000 289 85 0.2941
5686.2000 289 86 0.2976
5704.0000 290 86 0.2966
5724.0000 291 86 0.2955
5745.0000 292 86 0.2945
5753.2000 292 87 0.2979
5760.0000 293 87 0.2969
5778.9000 293 88 0.3003
5780.6000 293 89 0.3038
5784.0000 294 89 0.3027
5805.0000 295 89 0.3017
5822.0000 296 89 0.3007
5841.0000 297 89 0.2997
5859.0000 298 89 0.2987
5862.4000 298 90 0.3020
5874.0000 299 90 0.3010
5883.5000 299 91 0.3043
5893.0000 300 91 0.3033
5901.3000 300 92 0.3067
5914.0000 301 92 0.3056
5914.2000 301 93 0.3090
5924.2000 301 94 0.3123
5932.0000 302 94 0.3113
5953.0000 303 94 0.3102
5969.6000 303 95 0.3135
5971.0000 304 95 0.3125
5986.0000 305 95 0.3115
6008.0000 306 95 0.3105
6024.0000 307 95 0.3094
6028.7000 307 96 0.3127
6036.2000 307 97 0.3160
6041.0000 308 97 0.3149
6063.0000 309 97 0.3139
6067.9000 309 98 0.3172
6068.1000 309 99 0.3204
6074.7000 309 100 0.3236
6081.7000 309 101 0.3269
6087.0000 310 101 0.3258
6105.0000 311 101 0.3248
6124.0000 312 101 0.3237
6145.0000 313 101 0.3227
6166.0000 314 101 0.3217
6182.0000 315 101 0.3206
6201.0000 316 101 0.3196
6216.0000 317 101 0.3186
6231.0000 318 101 0.3176
6237.4000 318 102 0.3208
6248.0000 319 102 0.3197
6261.7000 319 103 0.3229
6267.0000 320 103 0.3219
6289.0000 321 103 0.3209
6308.0000 322 103 0.3199
6319.5000 322 104 0.3230
6332.0000 323 104 0.3220
6355.0000 324 104 0.3210
6372.0000 325 104 0.3200
6374.8000 325 105 0.3231
6393.0000 326 105 0.3221
6417.0000 327 105 0.3211
6432.2000 327 106 0.3242
6441.0000 328 106 0.3232
6465.0000 329 106 0.3222
6467.3000 329 107 0.3252
6486.0000 330 107 0.3242
6502.0000 331 107 0.3233
6518.0000 332 107 0.3223
6536.0000 333 107 0.3213
6552.5000 333 108 0.3243
6555.0000 334 108 0.3234
6572.0000 335 108 0.3224
6591.0000 336 108 0.3214
6608.0000 337 108 0.3205
6631.0000 338 108 0.3195
6646.0000 339 108 0.3186
6665.0000 340 108 0.3176
6684.0000 341 108 0.3167
6696.4000 341 109 0.3196
6708.0000 342 109 0.3187
6725.0000 343 109 0.3178
6727.2000 343 110 0.3207
6745.0000 344 110 0.3198
6760.0000 345 110 0.3188
6781.0000 346 110 0.3179
6793.2000 346 111 0.3208
6800.0000 347 111 0.3199
6816.0000 348 111 0.3190
6839.0000 349 111 0.3181
6854.0000 350 111 0.3171
6863.8000 350 112 0.3200
6874.0000 351 112 0.3191
6889.0000 352 112 0.3182
6893.6000 352 113 0.3210
6909.0000 353 113 0.3201
6918.2000 353 114 0.3229
6930.0000 354 114 0.3220
6951.0000 355 114 0.3211
6971.0000 356 114 0.3202
6975.2000 356 115 0.3230
6995.0000 357 115 0.3221
7008.2000 357 116 0.3249
7010.0000 358 116 0.3240
7011.9000 358 117 0.3268
7013.2000 358 118 0.3296
7029.0000 359 118 0.3287
7045.6000 359 119 0.3315
7048.0000 360 119 0.3306
7071.0000 361 119 0.3296
7093.0000 362 119 0.3287
7093.3000 362 120 0.3315
7108.0000 363 120 0.3306
7130.0000 364 120 0.3297
7147.0000 365 120 0.3288
7163.0000 366 120 0.3279
7175.0000 366 121 0.3306
7177.4000 366 122 0.3333
7180.0000 367 122 0.3324
7194.7000 367 123 0.3351
7197.0000 368 123 0.3342
7221.0000 369 123 0.3333
7229.8000 369 124 0.3360
7231.9000 369 125 0.3388
7240.0000 370 125 0.3378
7255.0000 371 125 0.3369
7272.0000 372 125 0.3360
7274.0000 372 126 0.3387
7294.4000 372 127 0.3414
7296.0000 373 127 0.3405
7314.6000 373 128 0.3432
7319.0000 374 128 0.3422
7333.2000 374 129 0.3449
7335.0000 375 129 0.3440
7358.0000 376 129 0.3431
7378.0000 377 129 0.3422
7394.0000 378 129 0.3413
7411.0000 379 129 0.3404
7430.7000 379 130 0.3430
7435.0000 380 130 0.3421
7459.0000 381 130 0.3412
7468.4000 381 131 0.3438
7480.0000 382 131 0.3429
7498.0000 383 131 0.3420
7505.7000 383 132 0.3446
7506.9000 383 133 0.3473
7514.0000 384 133 0.3464
7536.0000 385 133 0.3455
7544.8000 385 134 0.3481
7559.0000 386 134 0.3472
7566.1000 386 135 0.3497
7574.0000 387 135 0.3488
7589.1000 387 136 0.3514
7595.0000 388 136 0.3505
7613.0000 389 136 0.3496
7621.5000 389 137 0.3522
7632.0000 390 137 0.3513
7656.0000 391 137 0.3504
7665.2000 391 138 0.3529
7673.0000 392 138 0.3520
7680.0000 392 139 0.3546
7696.0000 393 139 0.3537
7713.0000 394 139 0.3528
7730.0000 395 139 0.3519
7745.0000 396 139 0.3510
7750.7000 396 140 0.3535
7758.9000 396 141 0.3561
7762.0000 397 141 0.3552
7769.2000 397 142 0.3577
7784.0000 398 142 0.3568
7795.4000 398 143 0.3593
7804.0000 399 143 0.3584
7822.0000 400 143 0.3575
7840.0000 401 143 0.3566
7851.9000 401 144 0.3591
7858.0000 402 144 0.3582
7874.0000 403 144 0.3573
7895.0000 404 144 0.3564
7914.0000 405 144 0.3556
7931.0000 406 144 0.3547
7935.8000 406 145 0.3571
7948.0000 407 145 0.3563
7960.8000 407 146 0.3587
7972.0000 408 146 0.3578
7973.5000 408 147 0.3603
7987.0000 409 147 0.3594
8002.0000 410 147 0.3585
8024.0000 411 147 0.3577
8040.0000 412 147 0.3568
8041.7000 412 148 0.3592
8059.0000 413 148 0.3584
8068.3000 413 149 0.3608
8069.5000 413 150 0.3632
8082.0000 414 150 0.3623
8084.3000 414 151 0.3647
8099.0000 415 151 0.3639
8116.0000 416 151 0.3630
8137.0000 417 151 0.3621
8158.0000 418 151 0.3612
8173.0000 419 151 0.3604
8190.0000 420 151 0.3595
8205.0000 421 151 0.3587
8205.7000 421 152 0.3610
8227.0000 422 152 0.3602
8241.8000 422 153 0.3626
8251.0000 423 153 0.3617
8270.4000 423 154 0.3641
8274.6000 423 155 0.3664
8275.0000 424 155 0.3656
8283.2000 424 156 0.3679
8297.0000 425 156 0.3671
8304.7000 425 157 0.3694
8310.6000 425 158 0.3718
8314.0000 425 159 0.3741
8317.0000 426 159 0.3732
8336.0000 427 159 0.3724
8359.0000 428 159 0.3715
8371.2000 428 160 0.3738
8375.0000 429 160 0.3730
8396.0000 430 160 0.3721
8414.0000 431 160 0.3712
8425.4000 431 161 0.3735
8437.0000 432 161 0.3727
8453.0000 433 161 0.3718
8457.5000 433 162 0.3741
8468.0000 434 162 0.3733
8492.0000 435 162 0.3724
8510.0000 436 162 0.3716
8525.0000 437 162 0.3707
8544.0000 438 162 0.3699
8552.4000 438 163 0.3721
8555.6000 438 164 0.3744
8557.3000 438 165 0.3767
8566.0000 439 165 0.3759
8569.6000 439 166 0.3781
8578.2000 439 167 0.3804
8586.0000 440 167 0.3795
8609.0000 441 167 0.3787
8625.0000 442 167 0.3778
8641.0000 442 168 0.3801
8644.0000 443 168 0.3792
8650.6000 443 169 0.3815
8663.0000 444 169 0.3806
8681.0000 445 169 0.3798
8697.0000 446 169 0.3789
8719.0000 447 169 0.3781
8743.0000 448 169 0.3772
8748.3000 448 170 0.3795
8767.0000 449 170 0.3786
8778.0000 449 171 0.3808
8784.0000 450 171 0.3800
8794.1000 450 172 0.3822
8800.0000 451 172 0.3814
8808.3000 451 173 0.3836
8821.2000 451 174 0.3858
8823.0000 452 174 0.3850
8829.0000 452 175 0.3872
8839.0000 453 175 0.3863
8842.5000 453 176 0.3885
8854.0000 454 176 0.3877
8869.0000 455 176 0.3868
8877.9000 455 177 0.3890
8892.0000 456 177 0.3882
8911.0000 457 177 0.3873
8929.0000 458 177 0.3865
8944.0000 459 177 0.3856
8955.3000 459 178 0.3878
8961.0000 460 178 0.3870
8979.0000 461 178 0.3861
8996.6000 461 179 0.3883
8997.0000 462 179 0.3874
9011.3000 462 180 0.3896
9013.0000 463 180 0.3888
9013.6000 463 181 0.3909
9035.0000 464 181 0.3901
9047.5000 464 182 0.3922
9055.6000 464 183 0.3944
9058.0000 465 183 0.3935
9069.3000 465 184 0.3957
9073.0000 466 184 0.3948
9092.2000 466 185 0.3970
9095.0000 467 185 0.3961
9119.0000 468 185 0.3953
9126.9000 468 186 0.3974
9130.9000 468 187 0.3996
9143.0000 469 187 0.3987
9162.0000 470 187 0.3979
9174.0000 470 188 0.4000
9185.2000 470 189 0.4021
9186.0000 471 189 0.4013
9186.9000 471 190 0.4034
9209.0000 472 190 0.4025
9219.9000 472 191 0.4047
9224.0000 473 191 0.4038
9245.0000 474 191 0.4030
9253.4000 474 192 0.4051
9264.0000 475 192 0.4042
9288.0000 476 192 0.4034
9303.6000 476 193 0.4055
9306.5000 476 194 0.4076
9310.0000 477 194 0.4067
9316.1000 477 195 0.4088
9326.0000 478 195 0.4079
9341.0000 479 195 0.4071
9365.0000 480 195 0.4063
9387.0000 481 195 0.4054
9392.3000 481 196 0.4075
9403.0000 482 196 0.4066
9426.0000 483 196 0.4058
9444.0000 484 196 0.4050
9468.0000 485 196 0.4041
9485.0000 486 196 0.4033
9503.0000 487 196 0.4025
9510.0000 487 197 0.4045
9518.5000 487 198 0.4066
9527.0000 488 198 0.4057
9550.0000 489 198 0.4049
9566.1000 489 199 0.4070
9573.0000 490 199 0.4061
9591.0000 491 199 0.4053
9614.0000 492 199 0.4045
9632.0000 493 199 0.4037
9653.0000 494 199 0.4028
9654.2000 494 200 0.4049
9673.8000 494 201 0.4069
9676.0000 495 201 0.4061
9690.5000 495 202 0.4081
9693.0000 496 202 0.4073
9715.0000 497 202 0.4064
9736.0000 498 202 0.4056
9750.0000 498 203 0.4076
9752.0000 499 203 0.4068
9768.5000 499 204 0.4088
9776.0000 500 204 0.4080
9791.7000 500 205 0.4100
9799.0000 501 205 0.4092
9821.0000 502 205 0.4084
9837.0000 503 205 0.4076
9846.7000 503 206 0.4095
9861.0000 504 206 0.4087
9865.9000 504 207 0.4107
9879.0000 505 207 0.4099
9880.1000 505 208 0.4119
9894.0000 506 208 0.4111
9904.5000 506 209 0.4130
9909.0000 507 209 0.4122
9927.0000 508 209 0.4114
9946.0000 509 209 0.4106
9946.7000 509 210 0.4126
9964.9000 509 211 0.4145
9969.0000 510 211 0.4137
9988.0000 511 211 0.4129
9995.7000 511 212 0.4149
10007.0000 512 212 0.4141
10013.2000 512 213 0.4160
10024.0000 513 213 0.4152
10026.7000 513 214 0.4172
10044.0000 514 214 0.4163
10067.0000 515 214 0.4155
10069.0000 515 215 0.4175
10087.0000 516 215 0.4167
10111.0000 517 215 0.4159
10112.4000 517 216 0.4178
10123.9000 517 217 0.4197
10132.0000 518 217 0.4189
10153.4000 518 218 0.4208
10154.0000 519 218 0.4200
10177.0000 520 218 0.4192
10177.4000 520 219 0.4212
10194.0000 521 219 0.4203
10216.0000 522 219 0.4195
10235.0000 523 219 0.4187
10257.0000 524 219 0.4179
10265.1000 524 220 0.4198
10277.0000 524 221 0.4218
10277.6000 524 222 0.4237
10281.0000 525 222 0.4229
10292.1000 525 223 0.4248
10300.0000 526 223 0.4240
10304.4000 526 224 0.4259
10320.0000 527 224 0.4250
10343.0000 528 224 0.4242
10366.0000 529 224 0.4234
10382.0000 530 224 0.4226
10395.7000 530 225 0.4245
10402.0000 531 225 0.4237
10405.7000 531 226 0.4256
10423.0000 532 226 0.4248
10425.2000 532 227 0.4267
10426.2000 532 228 0.4286
10441.0000 533 228 0.4278
10443.4000 533 229 0.4296
10461.0000 534 229 0.4288
10480.0000 535 229 0.4280
10497.0000 536 229 0.4272
10518.0000 537 229 0.4264
10537.0000 538 229 0.4257
10555.0000 539 229 0.4249
10571.0000 540 229 0.4241
10591.0000 541 229 0.4233
10615.0000 542 229 0.4225
10622.9000 542 230 0.4244
10624.2000 542 231 0.4262
10637.0000 543 231 0.4254
10645.7000 543 232 0.4273
10657.0000 544 232 0.4265
10681.0000 545 232 0.4257
10691.9000 545 233 0.4275
10703.0000 546 233 0.4267
10726.0000 547 233 0.4260
10748.0000 548 233 0.4252
10768.0000 549 233 0.4244
10781.7000 549 234 0.4262
10788.0000 550 234 0.4255
10801.0000 550 235 0.4273
10806.9000 550 236 0.4291
10808.0000 551 236 0.4283
10808.2000 551 237 0.4301
10820.6000 551 238 0.4319
10823.0000 552 238 0.4312
10842.0000 553 238 0.4304
10866.0000 554 238 0.4296
10875.9000 554 239 0.4314
10876.9000 554 240 0.4332
10882.0000 554 241 0.4350
10884.2000 554 242 0.4368
10885.0000 555 242 0.4360
10907.0000 556 242 0.4353
10925.0000 557 242 0.4345
10942.0000 558 242 0.4337
10966.0000 559 242 0.4329
10967.9000 559 243 0.4347
10983.0000 560 243 0.4339
11006.0000 561 243 0.4332
11023.0000 562 243 0.4324
11046.0000 563 243 0.4316
11068.0000 564 243 0.4309
11084.0000 565 243 0.4301
11087.3000 565 244 0.4319
11096.4000 565 245 0.4336
11102.0000 566 245 0.4329
11109.6000 566 246 0.4346
11119.0000 566 247 0.4364
11120.0000 567 247 0.4356
11143.0000 568 247 0.4349
11146.7000 568 248 0.4366
11158.5000 568 249 0.4384
11160.4000 568 250 0.4401
11166.0000 569 250 0.4394
11172.5000 569 251 0.4411
11177.6000 569 252 0.4429
11182.0000 570 252 0.4421
11191.1000 570 253 0.4439
11197.6000 570 254 0.4456
11201.0000 571 254 0.4448
11209.0000 571 255 0.4466
11218.0000 572 255 0.4458
11220.6000 572 256 0.4476
11238.0000 573 256 0.4468
11250.8000 573 257 0.4485
11260.0000 574 257 0.4477
11280.0000 575 257 0.4470
11293.5000 575 258 0.4487
11298.0000 576 258 0.4479
11308.0000 576 259 0.4497
11308.7000 576 260 0.4514
11319.0000 577 260 0.4506
11320.1000 577 261 0.4523
11343.0000 578 261 0.4516
11363.0000 579 261 0.4508
11381.0000 580 261 0.4500
11404.0000 580 262 0.4517
11405.0000 581 262 0.4509
11424.0000 582 262 0.4502
11432.5000 582 263 0.4519
11443.0000 583 263 0.4511
11467.0000 584 263 0.4503
11491.0000 585 263 0.4496
11511.0000 586 263 0.4488
11529.0000 587 263 0.4480
11541.7000 587 264 0.4497
11547.0000 588 264 0.4490
11563.1000 588 265 0.4507
11566.0000 589 265 0.4499
11575.1000 589 266 0.4516
11586.0000 590 266 0.4508
11600.5000 590 267 0.4525
11610.0000 591 267 0.4518
11626.0000 592 267 0.4510
11632.8000 592 268 0.4527
11640.2000 592 269 0.4544
11650.0000 593 269 0.4536
11665.0000 594 269 0.4529
11680.0000 595 269 0.4521
11696.0000 596 269 0.4513
11704.0000 596 270 0.4530
11711.0000 597 270 0.4523
11731.0000 598 270 0.4515
11755.0000 599 270 0.4508
11771.0000 600 270 0.4500
11790.0000 601 270 0.4493
11790.7000 601 271 0.4509
11794.9000 601 272 0.4526
11809.0000 602 272 0.4518
11827.0000 603 272 0.4511
11851.0000 604 272 0.4503
11867.0000 605 272 0.4496
11885.0000 606 272 0.4488
11907.0000 607 272 0.4481
11920.4000 607 273 0.4498
11922.7000 607 274 0.4514
11925.2000 607 275 0.4530
11929.0000 608 275 0.4523
11935.6000 608 276 0.4539
11948.0000 609 276 0.4532
11971.0000 610 276 0.4525
11995.0000 611 276 0.4517
12012.0000 612 276 0.4510
12033.0000 613 276 0.4502
12040.5000 613 277 0.4519
12048.0000 614 277 0.4511
12070.0000 615 277 0.4504
12073.0000 615 278 0.4520
12079.6000 615 279 0.4537
12088.0000 616 279 0.4529
12104.0000 617 279 0.4522
12124.0000 618 279 0.4515
12125.4000 618 280 0.4531
12145.0000 619 280 0.4523
12153.5000 619 281 0.4540
12155.7000 619 282 0.4556
12165.0000 620 282 0.4548
12189.0000 621 282 0.4541
12209.0000 622 282 0.4534
12216.6000 622 283 0.4550
12218.2000 622 284 0.4566
12226.0000 623 284 0.4559
12249.0000 624 284 0.4551
12262.4000 624 285 0.4567
12270.0000 625 285 0.4560
12287.0000 626 285 0.4553
12305.0000 627 285 0.4545
12314.1000 627 286 0.4561
12323.0000 628 286 0.4554
12329.6000 628 287 0.4570
12339.0000 629 287 0.4563
12358.0000 630 287 0.4556
12377.0000 631 287 0.4548
12399.0000 632 287 0.4541
12421.0000 633 287 0.4534
12444.0000 634 287 0.4527
12463.0000 635 287 0.4520
12473.7000 635 288 0.4535
12479.0000 636 288 0.4528
12483.1000 636 289 0.4544
12493.5000 636 290 0.4560
12496.1000 636 291 0.4575
12497.0000 637 291 0.4568
12518.0000 638 291 0.4561
12538.0000 639 291 0.4554
12544.0000 639 292 0.4570
12545.1000 639 293 0.4585
12556.0000 640 293 0.4578
12575.0000 641 293 0.4571
12592.6000 641 294 0.4587
12596.0000 642 294 0.4579
12611.0000 643 294 0.4572
12614.7000 643 295 0.4588
12635.0000 644 295 0.4581
12642.9000 644 296 0.4596
12655.0000 645 296 0.4589
12672.0000 646 296 0.4582
12679.9000 646 297 0.4598
12681.7000 646 298 0.4613
12691.0000 647 298 0.4606
12713.0000 648 298 0.4599
12725.8000 648 299 0.4614
12727.4000 648 300 0.4630
12730.7000 648 301 0.4645
12737.0000 649 301 0.4638
12761.0000 650 301 0.4631
12781.0000 651 301 0.4624
12798.0000 652 301 0.4617
12818.0000 653 301 0.4609
12836.3000 653 302 0.4625
12839.0000 654 302 0.4618
12855.5000 654 303 0.4633
12863.0000 655 303 0.4626
12884.0000 656 303 0.4619
12901.0000 657 303 0.4612
12919.0000 658 303 0.4605
12936.0000 659 303 0.4598
12954.0000 660 303 0.4591
12971.0000 661 303 0.4584
12986.0000 662 303 0.4577
12995.6000 662 304 0.4592
13004.9000 662 305 0.4607
13009.0000 663 305 0.4600
13016.9000 663 306 0.4615
13023.3000 663 307 0.4630
13029.0000 664 307 0.4623
13042.5000 664 308 0.4639
13048.0000 665 308 0.4632
13069.0000 666 308 0.4625
13080.5000 666 309 0.4640
13081.0000 666 310 0.4655
13082.2000 666 311 0.4670
13090.0000 667 311 0.4663
13097.2000 667 312 0.4678
13109.5000 667 313 0.4693
13112.0000 668 313 0.4686
13135.0000 669 313 0.4679
13146.6000 669 314 0.4694
13157.0000 670 314 0.4687
13172.9000 670 315 0.4701
13175.0000 671 315 0.4694
13198.0000 672 315 0.4688
13222.0000 673 315 0.4681
13227.9000 673 316 0.4695
13237.0000 674 316 0.4688
13261.0000 675 316 0.4681
13267.7000 675 317 0.4696
13279.0000 676 317 0.4689
13302.2000 676 318 0.4704
13303.0000 677 318 0.4697
13327.0000 678 318 0.4690
13344.0000 679 318 0.4683
13345.3000 679 319 0.4698
13346.0000 679 320 0.4713
13367.0000 680 320 0.4706
13385.0000 681 320 0.4699
13400.0000 682 320 0.4692
13404.6000 682 321 0.4707
13422.0000 683 321 0.4700
13429.3000 683 322 0.4714
13439.0000 684 322 0.4708
13463.0000 685 322 0.4701
13485.0000 686 322 0.4694
13501.0000 687 322 0.4687
13512.8000 687 323 0.4702
13520.9000 687 324 0.4716
13522.0000 688 324 0.4709
13543.0000 689 324 0.4702
13558.0000 690 324 0.4696
13578.0000 691 324 0.4689
13597.0000 692 324 0.4682
13601.2000 692 325 0.4697
13601.2000 692 326 0.4711
13605.2000 692 327 0.4725
13612.0000 693 327 0.4719
13622.2000 693 328 0.4733
13633.0000 694 328 0.4726
13636.9000 694 329 0.4741
13654.0000 695 329 0.4734
13662.9000 695 330 0.4748
13674.0000 696 330 0.4741
13689.0000 697 330 0.4735
13702.7000 697 331 0.4749
13713.0000 698 331 0.4742
13733.0000 699 331 0.4735
13750.0000 700 331 0.4729
13771.0000 701 331 0.4722
13787.0000 702 331 0.4715
13808.0000 703 331 0.4708
13831.0000 704 331 0.4702
13836.3000 704 332 0.4716
13853.0000 705 332 0.4709
13874.0000 706 332 0.4703
13894.0000 707 332 0.4696
13915.0000 708 332 0.4689
13937.0000 709 332 0.4683
13952.0000 710 332 0.4676
13976.0000 711 332 0.4669
13981.6000 711 333 0.4684
13985.2000 711 334 0.4698
13994.0000 712 334 0.4691
14007.7000 712 335 0.4705
14011.0000 713 335 0.4698
14032.0000 714 335 0.4692
14044.5000 714 336 0.4706
14056.0000 715 336 0.4699
14077.0000 716 336 0.4693
14092.0000 717 336 0.4686
14099.2000 717 337 0.4700
14107.0000 718 337 0.4694
14123.0000 719 337 0.4687
14144.1000 719 338 0.4701
14147.0000 720 338 0.4694
14167.0000 721 338 0.4688
14186.0000 722 338 0.4681
14204.0000 723 338 0.4675
14225.0000 724 338 0.4669
14245.0000 725 338 0.4662
14256.0000 725 339 0.4676
14267.0000 726 339 0.4669
14286.0000 727 339 0.4663
14304.0000 728 339 0.4657
14323.0000 729 339 0.4650
14343.0000 730 339 0.4644
14351.2000 730 340 0.4658
14363.0000 731 340 0.4651
14385.0000 732 340 0.4645
14391.5000 732 341 0.4658
14404.0000 733 341 0.4652
14420.0000 734 341 0.4646
14420.9000 734 342 0.4659
14438.7000 734 343 0.4673
14441.0000 735 343 0.4667
14456.0000 736 343 0.4660
14466.4000 736 344 0.4674
14473.0000 736 345 0.4688
14475.0000 737 345 0.4681
14499.0000 738 345 0.4675
14504.4000 738 346 0.4688
14523.0000 739 346 0.4682
14544.0000 740 346 0.4676
14568.0000 741 346 0.4669
14570.6000 741 347 0.4683
14582.8000 741 348 0.4696
14588.0000 742 348 0.4690
14601.0000 742 349 0.4704
14603.0000 743 349 0.4697
14618.0000 744 349 0.4691
14618.6000 744 350 0.4704
14620.1000 744 351 0.4718
14631.9000 744 352 0.4731
14639.0000 745 352 0.4725
14655.0000 746 352 0.4718
14676.0000 747 352 0.4712
14696.0000 748 352 0.4706
14718.0000 749 352 0.4700
14725.3000 749 353 0.4713
14736.0000 750 353 0.4707
14746.0000 750 354 0.4720
14753.9000 750 355 0.4733
14756.0000 751 355 0.4727
14773.0000 752 355 0.4721
14790.0000 753 355 0.4714
14809.0000 754 355 0.4708
14831.0000 755 355 0.4702
14848.0000 756 355 0.4696
14867.0000 757 355 0.4690
14889.0000 758 355 0.4683
14905.0000 759 355 0.4677
14915.3000 759 356 0.4690
14926.9000 759 357 0.4704
14927.0000 760 357 0.4697
14942.0000 761 357 0.4691
14961.0000 762 357 0.4685
14984.0000 763 357 0.4679
14999.0000 764 357 0.4673
15021.0000 765 357 0.4667
15022.6000 765 358 0.4680
15032.7000 765 359 0.4693
15036.9000 765 360 0.4706
15041.0000 766 360 0.4700
15058.0000 767 360 0.4694
15074.0000 768 360 0.4688
15093.0000 769 360 0.4681
15098.6000 769 361 0.4694
15101.5000 769 362 0.4707
15114.0000 770 362 0.4701
15125.1000 770 363 0.4714
15132.0000 771 363 0.4708
15149.0000 772 363 0.4702
15172.0000 773 363 0.4696
15190.0000 774 363 0.4690
15212.0000 775 363 0.4684
15235.0000 776 363 0.4678
15256.0000 777 363 0.4672
15257.0000 777 364 0.4685
15280.0000 778 364 0.4679
15297.0000 779 364 0.4673
15300.2000 779 365 0.4685
15318.0000 780 365 0.4679
15318.9000 780 366 0.4692
15336.0000 781 366 0.4686
15360.0000 782 366 0.4680
15381.0000 783 366 0.4674
15389.5000 783 367 0.4687
15399.0000 784 367 0.4681
15419.0000 785 367 0.4675
15439.2000 785 368 0.4688
15441.0000 786 368 0.4682
15442.1000 786 369 0.4695
15465.0000 787 369 0.4689
15482.0000 788 369 0.4683
15502.9000 788 370 0.4695
15504.0000 789 370 0.4689
15526.0000 790 370 0.4684
15536.2000 790 371 0.4696
15547.0000 791 371 0.4690
15569.0000 792 371 0.4684
15580.4000 792 372 0.4697
15583.0000 792 373 0.4710
15591.0000 793 373 0.4704
15615.0000 794 373 0.4698
15632.0000 795 373 0.4692
15651.0000 796 373 0.4686
15666.0000 797 373 0.4680
15684.0000 798 373 0.4674
15708.0000 799 373 0.4668
15724.0000 800 373 0.4663
15740.2000 800 374 0.4675
15746.0000 801 374 0.4669
15764.0000 802 374 0.4663
15782.0000 803 374 0.4658
15793.3000 803 375 0.4670
15799.0000 804 375 0.4664
15815.0000 805 375 0.4658
15838.0000 806 375 0.4653
15854.0000 807 375 0.4647
15873.0000 808 375 0.4641
15880.0000 808 376 0.4653
15894.0000 809 376 0.4648
15909.0000 810 376 0.4642
15916.7000 810 377 0.4654
15927.0000 811 377 0.4649
15948.0000 812 377 0.4643
15953.1000 812 378 0.4655
15967.0000 813 378 0.4649
15969.5000 813 379 0.4662
15990.0000 814 379 0.4656
16004.6000 814 380 0.4668
16010.0000 815 380 0.4663
16027.0000 816 380 0.4657
16042.0000 817 380 0.4651
16048.6000 817 381 0.4663
16061.0000 818 381 0.4658
16080.0000 819 381 0.4652
16104.0000 820 381 0.4646
16124.0000 821 381 0.4641
16139.0000 822 381 0.4635
16155.0000 823 381 0.4629
16175.0000 824 381 0.4624
16196.0000 825 381 0.4618
16212.0000 826 381 0.4613
16220.0000 826 382 0.4625
16230.0000 827 382 0.4619
16245.0000 828 382 0.4614
16261.0000 829 382 0.4608
16281.0000 830 382 0.4602
16301.0000 831 382 0.4597
16305.1000 831 383 0.4609
16322.0000 832 383 0.4603
16331.8000 832 384 0.4615
16338.0000 833 384 0.4610
16344.3000 833 385 0.4622
16357.0000 834 385 0.4616
16380.0000 835 385 0.4611
16399.0000 836 385 0.4605
16411.9000 836 386 0.4617
16412.8000 836 387 0.4629
16416.0000 837 387 0.4624
16433.0000 838 387 0.4618
16455.0000 839 387 0.4613
16479.0000 840 387 0.4607
16503.0000 841 387 0.4602
16511.2000 841 388 0.4614
16520.1000 841 389 0.4625
16526.0000 842 389 0.4620
16547.0000 843 389 0.4614
16568.0000 844 389 0.4609
16589.0000 845 389 0.4604
16610.0000 846 389 0.4598
16628.0000 847 389 0.4593
16646.0000 848 389 0.4587
16662.0000 849 389 0.4582
16662.2000 849 390 0.4594
16682.0000 850 390 0.4588
16699.0000 851 390 0.4583
16721.7000 851 391 0.4595
16723.0000 852 391 0.4589
16723.7000 852 392 0.4601
16745.0000 853 392 0.4596
16760.0000 854 392 0.4590
16773.3000 854 393 0.4602
16783.0000 855 393 0.4596
16800.0000 856 393 0.4591
16802.4000 856 394 0.4603
16811.1000 856 395 0.4614
16818.0000 857 395 0.4609
16835.0000 858 395 0.4604
16849.2000 858 396 0.4615
16852.1000 858 397 0.4627
16858.0000 859 397 0.4622
16881.0000 860 397 0.4616
16901.0000 861 397 0.4611
16916.3000 861 398 0.4623
16917.0000 862 398 0.4617
16935.0000 863 398 0.4612
16959.0000 864 398 0.4606
16980.0000 865 398 0.4601
16997.0000 866 398 0.4596
17021.0000 867 398 0.4591
17040.0000 868 398 0.4585
17063.0000 869 398 0.4580
17082.0000 870 398 0.4575
17105.0000 871 398 0.4569
17126.0000 872 398 0.4564
17143.0000 873 398 0.4559
17162.0000 874 398 0.4554
17177.9000 874 399 0.4565
17181.0000 875 399 0.4560
17202.0000 876 399 0.4555
17225.0000 877 399 0.4550
17238.1000 877 400 0.4561
17240.0000 878 400 0.4556
17259.0000 879 400 0.4551
17278.0000 880 400 0.4545
17299.0000 881 400 0.4540
17318.0000 882 400 0.4535
17336.0000 883 400 0.4530
17338.6000 883 401 0.4541
17341.4000 883 402 0.4553
17353.0000 884 402 0.4548
17357.6000 884 403 0.4559
17370.0000 885 403 0.4554
17393.6000 885 404 0.4565
17394.0000 886 404 0.4560
17416.0000 887 404 0.4555
17439.0000 888 404 0.4550
17454.0000 889 404 0.4544
17459.0000 889 405 0.4556
17466.9000 889 406 0.4567
17467.7000 889 407 0.4578
17470.8000 889 408 0.4589
17477.0000 890 408 0.4584
17497.0000 891 408 0.4579
17515.0000 892 408 0.4574
17515.9000 892 409 0.4585
17535.0000 893 409 0.4580
17547.1000 893 410 0.4591
17558.0000 894 410 0.4586
17574.0000 895 410 0.4581
17598.0000 896 410 0.4576
17619.0000 897 410 0.4571
17639.0000 898 410 0.4566
17654.0000 899 410 0.4561
17672.0000 900 410 0.4556
17690.0000 901 410 0.4550
17702.0000 901 411 0.4562
17710.0000 902 411 0.4557
17734.0000 903 411 0.4551
17751.0000 904 411 0.4546
17758.4000 904 412 0.4558
17774.0000 905 412 0.4552
17793.0000 906 412 0.4547
17808.0000 907 412 0.4542
17813.6000 907 413 0.4553
17826.0000 908 413 0.4548
17835.5000 908 414 0.4559
17846.0000 909 414 0.4554
17864.0000 910 414 0.4549
17867.9000 910 415 0.4560
17884.0000 911 415 0.4555
17899.0000 912 415 0.4550
17909.3000 912 416 0.4561
17917.0000 913 416 0.4556
17936.0000 914 416 0.4551
17958.0000 915 416 0.4546
17976.0000 916 416 0.4541
17976.3000 916 417 0.4552
18000.0000 917 417 0.4547
18021.0000 918 417 0.4542
18033.1000 918 418 0.4553
18040.0000 919 418 0.4548
18057.4000 919 419 0.4559
18059.0000 920 419 0.4554
18077.0000 921 419 0.4549
18077.2000 921 420 0.4560
18092.0000 922 420 0.4555
18112.1000 922 421 0.4566
18113.0000 923 421 0.4561
18131.8000 923 422 0.4572
18132.0000 924 422 0.4567
18139.3000 924 423 0.4578
18142.3000 924 424 0.4589
18147.7000 924 425 0.4600
18155.0000 925 425 0.4595
18167.1000 925 426 0.4605
18177.0000 926 426 0.4600
18192.0000 927 426 0.4595
18214.0000 928 426 0.4591
18221.6000 928 427 0.4601
18236.0000 929 427 0.4596
18259.0000 930 427 0.4591
18275.0000 931 427 0.4586
18282.0000 931 428 0.4597
18298.0000 932 428 0.4592
18319.5000 932 429 0.4603
18321.0000 933 429 0.4598
18340.0000 934 429 0.4593
18353.1000 934 430 0.4604
18364.0000 935 430 0.4599
18383.0000 936 430 0.4594
18402.0000 937 430 0.4589
18425.0000 938 430 0.4584
18449.0000 939 430 0.4579
18454.9000 939 431 0.4590
18459.2000 939 432 0.4601
18472.7000 939 433 0.4611
18473.0000 940 433 0.4606
18474.4000 940 434 0.4617
18488.0000 941 434 0.4612
18512.0000 942 434 0.4607
18534.0000 943 434 0.4602
18549.0000 944 434 0.4597
18570.0000 945 434 0.4593
18590.0000 946 434 0.4588
18613.0000 947 434 0.4583
18632.0000 948 434 0.4578
18653.0000 949 434 0.4573
18677.0000 950 434 0.4568
18696.0000 951 434 0.4564
18715.0000 952 434 0.4559
18732.1000 952 435 0.4569
18738.0000 953 435 0.4565
18753.0000 954 435 0.4560
18768.0000 955 435 0.4555
18784.8000 955 436 0.4565
18786.0000 956 436 0.4561
18787.3000 956 437 0.4571
18799.2000 956 438 0.4582
18809.0000 957 438 0.4577
18828.0000 958 438 0.4572
18841.5000 958 439 0.4582
18845.0000 959 439 0.4578
18862.0000 960 439 0.4573
18884.0000 961 439 0.4568
18894.5000 961 440 0.4579
18896.0000 961 441 0.4589
18897.4000 961 442 0.4599
18899.0000 962 442 0.4595
18922.0000 963 442 0.4590
18939.0000 964 442 0.4585
18956.0000 965 442 0.4580
18977.0000 966 442 0.4576
18980.9000 966 443 0.4586
18990.3000 966 444 0.4596
18993.0000 967 444 0.4592
19015.0000 968 444 0.4587
19022.5000 968 445 0.4597
19037.0000 969 445 0.4592
19055.0000 970 445 0.4588
19072.0000 971 445 0.4583
19087.0000 972 445 0.4578
19095.5000 972 446 0.4588
19108.0000 973 446 0.4584
19129.0000 974 446 0.4579
19151.0000 975 446 0.4574
19161.8000 975 447 0.4585
19173.0000 976 447 0.4580
19190.3000 976 448 0.4590
19192.0000 977 448 0.4585
19211.0000 978 448 0.4581
19231.0000 979 448 0.4576
19254.0000 980 448 0.4571
19277.0000 981 448 0.4567
19301.0000 982 448 0.4562
19316.0000 983 448 0.4557
19340.0000 984 448 0.4553
19355.0000 985 448 0.4548
19373.0000 986 448 0.4544
19391.0000 987 448 0.4539
19391.4000 987 449 0.4549
19406.0000 988 449 0.4545
19410.9000 988 450 0.4555
19418.6000 988 451 0.4565
19423.0000 989 451 0.4560
19439.0000 990 451 0.4556
19455.0000 991 451 0.4551
19479.0000 992 451 0.4546
19497.0000 993 451 0.4542
19521.0000 994 451 0.4537
19542.0000 995 451 0.4533
19565.0000 996 451 0.4528
19586.0000 997 451 0.4524
19601.0000 998 451 0.4519
19622.0000 999 451 0.4515
19627.0000 999 452 0.4525
19641.0000 1000 452 0.4520
19660.0000 1001 452 0.4515
19677.0000 1002 452 0.4511
19692.0000 1003 452 0.4506
19702.7000 1003 453 0.4516
19716.0000 1004 453 0.4512
19739.0000 1005 453 0.4507
19755.0000 1006 453 0.4503
19770.0000 1007 453 0.4499
19783.2000 1007 454 0.4508
19792.0000 1008 454 0.4504
19815.0000 1009 454 0.4500
19816.1000 1009 455 0.4509
19826.5000 1009 456 0.4519
19833.0000 1010 456 0.4515
19846.1000 1010 457 0.4525
19852.0000 1011 457 0.4520
19876.0000 1012 457 0.4516
19891.0000 1013 457 0.4511
19895.7000 1013 458 0.4521
19908.0000 1014 458 0.4517
19909.7000 1014 459 0.4527
19924.9000 1014 460 0.4536
19932.0000 1015 460 0.4532
19956.0000 1016 460 0.4528
19970.9000 1016 461 0.4537
19974.9000 1016 462 0.4547
19976.0000 1017 462 0.4543
19998.0000 1018 462 0.4538
20019.0000 1019 462 0.4534
20034.0000 1020 462 0.4529
20039.7000 1020 463 0.4539
20053.8000 1020 464 0.4549
20054.8000 1020 465 0.4559
20057.0000 1021 465 0.4554
20075.0000 1022 465 0.4550
20075.8000 1022 466 0.4560
20094.0000 1023 466 0.4555
20095.1000 1023 467 0.4565
20108.2000 1023 468 0.4575
20118.0000 1024 468 0.4570
20135.0000 1025 468 0.4566
20141.0000 1025 469 0.4576
20157.0000 1026 469 0.4571
20174.9000 1026 470 0.4581
20179.0000 1027 470 0.4576
20197.0000 1028 470 0.4572
20198.9000 1028 471 0.4582
20201.3000 1028 472 0.4591
20202.0000 1028 473 0.4601
20221.0000 1029 473 0.4597
20237.0000 1030 473 0.4592
20259.0000 1031 473 0.4588
20276.0000 1032 473 0.4583
20293.0000 1033 473 0.4579
20308.0000 1034 473 0.4574
20327.0000 1035 473 0.4570
20332.9000 1035 474 0.4580
20350.0000 1036 474 0.4575
20365.1000 1036 475 0.4585
20366.0000 1037 475 0.4581
20385.0000 1038 475 0.4576
20401.0000 1039 475 0.4572
20421.0000 1040 475 0.4567
20437.0000 1041 475 0.4563
20461.0000 1042 475 0.4559
20485.0000 1043 475 0.4554
20508.0000 1044 475 0.4550
20532.0000 1045 475 0.4545
20550.2000 1045 476 0.4555
20554.0000 1046 476 0.4551
20576.0000 1047 476 0.4546
20594.0000 1048 476 0.4542
20611.0000 1049 476 0.4538
20635.0000 1050 476 0.4533
20655.0000 1051 476 0.4529
20667.6000 1051 477 0.4539
20673.0000 1052 477 0.4534
20679.6000 1052 478 0.4544
20691.0000 1053 478 0.4539
20706.0000 1054 478 0.4535
20724.0000 1055 478 0.4531
20744.0000 1056 478 0.4527
20766.0000 1057 478 0.4522
20782.0000 1058 478 0.4518
20797.6000 1058 479 0.4527
20800.0000 1059 479 0.4523
20821.0000 1060 479 0.4519
20824.6000 1060 480 0.4528
20837.9000 1060 481 0.4538
20844.0000 1061 481 0.4533
20855.6000 1061 482 0.4543
20864.0000 1062 482 0.4539
20865.5000 1062 483 0.4548
20867.5000 1062 484 0.4557
20888.0000 1063 484 0.4553
20890.4000 1063 485 0.4563
20911.0000 1064 485 0.4558
20931.0000 1065 485 0.4554
20952.0000 1066 485 0.4550
20965.5000 1066 486 0.4559
20968.0000 1067 486 0.4555
20968.5000 1067 487 0.4564
20979.2000 1067 488 0.4574
20984.8000 1067 489 0.4583
20990.0000 1068 489 0.4579
21007.0000 1069 489 0.4574
21007.1000 1069 490 0.4584
21017.1000 1069 491 0.4593
21031.0000 1070 491 0.4589
21041.3000 1070 492 0.4598
21055.0000 1071 492 0.4594
21068.2000 1071 493 0.4603
21077.0000 1072 493 0.4599
21081.9000 1072 494 0.4608
21092.0000 1073 494 0.4604
21098.1000 1073 495 0.4613
21116.0000 1074 495 0.4609
21125.2000 1074 496 0.4618
21132.0000 1075 496 0.4614
21133.9000 1075 497 0.4623
21148.0000 1076 497 0.4619
21166.0000 1077 497 0.4615
21184.0000 1078 497 0.4610
21184.2000 1078 498 0.4620
21204.0000 1079 498 0.4615
21223.0000 1080 498 0.4611
21225.8000 1080 499 0.4620
21239.3000 1080 500 0.4630
21247.0000 1081 500 0.4625
21271.0000 1082 500 0.4621
21292.0000 1083 500 0.4617
21295.5000 1083 501 0.4626
21309.0000 1084 501 0.4622
21325.4000 1084 502 0.4631
21327.0000 1085 502 0.4627
21328.3000 1085 503 0.4636
21351.0000 1086 503 0.4632
21368.0000 1087 503 0.4627
21373.6000 1087 504 0.4637
21387.0000 1088 504 0.4632
21407.0000 1089 504 0.4628
21410.2000 1089 505 0.4637
21424.0000 1090 505 0.4633
21444.0000 1091 505 0.4629
21463.0000 1092 505 0.4625
21483.0000 1093 505 0.4620
21503.2000 1093 506 0.4629
21505.0000 1094 506 0.4625
21523.0000 1095 506 0.4621
21539.0000 1096 506 0.4617
21552.4000 1096 507 0.4626
21555.3000 1096 508 0.4635
21556.0000 1097 508 0.4631
21577.0000 1098 508 0.4627
21599.0000 1099 508 0.4622
21615.0000 1100 508 0.4618
21632.0000 1101 508 0.4614
21648.0000 1102 508 0.4610
21651.4000 1102 509 0.4619
21657.5000 1102 510 0.4628
21665.0000 1103 510 0.4624
21689.0000 1104 510 0.4620
21707.0000 1105 510 0.4615
21713.3000 1105 511 0.4624
21731.0000 1106 511 0.4620
21755.0000 1107 511 0.4616
21777.0000 1108 511 0.4612
21794.0000 1109 511 0.4608
21804.7000 1109 512 0.4617
21818.0000 1110 512 0.4613
21837.0000 1111 512 0.4608
21851.8000 1111 513 0.4617
21860.0000 1112 513 0.4613
21872.6000 1112 514 0.4622
21883.0000 1113 514 0.4618
21898.0000 1114 514 0.4614
21916.0000 1115 514 0.4610
21939.0000 1116 514 0.4606
21949.8000 1116 515 0.4615
21952.6000 1116 516 0.4624
21960.0000 1117 516 0.4620
21976.0000 1118 516 0.4615
21999.0000 1119 516 0.4611
22022.0000 1120 516 0.4607
22039.7000 1120 517 0.4616
22041.0000 1121 517 0.4612
22043.0000 1121 518 0.4621
22061.0000 1122 518 0.4617
22073.5000 1122 519 0.4626
22078.0000 1123 519 0.4622
22101.0000 1124 519 0.4617
22121.0000 1125 519 0.4613
22140.0000 1126 519 0.4609
22159.0000 1127 519 0.4605
22165.8000 1127 520 0.4614
22172.5000 1127 521 0.4623
22183.0000 1128 521 0.4619
22183.7000 1128 522 0.4628
22199.0000 1129 522 0.4624
22218.0000 1130 522 0.4619
22242.0000 1131 522 0.4615
22258.3000 1131 523 0.4624
22263.0000 1132 523 0.4620
22281.0000 1133 523 0.4616
22304.0000 1134 523 0.4612
22310.8000 1134 524 0.4621
22322.0000 1135 524 0.4617
22342.0000 1135 525 0.4626
22342.7000 1135 526 0.4634
22346.0000 1136 526 0.4630
22358.1000 1136 527 0.4639
22360.7000 1136 528 0.4648
22363.0000 1137 528 0.4644
22385.0000 1138 528 0.4640
22405.0000 1139 528 0.4636
22420.0000 1140 528 0.4632
22444.0000 1141 528 0.4628
22464.0000 1142 528 0.4623
22482.0000 1143 528 0.4619
22500.0000 1144 528 0.4615
22521.0000 1145 528 0.4611
22544.0000 1145 529 0.4620
22544.0000 1146 529 0.4616
22553.0000 1146 530 0.4625
22560.0000 1147 530 0.4621
22578.0000 1148 530 0.4617
22584.3000 1148 531 0.4625
22595.0000 1149 531 0.4621
22605.9000 1149 532 0.4630
22613.0000 1150 532 0.4626
22620.3000 1150 533 0.4635
22628.0000 1151 533 0.4631
22647.5000 1151 534 0.4639
22648.0000 1152 534 0.4635
22666.0000 1153 534 0.4631
22670.5000 1153 535 0.4640
22682.0000 1154 535 0.4636
22698.0000 1155 535 0.4632
22713.0000 1156 535 0.4628
22724.8000 1156 536 0.4637
22735.0000 1157 536 0.4633
22758.0000 1158 536 0.4629
22779.0000 1159 536 0.4625
22799.0000 1160 536 0.4621
22806.8000 1160 537 0.4629
22820.0000 1161 537 0.4625
22823.0000 1161 538 0.4634
22824.3000 1161 539 0.4643
22835.0000 1162 539 0.4639
22850.0000 1163 539 0.4635
22858.0000 1163 540 0.4643
22859.3000 1163 541 0.4652
22869.0000 1164 541 0.4648
22891.0000 1165 541 0.4644
22913.0000 1166 541 0.4640
22921.6000 1166 542 0.4648
22931.0000 1167 542 0.4644
22943.1000 1167 543 0.4653
22954.0000 1168 543 0.4649
22971.0000 1169 543 0.4645
22991.0000 1170 543 0.4641
22992.8000 1170 544 0.4650
23007.0000 1171 544 0.4646
23031.0000 1172 544 0.4642
23047.0000 1173 544 0.4638
23047.9000 1173 545 0.4646
23066.0000 1173 546 0.4655
23070.0000 1174 546 0.4651
23071.4000 1174 547 0.4659
23085.0000 1175 547 0.4655
23106.0000 1176 547 0.4651
23127.0000 1177 547 0.4647
23149.0000 1178 547 0.4643
23165.0000 1179 547 0.4640
23179.9000 1179 548 0.4648
23180.0000 1180 548 0.4644
23185.2000 1180 549 0.4653
23198.0000 1181 549 0.4649
23214.0000 1182 549 0.4645
23232.8000 1182 550 0.4653
23238.0000 1183 550 0.4649
23252.6000 1183 551 0.4658
23258.0000 1184 551 0.4654
23270.7000 1184 552 0.4662
23280.0000 1185 552 0.4658
23295.0000 1186 552 0.4654
23303.3000 1186 553 0.4663
23319.0000 1187 553 0.4659
23339.0000 1188 553 0.4655
23359.8000 1188 554 0.4663
23360.0000 1189 554 0.4659
23377.0000 1190 554 0.4655
23393.0000 1191 554 0.4652
23409.0000 1192 554 0.4648
23428.0000 1193 554 0.4644
23445.0000 1194 554 0.4640
23463.4000 1194 555 0.4648
23464.0000 1195 555 0.4644
23482.0000 1196 555 0.4640
23498.0000 1197 555 0.4637
23507.5000 1197 556 0.4645
23516.0000 1198 556 0.4641
23532.0000 1199 556 0.4637
23537.8000 1199 557 0.4646
23547.0000 1200 557 0.4642
23565.9000 1200 558 0.4650
23568.0000 1201 558 0.4646
23574.2000 1201 559 0.4654
23577.1000 1201 560 0.4663
23582.8000 1201 561 0.4671
23589.0000 1202 561 0.4667
23602.4000 1202 562 0.4676
23613.0000 1203 562 0.4672
23629.0000 1204 562 0.4668
23647.0000 1205 562 0.4664
23658.3000 1205 563 0.4672
23662.0000 1206 563 0.4668
23681.0000 1207 563 0.4664
23688.2000 1207 564 0.4673
23702.0000 1208 564 0.4669
23726.0000 1209 564 0.4665
23741.0000 1210 564 0.4661
23757.0000 1210 565 0.4669
23760.0000 1211 565 0.4666
23768.0000 1211 566 0.4674
23771.5000 1211 567 0.4682
23778.0000 1212 567 0.4678
23798.0000 1213 567 0.4674
23803.0000 1213 568 0.4683
23817.0000 1214 568 0.4679
23829.0000 1214 569 0.4687
23837.0000 1215 569 0.4683
23850.9000 1215 570 0.4691
23859.0000 1216 570 0.4688
23874.0000 1217 570 0.4684
23880.2000 1217 571 0.4692
23895.0000 1218 571 0.4688
23916.0000 1219 571 0.4684
23926.1000 1219 572 0.4692
23937.0000 1220 572 0.4689
23952.6000 1220 573 0.4697
23961.0000 1221 573 0.4693
23971.5000 1221 574 0.4701
23981.0000 1222 574 0.4697
23984.0000 1222 575 0.4705
24004.0000 1223 575 0.4702
24026.0000 1224 575 0.4698
24043.0000 1225 575 0.4694
24045.8000 1225 576 0.4702
24062.0000 1226 576 0.4698
24063.6000 1226 577 0.4706
24077.5000 1226 578 0.4715
24079.0000 1227 578 0.4711
24095.0000 1228 578 0.4707
24096.4000 1228 579 0.4715
24110.0000 1229 579 0.4711
24134.0000 1230 579 0.4707
24157.0000 1231 579 0.4703
24179.0000 1232 579 0.4700
24203.0000 1233 579 0.4696
24210.8000 1233 580 0.4704
24222.0000 1234 580 0.4700
24225.8000 1234 581 0.4708
24245.0000 1235 581 0.4704
24251.4000 1235 582 0.4713
24254.0000 1235 583 0.4721
24262.0000 1236 583 0.4717
24271.6000 1236 584 0.4725
24286.0000 1237 584 0.4721
24305.0000 1238 584 0.4717
24326.0000 1239 584 0.4713
24349.0000 1240 584 0.4710
24368.0000 1241 584 0.4706
24379.5000 1241 585 0.4714
24382.2000 1241 586 0.4722
24383.0000 1242 586 0.4718
24407.0000 1243 586 0.4714
24422.4000 1243 587 0.4722
24427.0000 1244 587 0.4719
24445.2000 1244 588 0.4727
24447.0000 1245 588 0.4723
24468.0000 1246 588 0.4719
24474.2000 1246 589 0.4727
24482.9000 1246 590 0.4735
24487.7000 1246 591 0.4743
24490.0000 1247 591 0.4739
24508.5000 1247 592 0.4747
24510.2000 1247 593 0.4755
24514.0000 1248 593 0.4752
24530.0000 1249 593 0.4748
24553.0000 1250 593 0.4744
24568.0000 1251 593 0.4740
24584.0000 1251 594 0.4748
24591.0000 1252 594 0.4744
24607.0000 1253 594 0.4741
24624.0000 1254 594 0.4737
24641.0000 1255 594 0.4733
24656.0000 1256 594 0.4729
24664.7000 1256 595 0.4737
24669.7000 1256 596 0.4745
24677.0000 1257 596 0.4741
24693.0000 1258 596 0.4738
24712.0000 1259 596 0.4734
24728.7000 1259 597 0.4742
24736.0000 1260 597 0.4738
24751.0000 1261 597 0.4734
24753.3000 1261 598 0.4742
24768.0000 1262 598 0.4739
24790.0000 1263 598 0.4735
24809.0000 1264 598 0.4731
24824.0000 1265 598 0.4727
24832.5000 1265 599 0.4735
24844.0000 1266 599 0.4731
24867.0000 1267 599 0.4728
24883.0000 1268 599 0.4724
24895.8000 1268 600 0.4732
24897.1000 1268 601 0.4740
24898.8000 1268 602 0.4748
24906.0000 1269 602 0.4744
24921.0000 1270 602 0.4740
24945.0000 1271 602 0.4736
24963.0000 1272 602 0.4733
24980.0000 1273 602 0.4729
24999.0000 1274 602 0.4725
25015.0000 1275 602 0.4722
25022.1000 1275 603 0.4729
25027.3000 1275 604 0.4737
25034.0000 1276 604 0.4734
25055.0000 1277 604 0.4730
25074.0000 1278 604 0.4726
25095.0000 1279 604 0.4722
25107.0000 1279 605 0.4730
25116.1000 1279 606 0.4738
25119.0000 1280 606 0.4734
25138.0000 1281 606 0.4731
25162.0000 1282 606 0.4727
25183.0000 1283 606 0.4723
