# time  created  delivered  delivered/created
22.0000 1 0 0.0000
38.0000 2 0 0.0000
54.0000 3 0 0.0000
72.0000 4 0 0.0000
94.0000 5 0 0.0000
110.0000 6 0 0.0000
133.0000 7 0 0.0000
153.0000 8 0 0.0000
175.0000 9 0 0.0000
191.0000 10 0 0.0000
210.0000 11 0 0.0000
225.0000 12 0 0.0000
249.0000 13 0 0.0000
265.0000 14 0 0.0000
281.0000 15 0 0.0000
304.0000 16 0 0.0000
328.0000 17 0 0.0000
343.0000 18 0 0.0000
367.0000 19 0 0.0000
382.0000 20 0 0.0000
399.0000 21 0 0.0000
420.0000 22 0 0.0000
439.0000 23 0 0.0000
458.0000 24 0 0.0000
480.0000 25 0 0.0000
497.0000 26 0 0.0000
515.0000 27 0 0.0000
538.0000 28 0 0.0000
562.0000 29 0 0.0000
581.0000 30 0 0.0000
581.2000 30 1 0.0333
603.0000 31 1 0.0323
625.0000 32 1 0.0313
640.9000 32 2 0.0625
646.0000 33 2 0.0606
661.6000 33 3 0.0909
667.0000 34 3 0.0882
685.0000 35 3 0.0857
691.0000 35 4 0.1143
700.0000 36 4 0.1111
714.8000 36 5 0.1389
722.0000 37 5 0.1351
741.0000 38 5 0.1316
764.0000 39 5 0.1282
775.8000 39 6 0.1538
784.0000 40 6 0.1500
806.0000 41 6 0.1463
829.0000 42 6 0.1429
851.0000 43 6 0.1395
873.0000 44 6 0.1364
895.0000 45 6 0.1333
918.0000 46 6 0.1304
935.7000 46 7 0.1522
941.0000 47 7 0.1489
957.0000 48 7 0.1458
975.0000 49 7 0.1429
998.0000 50 7 0.1400
1018.0000 51 7 0.1373
1040.0000 52 7 0.1346
1056.0000 53 7 0.1321
1077.0000 54 7 0.1296
1096.0000 55 7 0.1273
1117.0000 56 7 0.1250
1137.0000 57 7 0.1228
1159.0000 58 7 0.1207
1179.0000 59 7 0.1186
1194.1000 59 8 0.1356
1201.0000 60 8 0.1333
1216.0000 61 8 0.1311
1225.1000 61 9 0.1475
1226.1000 61 10 0.1639
1232.0000 62 10 0.1613
1251.0000 63 10 0.1587
1268.0000 64 10 0.1563
1287.0000 65 10 0.1538
1308.0000 66 10 0.1515
1327.0000 67 10 0.1493
1342.0000 68 10 0.1471
1364.0000 69 10 0.1449
1381.1000 69 11 0.1594
1388.0000 70 11 0.1571
1397.1000 70 12 0.1714
1407.0000 70 13 0.1857
1407.0000 71 13 0.1831
1422.0000 72 13 0.1806
1442.0000 73 13 0.1781
1464.0000 74 13 0.1757
1475.9000 74 14 0.1892
1478.4000 74 15 0.2027
1479.0000 75 15 0.2000
1483.1000 75 16 0.2133
1500.0000 76 16 0.2105
1518.0000 77 16 0.2078
1542.0000 78 16 0.2051
1562.0000 79 16 0.2025
1577.0000 80 16 0.2000
1600.0000 81 16 0.1975
1620.0000 82 16 0.1951
1637.0000 83 16 0.1928
1652.0000 84 16 0.1905
1673.0000 85 16 0.1882
1695.0000 86 16 0.1860
1706.4000 86 17 0.1977
1709.8000 86 18 0.2093
1713.0000 87 18 0.2069
1736.2000 87 19 0.2184
1737.0000 88 19 0.2159
1739.4000 88 20 0.2273
1739.8000 88 21 0.2386
1760.0000 89 21 0.2360
1781.0000 90 21 0.2333
1804.0000 91 21 0.2308
1812.7000 91 22 0.2418
1826.0000 92 22 0.2391
1849.0000 93 22 0.2366
1870.0000 94 22 0.2340
1881.2000 94 23 0.2447
1882.8000 94 24 0.2553
1890.0000 95 24 0.2526
1911.0000 96 24 0.2500
1929.0000 97 24 0.2474
1948.0000 98 24 0.2449
1965.0000 99 24 0.2424
1980.0000 100 24 0.2400
2002.0000 101 24 0.2376
2024.0000 102 24 0.2353
2035.6000 102 25 0.2451
2041.0000 103 25 0.2427
2064.0000 104 25 0.2404
2080.0000 105 25 0.2381
2095.0000 106 25 0.2358
2119.0000 107 25 0.2336
2139.0000 108 25 0.2315
2143.6000 108 26 0.2407
2161.0000 109 26 0.2385
2178.0000 110 26 0.2364
2199.0000 111 26 0.2342
2217.0000 111 27 0.2432
2222.0000 112 27 0.2411
2240.0000 113 27 0.2389
2259.0000 114 27 0.2368
2275.0000 115 27 0.2348
2295.0000 116 27 0.2328
2314.0000 117 27 0.2308
2326.8000 117 28 0.2393
2335.0000 118 28 0.2373
2354.0000 119 28 0.2353
2377.0000 120 28 0.2333
2396.0000 121 28 0.2314
2411.0000 122 28 0.2295
2412.0000 122 29 0.2377
2433.0000 123 29 0.2358
2452.0000 124 29 0.2339
2460.7000 124 30 0.2419
2470.9000 124 31 0.2500
2474.0000 125 31 0.2480
2496.0000 126 31 0.2460
2511.0000 127 31 0.2441
2526.0000 128 31 0.2422
2546.0000 129 31 0.2403
2554.2000 129 32 0.2481
2554.8000 129 33 0.2558
2563.0000 130 33 0.2538
2586.0000 131 33 0.2519
2601.0000 132 33 0.2500
2621.0000 133 33 0.2481
2641.0000 134 33 0.2463
2662.0000 135 33 0.2444
2678.0000 136 33 0.2426
2680.3000 136 34 0.2500
2681.8000 136 35 0.2574
2689.6000 136 36 0.2647
2690.9000 136 37 0.2721
2693.0000 137 37 0.2701
2716.0000 138 37 0.2681
2735.0000 139 37 0.2662
2754.0000 140 37 0.2643
2771.0000 141 37 0.2624
2788.0000 142 37 0.2606
2800.0000 142 38 0.2676
2807.0000 143 38 0.2657
2823.2000 143 39 0.2727
2831.0000 144 39 0.2708
2832.2000 144 40 0.2778
2853.0000 145 40 0.2759
2868.0000 146 40 0.2740
2891.0000 147 40 0.2721
2911.0000 148 40 0.2703
2926.0000 149 40 0.2685
2942.0000 150 40 0.2667
2947.3000 150 41 0.2733
2954.4000 150 42 0.2800
2962.0000 151 42 0.2781
2979.0000 152 42 0.2763
3000.8000 152 43 0.2829
3003.0000 153 43 0.2810
3024.0000 154 43 0.2792
3040.0000 155 43 0.2774
3059.0000 155 44 0.2839
3064.0000 156 44 0.2821
3065.8000 156 45 0.2885
3084.9000 156 46 0.2949
3086.0000 157 46 0.2930
3110.0000 158 46 0.2911
3129.0000 159 46 0.2893
3147.0000 160 46 0.2875
3166.0000 161 46 0.2857
3166.7000 161 47 0.2919
3190.0000 162 47 0.2901
3205.3000 162 48 0.2963
3210.0000 163 48 0.2945
3225.0000 164 48 0.2927
3243.0000 165 48 0.2909
3260.0000 166 48 0.2892
3271.8000 166 49 0.2952
3273.6000 166 50 0.3012
3283.0000 167 50 0.2994
3289.8000 167 51 0.3054
3305.0000 168 51 0.3036
3321.0000 169 51 0.3018
3344.0000 170 51 0.3000
3365.0000 171 51 0.2982
3385.0000 172 51 0.2965
3408.0000 173 51 0.2948
3414.1000 173 52 0.3006
3426.2000 173 53 0.3064
3428.0000 174 53 0.3046
3433.6000 174 54 0.3103
3446.4000 174 55 0.3161
3447.8000 174 56 0.3218
3449.0000 175 56 0.3200
3472.0000 176 56 0.3182
3488.0000 177 56 0.3164
3510.8000 177 57 0.3220
3511.0000 178 57 0.3202
3512.4000 178 58 0.3258
3532.4000 178 59 0.3315
3533.2000 178 60 0.3371
3535.0000 179 60 0.3352
3550.1000 179 61 0.3408
3552.0000 180 61 0.3389
3569.1000 180 62 0.3444
3570.0000 181 62 0.3425
3576.5000 181 63 0.3481
3581.2000 181 64 0.3536
3589.0000 182 64 0.3516
3604.0000 183 64 0.3497
3619.0000 184 64 0.3478
3638.0000 185 64 0.3459
3653.0000 186 64 0.3441
3669.0000 187 64 0.3422
3689.0000 188 64 0.3404
3712.0000 189 64 0.3386
3730.0000 190 64 0.3368
3754.0000 191 64 0.3351
3771.0000 192 64 0.3333
3787.0000 193 64 0.3316
3809.0000 194 64 0.3299
3813.5000 194 65 0.3351
3831.8000 194 66 0.3402
3832.0000 195 66 0.3385
3854.0000 196 66 0.3367
3873.0000 197 66 0.3350
3895.0000 198 66 0.3333
3919.0000 199 66 0.3317
3938.0000 200 66 0.3300
3946.3000 200 67 0.3350
3953.0000 200 68 0.3400
3955.0000 201 68 0.3383
3975.0000 202 68 0.3366
3987.9000 202 69 0.3416
3996.0000 203 69 0.3399
4012.0000 204 69 0.3382
4031.0000 205 69 0.3366
4052.0000 206 69 0.3350
4054.9000 206 70 0.3398
4058.8000 206 71 0.3447
4059.7000 206 72 0.3495
4070.0000 207 72 0.3478
4094.0000 208 72 0.3462
4115.0000 209 72 0.3445
4129.9000 209 73 0.3493
4134.0000 210 73 0.3476
4153.0000 211 73 0.3460
4171.0000 212 73 0.3443
4175.4000 212 74 0.3491
4194.0000 213 74 0.3474
4214.0000 214 74 0.3458
4214.7000 214 75 0.3505
4235.0000 215 75 0.3488
4235.9000 215 76 0.3535
4245.6000 215 77 0.3581
4251.0000 216 77 0.3565
4272.0000 217 77 0.3548
4287.3000 217 78 0.3594
4290.0000 218 78 0.3578
4306.4000 218 79 0.3624
4314.0000 219 79 0.3607
4325.0000 219 80 0.3653
4338.0000 220 80 0.3636
4360.0000 221 80 0.3620
4364.8000 221 81 0.3665
4381.0000 222 81 0.3649
4400.0000 223 81 0.3632
4406.0000 223 82 0.3677
4419.0000 224 82 0.3661
4419.1000 224 83 0.3705
4434.0000 225 83 0.3689
4435.5000 225 84 0.3733
4452.4000 225 85 0.3778
4458.0000 226 85 0.3761
4463.0000 226 86 0.3805
4476.0000 227 86 0.3789
4497.0000 228 86 0.3772
4515.0000 229 86 0.3755
4537.0000 230 86 0.3739
4556.0000 231 86 0.3723
4580.0000 232 86 0.3707
4597.0000 233 86 0.3691
4611.8000 233 87 0.3734
4614.0000 234 87 0.3718
4634.0000 235 87 0.3702
4655.0000 236 87 0.3686
4665.1000 236 88 0.3729
4672.0000 237 88 0.3713
4686.6000 237 89 0.3755
4689.0000 238 89 0.3739
4706.0000 239 89 0.3724
4729.0000 240 89 0.3708
4742.6000 240 90 0.3750
4747.0000 241 90 0.3734
4762.0000 242 90 0.3719
4783.0000 243 90 0.3704
4796.7000 243 91 0.3745
4807.0000 244 91 0.3730
4808.3000 244 92 0.3770
4824.0000 245 92 0.3755
4831.8000 245 93 0.3796
4848.0000 246 93 0.3780
4867.0000 247 93 0.3765
4886.0000 248 93 0.3750
4909.0000 249 93 0.3735
4928.0000 250 93 0.3720
4951.0000 251 93 0.3705
4966.0000 252 93 0.3690
4986.0000 253 93 0.3676
4991.0000 253 94 0.3715
4997.1000 253 95 0.3755
5010.0000 254 95 0.3740
5033.0000 255 95 0.3725
5048.0000 256 95 0.3711
5072.0000 257 95 0.3696
5089.0000 258 95 0.3682
5112.0000 259 95 0.3668
5131.0000 260 95 0.3654
5151.0000 261 95 0.3640
5169.6000 261 96 0.3678
5171.7000 261 97 0.3716
5175.0000 262 97 0.3702
5194.0000 263 97 0.3688
5212.5000 263 98 0.3726
5215.0000 264 98 0.3712
5237.0000 265 98 0.3698
5254.0000 266 98 0.3684
5269.0000 267 98 0.3670
5291.0000 268 98 0.3657
5307.0000 269 98 0.3643
5311.0000 269 99 0.3680
5322.8000 269 100 0.3717
5324.0000 270 100 0.3704
5339.0000 271 100 0.3690
5354.4000 271 101 0.3727
5356.0000 272 101 0.3713
5371.0000 273 101 0.3700
5387.0000 274 101 0.3686
5395.6000 274 102 0.3723
5410.0000 275 102 0.3709
5410.3000 275 103 0.3745
5426.0000 276 103 0.3732
5427.4000 276 104 0.3768
5438.9000 276 105 0.3804
5447.0000 277 105 0.3791
5466.6000 277 106 0.3827
5470.0000 278 106 0.3813
5490.0000 279 106 0.3799
5507.0000 280 106 0.3786
5516.9000 280 107 0.3821
5528.0000 281 107 0.3808
5546.0000 282 107 0.3794
5564.0000 283 107 0.3781
5584.0000 284 107 0.3768
5589.1000 284 108 0.3803
5607.0000 285 108 0.3789
5625.0000 286 108 0.3776
5643.0000 287 108 0.3763
5665.0000 288 108 0.3750
5685.0000 289 108 0.3737
5688.2000 289 109 0.3772
5704.0000 290 109 0.3759
5724.0000 291 109 0.3746
5745.0000 292 109 0.3733
5760.0000 293 109 0.3720
5771.8000 293 110 0.3754
5784.0000 294 110 0.3741
5805.0000 295 110 0.3729
5822.0000 296 110 0.3716
5841.0000 297 110 0.3704
5859.0000 298 110 0.3691
5860.0000 298 111 0.3725
5874.0000 299 111 0.3712
5885.4000 299 112 0.3746
5893.0000 300 112 0.3733
5901.3000 300 113 0.3767
5914.0000 301 113 0.3754
5932.0000 302 113 0.3742
5934.1000 302 114 0.3775
5938.9000 302 115 0.3808
5953.0000 303 115 0.3795
5969.5000 303 116 0.3828
5971.0000 304 116 0.3816
5986.0000 305 116 0.3803
5996.3000 305 117 0.3836
6003.8000 305 118 0.3869
6008.0000 306 118 0.3856
6024.0000 307 118 0.3844
6041.0000 308 118 0.3831
6041.3000 308 119 0.3864
6055.7000 308 120 0.3896
6063.0000 309 120 0.3883
6076.5000 309 121 0.3916
6082.5000 309 122 0.3948
6087.0000 310 122 0.3935
6105.0000 311 122 0.3923
6112.1000 311 123 0.3955
6124.0000 312 123 0.3942
6145.0000 313 123 0.3930
6166.0000 314 123 0.3917
6182.0000 315 123 0.3905
6201.0000 316 123 0.3892
6216.0000 317 123 0.3880
6231.0000 318 123 0.3868
6248.0000 319 123 0.3856
6261.7000 319 124 0.3887
6267.0000 320 124 0.3875
6285.7000 320 125 0.3906
6289.0000 321 125 0.3894
6308.0000 322 125 0.3882
6332.0000 323 125 0.3870
6337.7000 323 126 0.3901
6355.0000 324 126 0.3889
6372.0000 325 126 0.3877
6393.0000 326 126 0.3865
6417.0000 327 126 0.3853
6431.8000 327 127 0.3884
6436.4000 327 128 0.3914
6441.0000 328 128 0.3902
6464.6000 328 129 0.3933
6465.0000 329 129 0.3921
6467.3000 329 130 0.3951
6474.5000 329 131 0.3982
6486.0000 330 131 0.3970
6502.0000 331 131 0.3958
6518.0000 332 131 0.3946
6536.0000 333 131 0.3934
6552.5000 333 132 0.3964
6555.0000 334 132 0.3952
6572.0000 335 132 0.3940
6591.0000 336 132 0.3929
6608.0000 337 132 0.3917
6631.0000 338 132 0.3905
6646.0000 339 132 0.3894
6665.0000 340 132 0.3882
6684.0000 341 132 0.3871
6696.4000 341 133 0.3900
6708.0000 342 133 0.3889
6725.0000 343 133 0.3878
6745.0000 344 133 0.3866
6760.0000 345 133 0.3855
6779.1000 345 134 0.3884
6781.0000 346 134 0.3873
6795.1000 346 135 0.3902
6800.0000 347 135 0.3890
6816.0000 348 135 0.3879
6839.0000 349 135 0.3868
6854.0000 350 135 0.3857
6874.0000 351 135 0.3846
6889.0000 352 135 0.3835
6893.6000 352 136 0.3864
6897.1000 352 137 0.3892
6900.4000 352 138 0.3920
6909.0000 353 138 0.3909
6930.0000 354 138 0.3898
6940.2000 354 139 0.3927
6951.0000 355 139 0.3915
6971.0000 356 139 0.3904
6975.7000 356 140 0.3933
6978.5000 356 141 0.3961
6995.0000 357 141 0.3950
7008.2000 357 142 0.3978
7010.0000 358 142 0.3966
7029.0000 359 142 0.3955
7042.8000 359 143 0.3983
7048.0000 360 143 0.3972
7054.7000 360 144 0.4000
7071.0000 361 144 0.3989
7092.0000 361 145 0.4017
7093.0000 362 145 0.4006
7093.3000 362 146 0.4033
7093.3000 362 147 0.4061
7108.0000 363 147 0.4050
7130.0000 364 147 0.4038
7147.0000 365 147 0.4027
7163.0000 366 147 0.4016
7176.4000 366 148 0.4044
7180.0000 367 148 0.4033
7181.2000 367 149 0.4060
7183.9000 367 150 0.4087
7189.3000 367 151 0.4114
7197.0000 368 151 0.4103
7221.0000 369 151 0.4092
7240.0000 370 151 0.4081
7255.0000 371 151 0.4070
7261.4000 371 152 0.4097
7272.0000 372 152 0.4086
7290.8000 372 153 0.4113
7296.0000 373 153 0.4102
7304.4000 373 154 0.4129
7319.0000 374 154 0.4118
7333.2000 374 155 0.4144
7335.0000 375 155 0.4133
7353.3000 375 156 0.4160
7358.0000 376 156 0.4149
7378.0000 377 156 0.4138
7394.0000 378 156 0.4127
7411.0000 379 156 0.4116
7430.1000 379 157 0.4142
7435.0000 380 157 0.4132
7459.0000 381 157 0.4121
7472.0000 381 158 0.4147
7472.9000 381 159 0.4173
7480.0000 382 159 0.4162
7498.0000 383 159 0.4151
7498.8000 383 160 0.4178
7514.0000 384 160 0.4167
7536.0000 385 160 0.4156
7559.0000 386 160 0.4145
7574.0000 387 160 0.4134
7589.7000 387 161 0.4160
7595.0000 388 161 0.4149
7613.0000 389 161 0.4139
7620.7000 389 162 0.4165
7632.0000 390 162 0.4154
7656.0000 391 162 0.4143
7673.0000 392 162 0.4133
7680.8000 392 163 0.4158
7696.0000 393 163 0.4148
7713.0000 394 163 0.4137
7730.0000 395 163 0.4127
7745.0000 396 163 0.4116
7749.3000 396 164 0.4141
7762.0000 397 164 0.4131
7784.0000 398 164 0.4121
7793.6000 398 165 0.4146
7804.0000 399 165 0.4135
7818.9000 399 166 0.4160
7822.0000 400 166 0.4150
7823.5000 400 167 0.4175
7840.0000 401 167 0.4165
7858.0000 402 167 0.4154
7874.0000 403 167 0.4144
7876.9000 403 168 0.4169
7891.0000 403 169 0.4194
7895.0000 404 169 0.4183
7914.0000 405 169 0.4173
7929.8000 405 170 0.4198
7931.0000 406 170 0.4187
7948.0000 407 170 0.4177
7960.8000 407 171 0.4201
7972.0000 408 171 0.4191
7973.5000 408 172 0.4216
7986.9000 408 173 0.4240
7987.0000 409 173 0.4230
7992.4000 409 174 0.4254
8002.0000 410 174 0.4244
8024.0000 411 174 0.4234
8040.0000 412 174 0.4223
8041.7000 412 175 0.4248
8059.0000 413 175 0.4237
8082.0000 414 175 0.4227
8083.0000 414 176 0.4251
8099.0000 415 176 0.4241
8116.0000 416 176 0.4231
8137.0000 417 176 0.4221
8158.0000 418 176 0.4211
8173.0000 419 176 0.4200
8181.5000 419 177 0.4224
8190.0000 420 177 0.4214
8205.0000 421 177 0.4204
8205.7000 421 178 0.4228
8227.0000 422 178 0.4218
8233.7000 422 179 0.4242
8237.1000 422 180 0.4265
8251.0000 423 180 0.4255
8270.0000 423 181 0.4279
8274.6000 423 182 0.4303
8275.0000 424 182 0.4292
8285.6000 424 183 0.4316
8297.0000 425 183 0.4306
8317.0000 426 183 0.4296
8336.0000 427 183 0.4286
8344.9000 427 184 0.4309
8359.0000 428 184 0.4299
8375.0000 429 184 0.4289
8396.0000 430 184 0.4279
8414.0000 431 184 0.4269
8432.5000 431 185 0.4292
8437.0000 432 185 0.4282
8453.0000 433 185 0.4273
8468.0000 434 185 0.4263
8492.0000 435 185 0.4253
8495.9000 435 186 0.4276
8510.0000 436 186 0.4266
8525.0000 437 186 0.4256
8544.0000 438 186 0.4247
8552.4000 438 187 0.4269
8556.0000 438 188 0.4292
8566.0000 439 188 0.4282
8578.2000 439 189 0.4305
8586.0000 440 189 0.4295
8591.3000 440 190 0.4318
8609.0000 441 190 0.4308
8625.0000 442 190 0.4299
8641.0000 442 191 0.4321
8641.6000 442 192 0.4344
8644.0000 443 192 0.4334
8652.6000 443 193 0.4357
8663.0000 444 193 0.4347
8663.0000 444 194 0.4369
8681.0000 445 194 0.4360
8697.0000 446 194 0.4350
8699.7000 446 195 0.4372
8719.0000 447 195 0.4362
8725.4000 447 196 0.4385
8737.7000 447 197 0.4407
8743.0000 448 197 0.4397
8767.0000 449 197 0.4388
8778.0000 449 198 0.4410
8784.0000 450 198 0.4400
8800.0000 451 198 0.4390
8823.0000 452 198 0.4381
8824.9000 452 199 0.4403
8825.6000 452 200 0.4425
8839.0000 453 200 0.4415
8849.0000 453 201 0.4437
8854.0000 454 201 0.4427
8869.0000 455 201 0.4418
8873.3000 455 202 0.4440
8888.6000 455 203 0.4462
8892.0000 456 203 0.4452
8911.0000 457 203 0.4442
8929.0000 458 203 0.4432
8944.0000 459 203 0.4423
8955.3000 459 204 0.4444
8961.0000 460 204 0.4435
8979.0000 461 204 0.4425
8997.0000 462 204 0.4416
9011.3000 462 205 0.4437
9013.0000 463 205 0.4428
9035.0000 464 205 0.4418
9058.0000 465 205 0.4409
9065.9000 465 206 0.4430
9073.0000 466 206 0.4421
9095.0000 467 206 0.4411
9119.0000 468 206 0.4402
9129.7000 468 207 0.4423
9130.0000 468 208 0.4444
9143.0000 469 208 0.4435
9162.0000 470 208 0.4426
9174.0000 470 209 0.4447
9174.1000 470 210 0.4468
9178.1000 470 211 0.4489
9186.0000 471 211 0.4480
9209.0000 472 211 0.4470
9219.5000 472 212 0.4492
9224.0000 473 212 0.4482
9245.0000 474 212 0.4473
9247.6000 474 213 0.4494
9264.0000 475 213 0.4484
9288.0000 476 213 0.4475
9304.2000 476 214 0.4496
9306.5000 476 215 0.4517
9310.0000 477 215 0.4507
9318.0000 477 216 0.4528
9326.0000 478 216 0.4519
9341.0000 479 216 0.4509
9365.0000 480 216 0.4500
9387.0000 481 216 0.4491
9392.3000 481 217 0.4511
9403.0000 482 217 0.4502
9426.0000 483 217 0.4493
9444.0000 484 217 0.4483
9448.9000 484 218 0.4504
9455.8000 484 219 0.4525
9465.4000 484 220 0.4545
9468.0000 485 220 0.4536
9485.0000 486 220 0.4527
9503.0000 487 220 0.4517
9527.0000 488 220 0.4508
9533.2000 488 221 0.4529
9537.9000 488 222 0.4549
9550.0000 489 222 0.4540
9573.0000 490 222 0.4531
9591.0000 491 222 0.4521
9614.0000 492 222 0.4512
9632.0000 493 222 0.4503
9653.0000 494 222 0.4494
9669.5000 494 223 0.4514
9676.0000 495 223 0.4505
9693.0000 496 223 0.4496
9715.0000 497 223 0.4487
9736.0000 498 223 0.4478
9738.5000 498 224 0.4498
9750.0000 498 225 0.4518
9752.0000 499 225 0.4509
9756.6000 499 226 0.4529
9771.6000 499 227 0.4549
9776.0000 500 227 0.4540
9791.4000 500 228 0.4560
9793.4000 500 229 0.4580
9799.0000 501 229 0.4571
9804.9000 501 230 0.4591
9821.0000 502 230 0.4582
9837.0000 503 230 0.4573
9861.0000 504 230 0.4563
9879.0000 505 230 0.4554
9894.0000 506 230 0.4545
9906.5000 506 231 0.4565
9906.9000 506 232 0.4585
9908.1000 506 233 0.4605
9909.0000 507 233 0.4596
9920.9000 507 234 0.4615
9927.0000 508 234 0.4606
9946.0000 509 234 0.4597
9969.0000 510 234 0.4588
9988.0000 511 234 0.4579
10007.0000 512 234 0.4570
10013.2000 512 235 0.4590
10024.0000 513 235 0.4581
10026.8000 513 236 0.4600
10044.0000 514 236 0.4591
10067.0000 515 236 0.4583
10087.0000 516 236 0.4574
10111.0000 517 236 0.4565
10111.0000 517 237 0.4584
10114.2000 517 238 0.4603
10123.9000 517 239 0.4623
10132.0000 518 239 0.4614
10154.0000 519 239 0.4605
10177.0000 520 239 0.4596
10184.3000 520 240 0.4615
10194.0000 521 240 0.4607
10216.0000 522 240 0.4598
10235.0000 523 240 0.4589
10257.0000 524 240 0.4580
10281.0000 525 240 0.4571
10300.0000 526 240 0.4563
10303.2000 526 241 0.4582
10320.0000 527 241 0.4573
10343.0000 528 241 0.4564
10366.0000 529 241 0.4556
10382.0000 530 241 0.4547
10402.0000 531 241 0.4539
10402.1000 531 242 0.4557
10423.0000 532 242 0.4549
10424.8000 532 243 0.4568
10441.0000 533 243 0.4559
10443.4000 533 244 0.4578
10448.8000 533 245 0.4597
10449.3000 533 246 0.4615
10461.0000 534 246 0.4607
10480.0000 535 246 0.4598
10497.0000 536 246 0.4590
10518.0000 537 246 0.4581
10525.5000 537 247 0.4600
10530.5000 537 248 0.4618
10536.0000 537 249 0.4637
10537.0000 538 249 0.4628
10552.3000 538 250 0.4647
10554.1000 538 251 0.4665
10555.0000 539 251 0.4657
10571.0000 540 251 0.4648
10591.0000 541 251 0.4640
10615.0000 542 251 0.4631
10624.4000 542 252 0.4649
10637.0000 543 252 0.4641
10641.0000 543 253 0.4659
10644.4000 543 254 0.4678
10645.7000 543 255 0.4696
10657.0000 544 255 0.4688
10681.0000 545 255 0.4679
10703.0000 546 255 0.4670
10715.5000 546 256 0.4689
10726.0000 547 256 0.4680
10748.0000 548 256 0.4672
10768.0000 549 256 0.4663
10781.7000 549 257 0.4681
10788.0000 550 257 0.4673
10800.7000 550 258 0.4691
10808.0000 551 258 0.4682
10823.0000 552 258 0.4674
10842.0000 553 258 0.4665
10866.0000 554 258 0.4657
10875.3000 554 259 0.4675
10883.3000 554 260 0.4693
10883.9000 554 261 0.4711
10885.0000 555 261 0.4703
10907.0000 556 261 0.4694
10925.0000 557 261 0.4686
10942.0000 558 261 0.4677
10966.0000 559 261 0.4669
10968.7000 559 262 0.4687
10983.0000 560 262 0.4679
11006.0000 561 262 0.4670
11007.8000 561 263 0.4688
11019.4000 561 264 0.4706
11023.0000 562 264 0.4698
11040.6000 562 265 0.4715
11046.0000 563 265 0.4707
11068.0000 564 265 0.4699
11084.0000 565 265 0.4690
11102.0000 566 265 0.4682
11104.0000 566 266 0.4700
11120.0000 567 266 0.4691
11137.9000 567 267 0.4709
11143.0000 568 267 0.4701
11166.0000 569 267 0.4692
11170.9000 569 268 0.4710
11171.9000 569 269 0.4728
11174.4000 569 270 0.4745
11182.0000 570 270 0.4737
11184.7000 570 271 0.4754
11191.1000 570 272 0.4772
11201.0000 571 272 0.4764
11208.7000 571 273 0.4781
11218.0000 572 273 0.4773
11220.6000 572 274 0.4790
11238.0000 573 274 0.4782
11250.8000 573 275 0.4799
11260.0000 574 275 0.4791
11270.7000 574 276 0.4808
11280.0000 575 276 0.4800
11298.0000 576 276 0.4792
11319.0000 577 276 0.4783
11321.8000 577 277 0.4801
11343.0000 578 277 0.4792
11355.3000 578 278 0.4810
11363.0000 579 278 0.4801
11365.9000 579 279 0.4819
11381.0000 580 279 0.4810
11392.0000 580 280 0.4828
11396.5000 580 281 0.4845
11405.0000 581 281 0.4836
11424.0000 582 281 0.4828
11432.4000 582 282 0.4845
11443.0000 583 282 0.4837
11450.2000 583 283 0.4854
11467.0000 584 283 0.4846
11470.6000 584 284 0.4863
11491.0000 585 284 0.4855
11511.0000 586 284 0.4846
11529.0000 587 284 0.4838
11540.0000 587 285 0.4855
11547.0000 588 285 0.4847
11562.9000 588 286 0.4864
11566.0000 589 286 0.4856
11575.9000 589 287 0.4873
11586.0000 590 287 0.4864
11610.0000 591 287 0.4856
11611.8000 591 288 0.4873
11626.0000 592 288 0.4865
11631.6000 592 289 0.4882
11640.2000 592 290 0.4899
11650.0000 593 290 0.4890
11665.0000 594 290 0.4882
11680.0000 595 290 0.4874
11686.3000 595 291 0.4891
11688.6000 595 292 0.4908
11696.0000 596 292 0.4899
11711.0000 597 292 0.4891
11730.4000 597 293 0.4908
11731.0000 598 293 0.4900
11746.8000 598 294 0.4916
11755.0000 599 294 0.4908
11769.1000 599 295 0.4925
11771.0000 600 295 0.4917
11781.7000 600 296 0.4933
11790.0000 601 296 0.4925
11805.5000 601 297 0.4942
11809.0000 602 297 0.4934
11811.1000 602 298 0.4950
11827.0000 603 298 0.4942
11830.8000 603 299 0.4959
11837.6000 603 300 0.4975
11851.0000 604 300 0.4967
11867.0000 605 300 0.4959
11885.0000 606 300 0.4950
11907.0000 607 300 0.4942
11929.0000 608 300 0.4934
11937.7000 608 301 0.4951
11948.0000 609 301 0.4943
11959.7000 609 302 0.4959
11971.0000 610 302 0.4951
11988.9000 610 303 0.4967
11995.0000 611 303 0.4959
12012.0000 612 303 0.4951
12033.0000 613 303 0.4943
12048.0000 614 303 0.4935
12070.0000 615 303 0.4927
12073.0000 615 304 0.4943
12074.5000 615 305 0.4959
12088.0000 616 305 0.4951
12104.0000 617 305 0.4943
12124.0000 618 305 0.4935
12126.1000 618 306 0.4951
12145.0000 619 306 0.4943
12153.5000 619 307 0.4960
12165.0000 620 307 0.4952
12189.0000 621 307 0.4944
12198.5000 621 308 0.4960
12209.0000 622 308 0.4952
12216.6000 622 309 0.4968
12218.2000 622 310 0.4984
12226.0000 623 310 0.4976
12249.0000 624 310 0.4968
12262.9000 624 311 0.4984
12270.0000 625 311 0.4976
12286.7000 625 312 0.4992
12287.0000 626 312 0.4984
12305.0000 627 312 0.4976
12323.0000 628 312 0.4968
12330.6000 628 313 0.4984
12339.0000 629 313 0.4976
12358.0000 630 313 0.4968
12361.0000 630 314 0.4984
12377.0000 631 314 0.4976
12399.0000 632 314 0.4968
12421.0000 633 314 0.4961
12444.0000 634 314 0.4953
12462.0000 634 315 0.4968
12463.0000 635 315 0.4961
12474.8000 635 316 0.4976
12479.0000 636 316 0.4969
12497.0000 637 316 0.4961
12506.2000 637 317 0.4976
12518.0000 638 317 0.4969
12536.2000 638 318 0.4984
12538.0000 639 318 0.4977
12556.0000 640 318 0.4969
12575.0000 641 318 0.4961
12588.6000 641 319 0.4977
12596.0000 642 319 0.4969
12611.0000 643 319 0.4961
12615.0000 643 320 0.4977
12635.0000 644 320 0.4969
12642.9000 644 321 0.4984
12655.0000 645 321 0.4977
12669.4000 645 322 0.4992
12672.0000 646 322 0.4985
12689.5000 646 323 0.5000
12691.0000 647 323 0.4992
12713.0000 648 323 0.4985
12726.0000 648 324 0.5000
12727.4000 648 325 0.5015
12730.7000 648 326 0.5031
12733.3000 648 327 0.5046
12737.0000 649 327 0.5039
12761.0000 650 327 0.5031
12781.0000 651 327 0.5023
12784.8000 651 328 0.5038
12798.0000 652 328 0.5031
12808.1000 652 329 0.5046
12818.0000 653 329 0.5038
12830.3000 653 330 0.5054
12836.3000 653 331 0.5069
12839.0000 654 331 0.5061
12841.6000 654 332 0.5076
12863.0000 655 332 0.5069
12884.0000 656 332 0.5061
12901.0000 657 332 0.5053
12919.0000 658 332 0.5046
12936.0000 659 332 0.5038
12954.0000 660 332 0.5030
12971.0000 661 332 0.5023
12986.0000 662 332 0.5015
12993.7000 662 333 0.5030
13009.0000 663 333 0.5023
13029.0000 664 333 0.5015
13048.0000 665 333 0.5008
13069.0000 666 333 0.5000
13080.5000 666 334 0.5015
13090.0000 667 334 0.5007
13112.0000 668 334 0.5000
13133.2000 668 335 0.5015
13133.9000 668 336 0.5030
13135.0000 669 336 0.5022
13146.6000 669 337 0.5037
13148.9000 669 338 0.5052
13157.0000 670 338 0.5045
13175.0000 671 338 0.5037
13182.3000 671 339 0.5052
13198.0000 672 339 0.5045
13203.7000 672 340 0.5060
13222.0000 673 340 0.5052
13235.4000 673 341 0.5067
13237.0000 674 341 0.5059
13258.8000 674 342 0.5074
13261.0000 675 342 0.5067
13262.9000 675 343 0.5081
13279.0000 676 343 0.5074
13288.8000 676 344 0.5089
13303.0000 677 344 0.5081
13327.0000 678 344 0.5074
13344.0000 679 344 0.5066
13362.7000 679 345 0.5081
13367.0000 680 345 0.5074
13380.6000 680 346 0.5088
13385.0000 681 346 0.5081
13385.2000 681 347 0.5095
13400.0000 682 347 0.5088
13404.6000 682 348 0.5103
13422.0000 683 348 0.5095
13439.0000 684 348 0.5088
13463.0000 685 348 0.5080
13485.0000 686 348 0.5073
13501.0000 687 348 0.5066
13522.0000 688 348 0.5058
13543.0000 689 348 0.5051
13558.0000 690 348 0.5043
13578.0000 691 348 0.5036
13597.0000 692 348 0.5029
13601.2000 692 349 0.5043
13605.2000 692 350 0.5058
13612.0000 693 350 0.5051
13613.2000 693 351 0.5065
13622.2000 693 352 0.5079
13633.0000 694 352 0.5072
13654.0000 695 352 0.5065
13674.0000 696 352 0.5057
13689.0000 697 352 0.5050
13701.7000 697 353 0.5065
13705.5000 697 354 0.5079
13713.0000 698 354 0.5072
13733.0000 699 354 0.5064
13750.0000 700 354 0.5057
13770.6000 700 355 0.5071
13771.0000 701 355 0.5064
13787.0000 702 355 0.5057
13808.0000 703 355 0.5050
13812.8000 703 356 0.5064
13831.0000 704 356 0.5057
13836.3000 704 357 0.5071
13853.0000 705 357 0.5064
13874.0000 706 357 0.5057
13894.0000 707 357 0.5050
13915.0000 708 357 0.5042
13930.0000 708 358 0.5056
13937.0000 709 358 0.5049
13952.0000 710 358 0.5042
13976.0000 711 358 0.5035
13985.2000 711 359 0.5049
13994.0000 712 359 0.5042
14007.7000 712 360 0.5056
14011.0000 713 360 0.5049
14032.0000 714 360 0.5042
14056.0000 715 360 0.5035
14065.7000 715 361 0.5049
14071.0000 715 362 0.5063
14077.0000 716 362 0.5056
14084.0000 716 363 0.5070
14092.0000 717 363 0.5063
14107.0000 718 363 0.5056
14108.3000 718 364 0.5070
14123.0000 719 364 0.5063
14147.0000 720 364 0.5056
14157.8000 720 365 0.5069
14167.0000 721 365 0.5062
14186.0000 722 365 0.5055
14204.0000 723 365 0.5048
14220.8000 723 366 0.5062
14225.0000 724 366 0.5055
14231.4000 724 367 0.5069
14245.0000 725 367 0.5062
14267.0000 726 367 0.5055
14283.7000 726 368 0.5069
14286.0000 727 368 0.5062
14304.0000 728 368 0.5055
14313.1000 728 369 0.5069
14313.7000 728 370 0.5082
14323.0000 729 370 0.5075
14343.0000 730 370 0.5068
14363.0000 731 370 0.5062
14366.0000 731 371 0.5075
14379.1000 731 372 0.5089
14385.0000 732 372 0.5082
14404.0000 733 372 0.5075
14420.0000 734 372 0.5068
14422.2000 734 373 0.5082
14433.2000 734 374 0.5095
14441.0000 735 374 0.5088
14456.0000 736 374 0.5082
14466.4000 736 375 0.5095
14475.0000 737 375 0.5088
14478.4000 737 376 0.5102
14499.0000 738 376 0.5095
14523.0000 739 376 0.5088
14534.8000 739 377 0.5101
14544.0000 740 377 0.5095
14568.0000 741 377 0.5088
14569.4000 741 378 0.5101
14588.0000 742 378 0.5094
14601.7000 742 379 0.5108
14603.0000 743 379 0.5101
14618.0000 744 379 0.5094
14630.7000 744 380 0.5108
14639.0000 745 380 0.5101
14655.0000 746 380 0.5094
14676.0000 747 380 0.5087
14696.0000 748 380 0.5080
14718.0000 749 380 0.5073
14733.2000 749 381 0.5087
14736.0000 750 381 0.5080
14746.0000 750 382 0.5093
14756.0000 751 382 0.5087
14773.0000 752 382 0.5080
14790.0000 753 382 0.5073
14809.0000 754 382 0.5066
14831.0000 755 382 0.5060
14848.0000 756 382 0.5053
14855.8000 756 383 0.5066
14867.0000 757 383 0.5059
14889.0000 758 383 0.5053
14905.0000 759 383 0.5046
14910.5000 759 384 0.5059
14915.3000 759 385 0.5072
14916.9000 759 386 0.5086
14927.0000 760 386 0.5079
14942.0000 761 386 0.5072
14961.0000 762 386 0.5066
14975.8000 762 387 0.5079
14984.0000 763 387 0.5072
14999.0000 764 387 0.5065
15001.4000 764 388 0.5079
15021.0000 765 388 0.5072
15041.0000 766 388 0.5065
15058.0000 767 388 0.5059
15074.0000 768 388 0.5052
15093.0000 769 388 0.5046
15114.0000 770 388 0.5039
15132.0000 771 388 0.5032
15149.0000 772 388 0.5026
15172.0000 773 388 0.5019
15182.7000 773 389 0.5032
15190.0000 774 389 0.5026
15212.0000 775 389 0.5019
15235.0000 776 389 0.5013
15256.0000 777 389 0.5006
15280.0000 778 389 0.5000
15288.6000 778 390 0.5013
15290.8000 778 391 0.5026
15297.0000 779 391 0.5019
15300.2000 779 392 0.5032
15318.0000 780 392 0.5026
15336.0000 781 392 0.5019
15360.0000 782 392 0.5013
15381.0000 783 392 0.5006
15388.5000 783 393 0.5019
15389.1000 783 394 0.5032
15399.0000 784 394 0.5026
15406.3000 784 395 0.5038
15419.0000 785 395 0.5032
15439.2000 785 396 0.5045
15441.0000 786 396 0.5038
15460.0000 786 397 0.5051
15465.0000 787 397 0.5044
15482.0000 788 397 0.5038
15504.0000 789 397 0.5032
15517.2000 789 398 0.5044
15526.0000 790 398 0.5038
15538.7000 790 399 0.5051
15547.0000 791 399 0.5044
15569.0000 792 399 0.5038
15583.0000 792 400 0.5051
15591.0000 793 400 0.5044
15615.0000 794 400 0.5038
15632.0000 795 400 0.5031
15640.2000 795 401 0.5044
15651.0000 796 401 0.5038
15666.0000 797 401 0.5031
15684.0000 798 401 0.5025
15708.0000 799 401 0.5019
15724.0000 800 401 0.5013
15746.0000 801 401 0.5006
15764.0000 802 401 0.5000
15780.2000 802 402 0.5012
15782.0000 803 402 0.5006
15793.3000 803 403 0.5019
15799.0000 804 403 0.5012
15815.0000 805 403 0.5006
15838.0000 806 403 0.5000
15854.0000 807 403 0.4994
15873.0000 808 403 0.4988
15880.0000 808 404 0.5000
15894.0000 809 404 0.4994
15909.0000 810 404 0.4988
15927.0000 811 404 0.4982
15948.0000 812 404 0.4975
15953.1000 812 405 0.4988
15967.0000 813 405 0.4982
15981.4000 813 406 0.4994
15990.0000 814 406 0.4988
16004.6000 814 407 0.5000
16005.7000 814 408 0.5012
16010.0000 815 408 0.5006
16027.0000 816 408 0.5000
16039.8000 816 409 0.5012
16042.0000 817 409 0.5006
16061.0000 818 409 0.5000
16061.0000 818 410 0.5012
16080.0000 819 410 0.5006
16083.7000 819 411 0.5018
16104.0000 820 411 0.5012
16124.0000 821 411 0.5006
16139.0000 822 411 0.5000
16155.0000 823 411 0.4994
16175.0000 824 411 0.4988
16178.2000 824 412 0.5000
16196.0000 825 412 0.4994
16212.0000 826 412 0.4988
16220.0000 826 413 0.5000
16230.0000 827 413 0.4994
16245.0000 828 413 0.4988
16261.0000 829 413 0.4982
16281.0000 830 413 0.4976
16295.8000 830 414 0.4988
16301.0000 831 414 0.4982
16322.0000 832 414 0.4976
16338.0000 833 414 0.4970
16344.3000 833 415 0.4982
16357.0000 834 415 0.4976
16379.6000 834 416 0.4988
16380.0000 835 416 0.4982
16388.1000 835 417 0.4994
16399.0000 836 417 0.4988
16411.1000 836 418 0.5000
16416.0000 837 418 0.4994
16433.0000 838 418 0.4988
16455.0000 839 418 0.4982
16458.3000 839 419 0.4994
16463.3000 839 420 0.5006
16479.0000 840 420 0.5000
16503.0000 841 420 0.4994
16520.1000 841 421 0.5006
16522.9000 841 422 0.5018
16526.0000 842 422 0.5012
16547.0000 843 422 0.5006
16568.0000 844 422 0.5000
16588.8000 844 423 0.5012
16588.9000 844 424 0.5024
16589.0000 845 424 0.5018
16604.9000 845 425 0.5030
16610.0000 846 425 0.5024
16628.0000 847 425 0.5018
16629.7000 847 426 0.5030
16646.0000 848 426 0.5024
16662.0000 849 426 0.5018
16682.0000 850 426 0.5012
16699.0000 851 426 0.5006
16721.7000 851 427 0.5018
16723.0000 852 427 0.5012
16745.0000 853 427 0.5006
16760.0000 854 427 0.5000
16783.0000 855 427 0.4994
16800.0000 856 427 0.4988
16818.0000 857 427 0.4982
16835.0000 858 427 0.4977
16849.4000 858 428 0.4988
16852.1000 858 429 0.5000
16858.0000 859 429 0.4994
16881.0000 860 429 0.4988
16901.0000 861 429 0.4983
16917.0000 862 429 0.4977
16932.4000 862 430 0.4988
16935.0000 863 430 0.4983
16959.0000 864 430 0.4977
16964.1000 864 431 0.4988
16980.0000 865 431 0.4983
16997.0000 866 431 0.4977
17001.1000 866 432 0.4988
17021.0000 867 432 0.4983
17036.3000 867 433 0.4994
17037.9000 867 434 0.5006
17040.0000 868 434 0.5000
17063.0000 869 434 0.4994
17082.0000 870 434 0.4989
17098.8000 870 435 0.5000
17105.0000 871 435 0.4994
17126.0000 872 435 0.4989
17135.1000 872 436 0.5000
17143.0000 873 436 0.4994
17162.0000 874 436 0.4989
17178.0000 874 437 0.5000
17181.0000 875 437 0.4994
17181.2000 875 438 0.5006
17202.0000 876 438 0.5000
17225.0000 877 438 0.4994
17240.0000 878 438 0.4989
17259.0000 879 438 0.4983
17278.0000 880 438 0.4977
17280.6000 880 439 0.4989
17299.0000 881 439 0.4983
17318.0000 882 439 0.4977
17330.9000 882 440 0.4989
17336.0000 883 440 0.4983
17350.6000 883 441 0.4994
17353.0000 884 441 0.4989
17357.6000 884 442 0.5000
17370.0000 885 442 0.4994
17371.3000 885 443 0.5006
17394.0000 886 443 0.5000
17394.2000 886 444 0.5011
17416.0000 887 444 0.5006
17439.0000 888 444 0.5000
17454.0000 889 444 0.4994
17457.9000 889 445 0.5006
17469.2000 889 446 0.5017
17477.0000 890 446 0.5011
17495.4000 890 447 0.5022
17497.0000 891 447 0.5017
17515.0000 892 447 0.5011
17535.0000 893 447 0.5006
17558.0000 894 447 0.5000
17574.0000 895 447 0.4994
17580.1000 895 448 0.5006
17582.7000 895 449 0.5017
17598.0000 896 449 0.5011
17619.0000 897 449 0.5006
17637.6000 897 450 0.5017
17639.0000 898 450 0.5011
17654.0000 899 450 0.5006
17672.0000 900 450 0.5000
17690.0000 901 450 0.4994
17710.0000 902 450 0.4989
17734.0000 903 450 0.4983
17751.0000 904 450 0.4978
17774.0000 905 450 0.4972
17793.0000 906 450 0.4967
17808.0000 907 450 0.4961
17816.2000 907 451 0.4972
17826.0000 908 451 0.4967
17833.8000 908 452 0.4978
17840.8000 908 453 0.4989
17846.0000 909 453 0.4983
17864.0000 910 453 0.4978
17868.5000 910 454 0.4989
17884.0000 911 454 0.4984
17899.0000 912 454 0.4978
17916.1000 912 455 0.4989
17917.0000 913 455 0.4984
17936.0000 914 455 0.4978
17941.6000 914 456 0.4989
17943.3000 914 457 0.5000
17944.5000 914 458 0.5011
17958.0000 915 458 0.5005
17959.2000 915 459 0.5016
17971.8000 915 460 0.5027
17973.7000 915 461 0.5038
17976.0000 916 461 0.5033
17976.3000 916 462 0.5044
18000.0000 917 462 0.5038
18021.0000 918 462 0.5033
18040.0000 919 462 0.5027
18057.4000 919 463 0.5038
18059.0000 920 463 0.5033
18077.0000 921 463 0.5027
18077.5000 921 464 0.5038
18092.0000 922 464 0.5033
18104.0000 922 465 0.5043
18112.1000 922 466 0.5054
18113.0000 923 466 0.5049
18132.0000 924 466 0.5043
18151.7000 924 467 0.5054
18155.0000 925 467 0.5049
18171.6000 925 468 0.5059
18177.0000 926 468 0.5054
18192.0000 927 468 0.5049
18208.0000 927 469 0.5059
18214.0000 928 469 0.5054
18221.6000 928 470 0.5065
18226.3000 928 471 0.5075
18236.0000 929 471 0.5070
18259.0000 930 471 0.5065
18275.0000 931 471 0.5059
18298.0000 932 471 0.5054
18309.2000 932 472 0.5064
18321.0000 933 472 0.5059
18340.0000 934 472 0.5054
18353.1000 934 473 0.5064
18364.0000 935 473 0.5059
18374.5000 935 474 0.5070
18383.0000 936 474 0.5064
18398.5000 936 475 0.5075
18402.0000 937 475 0.5069
18425.0000 938 475 0.5064
18449.0000 939 475 0.5059
18460.6000 939 476 0.5069
18461.9000 939 477 0.5080
18462.0000 939 478 0.5091
18470.1000 939 479 0.5101
18473.0000 940 479 0.5096
18488.0000 941 479 0.5090
18490.6000 941 480 0.5101
18507.2000 941 481 0.5112
18512.0000 942 481 0.5106
18534.0000 943 481 0.5101
18534.2000 943 482 0.5111
18549.0000 944 482 0.5106
18562.5000 944 483 0.5117
18570.0000 945 483 0.5111
18575.2000 945 484 0.5122
18590.0000 946 484 0.5116
18613.0000 947 484 0.5111
18632.0000 948 484 0.5105
18649.8000 948 485 0.5116
18650.3000 948 486 0.5127
18653.0000 949 486 0.5121
18677.0000 950 486 0.5116
18696.0000 951 486 0.5110
18715.0000 952 486 0.5105
18738.0000 953 486 0.5100
18753.0000 954 486 0.5094
18768.0000 955 486 0.5089
18784.0000 955 487 0.5099
18786.0000 956 487 0.5094
18797.1000 956 488 0.5105
18809.0000 957 488 0.5099
18828.0000 958 488 0.5094
18828.0000 958 489 0.5104
18842.5000 958 490 0.5115
18843.8000 958 491 0.5125
18845.0000 959 491 0.5120
18862.0000 960 491 0.5115
18884.0000 961 491 0.5109
18893.4000 961 492 0.5120
18894.5000 961 493 0.5130
18899.0000 962 493 0.5125
18922.0000 963 493 0.5119
18939.0000 964 493 0.5114
18954.2000 964 494 0.5124
18955.0000 964 495 0.5135
18956.0000 965 495 0.5130
18977.0000 966 495 0.5124
18993.0000 967 495 0.5119
19015.0000 968 495 0.5114
19037.0000 969 495 0.5108
19055.0000 970 495 0.5103
19072.0000 971 495 0.5098
19087.0000 972 495 0.5093
19095.1000 972 496 0.5103
19108.0000 973 496 0.5098
19129.0000 974 496 0.5092
19151.0000 975 496 0.5087
19161.8000 975 497 0.5097
19173.0000 976 497 0.5092
19192.0000 977 497 0.5087
19211.0000 978 497 0.5082
19231.0000 979 497 0.5077
19254.0000 980 497 0.5071
19277.0000 981 497 0.5066
19283.2000 981 498 0.5076
19297.4000 981 499 0.5087
19300.0000 981 500 0.5097
19301.0000 982 500 0.5092
19303.9000 982 501 0.5102
19308.1000 982 502 0.5112
19314.7000 982 503 0.5122
19316.0000 983 503 0.5117
19340.0000 984 503 0.5112
19355.0000 985 503 0.5107
19363.7000 985 504 0.5117
19373.0000 986 504 0.5112
19391.0000 987 504 0.5106
19406.0000 988 504 0.5101
19418.6000 988 505 0.5111
19423.0000 989 505 0.5106
19439.0000 990 505 0.5101
19455.0000 991 505 0.5096
19479.0000 992 505 0.5091
19497.0000 993 505 0.5086
19521.0000 994 505 0.5080
19530.6000 994 506 0.5091
19542.0000 995 506 0.5085
19565.0000 996 506 0.5080
19586.0000 997 506 0.5075
19601.0000 998 506 0.5070
19622.0000 999 506 0.5065
19623.5000 999 507 0.5075
19641.0000 1000 507 0.5070
19660.0000 1001 507 0.5065
19677.0000 1002 507 0.5060
19692.0000 1003 507 0.5055
19716.0000 1004 507 0.5050
19739.0000 1005 507 0.5045
19746.6000 1005 508 0.5055
19755.0000 1006 508 0.5050
19770.0000 1007 508 0.5045
19783.2000 1007 509 0.5055
19792.0000 1008 509 0.5050
19815.0000 1009 509 0.5045
19816.1000 1009 510 0.5055
19826.5000 1009 511 0.5064
19826.6000 1009 512 0.5074
19833.0000 1010 512 0.5069
19848.4000 1010 513 0.5079
19852.0000 1011 513 0.5074
19866.6000 1011 514 0.5084
19876.0000 1012 514 0.5079
19891.0000 1013 514 0.5074
19908.0000 1014 514 0.5069
19924.9000 1014 515 0.5079
19932.0000 1015 515 0.5074
19945.5000 1015 516 0.5084
19946.0000 1015 517 0.5094
19956.0000 1016 517 0.5089
19968.8000 1016 518 0.5098
19970.9000 1016 519 0.5108
19976.0000 1017 519 0.5103
19998.0000 1018 519 0.5098
20004.7000 1018 520 0.5108
20019.0000 1019 520 0.5103
20034.0000 1020 520 0.5098
20039.7000 1020 521 0.5108
20053.8000 1020 522 0.5118
20054.8000 1020 523 0.5127
20057.0000 1021 523 0.5122
20075.0000 1022 523 0.5117
20094.0000 1023 523 0.5112
20095.3000 1023 524 0.5122
20118.0000 1024 524 0.5117
20128.4000 1024 525 0.5127
20129.3000 1024 526 0.5137
20135.0000 1025 526 0.5132
20157.0000 1026 526 0.5127
20179.0000 1027 526 0.5122
20186.6000 1027 527 0.5131
20197.0000 1028 527 0.5126
20197.6000 1028 528 0.5136
20201.3000 1028 529 0.5146
20221.0000 1029 529 0.5141
20229.3000 1029 530 0.5151
20231.5000 1029 531 0.5160
20237.0000 1030 531 0.5155
20259.0000 1031 531 0.5150
20276.0000 1032 531 0.5145
20293.0000 1033 531 0.5140
20308.0000 1034 531 0.5135
20327.0000 1035 531 0.5130
20350.0000 1036 531 0.5125
20366.0000 1037 531 0.5121
20372.7000 1037 532 0.5130
20381.1000 1037 533 0.5140
20385.0000 1038 533 0.5135
20399.7000 1038 534 0.5145
20401.0000 1039 534 0.5140
20421.0000 1040 534 0.5135
20437.0000 1041 534 0.5130
20461.0000 1042 534 0.5125
20485.0000 1043 534 0.5120
20508.0000 1044 534 0.5115
20516.5000 1044 535 0.5125
20532.0000 1045 535 0.5120
20554.0000 1046 535 0.5115
20558.1000 1046 536 0.5124
20570.2000 1046 537 0.5134
20576.0000 1047 537 0.5129
20594.0000 1048 537 0.5124
20610.2000 1048 538 0.5134
20611.0000 1049 538 0.5129
20635.0000 1050 538 0.5124
20655.0000 1051 538 0.5119
20660.0000 1051 539 0.5128
20673.0000 1052 539 0.5124
20677.2000 1052 540 0.5133
20691.0000 1053 540 0.5128
20706.0000 1054 540 0.5123
20724.0000 1055 540 0.5118
20734.8000 1055 541 0.5128
20744.0000 1056 541 0.5123
20746.4000 1056 542 0.5133
20756.1000 1056 543 0.5142
20756.8000 1056 544 0.5152
20766.0000 1057 544 0.5147
20782.0000 1058 544 0.5142
20800.0000 1059 544 0.5137
20801.3000 1059 545 0.5146
20818.8000 1059 546 0.5156
20821.0000 1060 546 0.5151
20839.1000 1060 547 0.5160
20844.0000 1061 547 0.5156
20855.4000 1061 548 0.5165
20857.6000 1061 549 0.5174
20864.0000 1062 549 0.5169
20888.0000 1063 549 0.5165
20890.4000 1063 550 0.5174
20892.2000 1063 551 0.5183
20911.0000 1064 551 0.5179
20922.6000 1064 552 0.5188
20931.0000 1065 552 0.5183
20952.0000 1066 552 0.5178
20956.7000 1066 553 0.5188
20968.0000 1067 553 0.5183
20978.5000 1067 554 0.5192
20988.4000 1067 555 0.5201
20990.0000 1068 555 0.5197
21007.0000 1069 555 0.5192
21008.6000 1069 556 0.5201
21031.0000 1070 556 0.5196
21055.0000 1071 556 0.5191
21068.2000 1071 557 0.5201
21077.0000 1072 557 0.5196
21092.0000 1073 557 0.5191
21096.9000 1073 558 0.5200
21097.1000 1073 559 0.5210
21116.0000 1074 559 0.5205
21127.6000 1074 560 0.5214
21132.0000 1075 560 0.5209
21140.1000 1075 561 0.5219
21145.9000 1075 562 0.5228
21148.0000 1076 562 0.5223
21158.2000 1076 563 0.5232
21166.0000 1077 563 0.5227
21184.0000 1078 563 0.5223
21189.3000 1078 564 0.5232
21204.0000 1079 564 0.5227
21223.0000 1080 564 0.5222
21225.8000 1080 565 0.5231
21235.3000 1080 566 0.5241
21247.0000 1081 566 0.5236
21262.3000 1081 567 0.5245
21271.0000 1082 567 0.5240
21292.0000 1083 567 0.5235
21309.0000 1084 567 0.5231
21321.3000 1084 568 0.5240
21322.7000 1084 569 0.5249
21325.6000 1084 570 0.5258
21327.0000 1085 570 0.5253
21351.0000 1086 570 0.5249
21367.7000 1086 571 0.5258
21368.0000 1087 571 0.5253
21387.0000 1088 571 0.5248
21395.2000 1088 572 0.5257
21407.0000 1089 572 0.5253
21412.0000 1089 573 0.5262
21424.0000 1090 573 0.5257
21425.2000 1090 574 0.5266
21444.0000 1091 574 0.5261
21463.0000 1092 574 0.5256
21475.0000 1092 575 0.5266
21483.0000 1093 575 0.5261
21496.7000 1093 576 0.5270
21505.0000 1094 576 0.5265
21509.0000 1094 577 0.5274
21523.0000 1095 577 0.5269
21530.5000 1095 578 0.5279
21539.0000 1096 578 0.5274
21541.7000 1096 579 0.5283
21551.4000 1096 580 0.5292
21556.0000 1097 580 0.5287
21563.8000 1097 581 0.5296
21577.0000 1098 581 0.5291
21599.0000 1099 581 0.5287
21615.0000 1100 581 0.5282
21632.0000 1101 581 0.5277
21648.0000 1102 581 0.5272
21648.8000 1102 582 0.5281
21653.1000 1102 583 0.5290
21657.5000 1102 584 0.5299
21665.0000 1103 584 0.5295
21689.0000 1104 584 0.5290
21707.0000 1105 584 0.5285
21713.3000 1105 585 0.5294
21731.0000 1106 585 0.5289
21740.4000 1106 586 0.5298
21742.3000 1106 587 0.5307
21755.0000 1107 587 0.5303
21777.0000 1108 587 0.5298
21794.0000 1109 587 0.5293
21818.0000 1110 587 0.5288
21837.0000 1111 587 0.5284
21860.0000 1112 587 0.5279
21883.0000 1113 587 0.5274
21898.0000 1114 587 0.5269
21916.0000 1115 587 0.5265
21933.9000 1115 588 0.5274
21939.0000 1116 588 0.5269
21949.4000 1116 589 0.5278
21960.0000 1117 589 0.5273
21971.6000 1117 590 0.5282
21976.0000 1118 590 0.5277
21999.0000 1119 590 0.5273
22017.0000 1119 591 0.5282
22022.0000 1120 591 0.5277
22041.0000 1121 591 0.5272
22052.4000 1121 592 0.5281
22061.0000 1122 592 0.5276
22063.9000 1122 593 0.5285
22078.0000 1123 593 0.5280
22080.5000 1123 594 0.5289
22101.0000 1124 594 0.5285
22121.0000 1125 594 0.5280
22134.2000 1125 595 0.5289
22140.0000 1126 595 0.5284
22144.0000 1126 596 0.5293
22159.0000 1127 596 0.5288
22161.0000 1127 597 0.5297
22165.8000 1127 598 0.5306
22167.0000 1127 599 0.5315
22183.0000 1128 599 0.5310
22199.0000 1129 599 0.5306
22211.5000 1129 600 0.5314
22218.0000 1130 600 0.5310
22242.0000 1131 600 0.5305
22263.0000 1132 600 0.5300
22281.0000 1133 600 0.5296
22304.0000 1134 600 0.5291
22311.0000 1134 601 0.5300
22322.0000 1135 601 0.5295
22338.7000 1135 602 0.5304
22339.1000 1135 603 0.5313
22346.0000 1136 603 0.5308
22363.0000 1137 603 0.5303
22368.9000 1137 604 0.5312
22385.0000 1138 604 0.5308
22405.0000 1139 604 0.5303
22420.0000 1140 604 0.5298
22444.0000 1141 604 0.5294
22445.7000 1141 605 0.5302
22464.0000 1142 605 0.5298
22466.1000 1142 606 0.5306
22482.0000 1143 606 0.5302
22500.0000 1144 606 0.5297
22513.0000 1144 607 0.5306
22521.0000 1145 607 0.5301
22544.0000 1146 607 0.5297
22560.0000 1147 607 0.5292
22578.0000 1148 607 0.5287
22595.0000 1149 607 0.5283
22613.0000 1150 607 0.5278
22628.0000 1151 607 0.5274
22644.9000 1151 608 0.5282
22647.5000 1151 609 0.5291
22648.0000 1152 609 0.5286
22666.0000 1153 609 0.5282
22668.3000 1153 610 0.5291
22682.0000 1154 610 0.5286
22687.7000 1154 611 0.5295
22698.0000 1155 611 0.5290
22713.0000 1156 611 0.5285
22717.4000 1156 612 0.5294
22724.5000 1156 613 0.5303
22735.0000 1157 613 0.5298
22758.0000 1158 613 0.5294
22779.0000 1159 613 0.5289
22799.0000 1160 613 0.5284
22820.0000 1161 613 0.5280
22821.7000 1161 614 0.5289
22823.5000 1161 615 0.5297
22825.5000 1161 616 0.5306
22835.0000 1162 616 0.5301
22850.0000 1163 616 0.5297
22852.4000 1163 617 0.5305
22866.1000 1163 618 0.5314
22869.0000 1164 618 0.5309
22891.0000 1165 618 0.5305
22893.0000 1165 619 0.5313
22895.3000 1165 620 0.5322
22901.7000 1165 621 0.5330
22912.1000 1165 622 0.5339
22913.0000 1166 622 0.5334
22925.1000 1166 623 0.5343
22927.9000 1166 624 0.5352
22931.0000 1167 624 0.5347
22943.1000 1167 625 0.5356
22954.0000 1168 625 0.5351
22971.0000 1169 625 0.5346
22990.2000 1169 626 0.5355
22991.0000 1170 626 0.5350
23007.0000 1171 626 0.5346
23031.0000 1172 626 0.5341
23047.0000 1173 626 0.5337
23047.9000 1173 627 0.5345
23050.7000 1173 628 0.5354
23070.0000 1174 628 0.5349
23079.4000 1174 629 0.5358
23085.0000 1175 629 0.5353
23106.0000 1176 629 0.5349
23113.0000 1176 630 0.5357
23127.0000 1177 630 0.5353
23143.8000 1177 631 0.5361
23149.0000 1178 631 0.5357
23154.4000 1178 632 0.5365
23165.0000 1179 632 0.5360
23180.0000 1180 632 0.5356
23187.0000 1180 633 0.5364
23198.0000 1181 633 0.5360
23214.0000 1182 633 0.5355
23220.5000 1182 634 0.5364
23238.0000 1183 634 0.5359
23252.6000 1183 635 0.5368
23258.0000 1184 635 0.5363
23271.8000 1184 636 0.5372
23280.0000 1185 636 0.5367
23295.0000 1186 636 0.5363
23301.3000 1186 637 0.5371
23304.1000 1186 638 0.5379
23319.0000 1187 638 0.5375
23339.0000 1188 638 0.5370
23339.4000 1188 639 0.5379
23360.0000 1189 639 0.5374
23377.0000 1190 639 0.5370
23393.0000 1191 639 0.5365
23409.0000 1192 639 0.5361
23428.0000 1193 639 0.5356
23430.4000 1193 640 0.5365
23445.0000 1194 640 0.5360
23463.8000 1194 641 0.5369
23464.0000 1195 641 0.5364
23466.7000 1195 642 0.5372
23482.0000 1196 642 0.5368
23498.0000 1197 642 0.5363
23500.6000 1197 643 0.5372
23516.0000 1198 643 0.5367
23529.0000 1198 644 0.5376
23532.0000 1199 644 0.5371
23547.0000 1200 644 0.5367
23560.3000 1200 645 0.5375
23561.3000 1200 646 0.5383
23565.9000 1200 647 0.5392
23568.0000 1201 647 0.5387
23573.6000 1201 648 0.5396
23577.8000 1201 649 0.5404
23589.0000 1202 649 0.5399
23595.6000 1202 650 0.5408
23613.0000 1203 650 0.5403
23629.0000 1204 650 0.5399
23641.9000 1204 651 0.5407
23647.0000 1205 651 0.5402
23660.3000 1205 652 0.5411
23662.0000 1206 652 0.5406
23678.4000 1206 653 0.5415
23681.0000 1207 653 0.5410
23697.8000 1207 654 0.5418
23698.3000 1207 655 0.5427
23702.0000 1208 655 0.5422
23710.9000 1208 656 0.5430
23721.5000 1208 657 0.5439
23726.0000 1209 657 0.5434
23726.3000 1209 658 0.5443
23741.0000 1210 658 0.5438
23760.0000 1211 658 0.5434
23771.5000 1211 659 0.5442
23773.5000 1211 660 0.5450
23778.0000 1212 660 0.5446
23798.0000 1213 660 0.5441
23803.0000 1213 661 0.5449
23812.1000 1213 662 0.5458
23817.0000 1214 662 0.5453
23837.0000 1215 662 0.5449
23843.7000 1215 663 0.5457
23846.7000 1215 664 0.5465
23859.0000 1216 664 0.5461
23874.0000 1217 664 0.5456
23895.0000 1218 664 0.5452
23916.0000 1219 664 0.5447
23937.0000 1220 664 0.5443
23943.4000 1220 665 0.5451
23961.0000 1221 665 0.5446
23981.0000 1222 665 0.5442
23984.0000 1222 666 0.5450
23985.5000 1222 667 0.5458
24004.0000 1223 667 0.5454
24026.0000 1224 667 0.5449
24043.0000 1225 667 0.5445
24062.0000 1226 667 0.5440
24077.5000 1226 668 0.5449
24079.0000 1227 668 0.5444
24095.0000 1228 668 0.5440
24110.0000 1229 668 0.5435
24134.0000 1230 668 0.5431
24151.3000 1230 669 0.5439
24157.0000 1231 669 0.5435
24179.0000 1232 669 0.5430
24196.3000 1232 670 0.5438
24203.0000 1233 670 0.5434
24210.8000 1233 671 0.5442
24222.0000 1234 671 0.5438
24225.8000 1234 672 0.5446
24242.4000 1234 673 0.5454
24245.0000 1235 673 0.5449
24254.3000 1235 674 0.5457
24262.0000 1236 674 0.5453
24286.0000 1237 674 0.5449
24295.2000 1237 675 0.5457
24305.0000 1238 675 0.5452
24314.2000 1238 676 0.5460
24326.0000 1239 676 0.5456
24349.0000 1240 676 0.5452
24361.5000 1240 677 0.5460
24368.0000 1241 677 0.5455
24369.3000 1241 678 0.5463
24379.5000 1241 679 0.5471
24383.0000 1242 679 0.5467
24407.0000 1243 679 0.5463
24427.0000 1244 679 0.5458
24443.5000 1244 680 0.5466
24445.2000 1244 681 0.5474
24446.4000 1244 682 0.5482
24447.0000 1245 682 0.5478
24468.0000 1246 682 0.5474
24468.8000 1246 683 0.5482
24473.7000 1246 684 0.5490
24483.1000 1246 685 0.5498
24487.2000 1246 686 0.5506
24490.0000 1247 686 0.5501
24499.3000 1247 687 0.5509
24514.0000 1248 687 0.5505
24523.0000 1248 688 0.5513
24530.0000 1249 688 0.5508
24553.0000 1250 688 0.5504
24568.0000 1251 688 0.5500
24591.0000 1252 688 0.5495
24605.9000 1252 689 0.5503
24607.0000 1253 689 0.5499
24624.0000 1254 689 0.5494
24641.0000 1255 689 0.5490
24656.0000 1256 689 0.5486
24663.0000 1256 690 0.5494
24677.0000 1257 690 0.5489
24693.0000 1258 690 0.5485
24702.9000 1258 691 0.5493
24712.0000 1259 691 0.5488
24736.0000 1260 691 0.5484
24751.0000 1261 691 0.5480
24758.9000 1261 692 0.5488
24768.0000 1262 692 0.5483
24790.0000 1263 692 0.5479
24809.0000 1264 692 0.5475
24824.0000 1265 692 0.5470
24844.0000 1266 692 0.5466
24867.0000 1267 692 0.5462
24883.0000 1268 692 0.5457
24894.8000 1268 693 0.5465
24906.0000 1269 693 0.5461
24921.0000 1270 693 0.5457
24945.0000 1271 693 0.5452
24963.0000 1272 693 0.5448
24980.0000 1273 693 0.5444
24999.0000 1274 693 0.5440
25015.0000 1275 693 0.5435
25022.3000 1275 694 0.5443
25028.4000 1275 695 0.5451
25034.0000 1276 695 0.5447
25055.0000 1277 695 0.5442
25074.0000 1278 695 0.5438
25095.0000 1279 695 0.5434
25107.0000 1279 696 0.5442
25116.1000 1279 697 0.5450
25119.0000 1280 697 0.5445
25138.0000 1281 697 0.5441
25162.0000 1282 697 0.5437
25179.1000 1282 698 0.5445
25183.0000 1283 698 0.5440
