# time  created  delivered  delivered/created
22.0000 1 0 0.0000
38.0000 2 0 0.0000
54.0000 3 0 0.0000
72.0000 4 0 0.0000
94.0000 5 0 0.0000
110.0000 6 0 0.0000
133.0000 7 0 0.0000
153.0000 8 0 0.0000
175.0000 9 0 0.0000
191.0000 10 0 0.0000
210.0000 11 0 0.0000
225.0000 12 0 0.0000
249.0000 13 0 0.0000
265.0000 14 0 0.0000
281.0000 15 0 0.0000
304.0000 16 0 0.0000
328.0000 17 0 0.0000
343.0000 18 0 0.0000
367.0000 19 0 0.0000
382.0000 20 0 0.0000
399.0000 21 0 0.0000
420.0000 22 0 0.0000
439.0000 23 0 0.0000
458.0000 24 0 0.0000
480.0000 25 0 0.0000
497.0000 26 0 0.0000
515.0000 27 0 0.0000
538.0000 28 0 0.0000
562.0000 29 0 0.0000
581.0000 30 0 0.0000
581.2000 30 1 0.0333
603.0000 31 1 0.0323
625.0000 32 1 0.0313
640.9000 32 2 0.0625
646.0000 33 2 0.0606
661.6000 33 3 0.0909
667.0000 34 3 0.0882
685.0000 35 3 0.0857
691.0000 35 4 0.1143
700.0000 36 4 0.1111
713.7000 36 5 0.1389
722.0000 37 5 0.1351
741.0000 38 5 0.1316
764.0000 39 5 0.1282
784.0000 40 5 0.1250
786.4000 40 6 0.1500
806.0000 41 6 0.1463
829.0000 42 6 0.1429
851.0000 43 6 0.1395
873.0000 44 6 0.1364
895.0000 45 6 0.1333
918.0000 46 6 0.1304
941.0000 47 6 0.1277
957.0000 48 6 0.1250
975.0000 49 6 0.1224
998.0000 50 6 0.1200
1018.0000 51 6 0.1176
1040.0000 52 6 0.1154
1056.0000 53 6 0.1132
1077.0000 54 6 0.1111
1096.0000 55 6 0.1091
1117.0000 56 6 0.1071
1137.0000 57 6 0.1053
1159.0000 58 6 0.1034
1179.0000 59 6 0.1017
1193.3000 59 7 0.1186
1201.0000 60 7 0.1167
1216.0000 61 7 0.1148
1225.2000 61 8 0.1311
1232.0000 62 8 0.1290
1251.0000 63 8 0.1270
1268.0000 64 8 0.1250
1287.0000 65 8 0.1231
1308.0000 66 8 0.1212
1327.0000 67 8 0.1194
1342.0000 68 8 0.1176
1364.0000 69 8 0.1159
1382.3000 69 9 0.1304
1388.0000 70 9 0.1286
1397.1000 70 10 0.1429
1407.0000 71 10 0.1408
1422.0000 72 10 0.1389
1442.0000 73 10 0.1370
1464.0000 74 10 0.1351
1478.1000 74 11 0.1486
1479.0000 75 11 0.1467
1483.1000 75 12 0.1600
1500.0000 76 12 0.1579
1518.0000 77 12 0.1558
1542.0000 78 12 0.1538
1555.9000 78 13 0.1667
1560.8000 78 14 0.1795
1562.0000 79 14 0.1772
1577.0000 80 14 0.1750
1594.5000 80 15 0.1875
1600.0000 81 15 0.1852
1620.0000 82 15 0.1829
1637.0000 83 15 0.1807
1652.0000 84 15 0.1786
1673.0000 85 15 0.1765
1695.0000 86 15 0.1744
1707.0000 86 16 0.1860
1709.8000 86 17 0.1977
1713.0000 87 17 0.1954
1736.2000 87 18 0.2069
1737.0000 88 18 0.2045
1739.4000 88 19 0.2159
1739.8000 88 20 0.2273
1754.9000 88 21 0.2386
1760.0000 89 21 0.2360
1781.0000 90 21 0.2333
1804.0000 91 21 0.2308
1826.0000 92 21 0.2283
1849.0000 93 21 0.2258
1870.0000 94 21 0.2234
1880.0000 94 22 0.2340
1882.8000 94 23 0.2447
1890.0000 95 23 0.2421
1911.0000 96 23 0.2396
1929.0000 97 23 0.2371
1948.0000 98 23 0.2347
1965.0000 99 23 0.2323
1980.0000 100 23 0.2300
2002.0000 101 23 0.2277
2024.0000 102 23 0.2255
2026.9000 102 24 0.2353
2035.6000 102 25 0.2451
2041.0000 103 25 0.2427
2064.0000 104 25 0.2404
2080.0000 105 25 0.2381
2095.0000 106 25 0.2358
2119.0000 107 25 0.2336
2139.0000 108 25 0.2315
2142.8000 108 26 0.2407
2161.0000 109 26 0.2385
2178.0000 110 26 0.2364
2199.0000 111 26 0.2342
2217.0000 111 27 0.2432
2222.0000 112 27 0.2411
2240.0000 113 27 0.2389
2259.0000 114 27 0.2368
2275.0000 115 27 0.2348
2295.0000 116 27 0.2328
2314.0000 117 27 0.2308
2324.9000 117 28 0.2393
2335.0000 118 28 0.2373
2354.0000 119 28 0.2353
2377.0000 120 28 0.2333
2396.0000 121 28 0.2314
2411.0000 122 28 0.2295
2412.0000 122 29 0.2377
2433.0000 123 29 0.2358
2452.0000 124 29 0.2339
2460.7000 124 30 0.2419
2464.9000 124 31 0.2500
2470.9000 124 32 0.2581
2474.0000 125 32 0.2560
2490.0000 125 33 0.2640
2496.0000 126 33 0.2619
2511.0000 127 33 0.2598
2526.0000 128 33 0.2578
2546.0000 129 33 0.2558
2554.4000 129 34 0.2636
2563.0000 130 34 0.2615
2586.0000 131 34 0.2595
2601.0000 132 34 0.2576
2621.0000 133 34 0.2556
2641.0000 134 34 0.2537
2654.8000 134 35 0.2612
2662.0000 135 35 0.2593
2678.0000 136 35 0.2574
2689.6000 136 36 0.2647
2693.0000 137 36 0.2628
2697.4000 137 37 0.2701
2699.2000 137 38 0.2774
2716.0000 138 38 0.2754
2735.0000 139 38 0.2734
2741.3000 139 39 0.2806
2754.0000 140 39 0.2786
2771.0000 141 39 0.2766
2773.0000 141 40 0.2837
2788.0000 142 40 0.2817
2800.0000 142 41 0.2887
2807.0000 143 41 0.2867
2825.7000 143 42 0.2937
2831.0000 144 42 0.2917
2853.0000 145 42 0.2897
2868.0000 146 42 0.2877
2872.5000 146 43 0.2945
2891.0000 147 43 0.2925
2911.0000 148 43 0.2905
2926.0000 149 43 0.2886
2942.0000 150 43 0.2867
2947.3000 150 44 0.2933
2954.4000 150 45 0.3000
2962.0000 151 45 0.2980
2979.0000 152 45 0.2961
3000.8000 152 46 0.3026
3003.0000 153 46 0.3007
3024.0000 154 46 0.2987
3040.0000 155 46 0.2968
3064.0000 156 46 0.2949
3065.8000 156 47 0.3013
3084.5000 156 48 0.3077
3086.0000 157 48 0.3057
3110.0000 158 48 0.3038
3129.0000 159 48 0.3019
3147.0000 160 48 0.3000
3166.0000 161 48 0.2981
3190.0000 162 48 0.2963
3205.3000 162 49 0.3025
3210.0000 163 49 0.3006
3225.0000 164 49 0.2988
3243.0000 165 49 0.2970
3260.0000 166 49 0.2952
3261.2000 166 50 0.3012
3271.5000 166 51 0.3072
3272.8000 166 52 0.3133
3283.0000 167 52 0.3114
3291.5000 167 53 0.3174
3305.0000 168 53 0.3155
3320.4000 168 54 0.3214
3321.0000 169 54 0.3195
3344.0000 170 54 0.3176
3364.2000 170 55 0.3235
3365.0000 171 55 0.3216
3385.0000 172 55 0.3198
3408.0000 173 55 0.3179
3425.8000 173 56 0.3237
3428.0000 174 56 0.3218
3429.2000 174 57 0.3276
3449.0000 175 57 0.3257
3472.0000 176 57 0.3239
3488.0000 177 57 0.3220
3510.8000 177 58 0.3277
3511.0000 178 58 0.3258
3530.6000 178 59 0.3315
3535.0000 179 59 0.3296
3550.1000 179 60 0.3352
3552.0000 180 60 0.3333
3570.0000 181 60 0.3315
3576.2000 181 61 0.3370
3589.0000 182 61 0.3352
3604.0000 183 61 0.3333
3619.0000 184 61 0.3315
3638.0000 185 61 0.3297
3653.0000 186 61 0.3280
3669.0000 187 61 0.3262
3682.2000 187 62 0.3316
3689.0000 188 62 0.3298
3712.0000 189 62 0.3280
3730.0000 190 62 0.3263
3754.0000 191 62 0.3246
3771.0000 192 62 0.3229
3787.0000 193 62 0.3212
3809.0000 194 62 0.3196
3832.0000 195 62 0.3179
3854.0000 196 62 0.3163
3873.0000 197 62 0.3147
3895.0000 198 62 0.3131
3919.0000 199 62 0.3116
3929.3000 199 63 0.3166
3938.0000 200 63 0.3150
3944.4000 200 64 0.3200
3953.0000 200 65 0.3250
3955.0000 201 65 0.3234
3975.0000 202 65 0.3218
3987.9000 202 66 0.3267
3996.0000 203 66 0.3251
4012.0000 204 66 0.3235
4018.5000 204 67 0.3284
4031.0000 205 67 0.3268
4052.0000 206 67 0.3252
4058.8000 206 68 0.3301
4070.0000 207 68 0.3285
4094.0000 208 68 0.3269
4114.2000 208 69 0.3317
4115.0000 209 69 0.3301
4134.0000 210 69 0.3286
4152.1000 210 70 0.3333
4153.0000 211 70 0.3318
4171.0000 212 70 0.3302
4193.8000 212 71 0.3349
4194.0000 213 71 0.3333
4209.0000 213 72 0.3380
4214.0000 214 72 0.3364
4235.0000 215 72 0.3349
4245.1000 215 73 0.3395
4251.0000 216 73 0.3380
4268.6000 216 74 0.3426
4272.0000 217 74 0.3410
4290.0000 218 74 0.3394
4293.5000 218 75 0.3440
4314.0000 219 75 0.3425
4338.0000 220 75 0.3409
4360.0000 221 75 0.3394
4373.8000 221 76 0.3439
4381.0000 222 76 0.3423
4400.0000 223 76 0.3408
4419.0000 224 76 0.3393
4419.1000 224 77 0.3438
4434.0000 225 77 0.3422
4452.4000 225 78 0.3467
4458.0000 226 78 0.3451
4476.0000 227 78 0.3436
4497.0000 228 78 0.3421
4515.0000 229 78 0.3406
4525.6000 229 79 0.3450
4537.0000 230 79 0.3435
4556.0000 231 79 0.3420
4569.1000 231 80 0.3463
4580.0000 232 80 0.3448
4597.0000 233 80 0.3433
4614.0000 234 80 0.3419
4634.0000 235 80 0.3404
4655.0000 236 80 0.3390
4665.1000 236 81 0.3432
4672.0000 237 81 0.3418
4689.0000 238 81 0.3403
4706.0000 239 81 0.3389
4729.0000 240 81 0.3375
4747.0000 241 81 0.3361
4762.0000 242 81 0.3347
4783.0000 243 81 0.3333
4795.2000 243 82 0.3374
4807.0000 244 82 0.3361
4824.0000 245 82 0.3347
4848.0000 246 82 0.3333
4867.0000 247 82 0.3320
4886.0000 248 82 0.3306
4897.1000 248 83 0.3347
4909.0000 249 83 0.3333
4914.5000 249 84 0.3373
4928.0000 250 84 0.3360
4951.0000 251 84 0.3347
4966.0000 252 84 0.3333
4974.9000 252 85 0.3373
4986.0000 253 85 0.3360
5008.8000 253 86 0.3399
5010.0000 254 86 0.3386
5033.0000 255 86 0.3373
5048.0000 256 86 0.3359
5072.0000 257 86 0.3346
5089.0000 258 86 0.3333
5112.0000 259 86 0.3320
5131.0000 260 86 0.3308
5145.1000 260 87 0.3346
5151.0000 261 87 0.3333
5175.0000 262 87 0.3321
5194.0000 263 87 0.3308
5215.0000 264 87 0.3295
5237.0000 265 87 0.3283
5254.0000 266 87 0.3271
5269.0000 267 87 0.3258
5291.0000 268 87 0.3246
5307.0000 269 87 0.3234
5310.7000 269 88 0.3271
5324.0000 270 88 0.3259
5339.0000 271 88 0.3247
5356.0000 272 88 0.3235
5371.0000 273 88 0.3223
5387.0000 274 88 0.3212
5395.6000 274 89 0.3248
5410.0000 275 89 0.3236
5426.0000 276 89 0.3225
5447.0000 277 89 0.3213
5449.3000 277 90 0.3249
5470.0000 278 90 0.3237
5490.0000 279 90 0.3226
5507.0000 280 90 0.3214
5517.8000 280 91 0.3250
5528.0000 281 91 0.3238
5546.0000 282 91 0.3227
5564.0000 283 91 0.3216
5583.8000 283 92 0.3251
5584.0000 284 92 0.3239
5607.0000 285 92 0.3228
5625.0000 286 92 0.3217
5635.1000 286 93 0.3252
5643.0000 287 93 0.3240
5665.0000 288 93 0.3229
5685.0000 289 93 0.3218
5688.2000 289 94 0.3253
5704.0000 290 94 0.3241
5724.0000 291 94 0.3230
5745.0000 292 94 0.3219
5760.0000 293 94 0.3208
5780.0000 293 95 0.3242
5784.0000 294 95 0.3231
5805.0000 295 95 0.3220
5822.0000 296 95 0.3209
5841.0000 297 95 0.3199
5859.0000 298 95 0.3188
5873.7000 298 96 0.3221
5874.0000 299 96 0.3211
5893.0000 300 96 0.3200
5914.0000 301 96 0.3189
5914.2000 301 97 0.3223
5932.0000 302 97 0.3212
5953.0000 303 97 0.3201
5971.0000 304 97 0.3191
5986.0000 305 97 0.3180
5995.1000 305 98 0.3213
6003.8000 305 99 0.3246
6008.0000 306 99 0.3235
6024.0000 307 99 0.3225
6029.0000 307 100 0.3257
6041.0000 308 100 0.3247
6063.0000 309 100 0.3236
6067.1000 309 101 0.3269
6087.0000 310 101 0.3258
6105.0000 311 101 0.3248
6124.0000 312 101 0.3237
6145.0000 313 101 0.3227
6166.0000 314 101 0.3217
6182.0000 315 101 0.3206
6200.9000 315 102 0.3238
6201.0000 316 102 0.3228
6216.0000 317 102 0.3218
6219.5000 317 103 0.3249
6231.0000 318 103 0.3239
6236.7000 318 104 0.3270
6240.2000 318 105 0.3302
6248.0000 319 105 0.3292
6261.7000 319 106 0.3323
6267.0000 320 106 0.3313
6285.4000 320 107 0.3344
6289.0000 321 107 0.3333
6308.0000 322 107 0.3323
6332.0000 323 107 0.3313
6355.0000 324 107 0.3302
6372.0000 325 107 0.3292
6393.0000 326 107 0.3282
6417.0000 327 107 0.3272
6441.0000 328 107 0.3262
6457.3000 328 108 0.3293
6465.0000 329 108 0.3283
6467.3000 329 109 0.3313
6486.0000 330 109 0.3303
6502.0000 331 109 0.3293
6518.0000 332 109 0.3283
6536.0000 333 109 0.3273
6552.5000 333 110 0.3303
6553.6000 333 111 0.3333
6555.0000 334 111 0.3323
6572.0000 335 111 0.3313
6591.0000 336 111 0.3304
6608.0000 337 111 0.3294
6631.0000 338 111 0.3284
6646.0000 339 111 0.3274
6665.0000 340 111 0.3265
6684.0000 341 111 0.3255
6687.9000 341 112 0.3284
6696.4000 341 113 0.3314
6708.0000 342 113 0.3304
6725.0000 343 113 0.3294
6745.0000 344 113 0.3285
6760.0000 345 113 0.3275
6781.0000 346 113 0.3266
6793.6000 346 114 0.3295
6800.0000 347 114 0.3285
6816.0000 348 114 0.3276
6827.4000 348 115 0.3305
6839.0000 349 115 0.3295
6854.0000 350 115 0.3286
6874.0000 351 115 0.3276
6889.0000 352 115 0.3267
6893.6000 352 116 0.3295
6909.0000 353 116 0.3286
6930.0000 354 116 0.3277
6951.0000 355 116 0.3268
6971.0000 356 116 0.3258
6995.0000 357 116 0.3249
7010.0000 358 116 0.3240
7029.0000 359 116 0.3231
7044.9000 359 117 0.3259
7048.0000 360 117 0.3250
7071.0000 361 117 0.3241
7093.0000 362 117 0.3232
7097.8000 362 118 0.3260
7108.0000 363 118 0.3251
7109.5000 363 119 0.3278
7130.0000 364 119 0.3269
7147.0000 365 119 0.3260
7163.0000 366 119 0.3251
7176.1000 366 120 0.3279
7178.5000 366 121 0.3306
7180.0000 367 121 0.3297
7189.3000 367 122 0.3324
7197.0000 368 122 0.3315
7221.0000 369 122 0.3306
7240.0000 370 122 0.3297
7255.0000 371 122 0.3288
7272.0000 372 122 0.3280
7296.0000 373 122 0.3271
7319.0000 374 122 0.3262
7333.2000 374 123 0.3289
7335.0000 375 123 0.3280
7358.0000 376 123 0.3271
7367.4000 376 124 0.3298
7378.0000 377 124 0.3289
7394.0000 378 124 0.3280
7411.0000 379 124 0.3272
7435.0000 380 124 0.3263
7459.0000 381 124 0.3255
7480.0000 382 124 0.3246
7498.0000 383 124 0.3238
7514.0000 384 124 0.3229
7536.0000 385 124 0.3221
7559.0000 386 124 0.3212
7574.0000 387 124 0.3204
7585.3000 387 125 0.3230
7589.3000 387 126 0.3256
7595.0000 388 126 0.3247
7613.0000 389 126 0.3239
7632.0000 390 126 0.3231
7656.0000 391 126 0.3223
7673.0000 392 126 0.3214
7696.0000 393 126 0.3206
7713.0000 394 126 0.3198
7730.0000 395 126 0.3190
7745.0000 396 126 0.3182
7762.0000 397 126 0.3174
7766.7000 397 127 0.3199
7779.1000 397 128 0.3224
7784.0000 398 128 0.3216
7804.0000 399 128 0.3208
7822.0000 400 128 0.3200
7840.0000 401 128 0.3192
7858.0000 402 128 0.3184
7874.0000 403 128 0.3176
7891.0000 403 129 0.3201
7895.0000 404 129 0.3193
7905.9000 404 130 0.3218
7914.0000 405 130 0.3210
7922.2000 405 131 0.3235
7931.0000 406 131 0.3227
7948.0000 407 131 0.3219
7960.8000 407 132 0.3243
7972.0000 408 132 0.3235
7987.0000 409 132 0.3227
8002.0000 410 132 0.3220
8024.0000 411 132 0.3212
8040.0000 412 132 0.3204
8041.7000 412 133 0.3228
8059.0000 413 133 0.3220
8061.8000 413 134 0.3245
8082.0000 414 134 0.3237
8099.0000 415 134 0.3229
8116.0000 416 134 0.3221
8137.0000 417 134 0.3213
8158.0000 418 134 0.3206
8173.0000 419 134 0.3198
8190.0000 420 134 0.3190
8205.0000 421 134 0.3183
8205.7000 421 135 0.3207
8227.0000 422 135 0.3199
8251.0000 423 135 0.3191
8268.9000 423 136 0.3215
8271.7000 423 137 0.3239
8274.7000 423 138 0.3262
8275.0000 424 138 0.3255
8275.1000 424 139 0.3278
8297.0000 425 139 0.3271
8304.7000 425 140 0.3294
8310.1000 425 141 0.3318
8317.0000 426 141 0.3310
8336.0000 427 141 0.3302
8359.0000 428 141 0.3294
8375.0000 429 141 0.3287
8396.0000 430 141 0.3279
8414.0000 431 141 0.3271
8437.0000 432 141 0.3264
8453.0000 433 141 0.3256
8468.0000 434 141 0.3249
8492.0000 435 141 0.3241
8495.9000 435 142 0.3264
8510.0000 436 142 0.3257
8525.0000 437 142 0.3249
8544.0000 438 142 0.3242
8566.0000 439 142 0.3235
8578.2000 439 143 0.3257
8586.0000 440 143 0.3250
8609.0000 441 143 0.3243
8625.0000 442 143 0.3235
8639.0000 442 144 0.3258
8641.3000 442 145 0.3281
8644.0000 443 145 0.3273
8663.0000 444 145 0.3266
8681.0000 445 145 0.3258
8681.8000 445 146 0.3281
8697.0000 446 146 0.3274
8703.9000 446 147 0.3296
8719.0000 447 147 0.3289
8743.0000 448 147 0.3281
8748.1000 448 148 0.3304
8767.0000 449 148 0.3296
8779.1000 449 149 0.3318
8784.0000 450 149 0.3311
8800.0000 451 149 0.3304
8806.3000 451 150 0.3326
8823.0000 452 150 0.3319
8839.0000 453 150 0.3311
8854.0000 454 150 0.3304
8869.0000 455 150 0.3297
8892.0000 456 150 0.3289
8911.0000 457 150 0.3282
8929.0000 458 150 0.3275
8930.8000 458 151 0.3297
8944.0000 459 151 0.3290
8955.3000 459 152 0.3312
8961.0000 460 152 0.3304
8979.0000 461 152 0.3297
8997.0000 462 152 0.3290
9011.3000 462 153 0.3312
9013.0000 463 153 0.3305
9035.0000 464 153 0.3297
9057.1000 464 154 0.3319
9058.0000 465 154 0.3312
9067.9000 465 155 0.3333
9073.0000 466 155 0.3326
9092.2000 466 156 0.3348
9095.0000 467 156 0.3340
9100.6000 467 157 0.3362
9119.0000 468 157 0.3355
9130.6000 468 158 0.3376
9143.0000 469 158 0.3369
9153.7000 469 159 0.3390
9154.0000 469 160 0.3412
9162.0000 470 160 0.3404
9171.5000 470 161 0.3426
9174.0000 470 162 0.3447
9186.0000 471 162 0.3439
9209.0000 472 162 0.3432
9224.0000 473 162 0.3425
9224.8000 473 163 0.3446
9245.0000 474 163 0.3439
9250.3000 474 164 0.3460
9264.0000 475 164 0.3453
9288.0000 476 164 0.3445
9306.5000 476 165 0.3466
9310.0000 477 165 0.3459
9315.8000 477 166 0.3480
9326.0000 478 166 0.3473
9337.1000 478 167 0.3494
9339.3000 478 168 0.3515
9341.0000 479 168 0.3507
9365.0000 480 168 0.3500
9387.0000 481 168 0.3493
9403.0000 482 168 0.3485
9426.0000 483 168 0.3478
9444.0000 484 168 0.3471
9468.0000 485 168 0.3464
9485.0000 486 168 0.3457
9503.0000 487 168 0.3450
9527.0000 488 168 0.3443
9550.0000 489 168 0.3436
9573.0000 490 168 0.3429
9591.0000 491 168 0.3422
9614.0000 492 168 0.3415
9614.9000 492 169 0.3435
9632.0000 493 169 0.3428
9653.0000 494 169 0.3421
9676.0000 495 169 0.3414
9689.6000 495 170 0.3434
9693.0000 496 170 0.3427
9703.8000 496 171 0.3448
9715.0000 497 171 0.3441
9736.0000 498 171 0.3434
9750.0000 498 172 0.3454
9752.0000 499 172 0.3447
9776.0000 500 172 0.3440
9799.0000 501 172 0.3433
9821.0000 502 172 0.3426
9837.0000 503 172 0.3419
9837.6000 503 173 0.3439
9861.0000 504 173 0.3433
9879.0000 505 173 0.3426
9894.0000 506 173 0.3419
9898.3000 506 174 0.3439
9909.0000 507 174 0.3432
9927.0000 508 174 0.3425
9946.0000 509 174 0.3418
9969.0000 510 174 0.3412
9988.0000 511 174 0.3405
9995.7000 511 175 0.3425
10007.0000 512 175 0.3418
10007.4000 512 176 0.3438
10024.0000 513 176 0.3431
10028.0000 513 177 0.3450
10028.3000 513 178 0.3470
10039.7000 513 179 0.3489
10044.0000 514 179 0.3482
10045.4000 514 180 0.3502
10067.0000 515 180 0.3495
10087.0000 516 180 0.3488
10111.0000 517 180 0.3482
10132.0000 518 180 0.3475
10139.9000 518 181 0.3494
10154.0000 519 181 0.3487
10177.0000 520 181 0.3481
10194.0000 521 181 0.3474
10216.0000 522 181 0.3467
10235.0000 523 181 0.3461
10257.0000 524 181 0.3454
10281.0000 525 181 0.3448
10300.0000 526 181 0.3441
10302.8000 526 182 0.3460
10320.0000 527 182 0.3454
10343.0000 528 182 0.3447
10343.6000 528 183 0.3466
10366.0000 529 183 0.3459
10382.0000 530 183 0.3453
10394.3000 530 184 0.3472
10402.0000 531 184 0.3465
10423.0000 532 184 0.3459
10426.2000 532 185 0.3477
10427.2000 532 186 0.3496
10441.0000 533 186 0.3490
10443.4000 533 187 0.3508
10461.0000 534 187 0.3502
10466.5000 534 188 0.3521
10480.0000 535 188 0.3514
10497.0000 536 188 0.3507
10501.2000 536 189 0.3526
10518.0000 537 189 0.3520
10537.0000 538 189 0.3513
10537.2000 538 190 0.3532
10537.3000 538 191 0.3550
10555.0000 539 191 0.3544
10571.0000 540 191 0.3537
10571.8000 540 192 0.3556
10575.0000 540 193 0.3574
10591.0000 541 193 0.3567
10615.0000 542 193 0.3561
10637.0000 543 193 0.3554
10644.4000 543 194 0.3573
10645.7000 543 195 0.3591
10657.0000 544 195 0.3585
10660.4000 544 196 0.3603
10681.0000 545 196 0.3596
10703.0000 546 196 0.3590
10712.6000 546 197 0.3608
10716.3000 546 198 0.3626
10726.0000 547 198 0.3620
10748.0000 548 198 0.3613
10748.6000 548 199 0.3631
10768.0000 549 199 0.3625
10781.7000 549 200 0.3643
10788.0000 550 200 0.3636
10808.0000 551 200 0.3630
10823.0000 552 200 0.3623
10842.0000 553 200 0.3617
10866.0000 554 200 0.3610
10875.3000 554 201 0.3628
10881.4000 554 202 0.3646
10884.2000 554 203 0.3664
10885.0000 555 203 0.3658
10896.2000 555 204 0.3676
10907.0000 556 204 0.3669
10925.0000 557 204 0.3662
10942.0000 558 204 0.3656
10956.6000 558 205 0.3674
10966.0000 559 205 0.3667
10983.0000 560 205 0.3661
11006.0000 561 205 0.3654
11023.0000 562 205 0.3648
11046.0000 563 205 0.3641
11068.0000 564 205 0.3635
11084.0000 565 205 0.3628
11089.0000 565 206 0.3646
11099.1000 565 207 0.3664
11102.0000 566 207 0.3657
11119.8000 566 208 0.3675
11120.0000 567 208 0.3668
11143.0000 568 208 0.3662
11146.6000 568 209 0.3680
11166.0000 569 209 0.3673
11173.0000 569 210 0.3691
11182.0000 570 210 0.3684
11197.6000 570 211 0.3702
11199.5000 570 212 0.3719
11201.0000 571 212 0.3713
11206.2000 571 213 0.3730
11218.0000 572 213 0.3724
11220.6000 572 214 0.3741
11221.2000 572 215 0.3759
11238.0000 573 215 0.3752
11250.8000 573 216 0.3770
11253.1000 573 217 0.3787
11260.0000 574 217 0.3780
11280.0000 575 217 0.3774
11298.0000 576 217 0.3767
11319.0000 577 217 0.3761
11320.7000 577 218 0.3778
11343.0000 578 218 0.3772
11351.4000 578 219 0.3789
11363.0000 579 219 0.3782
11381.0000 580 219 0.3776
11401.6000 580 220 0.3793
11405.0000 581 220 0.3787
11424.0000 582 220 0.3780
11430.5000 582 221 0.3797
11433.3000 582 222 0.3814
11443.0000 583 222 0.3808
11450.2000 583 223 0.3825
11459.6000 583 224 0.3842
11461.6000 583 225 0.3859
11467.0000 584 225 0.3853
11491.0000 585 225 0.3846
11511.0000 586 225 0.3840
11514.6000 586 226 0.3857
11529.0000 587 226 0.3850
11547.0000 588 226 0.3844
11550.3000 588 227 0.3861
11566.0000 589 227 0.3854
11576.7000 589 228 0.3871
11586.0000 590 228 0.3864
11610.0000 591 228 0.3858
11626.0000 592 228 0.3851
11640.2000 592 229 0.3868
11650.0000 593 229 0.3862
11665.0000 594 229 0.3855
11680.0000 595 229 0.3849
11687.9000 595 230 0.3866
11696.0000 596 230 0.3859
11711.0000 597 230 0.3853
11731.0000 598 230 0.3846
11755.0000 599 230 0.3840
11769.1000 599 231 0.3856
11771.0000 600 231 0.3850
11790.0000 601 231 0.3844
11809.0000 602 231 0.3837
11817.5000 602 232 0.3854
11827.0000 603 232 0.3847
11851.0000 604 232 0.3841
11859.7000 604 233 0.3858
11867.0000 605 233 0.3851
11885.0000 606 233 0.3845
11907.0000 607 233 0.3839
11929.0000 608 233 0.3832
11935.8000 608 234 0.3849
11937.7000 608 235 0.3865
11948.0000 609 235 0.3859
11971.0000 610 235 0.3852
11995.0000 611 235 0.3846
12005.8000 611 236 0.3863
12012.0000 612 236 0.3856
12033.0000 613 236 0.3850
12048.0000 614 236 0.3844
12070.0000 615 236 0.3837
12073.0000 615 237 0.3854
12075.7000 615 238 0.3870
12088.0000 616 238 0.3864
12104.0000 617 238 0.3857
12124.0000 618 238 0.3851
12145.0000 619 238 0.3845
12153.5000 619 239 0.3861
12165.0000 620 239 0.3855
12165.7000 620 240 0.3871
12184.3000 620 241 0.3887
12189.0000 621 241 0.3881
12199.7000 621 242 0.3897
12209.0000 622 242 0.3891
12210.5000 622 243 0.3907
12216.4000 622 244 0.3923
12218.5000 622 245 0.3939
12220.5000 622 246 0.3955
12225.3000 622 247 0.3971
12226.0000 623 247 0.3965
12249.0000 624 247 0.3958
12270.0000 625 247 0.3952
12287.0000 626 247 0.3946
12289.2000 626 248 0.3962
12304.8000 626 249 0.3978
12305.0000 627 249 0.3971
12323.0000 628 249 0.3965
12329.4000 628 250 0.3981
12339.0000 629 250 0.3975
12350.7000 629 251 0.3990
12358.0000 630 251 0.3984
12377.0000 631 251 0.3978
12399.0000 632 251 0.3972
12421.0000 633 251 0.3965
12444.0000 634 251 0.3959
12462.4000 634 252 0.3975
12463.0000 635 252 0.3969
12479.0000 636 252 0.3962
12497.0000 637 252 0.3956
12518.0000 638 252 0.3950
12538.0000 639 252 0.3944
12556.0000 640 252 0.3938
12567.6000 640 253 0.3953
12575.0000 641 253 0.3947
12592.6000 641 254 0.3963
12596.0000 642 254 0.3956
12611.0000 643 254 0.3950
12635.0000 644 254 0.3944
12642.9000 644 255 0.3960
12655.0000 645 255 0.3953
12657.3000 645 256 0.3969
12672.0000 646 256 0.3963
12689.5000 646 257 0.3978
12691.0000 647 257 0.3972
12713.0000 648 257 0.3966
12724.9000 648 258 0.3981
12725.8000 648 259 0.3997
12727.4000 648 260 0.4012
12737.0000 649 260 0.4006
12761.0000 650 260 0.4000
12781.0000 651 260 0.3994
12784.8000 651 261 0.4009
12798.0000 652 261 0.4003
12818.0000 653 261 0.3997
12836.8000 653 262 0.4012
12839.0000 654 262 0.4006
12863.0000 655 262 0.4000
12884.0000 656 262 0.3994
12901.0000 657 262 0.3988
12919.0000 658 262 0.3982
12936.0000 659 262 0.3976
12946.5000 659 263 0.3991
12954.0000 660 263 0.3985
12971.0000 661 263 0.3979
12986.0000 662 263 0.3973
13009.0000 663 263 0.3967
13029.0000 664 263 0.3961
13042.4000 664 264 0.3976
13048.0000 665 264 0.3970
13069.0000 666 264 0.3964
13080.5000 666 265 0.3979
13090.0000 667 265 0.3973
13112.0000 668 265 0.3967
13135.0000 669 265 0.3961
13146.6000 669 266 0.3976
13157.0000 670 266 0.3970
13175.0000 671 266 0.3964
13198.0000 672 266 0.3958
13222.0000 673 266 0.3952
13237.0000 674 266 0.3947
13261.0000 675 266 0.3941
13279.0000 676 266 0.3935
13296.5000 676 267 0.3950
13303.0000 677 267 0.3944
13327.0000 678 267 0.3938
13344.0000 679 267 0.3932
13347.7000 679 268 0.3947
13367.0000 680 268 0.3941
13384.4000 680 269 0.3956
13385.0000 681 269 0.3950
13400.0000 682 269 0.3944
13422.0000 683 269 0.3939
13439.0000 684 269 0.3933
13459.2000 684 270 0.3947
13463.0000 685 270 0.3942
13485.0000 686 270 0.3936
13501.0000 687 270 0.3930
13520.6000 687 271 0.3945
13522.0000 688 271 0.3939
13543.0000 689 271 0.3933
13558.0000 690 271 0.3928
13578.0000 691 271 0.3922
13581.7000 691 272 0.3936
13597.0000 692 272 0.3931
13601.2000 692 273 0.3945
13605.2000 692 274 0.3960
13612.0000 693 274 0.3954
13622.2000 693 275 0.3968
13633.0000 694 275 0.3963
13654.0000 695 275 0.3957
13674.0000 696 275 0.3951
13689.0000 697 275 0.3945
13701.3000 697 276 0.3960
13701.7000 697 277 0.3974
13713.0000 698 277 0.3968
13732.6000 698 278 0.3983
13733.0000 699 278 0.3977
13750.0000 700 278 0.3971
13751.3000 700 279 0.3986
13770.6000 700 280 0.4000
13771.0000 701 280 0.3994
13787.0000 702 280 0.3989
13808.0000 703 280 0.3983
13831.0000 704 280 0.3977
13836.3000 704 281 0.3991
13838.8000 704 282 0.4006
13851.7000 704 283 0.4020
13853.0000 705 283 0.4014
13874.0000 706 283 0.4008
13894.0000 707 283 0.4003
13915.0000 708 283 0.3997
13937.0000 709 283 0.3992
13952.0000 710 283 0.3986
13976.0000 711 283 0.3980
13994.0000 712 283 0.3975
14005.8000 712 284 0.3989
14007.7000 712 285 0.4003
14011.0000 713 285 0.3997
14014.7000 713 286 0.4011
14032.0000 714 286 0.4006
14038.1000 714 287 0.4020
14056.0000 715 287 0.4014
14061.0000 715 288 0.4028
14064.5000 715 289 0.4042
14077.0000 716 289 0.4036
14092.0000 717 289 0.4031
14107.0000 718 289 0.4025
14108.3000 718 290 0.4039
14123.0000 719 290 0.4033
14141.4000 719 291 0.4047
14147.0000 720 291 0.4042
14167.0000 721 291 0.4036
14170.5000 721 292 0.4050
14186.0000 722 292 0.4044
14204.0000 723 292 0.4039
14225.0000 724 292 0.4033
14245.0000 725 292 0.4028
14267.0000 726 292 0.4022
14276.1000 726 293 0.4036
14286.0000 727 293 0.4030
14304.0000 728 293 0.4025
14323.0000 729 293 0.4019
14326.6000 729 294 0.4033
14333.4000 729 295 0.4047
14343.0000 730 295 0.4041
14363.0000 731 295 0.4036
14368.8000 731 296 0.4049
14385.0000 732 296 0.4044
14404.0000 733 296 0.4038
14420.0000 734 296 0.4033
14434.6000 734 297 0.4046
14441.0000 735 297 0.4041
14456.0000 736 297 0.4035
14466.1000 736 298 0.4049
14466.8000 736 299 0.4063
14475.0000 737 299 0.4057
14487.3000 737 300 0.4071
14499.0000 738 300 0.4065
14504.4000 738 301 0.4079
14507.9000 738 302 0.4092
14523.0000 739 302 0.4087
14544.0000 740 302 0.4081
14562.8000 740 303 0.4095
14568.0000 741 303 0.4089
14588.0000 742 303 0.4084
14603.0000 743 303 0.4078
14617.5000 743 304 0.4092
14618.0000 744 304 0.4086
14629.8000 744 305 0.4099
14639.0000 745 305 0.4094
14655.0000 746 305 0.4088
14676.0000 747 305 0.4083
14696.0000 748 305 0.4078
14718.0000 749 305 0.4072
14733.2000 749 306 0.4085
14736.0000 750 306 0.4080
14746.0000 750 307 0.4093
14756.0000 751 307 0.4088
14773.0000 752 307 0.4082
14790.0000 753 307 0.4077
14809.0000 754 307 0.4072
14831.0000 755 307 0.4066
14848.0000 756 307 0.4061
14867.0000 757 307 0.4055
14889.0000 758 307 0.4050
14905.0000 759 307 0.4045
14912.5000 759 308 0.4058
14916.1000 759 309 0.4071
14927.0000 760 309 0.4066
14942.0000 761 309 0.4060
14961.0000 762 309 0.4055
14984.0000 763 309 0.4050
14999.0000 764 309 0.4045
15016.4000 764 310 0.4058
15021.0000 765 310 0.4052
15022.6000 765 311 0.4065
15041.0000 766 311 0.4060
15058.0000 767 311 0.4055
15074.0000 768 311 0.4049
15093.0000 769 311 0.4044
15114.0000 770 311 0.4039
15132.0000 771 311 0.4034
15149.0000 772 311 0.4028
15171.8000 772 312 0.4041
15172.0000 773 312 0.4036
15190.0000 774 312 0.4031
15212.0000 775 312 0.4026
15235.0000 776 312 0.4021
15244.2000 776 313 0.4034
15256.0000 777 313 0.4028
15259.4000 777 314 0.4041
15280.0000 778 314 0.4036
15297.0000 779 314 0.4031
15318.0000 780 314 0.4026
15336.0000 781 314 0.4020
15360.0000 782 314 0.4015
15381.0000 783 314 0.4010
15388.1000 783 315 0.4023
15399.0000 784 315 0.4018
15419.0000 785 315 0.4013
15439.2000 785 316 0.4025
15441.0000 786 316 0.4020
15460.4000 786 317 0.4033
15465.0000 787 317 0.4028
15482.0000 788 317 0.4023
15504.0000 789 317 0.4018
15517.2000 789 318 0.4030
15526.0000 790 318 0.4025
15547.0000 791 318 0.4020
15569.0000 792 318 0.4015
15591.0000 793 318 0.4010
15615.0000 794 318 0.4005
15632.0000 795 318 0.4000
15651.0000 796 318 0.3995
15666.0000 797 318 0.3990
15684.0000 798 318 0.3985
15708.0000 799 318 0.3980
15710.8000 799 319 0.3992
15724.0000 800 319 0.3988
15746.0000 801 319 0.3983
15764.0000 802 319 0.3978
15782.0000 803 319 0.3973
15793.3000 803 320 0.3985
15799.0000 804 320 0.3980
15815.0000 805 320 0.3975
15829.9000 805 321 0.3988
15838.0000 806 321 0.3983
15854.0000 807 321 0.3978
15857.9000 807 322 0.3990
15873.0000 808 322 0.3985
15894.0000 809 322 0.3980
15909.0000 810 322 0.3975
15927.0000 811 322 0.3970
15948.0000 812 322 0.3966
15953.1000 812 323 0.3978
15967.0000 813 323 0.3973
15990.0000 814 323 0.3968
15990.0000 814 324 0.3980
16003.2000 814 325 0.3993
16005.3000 814 326 0.4005
16006.3000 814 327 0.4017
16010.0000 815 327 0.4012
16027.0000 816 327 0.4007
16042.0000 817 327 0.4002
16048.6000 817 328 0.4015
16061.0000 818 328 0.4010
16061.0000 818 329 0.4022
16063.3000 818 330 0.4034
16080.0000 819 330 0.4029
16104.0000 820 330 0.4024
16124.0000 821 330 0.4019
16139.0000 822 330 0.4015
16155.0000 823 330 0.4010
16175.0000 824 330 0.4005
16175.5000 824 331 0.4017
16196.0000 825 331 0.4012
16212.0000 826 331 0.4007
16220.0000 826 332 0.4019
16230.0000 827 332 0.4015
16245.0000 828 332 0.4010
16261.0000 829 332 0.4005
16281.0000 830 332 0.4000
16301.0000 831 332 0.3995
16306.0000 831 333 0.4007
16322.0000 832 333 0.4002
16326.5000 832 334 0.4014
16338.0000 833 334 0.4010
16355.4000 833 335 0.4022
16357.0000 834 335 0.4017
16380.0000 835 335 0.4012
16399.0000 836 335 0.4007
16416.0000 837 335 0.4002
16433.0000 838 335 0.3998
16455.0000 839 335 0.3993
16458.4000 839 336 0.4005
16479.0000 840 336 0.4000
16503.0000 841 336 0.3995
16506.7000 841 337 0.4007
16520.1000 841 338 0.4019
16526.0000 842 338 0.4014
16547.0000 843 338 0.4009
16568.0000 844 338 0.4005
16589.0000 845 338 0.4000
16610.0000 846 338 0.3995
16628.0000 847 338 0.3991
16646.0000 848 338 0.3986
16662.0000 849 338 0.3981
16682.0000 850 338 0.3976
16699.0000 851 338 0.3972
16699.3000 851 339 0.3984
16720.6000 851 340 0.3995
16723.0000 852 340 0.3991
16723.2000 852 341 0.4002
16745.0000 853 341 0.3998
16760.0000 854 341 0.3993
16783.0000 855 341 0.3988
16800.0000 856 341 0.3984
16818.0000 857 341 0.3979
16835.0000 858 341 0.3974
16843.9000 858 342 0.3986
16844.9000 858 343 0.3998
16852.1000 858 344 0.4009
16858.0000 859 344 0.4005
16881.0000 860 344 0.4000
16901.0000 861 344 0.3995
16917.0000 862 344 0.3991
16935.0000 863 344 0.3986
16959.0000 864 344 0.3981
16980.0000 865 344 0.3977
16997.0000 866 344 0.3972
17021.0000 867 344 0.3968
17036.6000 867 345 0.3979
17040.0000 868 345 0.3975
17063.0000 869 345 0.3970
17082.0000 870 345 0.3966
17105.0000 871 345 0.3961
17126.0000 872 345 0.3956
17143.0000 873 345 0.3952
17162.0000 874 345 0.3947
17181.0000 875 345 0.3943
17202.0000 876 345 0.3938
17205.9000 876 346 0.3950
17225.0000 877 346 0.3945
17235.8000 877 347 0.3957
17240.0000 878 347 0.3952
17259.0000 879 347 0.3948
17278.0000 880 347 0.3943
17299.0000 881 347 0.3939
17318.0000 882 347 0.3934
17336.0000 883 347 0.3930
17353.0000 884 347 0.3925
17357.6000 884 348 0.3937
17366.5000 884 349 0.3948
17370.0000 885 349 0.3944
17371.3000 885 350 0.3955
17394.0000 886 350 0.3950
17394.6000 886 351 0.3962
17416.0000 887 351 0.3957
17439.0000 888 351 0.3953
17454.0000 889 351 0.3948
17469.2000 889 352 0.3960
17472.7000 889 353 0.3971
17477.0000 890 353 0.3966
17497.0000 891 353 0.3962
17515.0000 892 353 0.3957
17535.0000 893 353 0.3953
17558.0000 894 353 0.3949
17574.0000 895 353 0.3944
17598.0000 896 353 0.3940
17619.0000 897 353 0.3935
17627.0000 897 354 0.3946
17632.9000 897 355 0.3958
17639.0000 898 355 0.3953
17654.0000 899 355 0.3949
17672.0000 900 355 0.3944
17690.0000 901 355 0.3940
17710.0000 902 355 0.3936
17734.0000 903 355 0.3931
17751.0000 904 355 0.3927
17758.4000 904 356 0.3938
17771.2000 904 357 0.3949
17774.0000 905 357 0.3945
17793.0000 906 357 0.3940
17808.0000 907 357 0.3936
17816.2000 907 358 0.3947
17826.0000 908 358 0.3943
17846.0000 909 358 0.3938
17864.0000 910 358 0.3934
17884.0000 911 358 0.3930
17898.0000 911 359 0.3941
17899.0000 912 359 0.3936
17917.0000 913 359 0.3932
17934.5000 913 360 0.3943
17936.0000 914 360 0.3939
17958.0000 915 360 0.3934
17976.0000 916 360 0.3930
18000.0000 917 360 0.3926
18021.0000 918 360 0.3922
18040.0000 919 360 0.3917
18059.0000 920 360 0.3913
18077.0000 921 360 0.3909
18092.0000 922 360 0.3905
18096.0000 922 361 0.3915
18103.2000 922 362 0.3926
18112.1000 922 363 0.3937
18113.0000 923 363 0.3933
18121.1000 923 364 0.3944
18132.0000 924 364 0.3939
18147.7000 924 365 0.3950
18155.0000 925 365 0.3946
18170.8000 925 366 0.3957
18177.0000 926 366 0.3952
18192.0000 927 366 0.3948
18214.0000 928 366 0.3944
18221.6000 928 367 0.3955
18235.1000 928 368 0.3966
18236.0000 929 368 0.3961
18259.0000 930 368 0.3957
18275.0000 931 368 0.3953
18298.0000 932 368 0.3948
18321.0000 933 368 0.3944
18340.0000 934 368 0.3940
18353.1000 934 369 0.3951
18364.0000 935 369 0.3947
18383.0000 936 369 0.3942
18402.0000 937 369 0.3938
18425.0000 938 369 0.3934
18449.0000 939 369 0.3930
18461.5000 939 370 0.3940
18473.0000 940 370 0.3936
18488.0000 941 370 0.3932
18512.0000 942 370 0.3928
18534.0000 943 370 0.3924
18534.5000 943 371 0.3934
18549.0000 944 371 0.3930
18570.0000 945 371 0.3926
18575.0000 945 372 0.3937
18575.9000 945 373 0.3947
18590.0000 946 373 0.3943
18594.1000 946 374 0.3953
18613.0000 947 374 0.3949
18632.0000 948 374 0.3945
18653.0000 949 374 0.3941
18675.6000 949 375 0.3952
18677.0000 950 375 0.3947
18677.2000 950 376 0.3958
18696.0000 951 376 0.3954
18715.0000 952 376 0.3950
18738.0000 953 376 0.3945
18749.5000 953 377 0.3956
18753.0000 954 377 0.3952
18768.0000 955 377 0.3948
18769.1000 955 378 0.3958
18784.0000 955 379 0.3969
18786.0000 956 379 0.3964
18809.0000 957 379 0.3960
18828.0000 958 379 0.3956
18841.2000 958 380 0.3967
18845.0000 959 380 0.3962
18862.0000 960 380 0.3958
18884.0000 961 380 0.3954
18894.5000 961 381 0.3965
18899.0000 962 381 0.3960
18922.0000 963 381 0.3956
18939.0000 964 381 0.3952
18941.3000 964 382 0.3963
18956.0000 965 382 0.3959
18977.0000 966 382 0.3954
18993.0000 967 382 0.3950
18993.4000 967 383 0.3961
19015.0000 968 383 0.3957
19037.0000 969 383 0.3953
19055.0000 970 383 0.3948
19072.0000 971 383 0.3944
19087.0000 972 383 0.3940
19095.5000 972 384 0.3951
19108.0000 973 384 0.3947
19129.0000 974 384 0.3943
19151.0000 975 384 0.3938
19154.3000 975 385 0.3949
19162.0000 975 386 0.3959
19173.0000 976 386 0.3955
19173.4000 976 387 0.3965
19192.0000 977 387 0.3961
19211.0000 978 387 0.3957
19231.0000 979 387 0.3953
19254.0000 980 387 0.3949
19277.0000 981 387 0.3945
19283.2000 981 388 0.3955
19297.4000 981 389 0.3965
19301.0000 982 389 0.3961
19316.0000 983 389 0.3957
19340.0000 984 389 0.3953
19355.0000 985 389 0.3949
19373.0000 986 389 0.3945
19391.0000 987 389 0.3941
19406.0000 988 389 0.3937
19418.6000 988 390 0.3947
19423.0000 989 390 0.3943
19439.0000 990 390 0.3939
19455.0000 991 390 0.3935
19475.4000 991 391 0.3946
19479.0000 992 391 0.3942
19497.0000 993 391 0.3938
19502.9000 993 392 0.3948
19521.0000 994 392 0.3944
19539.3000 994 393 0.3954
19542.0000 995 393 0.3950
19565.0000 996 393 0.3946
19586.0000 997 393 0.3942
19601.0000 998 393 0.3938
19622.0000 999 393 0.3934
19641.0000 1000 393 0.3930
19660.0000 1001 393 0.3926
19677.0000 1002 393 0.3922
19692.0000 1003 393 0.3918
19702.6000 1003 394 0.3928
19716.0000 1004 394 0.3924
19739.0000 1005 394 0.3920
19755.0000 1006 394 0.3917
19770.0000 1007 394 0.3913
19783.2000 1007 395 0.3923
19792.0000 1008 395 0.3919
19815.0000 1009 395 0.3915
19816.1000 1009 396 0.3925
19833.0000 1010 396 0.3921
19852.0000 1011 396 0.3917
19866.8000 1011 397 0.3927
19876.0000 1012 397 0.3923
19891.0000 1013 397 0.3919
19908.0000 1014 397 0.3915
19924.9000 1014 398 0.3925
19932.0000 1015 398 0.3921
19944.7000 1015 399 0.3931
19956.0000 1016 399 0.3927
19970.9000 1016 400 0.3937
19975.0000 1016 401 0.3947
19976.0000 1017 401 0.3943
19998.0000 1018 401 0.3939
20019.0000 1019 401 0.3935
20034.0000 1020 401 0.3931
20039.7000 1020 402 0.3941
20053.8000 1020 403 0.3951
20054.8000 1020 404 0.3961
20057.0000 1021 404 0.3957
20066.2000 1021 405 0.3967
20075.0000 1022 405 0.3963
20082.2000 1022 406 0.3973
20094.0000 1023 406 0.3969
20095.9000 1023 407 0.3978
20118.0000 1024 407 0.3975
20135.0000 1025 407 0.3971
20157.0000 1026 407 0.3967
20179.0000 1027 407 0.3963
20197.0000 1028 407 0.3959
20201.6000 1028 408 0.3969
20202.1000 1028 409 0.3979
20221.0000 1029 409 0.3975
20237.0000 1030 409 0.3971
20259.0000 1031 409 0.3967
20276.0000 1032 409 0.3963
20286.4000 1032 410 0.3973
20293.0000 1033 410 0.3969
20308.0000 1034 410 0.3965
20327.0000 1035 410 0.3961
20350.0000 1036 410 0.3958
20366.0000 1037 410 0.3954
20373.5000 1037 411 0.3963
20376.4000 1037 412 0.3973
20385.0000 1038 412 0.3969
20395.4000 1038 413 0.3979
20401.0000 1039 413 0.3975
20407.2000 1039 414 0.3985
20409.4000 1039 415 0.3994
20421.0000 1040 415 0.3990
20437.0000 1041 415 0.3987
20461.0000 1042 415 0.3983
20485.0000 1043 415 0.3979
20508.0000 1044 415 0.3975
20532.0000 1045 415 0.3971
20554.0000 1046 415 0.3967
20576.0000 1047 415 0.3964
20594.0000 1048 415 0.3960
20610.8000 1048 416 0.3969
20611.0000 1049 416 0.3966
20635.0000 1050 416 0.3962
20655.0000 1051 416 0.3958
20673.0000 1052 416 0.3954
20679.9000 1052 417 0.3964
20691.0000 1053 417 0.3960
20706.0000 1054 417 0.3956
20713.2000 1054 418 0.3966
20724.0000 1055 418 0.3962
20744.0000 1056 418 0.3958
20766.0000 1057 418 0.3955
20782.0000 1058 418 0.3951
20800.0000 1059 418 0.3947
20802.4000 1059 419 0.3957
20818.8000 1059 420 0.3966
20821.0000 1060 420 0.3962
20824.5000 1060 421 0.3972
20837.7000 1060 422 0.3981
20839.1000 1060 423 0.3991
20844.0000 1061 423 0.3987
20849.4000 1061 424 0.3996
20864.0000 1062 424 0.3992
20888.0000 1063 424 0.3989
20911.0000 1064 424 0.3985
20922.6000 1064 425 0.3994
20931.0000 1065 425 0.3991
20952.0000 1066 425 0.3987
20968.0000 1067 425 0.3983
20981.6000 1067 426 0.3993
20990.0000 1068 426 0.3989
20998.7000 1068 427 0.3998
21007.0000 1069 427 0.3994
21008.6000 1069 428 0.4004
21031.0000 1070 428 0.4000
21055.0000 1071 428 0.3996
21064.3000 1071 429 0.4006
21072.4000 1071 430 0.4015
21077.0000 1072 430 0.4011
21092.0000 1073 430 0.4007
21116.0000 1074 430 0.4004
21132.0000 1075 430 0.4000
21137.0000 1075 431 0.4009
21148.0000 1076 431 0.4006
21166.0000 1077 431 0.4002
21184.0000 1078 431 0.3998
21189.4000 1078 432 0.4007
21191.4000 1078 433 0.4017
21204.0000 1079 433 0.4013
21223.0000 1080 433 0.4009
21227.3000 1080 434 0.4019
21235.3000 1080 435 0.4028
21247.0000 1081 435 0.4024
21271.0000 1082 435 0.4020
21292.0000 1083 435 0.4017
21294.2000 1083 436 0.4026
21309.0000 1084 436 0.4022
21327.0000 1085 436 0.4018
21331.0000 1085 437 0.4028
21332.7000 1085 438 0.4037
21347.5000 1085 439 0.4046
21351.0000 1086 439 0.4042
21352.8000 1086 440 0.4052
21367.7000 1086 441 0.4061
21368.0000 1087 441 0.4057
21387.0000 1088 441 0.4053
21389.5000 1088 442 0.4063
21398.6000 1088 443 0.4072
21407.0000 1089 443 0.4068
21424.0000 1090 443 0.4064
21444.0000 1091 443 0.4060
21463.0000 1092 443 0.4057
21483.0000 1093 443 0.4053
21505.0000 1094 443 0.4049
21523.0000 1095 443 0.4046
21539.0000 1096 443 0.4042
21540.6000 1096 444 0.4051
21544.8000 1096 445 0.4060
21556.0000 1097 445 0.4057
21574.1000 1097 446 0.4066
21577.0000 1098 446 0.4062
21599.0000 1099 446 0.4058
21615.0000 1100 446 0.4055
21632.0000 1101 446 0.4051
21648.0000 1102 446 0.4047
21665.0000 1103 446 0.4044
21689.0000 1104 446 0.4040
21707.0000 1105 446 0.4036
21713.3000 1105 447 0.4045
21721.2000 1105 448 0.4054
21731.0000 1106 448 0.4051
21736.4000 1106 449 0.4060
21755.0000 1107 449 0.4056
21777.0000 1108 449 0.4052
21794.0000 1109 449 0.4049
21818.0000 1110 449 0.4045
21837.0000 1111 449 0.4041
21860.0000 1112 449 0.4038
21871.9000 1112 450 0.4047
21873.1000 1112 451 0.4056
21883.0000 1113 451 0.4052
21898.0000 1114 451 0.4048
21914.4000 1114 452 0.4057
21916.0000 1115 452 0.4054
21933.7000 1115 453 0.4063
21939.0000 1116 453 0.4059
21949.4000 1116 454 0.4068
21960.0000 1117 454 0.4064
21971.6000 1117 455 0.4073
21976.0000 1118 455 0.4070
21999.0000 1119 455 0.4066
22005.0000 1119 456 0.4075
22022.0000 1120 456 0.4071
22041.0000 1121 456 0.4068
22061.0000 1122 456 0.4064
22078.0000 1123 456 0.4061
22101.0000 1124 456 0.4057
22106.3000 1124 457 0.4066
22121.0000 1125 457 0.4062
22140.0000 1126 457 0.4059
22159.0000 1127 457 0.4055
22165.8000 1127 458 0.4064
22181.8000 1127 459 0.4073
22183.0000 1128 459 0.4069
22199.0000 1129 459 0.4066
22218.0000 1130 459 0.4062
22242.0000 1131 459 0.4058
22263.0000 1132 459 0.4055
22281.0000 1133 459 0.4051
22290.0000 1133 460 0.4060
22304.0000 1134 460 0.4056
22310.8000 1134 461 0.4065
22312.6000 1134 462 0.4074
22322.0000 1135 462 0.4070
22338.8000 1135 463 0.4079
22339.1000 1135 464 0.4088
22344.5000 1135 465 0.4097
22346.0000 1136 465 0.4093
22363.0000 1137 465 0.4090
22374.7000 1137 466 0.4099
22385.0000 1138 466 0.4095
22405.0000 1139 466 0.4091
22420.0000 1140 466 0.4088
22444.0000 1141 466 0.4084
22464.0000 1142 466 0.4081
22474.2000 1142 467 0.4089
22482.0000 1143 467 0.4086
22486.0000 1143 468 0.4094
22500.0000 1144 468 0.4091
22521.0000 1145 468 0.4087
22522.8000 1145 469 0.4096
22544.0000 1146 469 0.4092
22560.0000 1147 469 0.4089
22573.9000 1147 470 0.4098
22578.0000 1148 470 0.4094
22595.0000 1149 470 0.4091
22613.0000 1150 470 0.4087
22628.0000 1151 470 0.4083
22647.5000 1151 471 0.4092
22648.0000 1152 471 0.4089
22666.0000 1153 471 0.4085
22673.9000 1153 472 0.4094
22682.0000 1154 472 0.4090
22698.0000 1155 472 0.4087
22713.0000 1156 472 0.4083
22735.0000 1157 472 0.4080
22758.0000 1158 472 0.4076
22779.0000 1159 472 0.4072
22799.0000 1160 472 0.4069
22810.7000 1160 473 0.4078
22820.0000 1161 473 0.4074
22823.3000 1161 474 0.4083
22835.0000 1162 474 0.4079
22850.0000 1163 474 0.4076
22869.0000 1164 474 0.4072
22891.0000 1165 474 0.4069
22905.8000 1165 475 0.4077
22912.1000 1165 476 0.4086
22913.0000 1166 476 0.4082
22914.3000 1166 477 0.4091
22918.0000 1166 478 0.4099
22921.6000 1166 479 0.4108
22931.0000 1167 479 0.4105
22954.0000 1168 479 0.4101
22971.0000 1169 479 0.4098
22991.0000 1170 479 0.4094
23007.0000 1171 479 0.4091
23031.0000 1172 479 0.4087
23047.0000 1173 479 0.4084
23047.9000 1173 480 0.4092
23065.2000 1173 481 0.4101
23070.0000 1174 481 0.4097
23071.8000 1174 482 0.4106
23079.9000 1174 483 0.4114
23085.0000 1175 483 0.4111
23106.0000 1176 483 0.4107
23127.0000 1177 483 0.4104
23149.0000 1178 483 0.4100
23154.4000 1178 484 0.4109
23165.0000 1179 484 0.4105
23179.9000 1179 485 0.4114
23180.0000 1180 485 0.4110
23182.6000 1180 486 0.4119
23198.0000 1181 486 0.4115
23214.0000 1182 486 0.4112
23238.0000 1183 486 0.4108
23252.6000 1183 487 0.4117
23258.0000 1184 487 0.4113
23259.3000 1184 488 0.4122
23280.0000 1185 488 0.4118
23295.0000 1186 488 0.4115
23301.3000 1186 489 0.4123
23304.1000 1186 490 0.4132
23319.0000 1187 490 0.4128
23338.9000 1187 491 0.4136
23339.0000 1188 491 0.4133
23360.0000 1189 491 0.4130
23371.1000 1189 492 0.4138
23377.0000 1190 492 0.4134
23393.0000 1191 492 0.4131
23409.0000 1192 492 0.4128
23428.0000 1193 492 0.4124
23429.0000 1193 493 0.4132
23445.0000 1194 493 0.4129
23463.8000 1194 494 0.4137
23464.0000 1195 494 0.4134
23466.7000 1195 495 0.4142
23482.0000 1196 495 0.4139
23498.0000 1197 495 0.4135
23516.0000 1198 495 0.4132
23523.1000 1198 496 0.4140
23523.6000 1198 497 0.4149
23532.0000 1199 497 0.4145
23547.0000 1200 497 0.4142
23558.7000 1200 498 0.4150
23568.0000 1201 498 0.4147
23584.5000 1201 499 0.4155
23589.0000 1202 499 0.4151
23613.0000 1203 499 0.4148
23619.6000 1203 500 0.4156
23629.0000 1204 500 0.4153
23647.0000 1205 500 0.4149
23662.0000 1206 500 0.4146
23678.4000 1206 501 0.4154
23681.0000 1207 501 0.4151
23702.0000 1208 501 0.4147
23723.1000 1208 502 0.4156
23724.3000 1208 503 0.4164
23726.0000 1209 503 0.4160
23741.0000 1209 504 0.4169
23741.0000 1210 504 0.4165
23759.5000 1210 505 0.4174
23760.0000 1211 505 0.4170
23770.4000 1211 506 0.4178
23772.0000 1211 507 0.4187
23778.0000 1212 507 0.4183
23798.0000 1213 507 0.4180
23817.0000 1214 507 0.4176
23822.7000 1214 508 0.4185
23837.0000 1215 508 0.4181
23843.7000 1215 509 0.4189
23846.7000 1215 510 0.4198
23859.0000 1216 510 0.4194
23874.0000 1217 510 0.4191
23876.0000 1217 511 0.4199
23895.0000 1218 511 0.4195
23916.0000 1219 511 0.4192
23926.1000 1219 512 0.4200
23937.0000 1220 512 0.4197
23961.0000 1221 512 0.4193
23981.0000 1222 512 0.4190
23984.0000 1222 513 0.4198
24004.0000 1223 513 0.4195
24012.6000 1223 514 0.4203
24026.0000 1224 514 0.4199
24041.7000 1224 515 0.4208
24043.0000 1225 515 0.4204
24046.5000 1225 516 0.4212
24062.0000 1226 516 0.4209
24077.5000 1226 517 0.4217
24079.0000 1227 517 0.4214
24095.0000 1228 517 0.4210
24110.0000 1229 517 0.4207
24134.0000 1230 517 0.4203
24138.9000 1230 518 0.4211
24157.0000 1231 518 0.4208
24179.0000 1232 518 0.4205
24203.0000 1233 518 0.4201
24222.0000 1234 518 0.4198
24225.3000 1234 519 0.4206
24225.8000 1234 520 0.4214
24245.0000 1235 520 0.4211
24262.0000 1236 520 0.4207
24270.7000 1236 521 0.4215
24286.0000 1237 521 0.4212
24295.7000 1237 522 0.4220
24305.0000 1238 522 0.4216
24308.1000 1238 523 0.4225
24326.0000 1239 523 0.4221
24349.0000 1240 523 0.4218
24368.0000 1241 523 0.4214
24369.3000 1241 524 0.4222
24379.5000 1241 525 0.4230
24380.6000 1241 526 0.4239
24383.0000 1242 526 0.4235
24398.3000 1242 527 0.4243
24407.0000 1243 527 0.4240
24422.4000 1243 528 0.4248
24427.0000 1244 528 0.4244
24443.5000 1244 529 0.4252
24445.2000 1244 530 0.4260
24447.0000 1245 530 0.4257
24468.0000 1246 530 0.4254
24468.8000 1246 531 0.4262
24473.7000 1246 532 0.4270
24490.0000 1247 532 0.4266
24514.0000 1248 532 0.4263
24517.1000 1248 533 0.4271
24530.0000 1249 533 0.4267
24553.0000 1250 533 0.4264
24568.0000 1251 533 0.4261
24591.0000 1252 533 0.4257
24602.5000 1252 534 0.4265
24607.0000 1253 534 0.4262
24624.0000 1254 534 0.4258
24641.0000 1255 534 0.4255
24656.0000 1256 534 0.4252
24656.8000 1256 535 0.4260
24677.0000 1257 535 0.4256
24693.0000 1258 535 0.4253
24712.0000 1259 535 0.4249
24736.0000 1260 535 0.4246
24751.0000 1261 535 0.4243
24768.0000 1262 535 0.4239
24790.0000 1263 535 0.4236
24809.0000 1264 535 0.4233
24824.0000 1265 535 0.4229
24828.3000 1265 536 0.4237
24844.0000 1266 536 0.4234
24867.0000 1267 536 0.4230
24883.0000 1268 536 0.4227
24906.0000 1269 536 0.4224
24919.7000 1269 537 0.4232
24921.0000 1270 537 0.4228
24945.0000 1271 537 0.4225
24963.0000 1272 537 0.4222
24980.0000 1273 537 0.4218
24999.0000 1274 537 0.4215
25015.0000 1275 537 0.4212
25024.1000 1275 538 0.4220
25034.0000 1276 538 0.4216
25055.0000 1277 538 0.4213
25074.0000 1278 538 0.4210
25095.0000 1279 538 0.4206
25107.0000 1279 539 0.4214
25116.1000 1279 540 0.4222
25119.0000 1280 540 0.4219
25138.0000 1281 540 0.4215
25162.0000 1282 540 0.4212
25183.0000 1283 540 0.4209
