# time  created  delivered  delivered/created
22.0000 1 0 0.0000
38.0000 2 0 0.0000
54.0000 3 0 0.0000
72.0000 4 0 0.0000
94.0000 5 0 0.0000
110.0000 6 0 0.0000
133.0000 7 0 0.0000
153.0000 8 0 0.0000
175.0000 9 0 0.0000
191.0000 10 0 0.0000
210.0000 11 0 0.0000
225.0000 12 0 0.0000
249.0000 13 0 0.0000
265.0000 14 0 0.0000
281.0000 15 0 0.0000
304.0000 16 0 0.0000
328.0000 17 0 0.0000
343.0000 18 0 0.0000
367.0000 19 0 0.0000
382.0000 20 0 0.0000
399.0000 21 0 0.0000
420.0000 22 0 0.0000
439.0000 23 0 0.0000
458.0000 24 0 0.0000
480.0000 25 0 0.0000
497.0000 26 0 0.0000
515.0000 27 0 0.0000
538.0000 28 0 0.0000
562.0000 29 0 0.0000
581.0000 30 0 0.0000
581.2000 30 1 0.0333
603.0000 31 1 0.0323
625.0000 32 1 0.0313
641.2000 32 2 0.0625
646.0000 33 2 0.0606
661.6000 33 3 0.0909
667.0000 34 3 0.0882
685.0000 35 3 0.0857
691.0000 35 4 0.1143
700.0000 36 4 0.1111
713.7000 36 5 0.1389
722.0000 37 5 0.1351
741.0000 38 5 0.1316
764.0000 39 5 0.1282
773.6000 39 6 0.1538
784.0000 40 6 0.1500
806.0000 41 6 0.1463
829.0000 42 6 0.1429
851.0000 43 6 0.1395
873.0000 44 6 0.1364
895.0000 45 6 0.1333
918.0000 46 6 0.1304
935.7000 46 7 0.1522
941.0000 47 7 0.1489
957.0000 48 7 0.1458
975.0000 49 7 0.1429
998.0000 50 7 0.1400
1018.0000 51 7 0.1373
1040.0000 52 7 0.1346
1056.0000 53 7 0.1321
1077.0000 54 7 0.1296
1096.0000 55 7 0.1273
1117.0000 56 7 0.1250
1137.0000 57 7 0.1228
1159.0000 58 7 0.1207
1179.0000 59 7 0.1186
1193.3000 59 8 0.1356
1201.0000 60 8 0.1333
1216.0000 61 8 0.1311
1225.1000 61 9 0.1475
1226.1000 61 10 0.1639
1232.0000 62 10 0.1613
1251.0000 63 10 0.1587
1268.0000 64 10 0.1563
1287.0000 65 10 0.1538
1308.0000 66 10 0.1515
1327.0000 67 10 0.1493
1342.0000 68 10 0.1471
1364.0000 69 10 0.1449
1381.1000 69 11 0.1594
1388.0000 70 11 0.1571
1397.1000 70 12 0.1714
1407.0000 71 12 0.1690
1408.4000 71 13 0.1831
1422.0000 72 13 0.1806
1442.0000 73 13 0.1781
1464.0000 74 13 0.1757
1476.9000 74 14 0.1892
1479.0000 75 14 0.1867
1483.1000 75 15 0.2000
1500.0000 76 15 0.1974
1518.0000 77 15 0.1948
1542.0000 78 15 0.1923
1562.0000 79 15 0.1899
1577.0000 80 15 0.1875
1595.4000 80 16 0.2000
1600.0000 81 16 0.1975
1620.0000 82 16 0.1951
1637.0000 83 16 0.1928
1652.0000 84 16 0.1905
1673.0000 85 16 0.1882
1695.0000 86 16 0.1860
1707.0000 86 17 0.1977
1709.8000 86 18 0.2093
1713.0000 87 18 0.2069
1736.2000 87 19 0.2184
1737.0000 88 19 0.2159
1739.4000 88 20 0.2273
1739.8000 88 21 0.2386
1760.0000 89 21 0.2360
1781.0000 90 21 0.2333
1804.0000 91 21 0.2308
1826.0000 92 21 0.2283
1849.0000 93 21 0.2258
1870.0000 94 21 0.2234
1881.2000 94 22 0.2340
1882.8000 94 23 0.2447
1890.0000 95 23 0.2421
1911.0000 96 23 0.2396
1929.0000 97 23 0.2371
1948.0000 98 23 0.2347
1965.0000 99 23 0.2323
1980.0000 100 23 0.2300
2002.0000 101 23 0.2277
2024.0000 102 23 0.2255
2035.6000 102 24 0.2353
2041.0000 103 24 0.2330
2064.0000 104 24 0.2308
2080.0000 105 24 0.2286
2095.0000 106 24 0.2264
2119.0000 107 24 0.2243
2139.0000 108 24 0.2222
2144.2000 108 25 0.2315
2161.0000 109 25 0.2294
2178.0000 110 25 0.2273
2199.0000 111 25 0.2252
2217.0000 111 26 0.2342
2222.0000 112 26 0.2321
2240.0000 113 26 0.2301
2259.0000 114 26 0.2281
2275.0000 115 26 0.2261
2295.0000 116 26 0.2241
2314.0000 117 26 0.2222
2325.9000 117 27 0.2308
2335.0000 118 27 0.2288
2354.0000 119 27 0.2269
2377.0000 120 27 0.2250
2396.0000 121 27 0.2231
2411.0000 122 27 0.2213
2412.0000 122 28 0.2295
2433.0000 123 28 0.2276
2452.0000 124 28 0.2258
2460.7000 124 29 0.2339
2464.9000 124 30 0.2419
2470.9000 124 31 0.2500
2474.0000 125 31 0.2480
2494.6000 125 32 0.2560
2496.0000 126 32 0.2540
2511.0000 127 32 0.2520
2526.0000 128 32 0.2500
2546.0000 129 32 0.2481
2556.7000 129 33 0.2558
2563.0000 130 33 0.2538
2586.0000 131 33 0.2519
2601.0000 132 33 0.2500
2621.0000 133 33 0.2481
2641.0000 134 33 0.2463
2662.0000 135 33 0.2444
2678.0000 136 33 0.2426
2680.2000 136 34 0.2500
2681.8000 136 35 0.2574
2689.6000 136 36 0.2647
2690.9000 136 37 0.2721
2693.0000 137 37 0.2701
2716.0000 138 37 0.2681
2735.0000 139 37 0.2662
2737.9000 139 38 0.2734
2754.0000 140 38 0.2714
2771.0000 141 38 0.2695
2788.0000 142 38 0.2676
2800.0000 142 39 0.2746
2807.0000 143 39 0.2727
2823.2000 143 40 0.2797
2831.0000 144 40 0.2778
2832.2000 144 41 0.2847
2838.8000 144 42 0.2917
2853.0000 145 42 0.2897
2868.0000 146 42 0.2877
2891.0000 147 42 0.2857
2911.0000 148 42 0.2838
2911.3000 148 43 0.2905
2926.0000 149 43 0.2886
2942.0000 150 43 0.2867
2946.7000 150 44 0.2933
2954.4000 150 45 0.3000
2962.0000 151 45 0.2980
2979.0000 152 45 0.2961
3003.0000 153 45 0.2941
3022.4000 153 46 0.3007
3024.0000 154 46 0.2987
3040.0000 155 46 0.2968
3059.0000 155 47 0.3032
3064.0000 156 47 0.3013
3065.8000 156 48 0.3077
3084.5000 156 49 0.3141
3086.0000 157 49 0.3121
3110.0000 158 49 0.3101
3118.8000 158 50 0.3165
3129.0000 159 50 0.3145
3147.0000 160 50 0.3125
3166.0000 161 50 0.3106
3168.6000 161 51 0.3168
3170.0000 161 52 0.3230
3190.0000 162 52 0.3210
3204.1000 162 53 0.3272
3210.0000 163 53 0.3252
3225.0000 164 53 0.3232
3230.0000 164 54 0.3293
3243.0000 165 54 0.3273
3260.0000 166 54 0.3253
3261.2000 166 55 0.3313
3271.8000 166 56 0.3373
3273.6000 166 57 0.3434
3283.0000 167 57 0.3413
3305.0000 168 57 0.3393
3321.0000 169 57 0.3373
3344.0000 170 57 0.3353
3365.0000 171 57 0.3333
3385.0000 172 57 0.3314
3408.0000 173 57 0.3295
3414.1000 173 58 0.3353
3428.0000 174 58 0.3333
3429.2000 174 59 0.3391
3444.1000 174 60 0.3448
3446.6000 174 61 0.3506
3447.8000 174 62 0.3563
3449.0000 175 62 0.3543
3472.0000 176 62 0.3523
3488.0000 177 62 0.3503
3511.0000 178 62 0.3483
3511.8000 178 63 0.3539
3528.8000 178 64 0.3596
3535.0000 179 64 0.3575
3547.0000 179 65 0.3631
3550.1000 179 66 0.3687
3552.0000 180 66 0.3667
3570.0000 181 66 0.3646
3576.5000 181 67 0.3702
3589.0000 182 67 0.3681
3604.0000 183 67 0.3661
3619.0000 184 67 0.3641
3638.0000 185 67 0.3622
3653.0000 186 67 0.3602
3667.7000 186 68 0.3656
3669.0000 187 68 0.3636
3689.0000 188 68 0.3617
3712.0000 189 68 0.3598
3730.0000 190 68 0.3579
3754.0000 191 68 0.3560
3771.0000 192 68 0.3542
3787.0000 193 68 0.3523
3809.0000 194 68 0.3505
3822.2000 194 69 0.3557
3831.8000 194 70 0.3608
3832.0000 195 70 0.3590
3848.6000 195 71 0.3641
3854.0000 196 71 0.3622
3867.6000 196 72 0.3673
3873.0000 197 72 0.3655
3895.0000 198 72 0.3636
3919.0000 199 72 0.3618
3938.0000 200 72 0.3600
3946.3000 200 73 0.3650
3946.9000 200 74 0.3700
3953.0000 200 75 0.3750
3955.0000 201 75 0.3731
3975.0000 202 75 0.3713
3996.0000 203 75 0.3695
4012.0000 204 75 0.3676
4031.0000 205 75 0.3659
4052.0000 206 75 0.3641
4054.9000 206 76 0.3689
4058.7000 206 77 0.3738
4060.0000 206 78 0.3786
4070.0000 207 78 0.3768
4094.0000 208 78 0.3750
4115.0000 209 78 0.3732
4134.0000 210 78 0.3714
4153.0000 211 78 0.3697
4171.0000 212 78 0.3679
4194.0000 213 78 0.3662
4214.0000 214 78 0.3645
4214.7000 214 79 0.3692
4235.0000 215 79 0.3674
4245.6000 215 80 0.3721
4251.0000 216 80 0.3704
4256.7000 216 81 0.3750
4268.6000 216 82 0.3796
4272.0000 217 82 0.3779
4290.0000 218 82 0.3761
4314.0000 219 82 0.3744
4325.0000 219 83 0.3790
4338.0000 220 83 0.3773
4360.0000 221 83 0.3756
4363.8000 221 84 0.3801
4381.0000 222 84 0.3784
4392.6000 222 85 0.3829
4400.0000 223 85 0.3812
4406.0000 223 86 0.3857
4417.6000 223 87 0.3901
4419.0000 224 87 0.3884
4419.1000 224 88 0.3929
4434.0000 225 88 0.3911
4451.0000 225 89 0.3956
4452.4000 225 90 0.4000
4458.0000 226 90 0.3982
4463.0000 226 91 0.4027
4476.0000 227 91 0.4009
4497.0000 228 91 0.3991
4505.4000 228 92 0.4035
4515.0000 229 92 0.4017
4534.7000 229 93 0.4061
4537.0000 230 93 0.4043
4556.0000 231 93 0.4026
4580.0000 232 93 0.4009
4597.0000 233 93 0.3991
4614.0000 234 93 0.3974
4634.0000 235 93 0.3957
4655.0000 236 93 0.3941
4665.1000 236 94 0.3983
4672.0000 237 94 0.3966
4689.0000 238 94 0.3950
4706.0000 239 94 0.3933
4729.0000 240 94 0.3917
4743.0000 240 95 0.3958
4747.0000 241 95 0.3942
4748.8000 241 96 0.3983
4762.0000 242 96 0.3967
4783.0000 243 96 0.3951
4793.4000 243 97 0.3992
4796.3000 243 98 0.4033
4807.0000 244 98 0.4016
4824.0000 245 98 0.4000
4831.8000 245 99 0.4041
4848.0000 246 99 0.4024
4867.0000 247 99 0.4008
4886.0000 248 99 0.3992
4895.7000 248 100 0.4032
4909.0000 249 100 0.4016
4928.0000 250 100 0.4000
4951.0000 251 100 0.3984
4966.0000 252 100 0.3968
4986.0000 253 100 0.3953
4989.1000 253 101 0.3992
4995.1000 253 102 0.4032
5010.0000 254 102 0.4016
5033.0000 255 102 0.4000
5048.0000 256 102 0.3984
5072.0000 257 102 0.3969
5089.0000 258 102 0.3953
5112.0000 259 102 0.3938
5131.0000 260 102 0.3923
5151.0000 261 102 0.3908
5170.2000 261 103 0.3946
5171.0000 261 104 0.3985
5175.0000 262 104 0.3969
5194.0000 263 104 0.3954
5212.5000 263 105 0.3992
5215.0000 264 105 0.3977
5232.8000 264 106 0.4015
5237.0000 265 106 0.4000
5240.6000 265 107 0.4038
5254.0000 266 107 0.4023
5269.0000 267 107 0.4007
5291.0000 268 107 0.3993
5307.0000 269 107 0.3978
5321.0000 269 108 0.4015
5323.5000 269 109 0.4052
5324.0000 270 109 0.4037
5339.0000 271 109 0.4022
5356.0000 272 109 0.4007
5371.0000 273 109 0.3993
5387.0000 274 109 0.3978
5410.0000 275 109 0.3964
5426.0000 276 109 0.3949
5430.3000 276 110 0.3986
5447.0000 277 110 0.3971
5470.0000 278 110 0.3957
5490.0000 279 110 0.3943
5507.0000 280 110 0.3929
5517.4000 280 111 0.3964
5528.0000 281 111 0.3950
5546.0000 282 111 0.3936
5564.0000 283 111 0.3922
5566.2000 283 112 0.3958
5584.0000 284 112 0.3944
5607.0000 285 112 0.3930
5625.0000 286 112 0.3916
5643.0000 287 112 0.3902
5665.0000 288 112 0.3889
5685.0000 289 112 0.3875
5686.2000 289 113 0.3910
5704.0000 290 113 0.3897
5724.0000 291 113 0.3883
5745.0000 292 113 0.3870
5745.2000 292 114 0.3904
5760.0000 293 114 0.3891
5771.8000 293 115 0.3925
5778.9000 293 116 0.3959
5784.0000 294 116 0.3946
5805.0000 295 116 0.3932
5813.1000 295 117 0.3966
5822.0000 296 117 0.3953
5822.5000 296 118 0.3986
5841.0000 297 118 0.3973
5854.1000 297 119 0.4007
5859.0000 298 119 0.3993
5860.0000 298 120 0.4027
5873.7000 298 121 0.4060
5874.0000 299 121 0.4047
5883.5000 299 122 0.4080
5893.0000 300 122 0.4067
5895.4000 300 123 0.4100
5901.3000 300 124 0.4133
5905.8000 300 125 0.4167
5914.0000 301 125 0.4153
5914.2000 301 126 0.4186
5923.7000 301 127 0.4219
5932.0000 302 127 0.4205
5953.0000 303 127 0.4191
5971.0000 304 127 0.4178
5986.0000 305 127 0.4164
5996.8000 305 128 0.4197
5998.2000 305 129 0.4230
6003.8000 305 130 0.4262
6008.0000 306 130 0.4248
6010.3000 306 131 0.4281
6024.0000 307 131 0.4267
6041.0000 308 131 0.4253
6063.0000 309 131 0.4239
6068.1000 309 132 0.4272
6074.6000 309 133 0.4304
6087.0000 310 133 0.4290
6105.0000 311 133 0.4277
6124.0000 312 133 0.4263
6129.8000 312 134 0.4295
6145.0000 313 134 0.4281
6166.0000 314 134 0.4268
6182.0000 315 134 0.4254
6194.6000 315 135 0.4286
6201.0000 316 135 0.4272
6204.2000 316 136 0.4304
6216.0000 317 136 0.4290
6231.0000 318 136 0.4277
6237.4000 318 137 0.4308
6248.0000 319 137 0.4295
6261.7000 319 138 0.4326
6267.0000 320 138 0.4313
6289.0000 321 138 0.4299
6308.0000 322 138 0.4286
6332.0000 323 138 0.4272
6355.0000 324 138 0.4259
6372.0000 325 138 0.4246
6374.8000 325 139 0.4277
6384.8000 325 140 0.4308
6390.2000 325 141 0.4338
6391.9000 325 142 0.4369
6393.0000 326 142 0.4356
6417.0000 327 142 0.4343
6424.2000 327 143 0.4373
6431.8000 327 144 0.4404
6441.0000 328 144 0.4390
6465.0000 329 144 0.4377
6467.3000 329 145 0.4407
6486.0000 330 145 0.4394
6502.0000 331 145 0.4381
6518.0000 332 145 0.4367
6536.0000 333 145 0.4354
6546.3000 333 146 0.4384
6548.7000 333 147 0.4414
6551.1000 333 148 0.4444
6552.5000 333 149 0.4474
6555.0000 334 149 0.4461
6572.0000 335 149 0.4448
6591.0000 336 149 0.4435
6608.0000 337 149 0.4421
6631.0000 338 149 0.4408
6646.0000 339 149 0.4395
6665.0000 340 149 0.4382
6684.0000 341 149 0.4370
6687.9000 341 150 0.4399
6696.4000 341 151 0.4428
6708.0000 342 151 0.4415
6725.0000 343 151 0.4402
6745.0000 344 151 0.4390
6760.0000 345 151 0.4377
6765.3000 345 152 0.4406
6776.9000 345 153 0.4435
6781.0000 346 153 0.4422
6794.6000 346 154 0.4451
6800.0000 347 154 0.4438
6807.8000 347 155 0.4467
6816.0000 348 155 0.4454
6827.4000 348 156 0.4483
6839.0000 349 156 0.4470
6854.0000 350 156 0.4457
6874.0000 351 156 0.4444
6889.0000 352 156 0.4432
6893.6000 352 157 0.4460
6900.5000 352 158 0.4489
6902.9000 352 159 0.4517
6909.0000 353 159 0.4504
6930.0000 354 159 0.4492
6951.0000 355 159 0.4479
6971.0000 356 159 0.4466
6978.5000 356 160 0.4494
6995.0000 357 160 0.4482
7010.0000 358 160 0.4469
7011.9000 358 161 0.4497
7018.9000 358 162 0.4525
7029.0000 359 162 0.4513
7034.8000 359 163 0.4540
7042.1000 359 164 0.4568
7045.6000 359 165 0.4596
7048.0000 360 165 0.4583
7071.0000 361 165 0.4571
7093.0000 362 165 0.4558
7093.3000 362 166 0.4586
7108.0000 363 166 0.4573
7111.5000 363 167 0.4601
7130.0000 364 167 0.4588
7147.0000 365 167 0.4575
7163.0000 366 167 0.4563
7175.0000 366 168 0.4590
7177.4000 366 169 0.4617
7179.7000 366 170 0.4645
7180.0000 367 170 0.4632
7181.6000 367 171 0.4659
7197.0000 368 171 0.4647
7221.0000 369 171 0.4634
7240.0000 370 171 0.4622
7242.5000 370 172 0.4649
7255.0000 371 172 0.4636
7272.0000 372 172 0.4624
7296.0000 373 172 0.4611
7314.6000 373 173 0.4638
7319.0000 374 173 0.4626
7333.2000 374 174 0.4652
7335.0000 375 174 0.4640
7352.2000 375 175 0.4667
7358.0000 376 175 0.4654
7378.0000 377 175 0.4642
7394.0000 378 175 0.4630
7406.7000 378 176 0.4656
7411.0000 379 176 0.4644
7435.0000 380 176 0.4632
7436.5000 380 177 0.4658
7450.5000 380 178 0.4684
7459.0000 381 178 0.4672
7480.0000 382 178 0.4660
7493.2000 382 179 0.4686
7498.0000 383 179 0.4674
7514.0000 384 179 0.4661
7536.0000 385 179 0.4649
7544.3000 385 180 0.4675
7548.9000 385 181 0.4701
7559.0000 386 181 0.4689
7574.0000 387 181 0.4677
7585.3000 387 182 0.4703
7595.0000 388 182 0.4691
7609.6000 388 183 0.4716
7613.0000 389 183 0.4704
7621.5000 389 184 0.4730
7632.0000 390 184 0.4718
7649.4000 390 185 0.4744
7656.0000 391 185 0.4731
7673.0000 392 185 0.4719
7677.6000 392 186 0.4745
7696.0000 393 186 0.4733
7703.3000 393 187 0.4758
7713.0000 394 187 0.4746
7730.0000 395 187 0.4734
7745.0000 396 187 0.4722
7762.0000 397 187 0.4710
7772.5000 397 188 0.4736
7784.0000 398 188 0.4724
7804.0000 399 188 0.4712
7822.0000 400 188 0.4700
7840.0000 401 188 0.4688
7858.0000 402 188 0.4677
7874.0000 403 188 0.4665
7878.2000 403 189 0.4690
7879.0000 403 190 0.4715
7883.6000 403 191 0.4739
7889.2000 403 192 0.4764
7889.8000 403 193 0.4789
7890.6000 403 194 0.4814
7895.0000 404 194 0.4802
7914.0000 405 194 0.4790
7931.0000 406 194 0.4778
7934.7000 406 195 0.4803
7948.0000 407 195 0.4791
7963.5000 407 196 0.4816
7972.0000 408 196 0.4804
7987.0000 409 196 0.4792
7992.4000 409 197 0.4817
8002.0000 410 197 0.4805
8024.0000 411 197 0.4793
8040.0000 412 197 0.4782
8041.7000 412 198 0.4806
8059.0000 413 198 0.4794
8082.0000 414 198 0.4783
8083.7000 414 199 0.4807
8099.0000 415 199 0.4795
8116.0000 416 199 0.4784
8137.0000 417 199 0.4772
8158.0000 418 199 0.4761
8173.0000 419 199 0.4749
8190.0000 420 199 0.4738
8205.0000 421 199 0.4727
8205.7000 421 200 0.4751
8227.0000 422 200 0.4739
8237.1000 422 201 0.4763
8251.0000 423 201 0.4752
8270.0000 423 202 0.4775
8271.7000 423 203 0.4799
8272.4000 423 204 0.4823
8275.0000 424 204 0.4811
8282.4000 424 205 0.4835
8284.1000 424 206 0.4858
8297.0000 425 206 0.4847
8317.0000 426 206 0.4836
8336.0000 427 206 0.4824
8359.0000 428 206 0.4813
8361.1000 428 207 0.4836
8365.6000 428 208 0.4860
8366.6000 428 209 0.4883
8375.0000 429 209 0.4872
8396.0000 430 209 0.4860
8399.8000 430 210 0.4884
8404.7000 430 211 0.4907
8414.0000 431 211 0.4896
8437.0000 432 211 0.4884
8453.0000 433 211 0.4873
8456.7000 433 212 0.4896
8468.0000 434 212 0.4885
8474.6000 434 213 0.4908
8492.0000 435 213 0.4897
8508.7000 435 214 0.4920
8510.0000 436 214 0.4908
8525.0000 437 214 0.4897
8544.0000 438 214 0.4886
8566.0000 439 214 0.4875
8570.0000 439 215 0.4897
8578.2000 439 216 0.4920
8586.0000 440 216 0.4909
8609.0000 441 216 0.4898
8625.0000 442 216 0.4887
8641.0000 442 217 0.4910
8641.6000 442 218 0.4932
8644.0000 443 218 0.4921
8663.0000 444 218 0.4910
8681.0000 445 218 0.4899
8697.0000 446 218 0.4888
8712.1000 446 219 0.4910
8719.0000 447 219 0.4899
8743.0000 448 219 0.4888
8767.0000 449 219 0.4878
8778.0000 449 220 0.4900
8784.0000 450 220 0.4889
8790.7000 450 221 0.4911
8794.1000 450 222 0.4933
8800.0000 451 222 0.4922
8806.6000 451 223 0.4945
8821.2000 451 224 0.4967
8823.0000 452 224 0.4956
8839.0000 453 224 0.4945
8854.0000 454 224 0.4934
8869.0000 455 224 0.4923
8888.6000 455 225 0.4945
8892.0000 456 225 0.4934
8911.0000 457 225 0.4923
8924.5000 457 226 0.4945
8929.0000 458 226 0.4934
8942.9000 458 227 0.4956
8944.0000 459 227 0.4946
8955.3000 459 228 0.4967
8961.0000 460 228 0.4957
8968.6000 460 229 0.4978
8979.0000 461 229 0.4967
8983.9000 461 230 0.4989
8997.0000 462 230 0.4978
9013.0000 463 230 0.4968
9013.6000 463 231 0.4989
9025.2000 463 232 0.5011
9027.2000 463 233 0.5032
9035.0000 464 233 0.5022
9058.0000 465 233 0.5011
9065.9000 465 234 0.5032
9073.0000 466 234 0.5021
9075.4000 466 235 0.5043
9093.5000 466 236 0.5064
9095.0000 467 236 0.5054
9119.0000 468 236 0.5043
9126.9000 468 237 0.5064
9133.0000 468 238 0.5085
9143.0000 469 238 0.5075
9151.6000 469 239 0.5096
9162.0000 470 239 0.5085
9184.4000 470 240 0.5106
9186.0000 471 240 0.5096
9187.6000 471 241 0.5117
9190.8000 471 242 0.5138
9196.5000 471 243 0.5159
9209.0000 472 243 0.5148
9224.0000 473 243 0.5137
9245.0000 474 243 0.5127
9264.0000 475 243 0.5116
9288.0000 476 243 0.5105
9306.5000 476 244 0.5126
9310.0000 477 244 0.5115
9314.0000 477 245 0.5136
9326.0000 478 245 0.5126
9338.9000 478 246 0.5146
9340.5000 478 247 0.5167
9341.0000 479 247 0.5157
9365.0000 480 247 0.5146
9387.0000 481 247 0.5135
9403.0000 482 247 0.5124
9403.5000 482 248 0.5145
9426.0000 483 248 0.5135
9444.0000 484 248 0.5124
9468.0000 485 248 0.5113
9485.0000 486 248 0.5103
9503.0000 487 248 0.5092
9527.0000 488 248 0.5082
9533.9000 488 249 0.5102
9550.0000 489 249 0.5092
9570.6000 489 250 0.5112
9573.0000 490 250 0.5102
9591.0000 491 250 0.5092
9614.0000 492 250 0.5081
9632.0000 493 250 0.5071
9653.0000 494 250 0.5061
9676.0000 495 250 0.5051
9693.0000 496 250 0.5040
9715.0000 497 250 0.5030
9736.0000 498 250 0.5020
9750.0000 498 251 0.5040
9752.0000 499 251 0.5030
9755.8000 499 252 0.5050
9761.5000 499 253 0.5070
9776.0000 500 253 0.5060
9793.4000 500 254 0.5080
9799.0000 501 254 0.5070
9813.6000 501 255 0.5090
9821.0000 502 255 0.5080
9837.0000 503 255 0.5070
9843.9000 503 256 0.5089
9861.0000 504 256 0.5079
9879.0000 505 256 0.5069
9880.1000 505 257 0.5089
9894.0000 506 257 0.5079
9904.5000 506 258 0.5099
9909.0000 507 258 0.5089
9927.0000 508 258 0.5079
9946.0000 509 258 0.5069
9969.0000 510 258 0.5059
9975.9000 510 259 0.5078
9988.0000 511 259 0.5068
10007.0000 512 259 0.5059
10013.2000 512 260 0.5078
10024.0000 513 260 0.5068
10044.0000 514 260 0.5058
10045.1000 514 261 0.5078
10050.2000 514 262 0.5097
10067.0000 515 262 0.5087
10087.0000 516 262 0.5078
10108.0000 516 263 0.5097
10111.0000 517 263 0.5087
10117.8000 517 264 0.5106
10132.0000 518 264 0.5097
10154.0000 519 264 0.5087
10177.0000 520 264 0.5077
10186.7000 520 265 0.5096
10194.0000 521 265 0.5086
10216.0000 522 265 0.5077
10235.0000 523 265 0.5067
10253.8000 523 266 0.5086
10257.0000 524 266 0.5076
10279.7000 524 267 0.5095
10281.0000 525 267 0.5086
10300.0000 526 267 0.5076
10320.0000 527 267 0.5066
10335.1000 527 268 0.5085
10343.0000 528 268 0.5076
10358.8000 528 269 0.5095
10366.0000 529 269 0.5085
10382.0000 530 269 0.5075
10402.0000 531 269 0.5066
10423.0000 532 269 0.5056
10424.8000 532 270 0.5075
10441.0000 533 270 0.5066
10458.1000 533 271 0.5084
10461.0000 534 271 0.5075
10480.0000 535 271 0.5065
10496.9000 535 272 0.5084
10497.0000 536 272 0.5075
10499.3000 536 273 0.5093
10518.0000 537 273 0.5084
10525.2000 537 274 0.5102
10537.0000 538 274 0.5093
10555.0000 539 274 0.5083
10571.0000 540 274 0.5074
10591.0000 541 274 0.5065
10595.7000 541 275 0.5083
10615.0000 542 275 0.5074
10615.9000 542 276 0.5092
10634.4000 542 277 0.5111
10637.0000 543 277 0.5101
10641.6000 543 278 0.5120
10645.7000 543 279 0.5138
10657.0000 544 279 0.5129
10666.1000 544 280 0.5147
10681.0000 545 280 0.5138
10703.0000 546 280 0.5128
10726.0000 547 280 0.5119
10748.0000 548 280 0.5109
10758.1000 548 281 0.5128
10768.0000 549 281 0.5118
10781.7000 549 282 0.5137
10788.0000 550 282 0.5127
10794.6000 550 283 0.5145
10808.0000 551 283 0.5136
10823.0000 552 283 0.5127
10842.0000 553 283 0.5118
10866.0000 554 283 0.5108
10877.9000 554 284 0.5126
10885.0000 555 284 0.5117
10887.3000 555 285 0.5135
10897.6000 555 286 0.5153
10907.0000 556 286 0.5144
10915.0000 556 287 0.5162
10925.0000 557 287 0.5153
10942.0000 558 287 0.5143
10966.0000 559 287 0.5134
10983.0000 560 287 0.5125
10995.5000 560 288 0.5143
11006.0000 561 288 0.5134
11016.8000 561 289 0.5152
11019.7000 561 290 0.5169
11021.3000 561 291 0.5187
11023.0000 562 291 0.5178
11046.0000 563 291 0.5169
11058.8000 563 292 0.5187
11068.0000 564 292 0.5177
11084.0000 565 292 0.5168
11086.6000 565 293 0.5186
11098.4000 565 294 0.5204
11102.0000 566 294 0.5194
11105.5000 566 295 0.5212
11120.0000 567 295 0.5203
11127.8000 567 296 0.5220
11143.0000 568 296 0.5211
11166.0000 569 296 0.5202
11182.0000 570 296 0.5193
11197.6000 570 297 0.5211
11201.0000 571 297 0.5201
11206.0000 571 298 0.5219
11207.5000 571 299 0.5236
11218.0000 572 299 0.5227
11238.0000 573 299 0.5218
11252.6000 573 300 0.5236
11253.6000 573 301 0.5253
11256.9000 573 302 0.5271
11260.0000 574 302 0.5261
11264.6000 574 303 0.5279
11270.7000 574 304 0.5296
11280.0000 575 304 0.5287
11292.3000 575 305 0.5304
11298.0000 576 305 0.5295
11308.0000 576 306 0.5313
11312.5000 576 307 0.5330
11315.7000 576 308 0.5347
11319.0000 577 308 0.5338
11323.4000 577 309 0.5355
11343.0000 578 309 0.5346
11362.9000 578 310 0.5363
11363.0000 579 310 0.5354
11365.9000 579 311 0.5371
11381.0000 580 311 0.5362
11405.0000 581 311 0.5353
11424.0000 582 311 0.5344
11432.5000 582 312 0.5361
11443.0000 583 312 0.5352
11450.2000 583 313 0.5369
11467.0000 584 313 0.5360
11491.0000 585 313 0.5350
11511.0000 586 313 0.5341
11529.0000 587 313 0.5332
11534.4000 587 314 0.5349
11541.8000 587 315 0.5366
11543.3000 587 316 0.5383
11547.0000 588 316 0.5374
11565.5000 588 317 0.5391
11566.0000 589 317 0.5382
11586.0000 590 317 0.5373
11610.0000 591 317 0.5364
11611.8000 591 318 0.5381
11626.0000 592 318 0.5372
11640.2000 592 319 0.5389
11650.0000 593 319 0.5379
11664.3000 593 320 0.5396
11665.0000 594 320 0.5387
11668.9000 594 321 0.5404
11680.0000 595 321 0.5395
11687.6000 595 322 0.5412
11696.0000 596 322 0.5403
11710.9000 596 323 0.5419
11711.0000 597 323 0.5410
11731.0000 598 323 0.5401
11755.0000 599 323 0.5392
11771.0000 600 323 0.5383
11789.8000 600 324 0.5400
11790.0000 601 324 0.5391
11805.5000 601 325 0.5408
11809.0000 602 325 0.5399
11827.0000 603 325 0.5390
11830.8000 603 326 0.5406
11851.0000 604 326 0.5397
11867.0000 605 326 0.5388
11872.0000 605 327 0.5405
11885.0000 606 327 0.5396
11907.0000 607 327 0.5387
11929.0000 608 327 0.5378
11932.5000 608 328 0.5395
11940.3000 608 329 0.5411
11948.0000 609 329 0.5402
11971.0000 610 329 0.5393
11987.5000 610 330 0.5410
11995.0000 611 330 0.5401
12005.8000 611 331 0.5417
12012.0000 612 331 0.5408
12018.6000 612 332 0.5425
12033.0000 613 332 0.5416
12043.4000 613 333 0.5432
12048.0000 614 333 0.5423
12051.8000 614 334 0.5440
12066.6000 614 335 0.5456
12070.0000 615 335 0.5447
12073.0000 615 336 0.5463
12088.0000 616 336 0.5455
12104.0000 617 336 0.5446
12124.0000 618 336 0.5437
12142.1000 618 337 0.5453
12145.0000 619 337 0.5444
12153.5000 619 338 0.5460
12154.5000 619 339 0.5477
12165.0000 620 339 0.5468
12184.3000 620 340 0.5484
12189.0000 621 340 0.5475
12209.0000 622 340 0.5466
12210.0000 622 341 0.5482
12218.2000 622 342 0.5498
12226.0000 623 342 0.5490
12249.0000 624 342 0.5481
12261.6000 624 343 0.5497
12270.0000 625 343 0.5488
12287.0000 626 343 0.5479
12288.8000 626 344 0.5495
12295.7000 626 345 0.5511
12296.3000 626 346 0.5527
12304.8000 626 347 0.5543
12305.0000 627 347 0.5534
12314.5000 627 348 0.5550
12316.8000 627 349 0.5566
12323.0000 628 349 0.5557
12329.4000 628 350 0.5573
12339.0000 629 350 0.5564
12358.0000 630 350 0.5556
12377.0000 631 350 0.5547
12389.5000 631 351 0.5563
12399.0000 632 351 0.5554
12421.0000 633 351 0.5545
12435.4000 633 352 0.5561
12437.3000 633 353 0.5577
12444.0000 634 353 0.5568
12463.0000 635 353 0.5559
12474.8000 635 354 0.5575
12479.0000 636 354 0.5566
12486.2000 636 355 0.5582
12497.0000 637 355 0.5573
12507.6000 637 356 0.5589
12518.0000 638 356 0.5580
12536.2000 638 357 0.5596
12538.0000 639 357 0.5587
12543.2000 639 358 0.5603
12556.0000 640 358 0.5594
12556.6000 640 359 0.5609
12575.0000 641 359 0.5601
12582.2000 641 360 0.5616
12596.0000 642 360 0.5607
12611.0000 643 360 0.5599
12635.0000 644 360 0.5590
12655.0000 645 360 0.5581
12668.4000 645 361 0.5597
12669.5000 645 362 0.5612
12672.0000 646 362 0.5604
12689.5000 646 363 0.5619
12691.0000 647 363 0.5611
12713.0000 648 363 0.5602
12720.7000 648 364 0.5617
12726.0000 648 365 0.5633
12727.4000 648 366 0.5648
12730.7000 648 367 0.5664
12732.3000 648 368 0.5679
12733.6000 648 369 0.5694
12737.0000 649 369 0.5686
12761.0000 650 369 0.5677
12781.0000 651 369 0.5668
12798.0000 652 369 0.5660
12818.0000 653 369 0.5651
12830.3000 653 370 0.5666
12839.0000 654 370 0.5657
12863.0000 655 370 0.5649
12884.0000 656 370 0.5640
12893.1000 656 371 0.5655
12901.0000 657 371 0.5647
12919.0000 658 371 0.5638
12936.0000 659 371 0.5630
12954.0000 660 371 0.5621
12960.2000 660 372 0.5636
12971.0000 661 372 0.5628
12986.0000 662 372 0.5619
12993.5000 662 373 0.5634
13009.0000 663 373 0.5626
13018.3000 663 374 0.5641
13022.3000 663 375 0.5656
13029.0000 664 375 0.5648
13042.8000 664 376 0.5663
13047.0000 664 377 0.5678
13048.0000 665 377 0.5669
13049.7000 665 378 0.5684
13069.0000 666 378 0.5676
13080.5000 666 379 0.5691
13090.0000 667 379 0.5682
13112.0000 668 379 0.5674
13132.3000 668 380 0.5689
13134.3000 668 381 0.5704
13135.0000 669 381 0.5695
13146.6000 669 382 0.5710
13157.0000 670 382 0.5701
13175.0000 671 382 0.5693
13198.0000 672 382 0.5685
13200.2000 672 383 0.5699
13222.0000 673 383 0.5691
13237.0000 674 383 0.5682
13261.0000 675 383 0.5674
13279.0000 676 383 0.5666
13280.5000 676 384 0.5680
13290.8000 676 385 0.5695
13303.0000 677 385 0.5687
13327.0000 678 385 0.5678
13341.1000 678 386 0.5693
13344.0000 679 386 0.5685
13360.0000 679 387 0.5700
13362.4000 679 388 0.5714
13367.0000 680 388 0.5706
13375.1000 680 389 0.5721
13380.6000 680 390 0.5735
13385.0000 681 390 0.5727
13385.8000 681 391 0.5742
13387.8000 681 392 0.5756
13400.0000 682 392 0.5748
13422.0000 683 392 0.5739
13439.0000 684 392 0.5731
13462.2000 684 393 0.5746
13463.0000 685 393 0.5737
13466.2000 685 394 0.5752
13485.0000 686 394 0.5743
13501.0000 687 394 0.5735
13522.0000 688 394 0.5727
13543.0000 689 394 0.5718
13558.0000 690 394 0.5710
13572.0000 690 395 0.5725
13578.0000 691 395 0.5716
13581.9000 691 396 0.5731
13588.9000 691 397 0.5745
13597.0000 692 397 0.5737
13601.2000 692 398 0.5751
13606.1000 692 399 0.5766
13606.8000 692 400 0.5780
13612.0000 693 400 0.5772
13622.2000 693 401 0.5786
13633.0000 694 401 0.5778
13654.0000 695 401 0.5770
13669.7000 695 402 0.5784
13674.0000 696 402 0.5776
13689.0000 697 402 0.5768
13701.0000 697 403 0.5782
13713.0000 698 403 0.5774
13732.6000 698 404 0.5788
13733.0000 699 404 0.5780
13737.5000 699 405 0.5794
13750.0000 700 405 0.5786
13770.6000 700 406 0.5800
13771.0000 701 406 0.5792
13787.0000 702 406 0.5783
13808.0000 703 406 0.5775
13814.5000 703 407 0.5789
13831.0000 704 407 0.5781
13845.8000 704 408 0.5795
13853.0000 705 408 0.5787
13874.0000 706 408 0.5779
13894.0000 707 408 0.5771
13915.0000 708 408 0.5763
13937.0000 709 408 0.5755
13952.0000 710 408 0.5746
13955.8000 710 409 0.5761
13976.0000 711 409 0.5752
13984.9000 711 410 0.5767
13994.0000 712 410 0.5758
14011.0000 713 410 0.5750
14013.3000 713 411 0.5764
14032.0000 714 411 0.5756
14056.0000 715 411 0.5748
14071.0000 715 412 0.5762
14077.0000 716 412 0.5754
14092.0000 717 412 0.5746
14107.0000 718 412 0.5738
14108.3000 718 413 0.5752
14123.0000 719 413 0.5744
14141.4000 719 414 0.5758
14147.0000 720 414 0.5750
14167.0000 721 414 0.5742
14173.7000 721 415 0.5756
14186.0000 722 415 0.5748
14204.0000 723 415 0.5740
14208.3000 723 416 0.5754
14222.5000 723 417 0.5768
14225.0000 724 417 0.5760
14245.0000 725 417 0.5752
14267.0000 726 417 0.5744
14283.7000 726 418 0.5758
14286.0000 727 418 0.5750
14304.0000 728 418 0.5742
14323.0000 729 418 0.5734
14342.0000 729 419 0.5748
14343.0000 730 419 0.5740
14363.0000 731 419 0.5732
14379.1000 731 420 0.5746
14385.0000 732 420 0.5738
14404.0000 733 420 0.5730
14420.0000 734 420 0.5722
14433.2000 734 421 0.5736
14435.0000 734 422 0.5749
14441.0000 735 422 0.5741
14456.0000 736 422 0.5734
14466.4000 736 423 0.5747
14475.0000 737 423 0.5739
14499.0000 738 423 0.5732
14523.0000 739 423 0.5724
14535.1000 739 424 0.5737
14544.0000 740 424 0.5730
14568.0000 741 424 0.5722
14569.2000 741 425 0.5735
14572.2000 741 426 0.5749
14588.0000 742 426 0.5741
14603.0000 743 426 0.5734
14618.0000 744 426 0.5726
14620.4000 744 427 0.5739
14629.4000 744 428 0.5753
14639.0000 745 428 0.5745
14655.0000 746 428 0.5737
14657.4000 746 429 0.5751
14676.0000 747 429 0.5743
14696.0000 748 429 0.5735
14718.0000 749 429 0.5728
14736.0000 750 429 0.5720
14746.0000 750 430 0.5733
14756.0000 751 430 0.5726
14762.4000 751 431 0.5739
14773.0000 752 431 0.5731
14790.0000 753 431 0.5724
14809.0000 754 431 0.5716
14819.0000 754 432 0.5729
14830.5000 754 433 0.5743
14831.0000 755 433 0.5735
14848.0000 756 433 0.5728
14867.0000 757 433 0.5720
14889.0000 758 433 0.5712
14905.0000 759 433 0.5705
14905.1000 759 434 0.5718
14927.0000 760 434 0.5711
14942.0000 761 434 0.5703
14960.3000 761 435 0.5716
14961.0000 762 435 0.5709
14975.8000 762 436 0.5722
14984.0000 763 436 0.5714
14999.0000 764 436 0.5707
15001.4000 764 437 0.5720
15021.0000 765 437 0.5712
15041.0000 766 437 0.5705
15058.0000 767 437 0.5698
15074.0000 768 437 0.5690
15083.7000 768 438 0.5703
15093.0000 769 438 0.5696
15101.5000 769 439 0.5709
15114.0000 770 439 0.5701
15125.1000 770 440 0.5714
15132.0000 771 440 0.5707
15149.0000 772 440 0.5699
15172.0000 773 440 0.5692
15181.1000 773 441 0.5705
15181.5000 773 442 0.5718
15182.2000 773 443 0.5731
15190.0000 774 443 0.5724
15212.0000 775 443 0.5716
15235.0000 776 443 0.5709
15256.0000 777 443 0.5701
15266.0000 777 444 0.5714
15280.0000 778 444 0.5707
15288.6000 778 445 0.5720
15297.0000 779 445 0.5712
15318.0000 780 445 0.5705
15321.4000 780 446 0.5718
15336.0000 781 446 0.5711
15360.0000 782 446 0.5703
15381.0000 783 446 0.5696
15390.4000 783 447 0.5709
15390.8000 783 448 0.5722
15397.1000 783 449 0.5734
15399.0000 784 449 0.5727
15419.0000 785 449 0.5720
15439.2000 785 450 0.5732
15441.0000 786 450 0.5725
15459.6000 786 451 0.5738
15465.0000 787 451 0.5731
15482.0000 788 451 0.5723
15495.3000 788 452 0.5736
15504.0000 789 452 0.5729
15517.2000 789 453 0.5741
15526.0000 790 453 0.5734
15546.2000 790 454 0.5747
15547.0000 791 454 0.5740
15569.0000 792 454 0.5732
15583.0000 792 455 0.5745
15591.0000 793 455 0.5738
15615.0000 794 455 0.5730
15632.0000 795 455 0.5723
15640.2000 795 456 0.5736
15651.0000 796 456 0.5729
15666.0000 797 456 0.5721
15679.6000 797 457 0.5734
15681.0000 797 458 0.5747
15684.0000 798 458 0.5739
15708.0000 799 458 0.5732
15724.0000 800 458 0.5725
15745.4000 800 459 0.5738
15746.0000 801 459 0.5730
15764.0000 802 459 0.5723
15772.1000 802 460 0.5736
15780.2000 802 461 0.5748
15782.0000 803 461 0.5741
15782.0000 803 462 0.5753
15793.3000 803 463 0.5766
15799.0000 804 463 0.5759
15815.0000 805 463 0.5752
15829.9000 805 464 0.5764
15838.0000 806 464 0.5757
15854.0000 807 464 0.5750
15873.0000 808 464 0.5743
15880.0000 808 465 0.5755
15891.0000 808 466 0.5767
15894.0000 809 466 0.5760
15909.0000 810 466 0.5753
15922.6000 810 467 0.5765
15927.0000 811 467 0.5758
15948.0000 812 467 0.5751
15953.1000 812 468 0.5764
15957.2000 812 469 0.5776
15967.0000 813 469 0.5769
15981.4000 813 470 0.5781
15990.0000 814 470 0.5774
16004.8000 814 471 0.5786
16010.0000 815 471 0.5779
16027.0000 816 471 0.5772
16042.0000 817 471 0.5765
16056.0000 817 472 0.5777
16061.0000 818 472 0.5770
16061.0000 818 473 0.5782
16080.0000 819 473 0.5775
16104.0000 820 473 0.5768
16124.0000 821 473 0.5761
16139.0000 822 473 0.5754
16155.0000 823 473 0.5747
16175.0000 824 473 0.5740
16196.0000 825 473 0.5733
16199.9000 825 474 0.5745
16212.0000 826 474 0.5738
16220.0000 826 475 0.5751
16230.0000 827 475 0.5744
16232.5000 827 476 0.5756
16245.0000 828 476 0.5749
16261.0000 829 476 0.5742
16275.6000 829 477 0.5754
16281.0000 830 477 0.5747
16295.8000 830 478 0.5759
16299.9000 830 479 0.5771
16301.0000 831 479 0.5764
16309.2000 831 480 0.5776
16309.3000 831 481 0.5788
16322.0000 832 481 0.5781
16330.4000 832 482 0.5793
16338.0000 833 482 0.5786
16357.0000 834 482 0.5779
16367.3000 834 483 0.5791
16380.0000 835 483 0.5784
16391.3000 835 484 0.5796
16399.0000 836 484 0.5789
16416.0000 837 484 0.5783
16433.0000 838 484 0.5776
16455.0000 839 484 0.5769
16479.0000 840 484 0.5762
16479.3000 840 485 0.5774
16503.0000 841 485 0.5767
16505.2000 841 486 0.5779
16520.1000 841 487 0.5791
16526.0000 842 487 0.5784
16547.0000 843 487 0.5777
16568.0000 844 487 0.5770
16588.9000 844 488 0.5782
16589.0000 845 488 0.5775
16610.0000 846 488 0.5768
16627.3000 846 489 0.5780
16628.0000 847 489 0.5773
16629.7000 847 490 0.5785
16646.0000 848 490 0.5778
16662.0000 849 490 0.5771
16682.0000 850 490 0.5765
16699.0000 851 490 0.5758
16720.6000 851 491 0.5770
16721.7000 851 492 0.5781
16723.0000 852 492 0.5775
16745.0000 853 492 0.5768
16747.7000 853 493 0.5780
16760.0000 854 493 0.5773
16783.0000 855 493 0.5766
16784.7000 855 494 0.5778
16800.0000 856 494 0.5771
16802.4000 856 495 0.5783
16818.0000 857 495 0.5776
16835.0000 858 495 0.5769
16840.9000 858 496 0.5781
16852.1000 858 497 0.5793
16858.0000 859 497 0.5786
16881.0000 860 497 0.5779
16901.0000 861 497 0.5772
16917.0000 862 497 0.5766
16935.0000 863 497 0.5759
16959.0000 864 497 0.5752
16980.0000 865 497 0.5746
16986.0000 865 498 0.5757
16997.0000 866 498 0.5751
17017.4000 866 499 0.5762
17021.0000 867 499 0.5755
17037.5000 867 500 0.5767
17040.0000 868 500 0.5760
17048.1000 868 501 0.5772
17063.0000 869 501 0.5765
17071.2000 869 502 0.5777
17075.7000 869 503 0.5788
17077.3000 869 504 0.5800
17082.0000 870 504 0.5793
17105.0000 871 504 0.5786
17114.5000 871 505 0.5798
17115.1000 871 506 0.5809
17126.0000 872 506 0.5803
17143.0000 873 506 0.5796
17162.0000 874 506 0.5789
17181.0000 875 506 0.5783
17182.1000 875 507 0.5794
17202.0000 876 507 0.5788
17224.8000 876 508 0.5799
17225.0000 877 508 0.5792
17236.8000 877 509 0.5804
17240.0000 878 509 0.5797
17259.0000 879 509 0.5791
17278.0000 880 509 0.5784
17299.0000 881 509 0.5778
17318.0000 882 509 0.5771
17336.0000 883 509 0.5764
17353.0000 884 509 0.5758
17357.6000 884 510 0.5769
17370.0000 885 510 0.5763
17371.3000 885 511 0.5774
17393.6000 885 512 0.5785
17394.0000 886 512 0.5779
17404.8000 886 513 0.5790
17416.0000 887 513 0.5784
17439.0000 888 513 0.5777
17454.0000 889 513 0.5771
17469.2000 889 514 0.5782
17471.5000 889 515 0.5793
17477.0000 890 515 0.5787
17495.4000 890 516 0.5798
17497.0000 891 516 0.5791
17515.0000 892 516 0.5785
17535.0000 893 516 0.5778
17558.0000 894 516 0.5772
17574.0000 895 516 0.5765
17598.0000 896 516 0.5759
17600.7000 896 517 0.5770
17608.9000 896 518 0.5781
17619.0000 897 518 0.5775
17639.0000 898 518 0.5768
17654.0000 899 518 0.5762
17672.0000 900 518 0.5756
17673.1000 900 519 0.5767
17690.0000 901 519 0.5760
17710.0000 902 519 0.5754
17734.0000 903 519 0.5748
17751.0000 904 519 0.5741
17771.2000 904 520 0.5752
17773.8000 904 521 0.5763
17774.0000 905 521 0.5757
17785.2000 905 522 0.5768
17793.0000 906 522 0.5762
17808.0000 907 522 0.5755
17813.6000 907 523 0.5766
17814.5000 907 524 0.5777
17817.6000 907 525 0.5788
17826.0000 908 525 0.5782
17846.0000 909 525 0.5776
17864.0000 910 525 0.5769
17865.2000 910 526 0.5780
17884.0000 911 526 0.5774
17887.4000 911 527 0.5785
17899.0000 912 527 0.5779
17917.0000 913 527 0.5772
17934.5000 913 528 0.5783
17934.7000 913 529 0.5794
17935.9000 913 530 0.5805
17936.0000 914 530 0.5799
17943.3000 914 531 0.5810
17951.1000 914 532 0.5821
17958.0000 915 532 0.5814
17959.8000 915 533 0.5825
17974.3000 915 534 0.5836
17976.0000 916 534 0.5830
18000.0000 917 534 0.5823
18021.0000 918 534 0.5817
18040.0000 919 534 0.5811
18042.2000 919 535 0.5822
18059.0000 920 535 0.5815
18077.0000 921 535 0.5809
18084.5000 921 536 0.5820
18092.0000 922 536 0.5813
18108.9000 922 537 0.5824
18112.1000 922 538 0.5835
18113.0000 923 538 0.5829
18124.5000 923 539 0.5840
18132.0000 924 539 0.5833
18151.6000 924 540 0.5844
18155.0000 925 540 0.5838
18169.3000 925 541 0.5849
18177.0000 926 541 0.5842
18190.2000 926 542 0.5853
18192.0000 927 542 0.5847
18207.8000 927 543 0.5858
18214.0000 928 543 0.5851
18221.6000 928 544 0.5862
18236.0000 929 544 0.5856
18259.0000 930 544 0.5849
18269.8000 930 545 0.5860
18275.0000 931 545 0.5854
18298.0000 932 545 0.5848
18321.0000 933 545 0.5841
18340.0000 934 545 0.5835
18342.8000 934 546 0.5846
18353.1000 934 547 0.5857
18364.0000 935 547 0.5850
18374.6000 935 548 0.5861
18383.0000 936 548 0.5855
18389.7000 936 549 0.5865
18402.0000 937 549 0.5859
18425.0000 938 549 0.5853
18448.1000 938 550 0.5864
18449.0000 939 550 0.5857
18461.5000 939 551 0.5868
18471.3000 939 552 0.5879
18473.0000 940 552 0.5872
18488.0000 941 552 0.5866
18512.0000 942 552 0.5860
18534.0000 943 552 0.5854
18549.0000 944 552 0.5847
18570.0000 945 552 0.5841
18574.1000 945 553 0.5852
18576.1000 945 554 0.5862
18587.5000 945 555 0.5873
18590.0000 946 555 0.5867
18613.0000 947 555 0.5861
18627.9000 947 556 0.5871
18632.0000 948 556 0.5865
18651.1000 948 557 0.5876
18653.0000 949 557 0.5869
18677.0000 950 557 0.5863
18696.0000 951 557 0.5857
18715.0000 952 557 0.5851
18719.0000 952 558 0.5861
18738.0000 953 558 0.5855
18753.0000 954 558 0.5849
18768.0000 955 558 0.5843
18784.0000 955 559 0.5853
18786.0000 956 559 0.5847
18800.2000 956 560 0.5858
18809.0000 957 560 0.5852
18828.0000 958 560 0.5846
18828.0000 958 561 0.5856
18841.2000 958 562 0.5866
18845.0000 959 562 0.5860
18849.6000 959 563 0.5871
18859.4000 959 564 0.5881
18862.0000 960 564 0.5875
18884.0000 961 564 0.5869
18894.5000 961 565 0.5879
18899.0000 962 565 0.5873
18922.0000 963 565 0.5867
18939.0000 964 565 0.5861
18956.0000 965 565 0.5855
18957.5000 965 566 0.5865
18977.0000 966 566 0.5859
18993.0000 967 566 0.5853
18993.4000 967 567 0.5863
19015.0000 968 567 0.5857
19028.2000 968 568 0.5868
19037.0000 969 568 0.5862
19055.0000 970 568 0.5856
19072.0000 971 568 0.5850
19083.7000 971 569 0.5860
19087.0000 972 569 0.5854
19095.5000 972 570 0.5864
19108.0000 973 570 0.5858
19129.0000 974 570 0.5852
19151.0000 975 570 0.5846
19161.8000 975 571 0.5856
19173.0000 976 571 0.5850
19192.0000 977 571 0.5844
19211.0000 978 571 0.5838
19231.0000 979 571 0.5832
19254.0000 980 571 0.5827
19277.0000 981 571 0.5821
19301.0000 982 571 0.5815
19313.4000 982 572 0.5825
19316.0000 983 572 0.5819
19340.0000 984 572 0.5813
19355.0000 985 572 0.5807
19364.2000 985 573 0.5817
19373.0000 986 573 0.5811
19391.0000 987 573 0.5805
19406.0000 988 573 0.5800
19418.6000 988 574 0.5810
19423.0000 989 574 0.5804
19439.0000 990 574 0.5798
19455.0000 991 574 0.5792
19477.0000 991 575 0.5802
19479.0000 992 575 0.5796
19496.9000 992 576 0.5806
19497.0000 993 576 0.5801
19500.5000 993 577 0.5811
19521.0000 994 577 0.5805
19524.5000 994 578 0.5815
19539.6000 994 579 0.5825
19542.0000 995 579 0.5819
19565.0000 996 579 0.5813
19576.3000 996 580 0.5823
19586.0000 997 580 0.5817
19589.2000 997 581 0.5827
19595.7000 997 582 0.5838
19596.9000 997 583 0.5848
19601.0000 998 583 0.5842
19622.0000 999 583 0.5836
19623.8000 999 584 0.5846
19628.8000 999 585 0.5856
19641.0000 1000 585 0.5850
19660.0000 1001 585 0.5844
19677.0000 1002 585 0.5838
19692.0000 1003 585 0.5833
19716.0000 1004 585 0.5827
19725.2000 1004 586 0.5837
19739.0000 1005 586 0.5831
19755.0000 1006 586 0.5825
19766.8000 1006 587 0.5835
19770.0000 1007 587 0.5829
19783.2000 1007 588 0.5839
19792.0000 1008 588 0.5833
19815.0000 1009 588 0.5828
19816.1000 1009 589 0.5837
19826.7000 1009 590 0.5847
19833.0000 1010 590 0.5842
19839.8000 1010 591 0.5851
19840.7000 1010 592 0.5861
19848.4000 1010 593 0.5871
19852.0000 1011 593 0.5865
19876.0000 1012 593 0.5860
19891.0000 1013 593 0.5854
19893.1000 1013 594 0.5864
19895.4000 1013 595 0.5874
19908.0000 1014 595 0.5868
19924.9000 1014 596 0.5878
19932.0000 1015 596 0.5872
19956.0000 1016 596 0.5866
19968.8000 1016 597 0.5876
19970.9000 1016 598 0.5886
19976.0000 1017 598 0.5880
19998.0000 1018 598 0.5874
20019.0000 1019 598 0.5868
20034.0000 1020 598 0.5863
20039.7000 1020 599 0.5873
20054.8000 1020 600 0.5882
20054.9000 1020 601 0.5892
20057.0000 1021 601 0.5886
20075.0000 1022 601 0.5881
20094.0000 1023 601 0.5875
20097.1000 1023 602 0.5885
20118.0000 1024 602 0.5879
20135.0000 1025 602 0.5873
20157.0000 1026 602 0.5867
20179.0000 1027 602 0.5862
20186.0000 1027 603 0.5871
20197.0000 1028 603 0.5866
20204.0000 1028 604 0.5875
20204.5000 1028 605 0.5885
20221.0000 1029 605 0.5879
20237.0000 1030 605 0.5874
20244.9000 1030 606 0.5883
20259.0000 1031 606 0.5878
20276.0000 1032 606 0.5872
20293.0000 1033 606 0.5866
20308.0000 1034 606 0.5861
20327.0000 1035 606 0.5855
20349.5000 1035 607 0.5865
20350.0000 1036 607 0.5859
20366.0000 1037 607 0.5853
20373.1000 1037 608 0.5863
20373.6000 1037 609 0.5873
20385.0000 1038 609 0.5867
20390.9000 1038 610 0.5877
20401.0000 1039 610 0.5871
20421.0000 1040 610 0.5865
20437.0000 1041 610 0.5860
20461.0000 1042 610 0.5854
20485.0000 1043 610 0.5849
20500.7000 1043 611 0.5858
20508.0000 1044 611 0.5852
20532.0000 1045 611 0.5847
20533.4000 1045 612 0.5856
20554.0000 1046 612 0.5851
20576.0000 1047 612 0.5845
20594.0000 1048 612 0.5840
20611.0000 1049 612 0.5834
20612.3000 1049 613 0.5844
20635.0000 1050 613 0.5838
20655.0000 1051 613 0.5833
20673.0000 1052 613 0.5827
20691.0000 1053 613 0.5821
20706.0000 1054 613 0.5816
20724.0000 1055 613 0.5810
20744.0000 1056 613 0.5805
20753.9000 1056 614 0.5814
20764.7000 1056 615 0.5824
20766.0000 1057 615 0.5818
20782.0000 1058 615 0.5813
20787.9000 1058 616 0.5822
20790.0000 1058 617 0.5832
20800.0000 1059 617 0.5826
20801.3000 1059 618 0.5836
20821.0000 1060 618 0.5830
20839.1000 1060 619 0.5840
20844.0000 1061 619 0.5834
20854.2000 1061 620 0.5844
20855.4000 1061 621 0.5853
20857.6000 1061 622 0.5862
20860.6000 1061 623 0.5872
20864.0000 1062 623 0.5866
20888.0000 1063 623 0.5861
20911.0000 1064 623 0.5855
20931.0000 1065 623 0.5850
20952.0000 1066 623 0.5844
20965.5000 1066 624 0.5854
20968.0000 1067 624 0.5848
20970.7000 1067 625 0.5858
20978.5000 1067 626 0.5867
20978.6000 1067 627 0.5876
20979.2000 1067 628 0.5886
20987.6000 1067 629 0.5895
20990.0000 1068 629 0.5890
21003.8000 1068 630 0.5899
21004.6000 1068 631 0.5908
21007.0000 1069 631 0.5903
21008.6000 1069 632 0.5912
21031.0000 1070 632 0.5907
21055.0000 1071 632 0.5901
21072.3000 1071 633 0.5910
21076.7000 1071 634 0.5920
21077.0000 1072 634 0.5914
21078.2000 1072 635 0.5924
21081.9000 1072 636 0.5933
21092.0000 1073 636 0.5927
21116.0000 1074 636 0.5922
21122.8000 1074 637 0.5931
21132.0000 1075 637 0.5926
21148.0000 1076 637 0.5920
21166.0000 1077 637 0.5915
21184.0000 1078 637 0.5909
21186.8000 1078 638 0.5918
21189.4000 1078 639 0.5928
21190.5000 1078 640 0.5937
21191.0000 1078 641 0.5946
21204.0000 1079 641 0.5941
21223.0000 1080 641 0.5935
21226.0000 1080 642 0.5944
21235.3000 1080 643 0.5954
21247.0000 1081 643 0.5948
21271.0000 1082 643 0.5943
21288.3000 1082 644 0.5952
21292.0000 1083 644 0.5946
21309.0000 1084 644 0.5941
21325.4000 1084 645 0.5950
21327.0000 1085 645 0.5945
21351.0000 1086 645 0.5939
21353.6000 1086 646 0.5948
21357.7000 1086 647 0.5958
21367.7000 1086 648 0.5967
21368.0000 1087 648 0.5961
21370.7000 1087 649 0.5971
21371.7000 1087 650 0.5980
21387.0000 1088 650 0.5974
21407.0000 1089 650 0.5969
21407.4000 1089 651 0.5978
21419.0000 1089 652 0.5987
21420.5000 1089 653 0.5996
21423.5000 1089 654 0.6006
21424.0000 1090 654 0.6000
21444.0000 1091 654 0.5995
21460.9000 1091 655 0.6004
21463.0000 1092 655 0.5998
21475.0000 1092 656 0.6007
21483.0000 1093 656 0.6002
21497.5000 1093 657 0.6011
21501.7000 1093 658 0.6020
21503.3000 1093 659 0.6029
21505.0000 1094 659 0.6024
21519.4000 1094 660 0.6033
21523.0000 1095 660 0.6027
21539.0000 1096 660 0.6022
21540.3000 1096 661 0.6031
21556.0000 1097 661 0.6026
21577.0000 1098 661 0.6020
21599.0000 1099 661 0.6015
21615.0000 1100 661 0.6009
21632.0000 1101 661 0.6004
21648.0000 1102 661 0.5998
21648.8000 1102 662 0.6007
21665.0000 1103 662 0.6002
21665.4000 1103 663 0.6011
21677.4000 1103 664 0.6020
21689.0000 1104 664 0.6014
21707.0000 1105 664 0.6009
21713.3000 1105 665 0.6018
21731.0000 1106 665 0.6013
21753.9000 1106 666 0.6022
21755.0000 1107 666 0.6016
21777.0000 1108 666 0.6011
21794.0000 1109 666 0.6005
21818.0000 1110 666 0.6000
21837.0000 1111 666 0.5995
21851.6000 1111 667 0.6004
21854.5000 1111 668 0.6013
21860.0000 1112 668 0.6007
21872.6000 1112 669 0.6016
21883.0000 1113 669 0.6011
21898.0000 1114 669 0.6005
21901.6000 1114 670 0.6014
21916.0000 1115 670 0.6009
21939.0000 1116 670 0.6004
21941.3000 1116 671 0.6013
21949.4000 1116 672 0.6022
21960.0000 1117 672 0.6016
21971.6000 1117 673 0.6025
21976.0000 1118 673 0.6020
21999.0000 1119 673 0.6014
22018.1000 1119 674 0.6023
22022.0000 1120 674 0.6018
22029.9000 1120 675 0.6027
22041.0000 1121 675 0.6021
22061.0000 1122 675 0.6016
22078.0000 1123 675 0.6011
22101.0000 1124 675 0.6005
22121.0000 1125 675 0.6000
22124.3000 1125 676 0.6009
22140.0000 1126 676 0.6004
22143.1000 1126 677 0.6012
22159.0000 1127 677 0.6007
22165.8000 1127 678 0.6016
22172.5000 1127 679 0.6025
22183.0000 1128 679 0.6020
22199.0000 1129 679 0.6014
22205.4000 1129 680 0.6023
22218.0000 1130 680 0.6018
22242.0000 1131 680 0.6012
22259.5000 1131 681 0.6021
22262.1000 1131 682 0.6030
22263.0000 1132 682 0.6025
22281.0000 1133 682 0.6019
22304.0000 1134 682 0.6014
22317.9000 1134 683 0.6023
22322.0000 1135 683 0.6018
22329.9000 1135 684 0.6026
22335.9000 1135 685 0.6035
22345.0000 1135 686 0.6044
22346.0000 1136 686 0.6039
22363.0000 1137 686 0.6033
22385.0000 1138 686 0.6028
22388.9000 1138 687 0.6037
22405.0000 1139 687 0.6032
22420.0000 1140 687 0.6026
22444.0000 1141 687 0.6021
22445.7000 1141 688 0.6030
22448.9000 1141 689 0.6039
22464.0000 1142 689 0.6033
22470.4000 1142 690 0.6042
22482.0000 1143 690 0.6037
22491.6000 1143 691 0.6045
22500.0000 1144 691 0.6040
22503.3000 1144 692 0.6049
22521.0000 1145 692 0.6044
22543.6000 1145 693 0.6052
22544.0000 1146 693 0.6047
22560.0000 1147 693 0.6042
22578.0000 1148 693 0.6037
22594.7000 1148 694 0.6045
22595.0000 1149 694 0.6040
22613.0000 1150 694 0.6035
22620.7000 1150 695 0.6043
22628.0000 1151 695 0.6038
22648.0000 1152 695 0.6033
22666.0000 1153 695 0.6028
22669.9000 1153 696 0.6036
22682.0000 1153 697 0.6045
22682.0000 1154 697 0.6040
22698.0000 1155 697 0.6035
22708.0000 1155 698 0.6043
22713.0000 1156 698 0.6038
22717.4000 1156 699 0.6047
22724.9000 1156 700 0.6055
22726.9000 1156 701 0.6064
22735.0000 1157 701 0.6059
22751.7000 1157 702 0.6067
22758.0000 1158 702 0.6062
22779.0000 1159 702 0.6057
22781.5000 1159 703 0.6066
22799.0000 1160 703 0.6060
22802.8000 1160 704 0.6069
22820.0000 1161 704 0.6064
22824.6000 1161 705 0.6072
22835.0000 1162 705 0.6067
22850.0000 1163 705 0.6062
22869.0000 1164 705 0.6057
22891.0000 1165 705 0.6052
22905.8000 1165 706 0.6060
22905.8000 1165 707 0.6069
22913.0000 1166 707 0.6063
22914.8000 1166 708 0.6072
22931.0000 1167 708 0.6067
22946.1000 1167 709 0.6075
22954.0000 1168 709 0.6070
22962.7000 1168 710 0.6079
22971.0000 1169 710 0.6074
22978.7000 1169 711 0.6082
22991.0000 1170 711 0.6077
23007.0000 1171 711 0.6072
23031.0000 1172 711 0.6067
23039.4000 1172 712 0.6075
23047.0000 1173 712 0.6070
23047.9000 1173 713 0.6078
23054.0000 1173 714 0.6087
23070.0000 1174 714 0.6082
23074.4000 1174 715 0.6090
23085.0000 1175 715 0.6085
23106.0000 1176 715 0.6080
23109.1000 1176 716 0.6088
23118.3000 1176 717 0.6097
23127.0000 1177 717 0.6092
23147.6000 1177 718 0.6100
23149.0000 1178 718 0.6095
23156.2000 1178 719 0.6104
23165.0000 1179 719 0.6098
23179.9000 1179 720 0.6107
23180.0000 1180 720 0.6102
23183.0000 1180 721 0.6110
23185.9000 1180 722 0.6119
23198.0000 1181 722 0.6113
23214.0000 1182 722 0.6108
23220.3000 1182 723 0.6117
23238.0000 1183 723 0.6112
23252.6000 1183 724 0.6120
23256.3000 1183 725 0.6128
23258.0000 1184 725 0.6123
23268.5000 1184 726 0.6132
23276.7000 1184 727 0.6140
23280.0000 1185 727 0.6135
23287.8000 1185 728 0.6143
23295.0000 1186 728 0.6138
23304.1000 1186 729 0.6147
23319.0000 1187 729 0.6142
23339.0000 1188 729 0.6136
23354.2000 1188 730 0.6145
23354.6000 1188 731 0.6153
23360.0000 1189 731 0.6148
23377.0000 1190 731 0.6143
23393.0000 1191 731 0.6138
23409.0000 1192 731 0.6133
23428.0000 1193 731 0.6127
23445.0000 1194 731 0.6122
23463.8000 1194 732 0.6131
23464.0000 1195 732 0.6126
23466.7000 1195 733 0.6134
23472.5000 1195 734 0.6142
23482.0000 1196 734 0.6137
23498.0000 1197 734 0.6132
23501.9000 1197 735 0.6140
23505.2000 1197 736 0.6149
23516.0000 1198 736 0.6144
23531.2000 1198 737 0.6152
23532.0000 1199 737 0.6147
23547.0000 1200 737 0.6142
23558.7000 1200 738 0.6150
23565.9000 1200 739 0.6158
23568.0000 1201 739 0.6153
23589.0000 1202 739 0.6148
23602.7000 1202 740 0.6156
23613.0000 1203 740 0.6151
23629.0000 1204 740 0.6146
23647.0000 1205 740 0.6141
23654.8000 1205 741 0.6149
23662.0000 1206 741 0.6144
23678.4000 1206 742 0.6153
23681.0000 1207 742 0.6147
23687.0000 1207 743 0.6156
23694.2000 1207 744 0.6164
23700.0000 1207 745 0.6172
23702.0000 1208 745 0.6167
23710.9000 1208 746 0.6175
23722.4000 1208 747 0.6184
23726.0000 1209 747 0.6179
23741.0000 1210 747 0.6174
23760.0000 1211 747 0.6168
23768.8000 1211 748 0.6177
23773.6000 1211 749 0.6185
23775.9000 1211 750 0.6193
23778.0000 1212 750 0.6188
23798.0000 1213 750 0.6183
23817.0000 1214 750 0.6178
23823.0000 1214 751 0.6186
23837.0000 1215 751 0.6181
23843.7000 1215 752 0.6189
23846.7000 1215 753 0.6198
23849.8000 1215 754 0.6206
23859.0000 1216 754 0.6201
23874.0000 1217 754 0.6196
23895.0000 1218 754 0.6190
23916.0000 1219 754 0.6185
23937.0000 1220 754 0.6180
23961.0000 1221 754 0.6175
23962.4000 1221 755 0.6183
23970.3000 1221 756 0.6192
23981.0000 1222 756 0.6187
23985.1000 1222 757 0.6195
23991.1000 1222 758 0.6203
24004.0000 1223 758 0.6198
24012.3000 1223 759 0.6206
24026.0000 1224 759 0.6201
24031.1000 1224 760 0.6209
24037.4000 1224 761 0.6217
24042.7000 1224 762 0.6225
24043.0000 1225 762 0.6220
24062.0000 1226 762 0.6215
24077.5000 1226 763 0.6223
24079.0000 1227 763 0.6218
24095.0000 1228 763 0.6213
24103.4000 1228 764 0.6221
24110.0000 1229 764 0.6216
24134.0000 1230 764 0.6211
24157.0000 1231 764 0.6206
24179.0000 1232 764 0.6201
24192.1000 1232 765 0.6209
24192.8000 1232 766 0.6218
24195.0000 1232 767 0.6226
24198.2000 1232 768 0.6234
24203.0000 1233 768 0.6229
24222.0000 1234 768 0.6224
24245.0000 1235 768 0.6219
24262.0000 1236 768 0.6214
24268.9000 1236 769 0.6222
24286.0000 1237 769 0.6217
24293.0000 1237 770 0.6225
24305.0000 1238 770 0.6220
24314.2000 1238 771 0.6228
24326.0000 1239 771 0.6223
24328.1000 1239 772 0.6231
24341.7000 1239 773 0.6239
24349.0000 1240 773 0.6234
24361.5000 1240 774 0.6242
24368.0000 1241 774 0.6237
24369.3000 1241 775 0.6245
24379.5000 1241 776 0.6253
24383.0000 1242 776 0.6248
24407.0000 1243 776 0.6243
24427.0000 1244 776 0.6238
24438.7000 1244 777 0.6246
24444.1000 1244 778 0.6254
24445.2000 1244 779 0.6262
24447.0000 1245 779 0.6257
24468.0000 1246 779 0.6252
24473.7000 1246 780 0.6260
24475.7000 1246 781 0.6268
24479.5000 1246 782 0.6276
24483.1000 1246 783 0.6284
24490.0000 1247 783 0.6279
24494.9000 1247 784 0.6287
24505.6000 1247 785 0.6295
24514.0000 1248 785 0.6290
24530.0000 1249 785 0.6285
24548.5000 1249 786 0.6293
24553.0000 1250 786 0.6288
24568.0000 1251 786 0.6283
24591.0000 1252 786 0.6278
24607.0000 1253 786 0.6273
24624.0000 1254 786 0.6268
24641.0000 1255 786 0.6263
24652.9000 1255 787 0.6271
24653.7000 1255 788 0.6279
24656.0000 1256 788 0.6274
24666.0000 1256 789 0.6282
24677.0000 1257 789 0.6277
24679.0000 1257 790 0.6285
24693.0000 1258 790 0.6280
24702.9000 1258 791 0.6288
24705.0000 1258 792 0.6296
24712.0000 1259 792 0.6291
24736.0000 1260 792 0.6286
24748.7000 1260 793 0.6294
24751.0000 1261 793 0.6289
24768.0000 1262 793 0.6284
24773.9000 1262 794 0.6292
24790.0000 1263 794 0.6287
24809.0000 1264 794 0.6282
24824.0000 1265 794 0.6277
24831.5000 1265 795 0.6285
24832.7000 1265 796 0.6292
24844.0000 1266 796 0.6288
24857.2000 1266 797 0.6295
24867.0000 1267 797 0.6290
24870.4000 1267 798 0.6298
24883.0000 1268 798 0.6293
24898.8000 1268 799 0.6301
24906.0000 1269 799 0.6296
24921.0000 1270 799 0.6291
24945.0000 1271 799 0.6286
24963.0000 1272 799 0.6281
24971.9000 1272 800 0.6289
24980.0000 1273 800 0.6284
24999.0000 1274 800 0.6279
25015.0000 1275 800 0.6275
25022.8000 1275 801 0.6282
25028.1000 1275 802 0.6290
25034.0000 1276 802 0.6285
25055.0000 1277 802 0.6280
25074.0000 1278 802 0.6275
25078.3000 1278 803 0.6283
25095.0000 1279 803 0.6278
25106.8000 1279 804 0.6286
25107.0000 1279 805 0.6294
25116.1000 1279 806 0.6302
25119.0000 1280 806 0.6297
25138.0000 1281 806 0.6292
25162.0000 1282 806 0.6287
25183.0000 1283 806 0.6282
