# time  created  delivered  delivered/created
22.0000 1 0 0.0000
38.0000 2 0 0.0000
54.0000 3 0 0.0000
72.0000 4 0 0.0000
94.0000 5 0 0.0000
110.0000 6 0 0.0000
133.0000 7 0 0.0000
153.0000 8 0 0.0000
175.0000 9 0 0.0000
191.0000 10 0 0.0000
210.0000 11 0 0.0000
225.0000 12 0 0.0000
249.0000 13 0 0.0000
265.0000 14 0 0.0000
281.0000 15 0 0.0000
304.0000 16 0 0.0000
328.0000 17 0 0.0000
343.0000 18 0 0.0000
367.0000 19 0 0.0000
382.0000 20 0 0.0000
399.0000 21 0 0.0000
420.0000 22 0 0.0000
439.0000 23 0 0.0000
458.0000 24 0 0.0000
480.0000 25 0 0.0000
497.0000 26 0 0.0000
515.0000 27 0 0.0000
538.0000 28 0 0.0000
562.0000 29 0 0.0000
581.0000 30 0 0.0000
581.2000 30 1 0.0333
603.0000 31 1 0.0323
625.0000 32 1 0.0313
640.9000 32 2 0.0625
646.0000 33 2 0.0606
658.2000 33 3 0.0909
661.6000 33 4 0.1212
667.0000 34 4 0.1176
685.0000 35 4 0.1143
691.0000 35 5 0.1429
700.0000 36 5 0.1389
722.0000 37 5 0.1351
741.0000 38 5 0.1316
764.0000 39 5 0.1282
773.6000 39 6 0.1538
784.0000 40 6 0.1500
806.0000 41 6 0.1463
829.0000 42 6 0.1429
851.0000 43 6 0.1395
873.0000 44 6 0.1364
895.0000 45 6 0.1333
903.5000 45 7 0.1556
918.0000 46 7 0.1522
941.0000 47 7 0.1489
957.0000 48 7 0.1458
975.0000 49 7 0.1429
998.0000 50 7 0.1400
1018.0000 51 7 0.1373
1040.0000 52 7 0.1346
1056.0000 53 7 0.1321
1077.0000 54 7 0.1296
1096.0000 55 7 0.1273
1117.0000 56 7 0.1250
1137.0000 57 7 0.1228
1159.0000 58 7 0.1207
1179.0000 59 7 0.1186
1194.1000 59 8 0.1356
1201.0000 60 8 0.1333
1216.0000 61 8 0.1311
1225.1000 61 9 0.1475
1226.1000 61 10 0.1639
1232.0000 62 10 0.1613
1251.0000 63 10 0.1587
1268.0000 64 10 0.1563
1287.0000 65 10 0.1538
1308.0000 66 10 0.1515
1327.0000 67 10 0.1493
1342.0000 68 10 0.1471
1364.0000 69 10 0.1449
1381.8000 69 11 0.1594
1388.0000 70 11 0.1571
1397.1000 70 12 0.1714
1407.0000 70 13 0.1857
1407.0000 71 13 0.1831
1422.0000 72 13 0.1806
1442.0000 73 13 0.1781
1464.0000 74 13 0.1757
1475.3000 74 14 0.1892
1478.6000 74 15 0.2027
1479.0000 75 15 0.2000
1483.1000 75 16 0.2133
1500.0000 76 16 0.2105
1518.0000 77 16 0.2078
1542.0000 78 16 0.2051
1562.0000 79 16 0.2025
1577.0000 80 16 0.2000
1595.4000 80 17 0.2125
1600.0000 81 17 0.2099
1620.0000 82 17 0.2073
1637.0000 83 17 0.2048
1652.0000 84 17 0.2024
1673.0000 85 17 0.2000
1695.0000 86 17 0.1977
1706.4000 86 18 0.2093
1713.0000 87 18 0.2069
1736.2000 87 19 0.2184
1737.0000 88 19 0.2159
1739.4000 88 20 0.2273
1739.8000 88 21 0.2386
1760.0000 89 21 0.2360
1781.0000 90 21 0.2333
1804.0000 91 21 0.2308
1826.0000 92 21 0.2283
1849.0000 93 21 0.2258
1870.0000 94 21 0.2234
1880.0000 94 22 0.2340
1883.1000 94 23 0.2447
1890.0000 95 23 0.2421
1911.0000 96 23 0.2396
1929.0000 97 23 0.2371
1948.0000 98 23 0.2347
1965.0000 99 23 0.2323
1980.0000 100 23 0.2300
1989.9000 100 24 0.2400
2002.0000 101 24 0.2376
2024.0000 102 24 0.2353
2035.6000 102 25 0.2451
2041.0000 103 25 0.2427
2064.0000 104 25 0.2404
2080.0000 105 25 0.2381
2095.0000 106 25 0.2358
2111.7000 106 26 0.2453
2115.7000 106 27 0.2547
2119.0000 107 27 0.2523
2139.0000 108 27 0.2500
2142.8000 108 28 0.2593
2161.0000 109 28 0.2569
2178.0000 110 28 0.2545
2199.0000 111 28 0.2523
2213.8000 111 29 0.2613
2217.0000 111 30 0.2703
2222.0000 112 30 0.2679
2240.0000 113 30 0.2655
2259.0000 114 30 0.2632
2275.0000 115 30 0.2609
2295.0000 116 30 0.2586
2314.0000 117 30 0.2564
2325.2000 117 31 0.2650
2335.0000 118 31 0.2627
2354.0000 119 31 0.2605
2377.0000 120 31 0.2583
2396.0000 121 31 0.2562
2411.0000 122 31 0.2541
2412.0000 122 32 0.2623
2433.0000 123 32 0.2602
2452.0000 124 32 0.2581
2461.2000 124 33 0.2661
2464.9000 124 34 0.2742
2470.3000 124 35 0.2823
2474.0000 125 35 0.2800
2496.0000 126 35 0.2778
2511.0000 127 35 0.2756
2526.0000 128 35 0.2734
2531.5000 128 36 0.2813
2546.0000 129 36 0.2791
2553.7000 129 37 0.2868
2556.6000 129 38 0.2946
2563.0000 130 38 0.2923
2586.0000 131 38 0.2901
2601.0000 132 38 0.2879
2621.0000 133 38 0.2857
2641.0000 134 38 0.2836
2662.0000 135 38 0.2815
2678.0000 136 38 0.2794
2689.6000 136 39 0.2868
2693.0000 137 39 0.2847
2716.0000 138 39 0.2826
2735.0000 139 39 0.2806
2740.4000 139 40 0.2878
2754.0000 140 40 0.2857
2771.0000 141 40 0.2837
2788.0000 142 40 0.2817
2800.0000 142 41 0.2887
2807.0000 143 41 0.2867
2823.1000 143 42 0.2937
2831.0000 144 42 0.2917
2837.4000 144 43 0.2986
2853.0000 145 43 0.2966
2868.0000 146 43 0.2945
2872.2000 146 44 0.3014
2873.4000 146 45 0.3082
2891.0000 147 45 0.3061
2911.0000 148 45 0.3041
2911.3000 148 46 0.3108
2926.0000 149 46 0.3087
2942.0000 150 46 0.3067
2945.4000 150 47 0.3133
2962.0000 151 47 0.3113
2979.0000 152 47 0.3092
3003.0000 153 47 0.3072
3004.4000 153 48 0.3137
3024.0000 154 48 0.3117
3040.0000 155 48 0.3097
3061.0000 155 49 0.3161
3064.0000 156 49 0.3141
3065.8000 156 50 0.3205
3086.0000 157 50 0.3185
3086.4000 157 51 0.3248
3110.0000 158 51 0.3228
3120.5000 158 52 0.3291
3129.0000 159 52 0.3270
3130.0000 159 53 0.3333
3147.0000 160 53 0.3313
3166.0000 161 53 0.3292
3190.0000 162 53 0.3272
3210.0000 163 53 0.3252
3225.0000 164 53 0.3232
3243.0000 165 53 0.3212
3260.0000 166 53 0.3193
3273.3000 166 54 0.3253
3283.0000 167 54 0.3234
3305.0000 168 54 0.3214
3321.0000 169 54 0.3195
3329.5000 169 55 0.3254
3344.0000 170 55 0.3235
3362.8000 170 56 0.3294
3365.0000 171 56 0.3275
3385.0000 172 56 0.3256
3404.4000 172 57 0.3314
3408.0000 173 57 0.3295
3428.0000 174 57 0.3276
3429.2000 174 58 0.3333
3449.0000 175 58 0.3314
3461.2000 175 59 0.3371
3469.2000 175 60 0.3429
3472.0000 176 60 0.3409
3488.0000 177 60 0.3390
3503.5000 177 61 0.3446
3511.0000 178 61 0.3427
3512.4000 178 62 0.3483
3530.6000 178 63 0.3539
3535.0000 179 63 0.3520
3550.4000 179 64 0.3575
3552.0000 180 64 0.3556
3563.1000 180 65 0.3611
3566.2000 180 66 0.3667
3570.0000 181 66 0.3646
3575.8000 181 67 0.3702
3589.0000 182 67 0.3681
3604.0000 183 67 0.3661
3619.0000 184 67 0.3641
3638.0000 185 67 0.3622
3653.0000 186 67 0.3602
3669.0000 187 67 0.3583
3683.4000 187 68 0.3636
3689.0000 188 68 0.3617
3712.0000 189 68 0.3598
3730.0000 190 68 0.3579
3754.0000 191 68 0.3560
3771.0000 192 68 0.3542
3787.0000 193 68 0.3523
3809.0000 194 68 0.3505
3831.8000 194 69 0.3557
3832.0000 195 69 0.3538
3848.6000 195 70 0.3590
3854.0000 196 70 0.3571
3873.0000 197 70 0.3553
3882.0000 197 71 0.3604
3895.0000 198 71 0.3586
3919.0000 199 71 0.3568
3927.7000 199 72 0.3618
3938.0000 200 72 0.3600
3953.0000 200 73 0.3650
3955.0000 201 73 0.3632
3975.0000 202 73 0.3614
3996.0000 203 73 0.3596
4005.8000 203 74 0.3645
4012.0000 204 74 0.3627
4031.0000 205 74 0.3610
4052.0000 206 74 0.3592
4054.9000 206 75 0.3641
4058.7000 206 76 0.3689
4060.0000 206 77 0.3738
4061.0000 206 78 0.3786
4070.0000 207 78 0.3768
4094.0000 208 78 0.3750
4115.0000 209 78 0.3732
4134.0000 210 78 0.3714
4153.0000 211 78 0.3697
4171.0000 212 78 0.3679
4194.0000 213 78 0.3662
4208.3000 213 79 0.3709
4214.0000 214 79 0.3692
4220.2000 214 80 0.3738
4221.9000 214 81 0.3785
4224.3000 214 82 0.3832
4235.0000 215 82 0.3814
4244.9000 215 83 0.3860
4248.0000 215 84 0.3907
4251.0000 216 84 0.3889
4268.6000 216 85 0.3935
4272.0000 217 85 0.3917
4287.3000 217 86 0.3963
4290.0000 218 86 0.3945
4306.4000 218 87 0.3991
4308.6000 218 88 0.4037
4314.0000 219 88 0.4018
4338.0000 220 88 0.4000
4360.0000 221 88 0.3982
4365.4000 221 89 0.4027
4381.0000 222 89 0.4009
4400.0000 223 89 0.3991
4406.0000 223 90 0.4036
4419.0000 224 90 0.4018
4419.1000 224 91 0.4063
4434.0000 225 91 0.4044
4452.4000 225 92 0.4089
4458.0000 226 92 0.4071
4463.0000 226 93 0.4115
4476.0000 227 93 0.4097
4497.0000 228 93 0.4079
4515.0000 229 93 0.4061
4537.0000 230 93 0.4043
4556.0000 231 93 0.4026
4562.1000 231 94 0.4069
4563.8000 231 95 0.4113
4580.0000 232 95 0.4095
4597.0000 233 95 0.4077
4607.1000 233 96 0.4120
4611.8000 233 97 0.4163
4613.7000 233 98 0.4206
4614.0000 234 98 0.4188
4634.0000 235 98 0.4170
4655.0000 236 98 0.4153
4665.1000 236 99 0.4195
4672.0000 237 99 0.4177
4689.0000 238 99 0.4160
4699.4000 238 100 0.4202
4706.0000 239 100 0.4184
4729.0000 240 100 0.4167
4742.7000 240 101 0.4208
4747.0000 241 101 0.4191
4751.6000 241 102 0.4232
4762.0000 242 102 0.4215
4764.8000 242 103 0.4256
4783.0000 243 103 0.4239
4795.2000 243 104 0.4280
4807.0000 244 104 0.4262
4824.0000 245 104 0.4245
4848.0000 246 104 0.4228
4859.7000 246 105 0.4268
4867.0000 247 105 0.4251
4886.0000 248 105 0.4234
4909.0000 249 105 0.4217
4928.0000 250 105 0.4200
4932.1000 250 106 0.4240
4951.0000 251 106 0.4223
4966.0000 252 106 0.4206
4972.7000 252 107 0.4246
4986.0000 253 107 0.4229
4991.2000 253 108 0.4269
5010.0000 254 108 0.4252
5033.0000 255 108 0.4235
5048.0000 256 108 0.4219
5072.0000 257 108 0.4202
5076.2000 257 109 0.4241
5089.0000 258 109 0.4225
5103.9000 258 110 0.4264
5112.0000 259 110 0.4247
5131.0000 260 110 0.4231
5143.8000 260 111 0.4269
5151.0000 261 111 0.4253
5170.2000 261 112 0.4291
5175.0000 262 112 0.4275
5194.0000 263 112 0.4259
5215.0000 264 112 0.4242
5237.0000 265 112 0.4226
5254.0000 266 112 0.4211
5263.9000 266 113 0.4248
5269.0000 267 113 0.4232
5291.0000 268 113 0.4216
5307.0000 269 113 0.4201
5322.4000 269 114 0.4238
5324.0000 270 114 0.4222
5339.0000 271 114 0.4207
5355.3000 271 115 0.4244
5356.0000 272 115 0.4228
5356.7000 272 116 0.4265
5371.0000 273 116 0.4249
5387.0000 274 116 0.4234
5395.6000 274 117 0.4270
5410.0000 275 117 0.4255
5410.3000 275 118 0.4291
5426.0000 276 118 0.4275
5430.3000 276 119 0.4312
5447.0000 277 119 0.4296
5470.0000 278 119 0.4281
5490.0000 279 119 0.4265
5507.0000 280 119 0.4250
5518.0000 280 120 0.4286
5528.0000 281 120 0.4270
5546.0000 282 120 0.4255
5564.0000 283 120 0.4240
5566.2000 283 121 0.4276
5584.0000 284 121 0.4261
5598.2000 284 122 0.4296
5607.0000 285 122 0.4281
5625.0000 286 122 0.4266
5643.0000 287 122 0.4251
5665.0000 288 122 0.4236
5685.0000 289 122 0.4221
5704.0000 290 122 0.4207
5724.0000 291 122 0.4192
5745.0000 292 122 0.4178
5745.2000 292 123 0.4212
5755.6000 292 124 0.4247
5760.0000 293 124 0.4232
5771.8000 293 125 0.4266
5778.9000 293 126 0.4300
5784.0000 294 126 0.4286
5805.0000 295 126 0.4271
5822.0000 296 126 0.4257
5841.0000 297 126 0.4242
5855.7000 297 127 0.4276
5859.0000 298 127 0.4262
5860.0000 298 128 0.4295
5869.1000 298 129 0.4329
5874.0000 299 129 0.4314
5893.0000 300 129 0.4300
5914.0000 301 129 0.4286
5914.2000 301 130 0.4319
5916.2000 301 131 0.4352
5932.0000 302 131 0.4338
5947.3000 302 132 0.4371
5953.0000 303 132 0.4356
5969.5000 303 133 0.4389
5971.0000 304 133 0.4375
5986.0000 305 133 0.4361
5996.8000 305 134 0.4393
6003.8000 305 135 0.4426
6008.0000 306 135 0.4412
6011.7000 306 136 0.4444
6024.0000 307 136 0.4430
6029.0000 307 137 0.4463
6040.8000 307 138 0.4495
6041.0000 308 138 0.4481
6042.1000 308 139 0.4513
6063.0000 309 139 0.4498
6068.1000 309 140 0.4531
6087.0000 310 140 0.4516
6105.0000 311 140 0.4502
6114.3000 311 141 0.4534
6124.0000 312 141 0.4519
6130.2000 312 142 0.4551
6145.0000 313 142 0.4537
6166.0000 314 142 0.4522
6182.0000 315 142 0.4508
6201.0000 316 142 0.4494
6216.0000 317 142 0.4479
6231.0000 318 142 0.4465
6237.7000 318 143 0.4497
6245.2000 318 144 0.4528
6248.0000 319 144 0.4514
6261.7000 319 145 0.4545
6267.0000 320 145 0.4531
6285.7000 320 146 0.4563
6289.0000 321 146 0.4548
6289.1000 321 147 0.4579
6297.1000 321 148 0.4611
6308.0000 322 148 0.4596
6332.0000 323 148 0.4582
6355.0000 324 148 0.4568
6372.0000 325 148 0.4554
6374.6000 325 149 0.4585
6393.0000 326 149 0.4571
6393.8000 326 150 0.4601
6417.0000 327 150 0.4587
6441.0000 328 150 0.4573
6465.0000 329 150 0.4559
6467.3000 329 151 0.4590
6474.5000 329 152 0.4620
6486.0000 330 152 0.4606
6502.0000 331 152 0.4592
6518.0000 332 152 0.4578
6536.0000 333 152 0.4565
6548.1000 333 153 0.4595
6555.0000 334 153 0.4581
6572.0000 335 153 0.4567
6591.0000 336 153 0.4554
6606.9000 336 154 0.4583
6608.0000 337 154 0.4570
6631.0000 338 154 0.4556
6646.0000 339 154 0.4543
6665.0000 340 154 0.4529
6684.0000 341 154 0.4516
6696.4000 341 155 0.4545
6708.0000 342 155 0.4532
6725.0000 343 155 0.4519
6745.0000 344 155 0.4506
6760.0000 345 155 0.4493
6770.7000 345 156 0.4522
6781.0000 346 156 0.4509
6795.2000 346 157 0.4538
6800.0000 347 157 0.4524
6816.0000 348 157 0.4511
6839.0000 349 157 0.4499
6854.0000 350 157 0.4486
6860.0000 350 158 0.4514
6874.0000 351 158 0.4501
6889.0000 352 158 0.4489
6893.6000 352 159 0.4517
6900.6000 352 160 0.4545
6909.0000 353 160 0.4533
6921.7000 353 161 0.4561
6930.0000 354 161 0.4548
6941.5000 354 162 0.4576
6951.0000 355 162 0.4563
6971.0000 356 162 0.4551
6978.5000 356 163 0.4579
6995.0000 357 163 0.4566
7010.0000 358 163 0.4553
7010.9000 358 164 0.4581
7019.8000 358 165 0.4609
7029.0000 359 165 0.4596
7045.6000 359 166 0.4624
7048.0000 360 166 0.4611
7071.0000 361 166 0.4598
7093.0000 362 166 0.4586
7093.3000 362 167 0.4613
7108.0000 363 167 0.4601
7109.9000 363 168 0.4628
7111.2000 363 169 0.4656
7130.0000 364 169 0.4643
7147.0000 365 169 0.4630
7163.0000 366 169 0.4617
7177.2000 366 170 0.4645
7179.6000 366 171 0.4672
7180.0000 367 171 0.4659
7183.2000 367 172 0.4687
7197.0000 368 172 0.4674
7221.0000 369 172 0.4661
7229.8000 369 173 0.4688
7240.0000 370 173 0.4676
7255.0000 371 173 0.4663
7272.0000 372 173 0.4651
7290.8000 372 174 0.4677
7296.0000 373 174 0.4665
7304.4000 373 175 0.4692
7314.6000 373 176 0.4718
7319.0000 374 176 0.4706
7333.2000 374 177 0.4733
7335.0000 375 177 0.4720
7351.4000 375 178 0.4747
7352.1000 375 179 0.4773
7354.0000 375 180 0.4800
7358.0000 376 180 0.4787
7378.0000 377 180 0.4775
7388.7000 377 181 0.4801
7394.0000 378 181 0.4788
7411.0000 379 181 0.4776
7435.0000 380 181 0.4763
7436.5000 380 182 0.4789
7459.0000 381 182 0.4777
7472.9000 381 183 0.4803
7480.0000 382 183 0.4791
7498.0000 383 183 0.4778
7514.0000 384 183 0.4766
7534.4000 384 184 0.4792
7535.8000 384 185 0.4818
7536.0000 385 185 0.4805
7547.2000 385 186 0.4831
7559.0000 386 186 0.4819
7574.0000 387 186 0.4806
7590.4000 387 187 0.4832
7593.4000 387 188 0.4858
7595.0000 388 188 0.4845
7613.0000 389 188 0.4833
7621.5000 389 189 0.4859
7632.0000 390 189 0.4846
7656.0000 391 189 0.4834
7673.0000 392 189 0.4821
7678.8000 392 190 0.4847
7678.9000 392 191 0.4872
7696.0000 393 191 0.4860
7713.0000 394 191 0.4848
7730.0000 395 191 0.4835
7745.0000 396 191 0.4823
7762.0000 397 191 0.4811
7784.0000 398 191 0.4799
7793.4000 398 192 0.4824
7804.0000 399 192 0.4812
7822.0000 400 192 0.4800
7822.3000 400 193 0.4825
7840.0000 401 193 0.4813
7858.0000 402 193 0.4801
7874.0000 403 193 0.4789
7878.2000 403 194 0.4814
7883.6000 403 195 0.4839
7889.2000 403 196 0.4864
7895.0000 404 196 0.4851
7914.0000 405 196 0.4840
7931.0000 406 196 0.4828
7948.0000 407 196 0.4816
7960.8000 407 197 0.4840
7972.0000 408 197 0.4828
7980.0000 408 198 0.4853
7987.0000 409 198 0.4841
7992.4000 409 199 0.4866
8002.0000 410 199 0.4854
8024.0000 411 199 0.4842
8040.0000 412 199 0.4830
8041.7000 412 200 0.4854
8059.0000 413 200 0.4843
8059.2000 413 201 0.4867
8082.0000 414 201 0.4855
8099.0000 415 201 0.4843
8106.7000 415 202 0.4867
8116.0000 416 202 0.4856
8137.0000 417 202 0.4844
8143.4000 417 203 0.4868
8158.0000 418 203 0.4856
8164.2000 418 204 0.4880
8173.0000 419 204 0.4869
8190.0000 420 204 0.4857
8193.1000 420 205 0.4881
8204.4000 420 206 0.4905
8205.0000 421 206 0.4893
8205.7000 421 207 0.4917
8227.0000 422 207 0.4905
8235.0000 422 208 0.4929
8237.1000 422 209 0.4953
8251.0000 423 209 0.4941
8269.7000 423 210 0.4965
8270.0000 423 211 0.4988
8271.1000 423 212 0.5012
8271.7000 423 213 0.5035
8275.0000 424 213 0.5024
8284.1000 424 214 0.5047
8297.0000 425 214 0.5035
8315.9000 425 215 0.5059
8317.0000 426 215 0.5047
8336.0000 427 215 0.5035
8359.0000 428 215 0.5023
8363.8000 428 216 0.5047
8375.0000 429 216 0.5035
8396.0000 430 216 0.5023
8399.8000 430 217 0.5047
8414.0000 431 217 0.5035
8428.2000 431 218 0.5058
8437.0000 432 218 0.5046
8444.8000 432 219 0.5069
8448.7000 432 220 0.5093
8453.0000 433 220 0.5081
8462.3000 433 221 0.5104
8468.0000 434 221 0.5092
8492.0000 435 221 0.5080
8510.0000 436 221 0.5069
8525.0000 437 221 0.5057
8526.5000 437 222 0.5080
8540.0000 437 223 0.5103
8544.0000 438 223 0.5091
8556.0000 438 224 0.5114
8566.0000 439 224 0.5103
8567.6000 439 225 0.5125
8572.8000 439 226 0.5148
8578.2000 439 227 0.5171
8586.0000 440 227 0.5159
8609.0000 441 227 0.5147
8625.0000 442 227 0.5136
8641.3000 442 228 0.5158
8641.8000 442 229 0.5181
8644.0000 443 229 0.5169
8663.0000 444 229 0.5158
8681.0000 445 229 0.5146
8697.0000 446 229 0.5135
8704.9000 446 230 0.5157
8711.9000 446 231 0.5179
8719.0000 447 231 0.5168
8743.0000 448 231 0.5156
8767.0000 449 231 0.5145
8778.0000 449 232 0.5167
8784.0000 450 232 0.5156
8800.0000 451 232 0.5144
8806.3000 451 233 0.5166
8808.4000 451 234 0.5188
8823.0000 452 234 0.5177
8824.9000 452 235 0.5199
8839.0000 453 235 0.5188
8854.0000 454 235 0.5176
8869.0000 455 235 0.5165
8873.3000 455 236 0.5187
8883.5000 455 237 0.5209
8889.6000 455 238 0.5231
8892.0000 456 238 0.5219
8911.0000 457 238 0.5208
8929.0000 458 238 0.5197
8944.0000 459 238 0.5185
8955.3000 459 239 0.5207
8955.8000 459 240 0.5229
8961.0000 460 240 0.5217
8979.0000 461 240 0.5206
8997.0000 462 240 0.5195
9007.1000 462 241 0.5216
9009.2000 462 242 0.5238
9011.3000 462 243 0.5260
9013.0000 463 243 0.5248
9035.0000 464 243 0.5237
9058.0000 465 243 0.5226
9066.0000 465 244 0.5247
9073.0000 466 244 0.5236
9095.0000 467 244 0.5225
9119.0000 468 244 0.5214
9143.0000 469 244 0.5203
9162.0000 470 244 0.5191
9174.1000 470 245 0.5213
9184.4000 470 246 0.5234
9186.0000 471 246 0.5223
9196.5000 471 247 0.5244
9209.0000 472 247 0.5233
9224.0000 473 247 0.5222
9245.0000 474 247 0.5211
9253.4000 474 248 0.5232
9264.0000 475 248 0.5221
9288.0000 476 248 0.5210
9288.7000 476 249 0.5231
9306.5000 476 250 0.5252
9307.1000 476 251 0.5273
9310.0000 477 251 0.5262
9313.9000 477 252 0.5283
9326.0000 478 252 0.5272
9341.0000 479 252 0.5261
9365.0000 480 252 0.5250
9382.6000 480 253 0.5271
9387.0000 481 253 0.5260
9403.0000 482 253 0.5249
9405.2000 482 254 0.5270
9426.0000 483 254 0.5259
9444.0000 484 254 0.5248
9468.0000 485 254 0.5237
9485.0000 486 254 0.5226
9503.0000 487 254 0.5216
9510.1000 487 255 0.5236
9510.1000 487 256 0.5257
9527.0000 488 256 0.5246
9546.8000 488 257 0.5266
9550.0000 489 257 0.5256
9563.6000 489 258 0.5276
9565.9000 489 259 0.5297
9566.1000 489 260 0.5317
9573.0000 490 260 0.5306
9591.0000 491 260 0.5295
9614.0000 492 260 0.5285
9614.9000 492 261 0.5305
9632.0000 493 261 0.5294
9653.0000 494 261 0.5283
9674.9000 494 262 0.5304
9676.0000 495 262 0.5293
9690.9000 495 263 0.5313
9692.6000 495 264 0.5333
9693.0000 496 264 0.5323
9715.0000 497 264 0.5312
9736.0000 498 264 0.5301
9750.0000 498 265 0.5321
9752.0000 499 265 0.5311
9776.0000 500 265 0.5300
9791.7000 500 266 0.5320
9799.0000 501 266 0.5309
9813.1000 501 267 0.5329
9821.0000 502 267 0.5319
9837.0000 503 267 0.5308
9843.4000 503 268 0.5328
9861.0000 504 268 0.5317
9879.0000 505 268 0.5307
9881.3000 505 269 0.5327
9894.0000 506 269 0.5316
9904.5000 506 270 0.5336
9909.0000 507 270 0.5325
9918.5000 507 271 0.5345
9927.0000 508 271 0.5335
9946.0000 509 271 0.5324
9969.0000 510 271 0.5314
9988.0000 511 271 0.5303
10007.0000 512 271 0.5293
10008.0000 512 272 0.5313
10024.0000 513 272 0.5302
10025.8000 513 273 0.5322
10028.0000 513 274 0.5341
10042.5000 513 275 0.5361
10044.0000 514 275 0.5350
10067.0000 515 275 0.5340
10087.0000 516 275 0.5329
10111.0000 517 275 0.5319
10130.2000 517 276 0.5338
10132.0000 518 276 0.5328
10139.9000 518 277 0.5347
10154.0000 519 277 0.5337
10177.0000 520 277 0.5327
10194.0000 521 277 0.5317
10214.0000 521 278 0.5336
10216.0000 522 278 0.5326
10227.2000 522 279 0.5345
10233.6000 522 280 0.5364
10235.0000 523 280 0.5354
10235.1000 523 281 0.5373
10256.0000 523 282 0.5392
10257.0000 524 282 0.5382
10281.0000 525 282 0.5371
10300.0000 526 282 0.5361
10320.0000 527 282 0.5351
10334.5000 527 283 0.5370
10343.0000 528 283 0.5360
10366.0000 529 283 0.5350
10382.0000 530 283 0.5340
10388.7000 530 284 0.5358
10398.1000 530 285 0.5377
10402.0000 531 285 0.5367
10423.0000 532 285 0.5357
10424.8000 532 286 0.5376
10441.0000 533 286 0.5366
10443.4000 533 287 0.5385
10444.7000 533 288 0.5403
10461.0000 534 288 0.5393
10480.0000 535 288 0.5383
10496.9000 535 289 0.5402
10497.0000 536 289 0.5392
10503.3000 536 290 0.5410
10504.9000 536 291 0.5429
10508.4000 536 292 0.5448
10518.0000 537 292 0.5438
10532.7000 537 293 0.5456
10537.0000 538 293 0.5446
10537.2000 538 294 0.5465
10555.0000 539 294 0.5455
10571.0000 540 294 0.5444
10591.0000 541 294 0.5434
10615.0000 542 294 0.5424
10637.0000 543 294 0.5414
10645.7000 543 295 0.5433
10657.0000 544 295 0.5423
10680.5000 544 296 0.5441
10681.0000 545 296 0.5431
10703.0000 546 296 0.5421
10726.0000 547 296 0.5411
10748.0000 548 296 0.5401
10768.0000 549 296 0.5392
10788.0000 550 296 0.5382
10808.0000 551 296 0.5372
10808.6000 551 297 0.5390
10823.0000 552 297 0.5380
10842.0000 553 297 0.5371
10866.0000 554 297 0.5361
10877.4000 554 298 0.5379
10880.4000 554 299 0.5397
10881.7000 554 300 0.5415
10885.0000 555 300 0.5405
10887.3000 555 301 0.5423
10907.0000 556 301 0.5414
10925.0000 557 301 0.5404
10942.0000 558 301 0.5394
10966.0000 559 301 0.5385
10968.0000 559 302 0.5403
10983.0000 560 302 0.5393
11006.0000 561 302 0.5383
11023.0000 562 302 0.5374
11043.2000 562 303 0.5391
11046.0000 563 303 0.5382
11068.0000 564 303 0.5372
11084.0000 565 303 0.5363
11097.7000 565 304 0.5381
11102.0000 566 304 0.5371
11106.8000 566 305 0.5389
11116.8000 566 306 0.5406
11117.4000 566 307 0.5424
11120.0000 567 307 0.5414
11143.0000 568 307 0.5405
11153.8000 568 308 0.5423
11166.0000 569 308 0.5413
11178.5000 569 309 0.5431
11182.0000 570 309 0.5421
11198.1000 570 310 0.5439
11201.0000 571 310 0.5429
11210.6000 571 311 0.5447
11218.0000 572 311 0.5437
11238.0000 573 311 0.5428
11242.8000 573 312 0.5445
11250.8000 573 313 0.5462
11252.6000 573 314 0.5480
11254.8000 573 315 0.5497
11260.0000 574 315 0.5488
11264.9000 574 316 0.5505
11270.7000 574 317 0.5523
11280.0000 575 317 0.5513
11290.4000 575 318 0.5530
11296.0000 575 319 0.5548
11298.0000 576 319 0.5538
11306.9000 576 320 0.5556
11308.0000 576 321 0.5573
11319.0000 577 321 0.5563
11320.7000 577 322 0.5581
11331.7000 577 323 0.5598
11343.0000 578 323 0.5588
11363.0000 579 323 0.5579
11381.0000 580 323 0.5569
11394.0000 580 324 0.5586
11405.0000 581 324 0.5577
11424.0000 582 324 0.5567
11432.3000 582 325 0.5584
11443.0000 583 325 0.5575
11450.2000 583 326 0.5592
11467.0000 584 326 0.5582
11491.0000 585 326 0.5573
11511.0000 586 326 0.5563
11529.0000 587 326 0.5554
11547.0000 588 326 0.5544
11550.9000 588 327 0.5561
11562.1000 588 328 0.5578
11566.0000 589 328 0.5569
11576.3000 589 329 0.5586
11586.0000 590 329 0.5576
11610.0000 591 329 0.5567
11626.0000 592 329 0.5557
11633.6000 592 330 0.5574
11640.2000 592 331 0.5591
11640.5000 592 332 0.5608
11647.7000 592 333 0.5625
11650.0000 593 333 0.5616
11665.0000 594 333 0.5606
11669.6000 594 334 0.5623
11670.7000 594 335 0.5640
11680.0000 595 335 0.5630
11685.7000 595 336 0.5647
11687.6000 595 337 0.5664
11688.2000 595 338 0.5681
11688.7000 595 339 0.5697
11696.0000 596 339 0.5688
11711.0000 597 339 0.5678
11731.0000 598 339 0.5669
11745.8000 598 340 0.5686
11755.0000 599 340 0.5676
11771.0000 600 340 0.5667
11780.5000 600 341 0.5683
11790.0000 601 341 0.5674
11805.5000 601 342 0.5691
11809.0000 602 342 0.5681
11809.6000 602 343 0.5698
11827.0000 603 343 0.5688
11835.7000 603 344 0.5705
11851.0000 604 344 0.5695
11867.0000 605 344 0.5686
11872.0000 605 345 0.5702
11885.0000 606 345 0.5693
11907.0000 607 345 0.5684
11915.3000 607 346 0.5700
11929.0000 608 346 0.5691
11935.8000 608 347 0.5707
11940.3000 608 348 0.5724
11948.0000 609 348 0.5714
11959.7000 609 349 0.5731
11971.0000 610 349 0.5721
11980.9000 610 350 0.5738
11995.0000 611 350 0.5728
12012.0000 612 350 0.5719
12023.2000 612 351 0.5735
12033.0000 613 351 0.5726
12048.0000 614 351 0.5717
12051.6000 614 352 0.5733
12070.0000 615 352 0.5724
12073.0000 615 353 0.5740
12082.0000 615 354 0.5756
12088.0000 616 354 0.5747
12089.5000 616 355 0.5763
12104.0000 617 355 0.5754
12124.0000 618 355 0.5744
12144.3000 618 356 0.5761
12145.0000 619 356 0.5751
12153.5000 619 357 0.5767
12165.0000 620 357 0.5758
12189.0000 621 357 0.5749
12209.0000 622 357 0.5740
12211.4000 622 358 0.5756
12216.4000 622 359 0.5772
12218.2000 622 360 0.5788
12226.0000 623 360 0.5778
12249.0000 624 360 0.5769
12270.0000 625 360 0.5760
12287.0000 626 360 0.5751
12297.9000 626 361 0.5767
12302.7000 626 362 0.5783
12304.8000 626 363 0.5799
12305.0000 627 363 0.5789
12310.0000 627 364 0.5805
12313.3000 627 365 0.5821
12323.0000 628 365 0.5812
12329.4000 628 366 0.5828
12332.7000 628 367 0.5844
12339.0000 629 367 0.5835
12341.9000 629 368 0.5851
12358.0000 630 368 0.5841
12377.0000 631 368 0.5832
12380.1000 631 369 0.5848
12397.0000 631 370 0.5864
12399.0000 632 370 0.5854
12421.0000 633 370 0.5845
12444.0000 634 370 0.5836
12444.7000 634 371 0.5852
12463.0000 635 371 0.5843
12479.0000 636 371 0.5833
12494.8000 636 372 0.5849
12496.1000 636 373 0.5865
12497.0000 637 373 0.5856
12518.0000 638 373 0.5846
12535.5000 638 374 0.5862
12538.0000 639 374 0.5853
12542.8000 639 375 0.5869
12556.0000 640 375 0.5859
12558.9000 640 376 0.5875
12575.0000 641 376 0.5866
12582.2000 641 377 0.5881
12596.0000 642 377 0.5872
12611.0000 643 377 0.5863
12614.7000 643 378 0.5879
12615.7000 643 379 0.5894
12635.0000 644 379 0.5885
12641.7000 644 380 0.5901
12655.0000 645 380 0.5891
12669.6000 645 381 0.5907
12672.0000 646 381 0.5898
12689.5000 646 382 0.5913
12691.0000 647 382 0.5904
12692.4000 647 383 0.5920
12713.0000 648 383 0.5910
12725.8000 648 384 0.5926
12727.4000 648 385 0.5941
12729.9000 648 386 0.5957
12737.0000 649 386 0.5948
12747.1000 649 387 0.5963
12761.0000 650 387 0.5954
12781.0000 651 387 0.5945
12784.8000 651 388 0.5960
12798.0000 652 388 0.5951
12818.0000 653 388 0.5942
12830.3000 653 389 0.5957
12839.0000 654 389 0.5948
12855.5000 654 390 0.5963
12863.0000 655 390 0.5954
12884.0000 656 390 0.5945
12901.0000 657 390 0.5936
12919.0000 658 390 0.5927
12936.0000 659 390 0.5918
12946.5000 659 391 0.5933
12954.0000 660 391 0.5924
12971.0000 661 391 0.5915
12986.0000 662 391 0.5906
12993.5000 662 392 0.5921
13009.0000 663 392 0.5913
13022.3000 663 393 0.5928
13029.0000 664 393 0.5919
13048.0000 665 393 0.5910
13049.7000 665 394 0.5925
13069.0000 666 394 0.5916
13080.5000 666 395 0.5931
13090.0000 667 395 0.5922
13092.7000 667 396 0.5937
13096.9000 667 397 0.5952
13112.0000 668 397 0.5943
13135.0000 669 397 0.5934
13146.6000 669 398 0.5949
13157.0000 670 398 0.5940
13175.0000 671 398 0.5931
13181.1000 671 399 0.5946
13198.0000 672 399 0.5938
13201.7000 672 400 0.5952
13222.0000 673 400 0.5944
13234.1000 673 401 0.5958
13236.5000 673 402 0.5973
13237.0000 674 402 0.5964
13243.1000 674 403 0.5979
13261.0000 675 403 0.5970
13279.0000 676 403 0.5962
13290.8000 676 404 0.5976
13303.0000 677 404 0.5968
13327.0000 678 404 0.5959
13333.0000 678 405 0.5973
13344.0000 679 405 0.5965
13367.0000 680 405 0.5956
13382.6000 680 406 0.5971
13385.0000 681 406 0.5962
13387.8000 681 407 0.5977
13400.0000 682 407 0.5968
13422.0000 683 407 0.5959
13439.0000 684 407 0.5950
13459.2000 684 408 0.5965
13463.0000 685 408 0.5956
13470.6000 685 409 0.5971
13485.0000 686 409 0.5962
13500.8000 686 410 0.5977
13501.0000 687 410 0.5968
13518.1000 687 411 0.5983
13522.0000 688 411 0.5974
13543.0000 689 411 0.5965
13553.6000 689 412 0.5980
13558.0000 690 412 0.5971
13562.1000 690 413 0.5986
13578.0000 691 413 0.5977
13597.0000 692 413 0.5968
13601.2000 692 414 0.5983
13605.2000 692 415 0.5997
13612.0000 693 415 0.5988
13622.2000 693 416 0.6003
13633.0000 694 416 0.5994
13654.0000 695 416 0.5986
13671.4000 695 417 0.6000
13674.0000 696 417 0.5991
13689.0000 697 417 0.5983
13713.0000 698 417 0.5974
13733.0000 699 417 0.5966
13735.8000 699 418 0.5980
13750.0000 700 418 0.5971
13770.6000 700 419 0.5986
13771.0000 701 419 0.5977
13787.0000 702 419 0.5969
13808.0000 703 419 0.5960
13812.8000 703 420 0.5974
13831.0000 704 420 0.5966
13836.3000 704 421 0.5980
13853.0000 705 421 0.5972
13874.0000 706 421 0.5963
13894.0000 707 421 0.5955
13915.0000 708 421 0.5946
13929.5000 708 422 0.5960
13933.3000 708 423 0.5975
13937.0000 709 423 0.5966
13952.0000 710 423 0.5958
13956.1000 710 424 0.5972
13976.0000 711 424 0.5963
13980.4000 711 425 0.5977
13984.4000 711 426 0.5992
13986.7000 711 427 0.6006
13994.0000 712 427 0.5997
14011.0000 713 427 0.5989
14016.7000 713 428 0.6003
14028.3000 713 429 0.6017
14032.0000 714 429 0.6008
14056.0000 715 429 0.6000
14066.9000 715 430 0.6014
14077.0000 716 430 0.6006
14089.5000 716 431 0.6020
14092.0000 717 431 0.6011
14101.6000 717 432 0.6025
14107.0000 718 432 0.6017
14108.1000 718 433 0.6031
14108.3000 718 434 0.6045
14123.0000 719 434 0.6036
14147.0000 720 434 0.6028
14167.0000 721 434 0.6019
14186.0000 722 434 0.6011
14204.0000 723 434 0.6003
14225.0000 724 434 0.5994
14245.0000 725 434 0.5986
14264.1000 725 435 0.6000
14267.0000 726 435 0.5992
14279.3000 726 436 0.6006
14284.1000 726 437 0.6019
14286.0000 727 437 0.6011
14304.0000 728 437 0.6003
14315.6000 728 438 0.6016
14323.0000 729 438 0.6008
14323.2000 729 439 0.6022
14343.0000 730 439 0.6014
14363.0000 731 439 0.6005
14385.0000 732 439 0.5997
14404.0000 733 439 0.5989
14420.0000 734 439 0.5981
14422.2000 734 440 0.5995
14433.2000 734 441 0.6008
14441.0000 735 441 0.6000
14456.0000 736 441 0.5992
14466.4000 736 442 0.6005
14473.6000 736 443 0.6019
14475.0000 737 443 0.6011
14487.3000 737 444 0.6024
14499.0000 738 444 0.6016
14523.0000 739 444 0.6008
14544.0000 740 444 0.6000
14568.0000 741 444 0.5992
14588.0000 742 444 0.5984
14603.0000 743 444 0.5976
14618.0000 744 444 0.5968
14629.4000 744 445 0.5981
14630.3000 744 446 0.5995
14639.0000 745 446 0.5987
14655.0000 746 446 0.5979
14676.0000 747 446 0.5971
14696.0000 748 446 0.5963
14705.8000 748 447 0.5976
14718.0000 749 447 0.5968
14733.2000 749 448 0.5981
14736.0000 750 448 0.5973
14746.0000 750 449 0.5987
14756.0000 751 449 0.5979
14773.0000 752 449 0.5971
14790.0000 753 449 0.5963
14809.0000 754 449 0.5955
14831.0000 755 449 0.5947
14848.0000 756 449 0.5939
14867.0000 757 449 0.5931
14889.0000 758 449 0.5923
14905.0000 759 449 0.5916
14927.0000 760 449 0.5908
14942.0000 761 449 0.5900
14961.0000 762 449 0.5892
14975.8000 762 450 0.5906
14978.2000 762 451 0.5919
14984.0000 763 451 0.5911
14999.0000 764 451 0.5903
15021.0000 765 451 0.5895
15022.6000 765 452 0.5908
15030.2000 765 453 0.5922
15041.0000 766 453 0.5914
15058.0000 767 453 0.5906
15063.2000 767 454 0.5919
15074.0000 768 454 0.5911
15093.0000 769 454 0.5904
15101.5000 769 455 0.5917
15114.0000 770 455 0.5909
15125.1000 770 456 0.5922
15132.0000 771 456 0.5914
15149.0000 772 456 0.5907
15156.1000 772 457 0.5920
15172.0000 773 457 0.5912
15190.0000 774 457 0.5904
15212.0000 775 457 0.5897
15215.6000 775 458 0.5910
15235.0000 776 458 0.5902
15256.0000 777 458 0.5894
15266.0000 777 459 0.5907
15280.0000 778 459 0.5900
15297.0000 779 459 0.5892
15298.5000 779 460 0.5905
15318.0000 780 460 0.5897
15336.0000 781 460 0.5890
15360.0000 782 460 0.5882
15381.0000 783 460 0.5875
15399.0000 784 460 0.5867
15407.7000 784 461 0.5880
15419.0000 785 461 0.5873
15436.5000 785 462 0.5885
15439.2000 785 463 0.5898
15441.0000 786 463 0.5891
15459.3000 786 464 0.5903
15465.0000 787 464 0.5896
15482.0000 788 464 0.5888
15494.7000 788 465 0.5901
15500.8000 788 466 0.5914
15502.9000 788 467 0.5926
15504.0000 789 467 0.5919
15517.2000 789 468 0.5932
15526.0000 790 468 0.5924
15538.7000 790 469 0.5937
15540.3000 790 470 0.5949
15547.0000 791 470 0.5942
15569.0000 792 470 0.5934
15591.0000 793 470 0.5927
15615.0000 794 470 0.5919
15619.9000 794 471 0.5932
15632.0000 795 471 0.5925
15651.0000 796 471 0.5917
15666.0000 797 471 0.5910
15681.5000 797 472 0.5922
15684.0000 798 472 0.5915
15708.0000 799 472 0.5907
15724.0000 800 472 0.5900
15746.0000 801 472 0.5893
15755.2000 801 473 0.5905
15764.0000 802 473 0.5898
15772.1000 802 474 0.5910
15780.2000 802 475 0.5923
15782.0000 803 475 0.5915
15793.3000 803 476 0.5928
15799.0000 804 476 0.5920
15815.0000 805 476 0.5913
15825.5000 805 477 0.5925
15838.0000 806 477 0.5918
15854.0000 807 477 0.5911
15871.4000 807 478 0.5923
15873.0000 808 478 0.5916
15880.0000 808 479 0.5928
15891.0000 808 480 0.5941
15893.8000 808 481 0.5953
15894.0000 809 481 0.5946
15909.0000 810 481 0.5938
15927.0000 811 481 0.5931
15948.0000 812 481 0.5924
15953.1000 812 482 0.5936
15967.0000 813 482 0.5929
15990.0000 814 482 0.5921
15990.1000 814 483 0.5934
16004.6000 814 484 0.5946
16010.0000 815 484 0.5939
16027.0000 816 484 0.5931
16042.0000 817 484 0.5924
16061.0000 818 484 0.5917
16074.9000 818 485 0.5929
16080.0000 819 485 0.5922
16083.7000 819 486 0.5934
16104.0000 820 486 0.5927
16124.0000 821 486 0.5920
16139.0000 822 486 0.5912
16155.0000 823 486 0.5905
16159.7000 823 487 0.5917
16167.8000 823 488 0.5930
16175.0000 824 488 0.5922
16176.4000 824 489 0.5934
16196.0000 825 489 0.5927
16212.0000 826 489 0.5920
16220.0000 826 490 0.5932
16230.0000 827 490 0.5925
16232.5000 827 491 0.5937
16245.0000 828 491 0.5930
16261.0000 829 491 0.5923
16281.0000 830 491 0.5916
16301.0000 831 491 0.5909
16322.0000 832 491 0.5901
16330.1000 832 492 0.5913
16338.0000 833 492 0.5906
16338.9000 833 493 0.5918
16357.0000 834 493 0.5911
16380.0000 835 493 0.5904
16399.0000 836 493 0.5897
16410.7000 836 494 0.5909
16413.5000 836 495 0.5921
16416.0000 837 495 0.5914
16433.0000 838 495 0.5907
16436.0000 838 496 0.5919
16455.0000 839 496 0.5912
16479.0000 840 496 0.5905
16502.2000 840 497 0.5917
16503.0000 841 497 0.5910
16511.9000 841 498 0.5922
16520.1000 841 499 0.5933
16526.0000 842 499 0.5926
16547.0000 843 499 0.5919
16568.0000 844 499 0.5912
16588.9000 844 500 0.5924
16589.0000 845 500 0.5917
16604.1000 845 501 0.5929
16610.0000 846 501 0.5922
16628.0000 847 501 0.5915
16629.7000 847 502 0.5927
16630.4000 847 503 0.5939
16630.6000 847 504 0.5950
16646.0000 848 504 0.5943
16662.0000 849 504 0.5936
16682.0000 850 504 0.5929
16699.0000 851 504 0.5922
16721.7000 851 505 0.5934
16723.0000 852 505 0.5927
16745.0000 853 505 0.5920
16760.0000 854 505 0.5913
16783.0000 855 505 0.5906
16800.0000 856 505 0.5900
16802.4000 856 506 0.5911
16802.4000 856 507 0.5923
16818.0000 857 507 0.5916
16835.0000 858 507 0.5909
16852.1000 858 508 0.5921
16858.0000 859 508 0.5914
16881.0000 860 508 0.5907
16901.0000 861 508 0.5900
16904.2000 861 509 0.5912
16917.0000 862 509 0.5905
16935.0000 863 509 0.5898
16959.0000 864 509 0.5891
16963.7000 864 510 0.5903
16975.5000 864 511 0.5914
16978.3000 864 512 0.5926
16980.0000 865 512 0.5919
16997.0000 866 512 0.5912
17021.0000 867 512 0.5905
17034.0000 867 513 0.5917
17036.7000 867 514 0.5928
17039.0000 867 515 0.5940
17040.0000 868 515 0.5933
17063.0000 869 515 0.5926
17075.7000 869 516 0.5938
17082.0000 870 516 0.5931
17084.1000 870 517 0.5943
17105.0000 871 517 0.5936
17126.0000 872 517 0.5929
17143.0000 873 517 0.5922
17162.0000 874 517 0.5915
17181.0000 875 517 0.5909
17202.0000 876 517 0.5902
17223.7000 876 518 0.5913
17225.0000 877 518 0.5906
17225.8000 877 519 0.5918
17226.4000 877 520 0.5929
17236.8000 877 521 0.5941
17240.0000 878 521 0.5934
17251.4000 878 522 0.5945
17259.0000 879 522 0.5939
17278.0000 880 522 0.5932
17299.0000 881 522 0.5925
17318.0000 882 522 0.5918
17336.0000 883 522 0.5912
17338.6000 883 523 0.5923
17344.5000 883 524 0.5934
17353.0000 884 524 0.5928
17357.6000 884 525 0.5939
17370.0000 885 525 0.5932
17371.3000 885 526 0.5944
17393.6000 885 527 0.5955
17394.0000 886 527 0.5948
17409.6000 886 528 0.5959
17416.0000 887 528 0.5953
17439.0000 888 528 0.5946
17454.0000 889 528 0.5939
17467.5000 889 529 0.5951
17470.6000 889 530 0.5962
17477.0000 890 530 0.5955
17497.0000 891 530 0.5948
17503.4000 891 531 0.5960
17515.0000 892 531 0.5953
17535.0000 893 531 0.5946
17558.0000 894 531 0.5940
17574.0000 895 531 0.5933
17598.0000 896 531 0.5926
17599.3000 896 532 0.5938
17619.0000 897 532 0.5931
17635.2000 897 533 0.5942
17635.7000 897 534 0.5953
17639.0000 898 534 0.5947
17654.0000 899 534 0.5940
17672.0000 900 534 0.5933
17690.0000 901 534 0.5927
17710.0000 902 534 0.5920
17734.0000 903 534 0.5914
17751.0000 904 534 0.5907
17769.4000 904 535 0.5918
17774.0000 905 535 0.5912
17793.0000 906 535 0.5905
17808.0000 907 535 0.5899
17813.7000 907 536 0.5910
17814.2000 907 537 0.5921
17817.3000 907 538 0.5932
17826.0000 908 538 0.5925
17836.8000 908 539 0.5936
17846.0000 909 539 0.5930
17849.5000 909 540 0.5941
17864.0000 910 540 0.5934
17868.5000 910 541 0.5945
17884.0000 911 541 0.5939
17898.4000 911 542 0.5950
17899.0000 912 542 0.5943
17917.0000 913 542 0.5936
17934.5000 913 543 0.5947
17936.0000 914 543 0.5941
17943.3000 914 544 0.5952
17958.0000 915 544 0.5945
17976.0000 916 544 0.5939
18000.0000 917 544 0.5932
