# time  created  delivered  delivered/created
22.0000 1 0 0.0000
38.0000 2 0 0.0000
54.0000 3 0 0.0000
72.0000 4 0 0.0000
94.0000 5 0 0.0000
110.0000 6 0 0.0000
133.0000 7 0 0.0000
153.0000 8 0 0.0000
175.0000 9 0 0.0000
191.0000 10 0 0.0000
210.0000 11 0 0.0000
225.0000 12 0 0.0000
249.0000 13 0 0.0000
265.0000 14 0 0.0000
281.0000 15 0 0.0000
304.0000 16 0 0.0000
328.0000 17 0 0.0000
343.0000 18 0 0.0000
367.0000 19 0 0.0000
382.0000 20 0 0.0000
399.0000 21 0 0.0000
420.0000 22 0 0.0000
439.0000 23 0 0.0000
458.0000 24 0 0.0000
480.0000 25 0 0.0000
497.0000 26 0 0.0000
515.0000 27 0 0.0000
538.0000 28 0 0.0000
562.0000 29 0 0.0000
581.0000 30 0 0.0000
582.6000 30 1 0.0333
603.0000 31 1 0.0323
625.0000 32 1 0.0313
640.9000 32 2 0.0625
646.0000 33 2 0.0606
661.6000 33 3 0.0909
667.0000 34 3 0.0882
684.0000 34 4 0.1176
685.0000 35 4 0.1143
691.0000 35 5 0.1429
700.0000 36 5 0.1389
722.0000 37 5 0.1351
741.0000 38 5 0.1316
764.0000 39 5 0.1282
773.6000 39 6 0.1538
784.0000 40 6 0.1500
806.0000 41 6 0.1463
829.0000 42 6 0.1429
851.0000 43 6 0.1395
873.0000 44 6 0.1364
895.0000 45 6 0.1333
918.0000 46 6 0.1304
935.7000 46 7 0.1522
941.0000 47 7 0.1489
957.0000 48 7 0.1458
975.0000 49 7 0.1429
998.0000 50 7 0.1400
1018.0000 51 7 0.1373
1040.0000 52 7 0.1346
1056.0000 53 7 0.1321
1077.0000 54 7 0.1296
1096.0000 55 7 0.1273
1117.0000 56 7 0.1250
1137.0000 57 7 0.1228
1159.0000 58 7 0.1207
1179.0000 59 7 0.1186
1194.1000 59 8 0.1356
1201.0000 60 8 0.1333
1216.0000 61 8 0.1311
1225.1000 61 9 0.1475
1226.1000 61 10 0.1639
1232.0000 62 10 0.1613
1251.0000 63 10 0.1587
1268.0000 64 10 0.1563
1287.0000 65 10 0.1538
1308.0000 66 10 0.1515
1327.0000 67 10 0.1493
1342.0000 68 10 0.1471
1364.0000 69 10 0.1449
1381.1000 69 11 0.1594
1388.0000 70 11 0.1571
1397.1000 70 12 0.1714
1407.0000 71 12 0.1690
1408.4000 71 13 0.1831
1422.0000 72 13 0.1806
1442.0000 73 13 0.1781
1464.0000 74 13 0.1757
1477.7000 74 14 0.1892
1479.0000 75 14 0.1867
1483.1000 75 15 0.2000
1500.0000 76 15 0.1974
1518.0000 77 15 0.1948
1542.0000 78 15 0.1923
1562.0000 79 15 0.1899
1577.0000 80 15 0.1875
1600.0000 81 15 0.1852
1620.0000 82 15 0.1829
1637.0000 83 15 0.1807
1652.0000 84 15 0.1786
1673.0000 85 15 0.1765
1695.0000 86 15 0.1744
1707.0000 86 16 0.1860
1709.8000 86 17 0.1977
1713.0000 87 17 0.1954
1736.2000 87 18 0.2069
1737.0000 88 18 0.2045
1739.4000 88 19 0.2159
1739.8000 88 20 0.2273
1760.0000 89 20 0.2247
1781.0000 90 20 0.2222
1804.0000 91 20 0.2198
1826.0000 92 20 0.2174
1849.0000 93 20 0.2151
1870.0000 94 20 0.2128
1881.2000 94 21 0.2234
1882.8000 94 22 0.2340
1890.0000 95 22 0.2316
1911.0000 96 22 0.2292
1929.0000 97 22 0.2268
1948.0000 98 22 0.2245
1965.0000 99 22 0.2222
1980.0000 100 22 0.2200
2002.0000 101 22 0.2178
2019.9000 101 23 0.2277
2024.0000 102 23 0.2255
2026.9000 102 24 0.2353
2035.6000 102 25 0.2451
2041.0000 103 25 0.2427
2064.0000 104 25 0.2404
2075.2000 104 26 0.2500
2080.0000 105 26 0.2476
2095.0000 106 26 0.2453
2119.0000 107 26 0.2430
2139.0000 108 26 0.2407
2144.2000 108 27 0.2500
2161.0000 109 27 0.2477
2178.0000 110 27 0.2455
2199.0000 111 27 0.2432
2216.8000 111 28 0.2523
2222.0000 112 28 0.2500
2240.0000 113 28 0.2478
2259.0000 114 28 0.2456
2275.0000 115 28 0.2435
2295.0000 116 28 0.2414
2314.0000 117 28 0.2393
2324.2000 117 29 0.2479
2335.0000 118 29 0.2458
2354.0000 119 29 0.2437
2377.0000 120 29 0.2417
2396.0000 121 29 0.2397
2411.0000 122 29 0.2377
2412.0000 122 30 0.2459
2433.0000 123 30 0.2439
2452.0000 124 30 0.2419
2460.7000 124 31 0.2500
2464.9000 124 32 0.2581
2474.0000 125 32 0.2560
2496.0000 126 32 0.2540
2506.7000 126 33 0.2619
2511.0000 127 33 0.2598
2526.0000 128 33 0.2578
2546.0000 129 33 0.2558
2551.9000 129 34 0.2636
2554.8000 129 35 0.2713
2563.0000 130 35 0.2692
2586.0000 131 35 0.2672
2601.0000 132 35 0.2652
2621.0000 133 35 0.2632
2641.0000 134 35 0.2612
2662.0000 135 35 0.2593
2678.0000 136 35 0.2574
2689.6000 136 36 0.2647
2693.0000 137 36 0.2628
2699.2000 137 37 0.2701
2716.0000 138 37 0.2681
2729.2000 138 38 0.2754
2735.0000 139 38 0.2734
2740.4000 139 39 0.2806
2754.0000 140 39 0.2786
2771.0000 141 39 0.2766
2788.0000 142 39 0.2746
2800.0000 142 40 0.2817
2807.0000 143 40 0.2797
2823.1000 143 41 0.2867
2831.0000 144 41 0.2847
2853.0000 145 41 0.2828
2868.0000 146 41 0.2808
2891.0000 147 41 0.2789
2911.0000 148 41 0.2770
2911.3000 148 42 0.2838
2926.0000 149 42 0.2819
2942.0000 150 42 0.2800
2946.7000 150 43 0.2867
2954.4000 150 44 0.2933
2962.0000 151 44 0.2914
2979.0000 152 44 0.2895
2980.7000 152 45 0.2961
3003.0000 153 45 0.2941
3024.0000 154 45 0.2922
3040.0000 155 45 0.2903
3064.0000 156 45 0.2885
3065.8000 156 46 0.2949
3086.0000 157 46 0.2930
3110.0000 158 46 0.2911
3129.0000 159 46 0.2893
3147.0000 160 46 0.2875
3166.0000 161 46 0.2857
3168.6000 161 47 0.2919
3190.0000 162 47 0.2901
3210.0000 163 47 0.2883
3225.0000 164 47 0.2866
3243.0000 165 47 0.2848
3260.0000 166 47 0.2831
3271.5000 166 48 0.2892
3283.0000 167 48 0.2874
3305.0000 168 48 0.2857
3321.0000 169 48 0.2840
3344.0000 170 48 0.2824
3365.0000 171 48 0.2807
3385.0000 172 48 0.2791
3408.0000 173 48 0.2775
3428.0000 174 48 0.2759
3433.5000 174 49 0.2816
3447.1000 174 50 0.2874
3449.0000 175 50 0.2857
3454.7000 175 51 0.2914
3456.1000 175 52 0.2971
3472.0000 176 52 0.2955
3488.0000 177 52 0.2938
3511.0000 178 52 0.2921
3512.9000 178 53 0.2978
3535.0000 179 53 0.2961
3552.0000 180 53 0.2944
3569.0000 180 54 0.3000
3570.0000 181 54 0.2983
3571.9000 181 55 0.3039
3581.2000 181 56 0.3094
3589.0000 182 56 0.3077
