# time  created  delivered  delivered/created
22.0000 1 0 0.0000
38.0000 2 0 0.0000
54.0000 3 0 0.0000
72.0000 4 0 0.0000
94.0000 5 0 0.0000
110.0000 6 0 0.0000
133.0000 7 0 0.0000
153.0000 8 0 0.0000
175.0000 9 0 0.0000
191.0000 10 0 0.0000
210.0000 11 0 0.0000
225.0000 12 0 0.0000
249.0000 13 0 0.0000
265.0000 14 0 0.0000
281.0000 15 0 0.0000
304.0000 16 0 0.0000
328.0000 17 0 0.0000
343.0000 18 0 0.0000
367.0000 19 0 0.0000
382.0000 20 0 0.0000
399.0000 21 0 0.0000
420.0000 22 0 0.0000
439.0000 23 0 0.0000
458.0000 24 0 0.0000
480.0000 25 0 0.0000
497.0000 26 0 0.0000
515.0000 27 0 0.0000
538.0000 28 0 0.0000
562.0000 29 0 0.0000
581.0000 30 0 0.0000
581.2000 30 1 0.0333
603.0000 31 1 0.0323
625.0000 32 1 0.0313
642.8000 32 2 0.0625
646.0000 33 2 0.0606
661.6000 33 3 0.0909
667.0000 34 3 0.0882
685.0000 35 3 0.0857
691.0000 35 4 0.1143
700.0000 36 4 0.1111
713.4000 36 5 0.1389
722.0000 37 5 0.1351
741.0000 38 5 0.1316
764.0000 39 5 0.1282
773.6000 39 6 0.1538
784.0000 40 6 0.1500
806.0000 41 6 0.1463
829.0000 42 6 0.1429
851.0000 43 6 0.1395
873.0000 44 6 0.1364
895.0000 45 6 0.1333
918.0000 46 6 0.1304
935.7000 46 7 0.1522
941.0000 47 7 0.1489
957.0000 48 7 0.1458
975.0000 49 7 0.1429
998.0000 50 7 0.1400
1018.0000 51 7 0.1373
1040.0000 52 7 0.1346
1056.0000 53 7 0.1321
1077.0000 54 7 0.1296
1096.0000 55 7 0.1273
1117.0000 56 7 0.1250
1137.0000 57 7 0.1228
1159.0000 58 7 0.1207
1179.0000 59 7 0.1186
1193.3000 59 8 0.1356
1201.0000 60 8 0.1333
1216.0000 61 8 0.1311
1225.1000 61 9 0.1475
1226.1000 61 10 0.1639
1232.0000 62 10 0.1613
1251.0000 63 10 0.1587
1268.0000 64 10 0.1563
1287.0000 65 10 0.1538
1308.0000 66 10 0.1515
1327.0000 67 10 0.1493
1342.0000 68 10 0.1471
1364.0000 69 10 0.1449
1381.1000 69 11 0.1594
1388.0000 70 11 0.1571
1397.1000 70 12 0.1714
1407.0000 71 12 0.1690
1422.0000 72 12 0.1667
1442.0000 73 12 0.1644
1464.0000 74 12 0.1622
1475.3000 74 13 0.1757
1478.6000 74 14 0.1892
1479.0000 75 14 0.1867
1483.1000 75 15 0.2000
1500.0000 76 15 0.1974
1518.0000 77 15 0.1948
1542.0000 78 15 0.1923
1562.0000 79 15 0.1899
1577.0000 80 15 0.1875
1585.3000 80 16 0.2000
1594.5000 80 17 0.2125
1595.4000 80 18 0.2250
1600.0000 81 18 0.2222
1620.0000 82 18 0.2195
1637.0000 83 18 0.2169
1652.0000 84 18 0.2143
1673.0000 85 18 0.2118
1695.0000 86 18 0.2093
1706.4000 86 19 0.2209
1713.0000 87 19 0.2184
1736.2000 87 20 0.2299
1737.0000 88 20 0.2273
1739.4000 88 21 0.2386
1739.8000 88 22 0.2500
1760.0000 89 22 0.2472
1770.3000 89 23 0.2584
1781.0000 90 23 0.2556
1804.0000 91 23 0.2527
1826.0000 92 23 0.2500
1849.0000 93 23 0.2473
1870.0000 94 23 0.2447
1880.0000 94 24 0.2553
1890.0000 95 24 0.2526
1911.0000 96 24 0.2500
1929.0000 97 24 0.2474
1948.0000 98 24 0.2449
1965.0000 99 24 0.2424
1980.0000 100 24 0.2400
1989.9000 100 25 0.2500
2002.0000 101 25 0.2475
2019.9000 101 26 0.2574
2024.0000 102 26 0.2549
2035.6000 102 27 0.2647
2041.0000 103 27 0.2621
2064.0000 104 27 0.2596
2080.0000 105 27 0.2571
2095.0000 106 27 0.2547
2119.0000 107 27 0.2523
2139.0000 108 27 0.2500
2144.2000 108 28 0.2593
2161.0000 109 28 0.2569
2178.0000 110 28 0.2545
2199.0000 111 28 0.2523
2217.0000 111 29 0.2613
2222.0000 112 29 0.2589
2240.0000 113 29 0.2566
2259.0000 114 29 0.2544
2275.0000 115 29 0.2522
2295.0000 116 29 0.2500
2314.0000 117 29 0.2479
2327.5000 117 30 0.2564
2335.0000 118 30 0.2542
2354.0000 119 30 0.2521
2373.1000 119 31 0.2605
2377.0000 120 31 0.2583
2396.0000 121 31 0.2562
2411.0000 122 31 0.2541
2412.0000 122 32 0.2623
2433.0000 123 32 0.2602
2452.0000 124 32 0.2581
2460.7000 124 33 0.2661
2464.9000 124 34 0.2742
2470.3000 124 35 0.2823
2474.0000 125 35 0.2800
2496.0000 126 35 0.2778
2506.7000 126 36 0.2857
2511.0000 127 36 0.2835
2526.0000 128 36 0.2813
2546.0000 129 36 0.2791
2553.5000 129 37 0.2868
2556.4000 129 38 0.2946
2563.0000 130 38 0.2923
2586.0000 131 38 0.2901
2592.3000 131 39 0.2977
2601.0000 132 39 0.2955
2621.0000 133 39 0.2932
2641.0000 134 39 0.2910
2662.0000 135 39 0.2889
2678.0000 136 39 0.2868
2679.5000 136 40 0.2941
2689.6000 136 41 0.3015
2690.9000 136 42 0.3088
2693.0000 137 42 0.3066
2716.0000 138 42 0.3043
2735.0000 139 42 0.3022
2741.3000 139 43 0.3094
2742.9000 139 44 0.3165
2754.0000 140 44 0.3143
2771.0000 141 44 0.3121
2788.0000 142 44 0.3099
2800.0000 142 45 0.3169
2803.7000 142 46 0.3239
2807.0000 143 46 0.3217
2824.6000 143 47 0.3287
2831.0000 144 47 0.3264
2853.0000 145 47 0.3241
2868.0000 146 47 0.3219
2872.5000 146 48 0.3288
2891.0000 147 48 0.3265
2911.0000 148 48 0.3243
2911.3000 148 49 0.3311
2926.0000 149 49 0.3289
2942.0000 150 49 0.3267
2947.3000 150 50 0.3333
2954.4000 150 51 0.3400
2962.0000 151 51 0.3377
2979.0000 152 51 0.3355
3003.0000 153 51 0.3333
3024.0000 154 51 0.3312
3040.0000 155 51 0.3290
3059.0000 155 52 0.3355
3064.0000 156 52 0.3333
3065.8000 156 53 0.3397
3084.8000 156 54 0.3462
3086.0000 157 54 0.3439
3110.0000 158 54 0.3418
3129.0000 159 54 0.3396
3129.3000 159 55 0.3459
3147.0000 160 55 0.3438
3166.0000 161 55 0.3416
3190.0000 162 55 0.3395
3210.0000 163 55 0.3374
3225.0000 164 55 0.3354
3243.0000 165 55 0.3333
3260.0000 166 55 0.3313
3271.8000 166 56 0.3373
3273.6000 166 57 0.3434
3283.0000 167 57 0.3413
3305.0000 168 57 0.3393
3319.5000 168 58 0.3452
3321.0000 169 58 0.3432
3322.8000 169 59 0.3491
3329.9000 169 60 0.3550
3344.0000 170 60 0.3529
3363.7000 170 61 0.3588
3365.0000 171 61 0.3567
3385.0000 172 61 0.3547
3396.5000 172 62 0.3605
3408.0000 173 62 0.3584
3426.2000 173 63 0.3642
3428.0000 174 63 0.3621
3447.8000 174 64 0.3678
3449.0000 175 64 0.3657
3454.7000 175 65 0.3714
3472.0000 176 65 0.3693
3488.0000 177 65 0.3672
3510.8000 177 66 0.3729
3511.0000 178 66 0.3708
3528.3000 178 67 0.3764
3530.6000 178 68 0.3820
3535.0000 179 68 0.3799
3550.1000 179 69 0.3855
3552.0000 180 69 0.3833
3569.7000 180 70 0.3889
3570.0000 181 70 0.3867
3575.8000 181 71 0.3923
3589.0000 182 71 0.3901
3604.0000 183 71 0.3880
3619.0000 184 71 0.3859
3638.0000 185 71 0.3838
3653.0000 186 71 0.3817
3669.0000 187 71 0.3797
3689.0000 188 71 0.3777
3712.0000 189 71 0.3757
3730.0000 190 71 0.3737
3754.0000 191 71 0.3717
3771.0000 192 71 0.3698
3787.0000 193 71 0.3679
3809.0000 194 71 0.3660
3832.0000 195 71 0.3641
3854.0000 196 71 0.3622
3873.0000 197 71 0.3604
3876.0000 197 72 0.3655
3881.8000 197 73 0.3706
3895.0000 198 73 0.3687
3919.0000 199 73 0.3668
3938.0000 200 73 0.3650
3955.0000 201 73 0.3632
3975.0000 202 73 0.3614
3996.0000 203 73 0.3596
4012.0000 204 73 0.3578
4018.5000 204 74 0.3627
4031.0000 205 74 0.3610
4052.0000 206 74 0.3592
4054.9000 206 75 0.3641
4070.0000 207 75 0.3623
4094.0000 208 75 0.3606
4115.0000 209 75 0.3589
4134.0000 210 75 0.3571
4153.0000 211 75 0.3555
4171.0000 212 75 0.3538
4194.0000 213 75 0.3521
4214.0000 214 75 0.3505
4235.0000 215 75 0.3488
4235.1000 215 76 0.3535
4245.6000 215 77 0.3581
4251.0000 216 77 0.3565
4272.0000 217 77 0.3548
4284.9000 217 78 0.3594
4290.0000 218 78 0.3578
4314.0000 219 78 0.3562
4338.0000 220 78 0.3545
4360.0000 221 78 0.3529
4364.0000 221 79 0.3575
4381.0000 222 79 0.3559
4400.0000 223 79 0.3543
4419.0000 224 79 0.3527
4419.1000 224 80 0.3571
4434.0000 225 80 0.3556
4452.4000 225 81 0.3600
4458.0000 226 81 0.3584
4476.0000 227 81 0.3568
4497.0000 228 81 0.3553
4515.0000 229 81 0.3537
4537.0000 230 81 0.3522
4556.0000 231 81 0.3506
4580.0000 232 81 0.3491
4597.0000 233 81 0.3476
4614.0000 234 81 0.3462
4617.8000 234 82 0.3504
4634.0000 235 82 0.3489
4655.0000 236 82 0.3475
4665.1000 236 83 0.3517
4670.2000 236 84 0.3559
4672.0000 237 84 0.3544
4689.0000 238 84 0.3529
4706.0000 239 84 0.3515
4729.0000 240 84 0.3500
4741.9000 240 85 0.3542
4747.0000 241 85 0.3527
4762.0000 242 85 0.3512
4763.7000 242 86 0.3554
4783.0000 243 86 0.3539
4793.4000 243 87 0.3580
4796.3000 243 88 0.3621
4807.0000 244 88 0.3607
4824.0000 245 88 0.3592
4848.0000 246 88 0.3577
4867.0000 247 88 0.3563
4873.1000 247 89 0.3603
4886.0000 248 89 0.3589
4896.5000 248 90 0.3629
4909.0000 249 90 0.3614
4928.0000 250 90 0.3600
4951.0000 251 90 0.3586
4966.0000 252 90 0.3571
4986.0000 253 90 0.3557
5010.0000 254 90 0.3543
5021.5000 254 91 0.3583
5033.0000 255 91 0.3569
5048.0000 256 91 0.3555
5072.0000 257 91 0.3541
5076.2000 257 92 0.3580
5089.0000 258 92 0.3566
5112.0000 259 92 0.3552
5130.6000 259 93 0.3591
5131.0000 260 93 0.3577
5143.8000 260 94 0.3615
5151.0000 261 94 0.3602
5175.0000 262 94 0.3588
5194.0000 263 94 0.3574
5215.0000 264 94 0.3561
5237.0000 265 94 0.3547
5254.0000 266 94 0.3534
5269.0000 267 94 0.3521
5291.0000 268 94 0.3507
5307.0000 269 94 0.3494
5307.4000 269 95 0.3532
5324.0000 270 95 0.3519
5339.0000 271 95 0.3506
5356.0000 272 95 0.3493
5371.0000 273 95 0.3480
5387.0000 274 95 0.3467
5391.5000 274 96 0.3504
5395.6000 274 97 0.3540
5410.0000 275 97 0.3527
5426.0000 276 97 0.3514
5447.0000 277 97 0.3502
5470.0000 278 97 0.3489
5490.0000 279 97 0.3477
5507.0000 280 97 0.3464
5516.9000 280 98 0.3500
5528.0000 281 98 0.3488
5546.0000 282 98 0.3475
5564.0000 283 98 0.3463
5584.0000 284 98 0.3451
5607.0000 285 98 0.3439
5622.0000 285 99 0.3474
5625.0000 286 99 0.3462
5626.4000 286 100 0.3497
5643.0000 287 100 0.3484
5665.0000 288 100 0.3472
5685.0000 289 100 0.3460
5704.0000 290 100 0.3448
5724.0000 291 100 0.3436
5745.0000 292 100 0.3425
5745.2000 292 101 0.3459
5760.0000 293 101 0.3447
5778.9000 293 102 0.3481
5780.4000 293 103 0.3515
5781.7000 293 104 0.3549
5784.0000 294 104 0.3537
5805.0000 295 104 0.3525
5820.8000 295 105 0.3559
5822.0000 296 105 0.3547
5841.0000 297 105 0.3535
5855.7000 297 106 0.3569
5859.0000 298 106 0.3557
5860.0000 298 107 0.3591
5860.3000 298 108 0.3624
5874.0000 299 108 0.3612
5883.3000 299 109 0.3645
5893.0000 300 109 0.3633
5896.0000 300 110 0.3667
5914.0000 301 110 0.3654
5914.2000 301 111 0.3688
5932.0000 302 111 0.3675
5953.0000 303 111 0.3663
5969.5000 303 112 0.3696
5971.0000 304 112 0.3684
5986.0000 305 112 0.3672
5995.1000 305 113 0.3705
6003.8000 305 114 0.3738
6008.0000 306 114 0.3725
6009.7000 306 115 0.3758
6024.0000 307 115 0.3746
6029.0000 307 116 0.3779
6041.0000 308 116 0.3766
6047.9000 308 117 0.3799
6063.0000 309 117 0.3786
6067.1000 309 118 0.3819
6068.1000 309 119 0.3851
6087.0000 310 119 0.3839
6105.0000 311 119 0.3826
6124.0000 312 119 0.3814
6145.0000 313 119 0.3802
6166.0000 314 119 0.3790
6182.0000 315 119 0.3778
6201.0000 316 119 0.3766
6216.0000 317 119 0.3754
6231.0000 318 119 0.3742
6236.4000 318 120 0.3774
6248.0000 319 120 0.3762
6261.7000 319 121 0.3793
6267.0000 320 121 0.3781
6283.1000 320 122 0.3813
6289.0000 321 122 0.3801
6289.3000 321 123 0.3832
6308.0000 322 123 0.3820
6332.0000 323 123 0.3808
6355.0000 324 123 0.3796
6372.0000 325 123 0.3785
6373.2000 325 124 0.3815
6393.0000 326 124 0.3804
6417.0000 327 124 0.3792
6435.1000 327 125 0.3823
6441.0000 328 125 0.3811
6457.3000 328 126 0.3841
6465.0000 329 126 0.3830
6467.3000 329 127 0.3860
6486.0000 330 127 0.3848
6502.0000 331 127 0.3837
6518.0000 332 127 0.3825
6536.0000 333 127 0.3814
6555.0000 334 127 0.3802
6572.0000 335 127 0.3791
6591.0000 336 127 0.3780
6608.0000 337 127 0.3769
6631.0000 338 127 0.3757
6646.0000 339 127 0.3746
6665.0000 340 127 0.3735
6684.0000 341 127 0.3724
6688.0000 341 128 0.3754
6696.4000 341 129 0.3783
6708.0000 342 129 0.3772
6725.0000 343 129 0.3761
6733.4000 343 130 0.3790
6745.0000 344 130 0.3779
6760.0000 345 130 0.3768
6776.9000 345 131 0.3797
6781.0000 346 131 0.3786
6785.6000 346 132 0.3815
6795.7000 346 133 0.3844
6800.0000 347 133 0.3833
6816.0000 348 133 0.3822
6839.0000 349 133 0.3811
6854.0000 350 133 0.3800
6874.0000 351 133 0.3789
6889.0000 352 133 0.3778
6893.6000 352 134 0.3807
6897.1000 352 135 0.3835
6909.0000 353 135 0.3824
6930.0000 354 135 0.3814
6940.2000 354 136 0.3842
6942.3000 354 137 0.3870
6951.0000 355 137 0.3859
6971.0000 356 137 0.3848
6995.0000 357 137 0.3838
7000.2000 357 138 0.3866
7008.2000 357 139 0.3894
7010.0000 358 139 0.3883
7011.2000 358 140 0.3911
7011.7000 358 141 0.3939
7029.0000 359 141 0.3928
7041.4000 359 142 0.3955
7043.0000 359 143 0.3983
7048.0000 360 143 0.3972
7071.0000 361 143 0.3961
7093.0000 362 143 0.3950
7108.0000 363 143 0.3939
7130.0000 364 143 0.3929
7147.0000 365 143 0.3918
7163.0000 366 143 0.3907
7176.4000 366 144 0.3934
7180.0000 367 144 0.3924
7197.0000 368 144 0.3913
7206.8000 368 145 0.3940
7221.0000 369 145 0.3930
7230.1000 369 146 0.3957
7240.0000 370 146 0.3946
7255.0000 371 146 0.3935
7272.0000 372 146 0.3925
7274.7000 372 147 0.3952
7286.3000 372 148 0.3978
7296.0000 373 148 0.3968
7314.6000 373 149 0.3995
7319.0000 374 149 0.3984
7333.2000 374 150 0.4011
7335.0000 375 150 0.4000
7335.6000 375 151 0.4027
7342.7000 375 152 0.4053
7358.0000 376 152 0.4043
7378.0000 377 152 0.4032
7387.9000 377 153 0.4058
7394.0000 378 153 0.4048
7411.0000 379 153 0.4037
7435.0000 380 153 0.4026
7459.0000 381 153 0.4016
7480.0000 382 153 0.4005
7494.1000 382 154 0.4031
7498.0000 383 154 0.4021
7514.0000 384 154 0.4010
7516.2000 384 155 0.4036
7536.0000 385 155 0.4026
7559.0000 386 155 0.4016
7574.0000 387 155 0.4005
7589.5000 387 156 0.4031
7595.0000 388 156 0.4021
7613.0000 389 156 0.4010
7621.5000 389 157 0.4036
7632.0000 390 157 0.4026
7649.9000 390 158 0.4051
7656.0000 391 158 0.4041
7673.0000 392 158 0.4031
7696.0000 393 158 0.4020
7713.0000 394 158 0.4010
7730.0000 395 158 0.4000
7745.0000 396 158 0.3990
7762.0000 397 158 0.3980
7784.0000 398 158 0.3970
7804.0000 399 158 0.3960
7822.0000 400 158 0.3950
7822.3000 400 159 0.3975
7840.0000 401 159 0.3965
7858.0000 402 159 0.3955
7874.0000 403 159 0.3945
7876.9000 403 160 0.3970
7895.0000 404 160 0.3960
7914.0000 405 160 0.3951
7922.2000 405 161 0.3975
7931.0000 406 161 0.3966
7934.8000 406 162 0.3990
7948.0000 407 162 0.3980
7961.2000 407 163 0.4005
7972.0000 408 163 0.3995
7987.0000 409 163 0.3985
8002.0000 410 163 0.3976
8024.0000 411 163 0.3966
8040.0000 412 163 0.3956
8041.7000 412 164 0.3981
8059.0000 413 164 0.3971
8059.4000 413 165 0.3995
8069.1000 413 166 0.4019
8082.0000 414 166 0.4010
8082.6000 414 167 0.4034
8099.0000 415 167 0.4024
8116.0000 416 167 0.4014
8137.0000 417 167 0.4005
8158.0000 418 167 0.3995
8173.0000 419 167 0.3986
8190.0000 420 167 0.3976
8193.3000 420 168 0.4000
8205.0000 421 168 0.3990
8205.7000 421 169 0.4014
8219.4000 421 170 0.4038
8227.0000 422 170 0.4028
8236.3000 422 171 0.4052
8251.0000 423 171 0.4043
8268.9000 423 172 0.4066
8269.7000 423 173 0.4090
8275.0000 424 173 0.4080
8276.0000 424 174 0.4104
8276.5000 424 175 0.4127
8297.0000 425 175 0.4118
8317.0000 426 175 0.4108
8317.0000 426 176 0.4131
8336.0000 427 176 0.4122
8359.0000 428 176 0.4112
8375.0000 429 176 0.4103
8396.0000 430 176 0.4093
8414.0000 431 176 0.4084
8428.2000 431 177 0.4107
8431.2000 431 178 0.4130
8437.0000 432 178 0.4120
8453.0000 433 178 0.4111
8468.0000 434 178 0.4101
8492.0000 435 178 0.4092
8510.0000 436 178 0.4083
8525.0000 437 178 0.4073
8544.0000 438 178 0.4064
8548.0000 438 179 0.4087
8555.6000 438 180 0.4110
8557.0000 438 181 0.4132
8566.0000 439 181 0.4123
8578.2000 439 182 0.4146
8586.0000 440 182 0.4136
8609.0000 441 182 0.4127
8625.0000 442 182 0.4118
8634.7000 442 183 0.4140
8641.0000 442 184 0.4163
8644.0000 443 184 0.4153
8663.0000 444 184 0.4144
8681.0000 445 184 0.4135
8697.0000 446 184 0.4126
8699.7000 446 185 0.4148
8719.0000 447 185 0.4139
8743.0000 448 185 0.4129
8767.0000 449 185 0.4120
8778.0000 449 186 0.4143
8784.0000 450 186 0.4133
8791.6000 450 187 0.4156
8793.1000 450 188 0.4178
8800.0000 451 188 0.4169
8806.3000 451 189 0.4191
8823.0000 452 189 0.4181
8839.0000 453 189 0.4172
8854.0000 454 189 0.4163
8862.6000 454 190 0.4185
8869.0000 455 190 0.4176
8892.0000 456 190 0.4167
8911.0000 457 190 0.4158
8929.0000 458 190 0.4148
8944.0000 459 190 0.4139
8955.3000 459 191 0.4161
8956.4000 459 192 0.4183
8961.0000 460 192 0.4174
8979.0000 461 192 0.4165
8997.0000 462 192 0.4156
9011.3000 462 193 0.4177
9013.0000 463 193 0.4168
9035.0000 464 193 0.4159
9058.0000 465 193 0.4151
9073.0000 466 193 0.4142
9095.0000 467 193 0.4133
9098.3000 467 194 0.4154
9110.1000 467 195 0.4176
9119.0000 468 195 0.4167
9129.5000 468 196 0.4188
9130.0000 468 197 0.4209
9143.0000 469 197 0.4200
9162.0000 470 197 0.4191
9172.3000 470 198 0.4213
9174.0000 470 199 0.4234
9178.1000 470 200 0.4255
9185.2000 470 201 0.4277
9186.0000 471 201 0.4268
9209.0000 472 201 0.4258
9224.0000 473 201 0.4249
9245.0000 474 201 0.4241
9252.8000 474 202 0.4262
9264.0000 475 202 0.4253
9265.6000 475 203 0.4274
9288.0000 476 203 0.4265
9305.2000 476 204 0.4286
9306.5000 476 205 0.4307
9310.0000 477 205 0.4298
9326.0000 478 205 0.4289
9341.0000 479 205 0.4280
9365.0000 480 205 0.4271
9387.0000 481 205 0.4262
9392.3000 481 206 0.4283
9403.0000 482 206 0.4274
9426.0000 483 206 0.4265
9444.0000 484 206 0.4256
9468.0000 485 206 0.4247
9485.0000 486 206 0.4239
9503.0000 487 206 0.4230
9518.4000 487 207 0.4251
9527.0000 488 207 0.4242
9527.5000 488 208 0.4262
9550.0000 489 208 0.4254
9551.2000 489 209 0.4274
9573.0000 490 209 0.4265
9584.3000 490 210 0.4286
9591.0000 491 210 0.4277
9614.0000 492 210 0.4268
9632.0000 493 210 0.4260
9643.5000 493 211 0.4280
9653.0000 494 211 0.4271
9655.7000 494 212 0.4291
9676.0000 495 212 0.4283
9693.0000 496 212 0.4274
9715.0000 497 212 0.4266
9736.0000 498 212 0.4257
9750.0000 498 213 0.4277
9752.0000 499 213 0.4269
9776.0000 500 213 0.4260
9794.3000 500 214 0.4280
9799.0000 501 214 0.4271
9805.5000 501 215 0.4291
9821.0000 502 215 0.4283
9837.0000 503 215 0.4274
9846.7000 503 216 0.4294
9861.0000 504 216 0.4286
9879.0000 505 216 0.4277
9894.0000 506 216 0.4269
9909.0000 507 216 0.4260
9927.0000 508 216 0.4252
9946.0000 509 216 0.4244
9949.6000 509 217 0.4263
9958.9000 509 218 0.4283
9969.0000 510 218 0.4275
9988.0000 511 218 0.4266
9995.7000 511 219 0.4286
10007.0000 512 219 0.4277
10013.2000 512 220 0.4297
10016.0000 512 221 0.4316
10024.0000 513 221 0.4308
10028.3000 513 222 0.4327
10044.0000 514 222 0.4319
10067.0000 515 222 0.4311
10087.0000 516 222 0.4302
10101.9000 516 223 0.4322
10111.0000 517 223 0.4313
10132.0000 518 223 0.4305
10154.0000 519 223 0.4297
10177.0000 520 223 0.4288
10178.4000 520 224 0.4308
10194.0000 521 224 0.4299
10216.0000 522 224 0.4291
10235.0000 523 224 0.4283
10257.0000 524 224 0.4275
10277.0000 524 225 0.4294
10281.0000 525 225 0.4286
10300.0000 526 225 0.4278
10320.0000 527 225 0.4269
10343.0000 528 225 0.4261
10366.0000 529 225 0.4253
10382.0000 530 225 0.4245
10393.8000 530 226 0.4264
10402.0000 531 226 0.4256
10423.0000 532 226 0.4248
10424.8000 532 227 0.4267
10433.1000 532 228 0.4286
10441.0000 533 228 0.4278
10461.0000 534 228 0.4270
10473.7000 534 229 0.4288
10480.0000 535 229 0.4280
10497.0000 536 229 0.4272
10506.2000 536 230 0.4291
10518.0000 537 230 0.4283
10524.1000 537 231 0.4302
10536.0000 537 232 0.4320
10537.0000 538 232 0.4312
10538.5000 538 233 0.4331
10551.1000 538 234 0.4349
10555.0000 539 234 0.4341
10571.0000 540 234 0.4333
10591.0000 541 234 0.4325
10615.0000 542 234 0.4317
10628.9000 542 235 0.4336
10632.4000 542 236 0.4354
10637.0000 543 236 0.4346
10645.7000 543 237 0.4365
10653.7000 543 238 0.4383
10655.5000 543 239 0.4401
10657.0000 544 239 0.4393
10666.1000 544 240 0.4412
10681.0000 545 240 0.4404
10703.0000 546 240 0.4396
10723.6000 546 241 0.4414
10726.0000 547 241 0.4406
10748.0000 548 241 0.4398
10766.5000 548 242 0.4416
10768.0000 549 242 0.4408
10781.7000 549 243 0.4426
10788.0000 550 243 0.4418
10808.0000 551 243 0.4410
10809.8000 551 244 0.4428
10823.0000 552 244 0.4420
10842.0000 553 244 0.4412
10866.0000 554 244 0.4404
10875.0000 554 245 0.4422
10881.7000 554 246 0.4440
10885.0000 555 246 0.4432
10893.7000 555 247 0.4450
10907.0000 556 247 0.4442
10925.0000 557 247 0.4434
10942.0000 558 247 0.4427
10956.6000 558 248 0.4444
10966.0000 559 248 0.4436
10969.1000 559 249 0.4454
10983.0000 560 249 0.4446
11006.0000 561 249 0.4439
11023.0000 562 249 0.4431
11046.0000 563 249 0.4423
11058.5000 563 250 0.4440
11068.0000 564 250 0.4433
11084.0000 565 250 0.4425
11102.0000 566 250 0.4417
11116.8000 566 251 0.4435
11120.0000 567 251 0.4427
11139.3000 567 252 0.4444
11143.0000 568 252 0.4437
11166.0000 569 252 0.4429
11182.0000 570 252 0.4421
11198.6000 570 253 0.4439
11201.0000 571 253 0.4431
11201.8000 571 254 0.4448
11206.5000 571 255 0.4466
11209.0000 571 256 0.4483
11218.0000 572 256 0.4476
11220.6000 572 257 0.4493
11238.0000 573 257 0.4485
11250.8000 573 258 0.4503
11260.0000 574 258 0.4495
11280.0000 575 258 0.4487
11298.0000 576 258 0.4479
11308.0000 576 259 0.4497
11308.7000 576 260 0.4514
11319.0000 577 260 0.4506
11324.8000 577 261 0.4523
11334.9000 577 262 0.4541
11343.0000 578 262 0.4533
11363.0000 579 262 0.4525
11381.0000 580 262 0.4517
11396.5000 580 263 0.4534
11405.0000 581 263 0.4527
11409.8000 581 264 0.4544
11424.0000 582 264 0.4536
11430.5000 582 265 0.4553
11433.3000 582 266 0.4570
11443.0000 583 266 0.4563
11467.0000 584 266 0.4555
11491.0000 585 266 0.4547
11511.0000 586 266 0.4539
11514.3000 586 267 0.4556
11516.7000 586 268 0.4573
11529.0000 587 268 0.4566
11540.0000 587 269 0.4583
11547.0000 588 269 0.4575
11566.0000 589 269 0.4567
11586.0000 590 269 0.4559
11598.4000 590 270 0.4576
11610.0000 591 270 0.4569
11618.9000 591 271 0.4585
11626.0000 592 271 0.4578
11640.2000 592 272 0.4595
11641.7000 592 273 0.4611
11644.7000 592 274 0.4628
11650.0000 593 274 0.4621
11665.0000 594 274 0.4613
11680.0000 595 274 0.4605
11696.0000 596 274 0.4597
11711.0000 597 274 0.4590
11731.0000 598 274 0.4582
11755.0000 599 274 0.4574
11771.0000 600 274 0.4567
11790.0000 601 274 0.4559
11790.7000 601 275 0.4576
11795.3000 601 276 0.4592
11809.0000 602 276 0.4585
11817.5000 602 277 0.4601
11827.0000 603 277 0.4594
11830.9000 603 278 0.4610
11851.0000 604 278 0.4603
11851.1000 604 279 0.4619
11867.0000 605 279 0.4612
11870.4000 605 280 0.4628
11885.0000 606 280 0.4620
11887.4000 606 281 0.4637
11907.0000 607 281 0.4629
11921.0000 607 282 0.4646
11925.9000 607 283 0.4662
11929.0000 608 283 0.4655
11935.8000 608 284 0.4671
11948.0000 609 284 0.4663
11971.0000 610 284 0.4656
11995.0000 611 284 0.4648
12012.0000 612 284 0.4641
12033.0000 613 284 0.4633
12048.0000 614 284 0.4625
12050.5000 614 285 0.4642
12066.3000 614 286 0.4658
12070.0000 615 286 0.4650
12073.0000 615 287 0.4667
12088.0000 616 287 0.4659
12104.0000 617 287 0.4652
12124.0000 618 287 0.4644
12145.0000 619 287 0.4637
12153.5000 619 288 0.4653
12165.0000 620 288 0.4645
12189.0000 621 288 0.4638
12209.0000 622 288 0.4630
12216.6000 622 289 0.4646
12218.2000 622 290 0.4662
12226.0000 623 290 0.4655
12238.8000 623 291 0.4671
12240.4000 623 292 0.4687
12249.0000 624 292 0.4679
12262.1000 624 293 0.4696
12270.0000 625 293 0.4688
12287.0000 626 293 0.4681
12304.8000 626 294 0.4696
12305.0000 627 294 0.4689
12310.4000 627 295 0.4705
12323.0000 628 295 0.4697
12329.4000 628 296 0.4713
12339.0000 629 296 0.4706
12350.0000 629 297 0.4722
12358.0000 630 297 0.4714
12361.0000 630 298 0.4730
12377.0000 631 298 0.4723
12399.0000 632 298 0.4715
12421.0000 633 298 0.4708
12444.0000 634 298 0.4700
12463.0000 635 298 0.4693
12479.0000 636 298 0.4686
12491.1000 636 299 0.4701
12497.0000 637 299 0.4694
12506.2000 637 300 0.4710
12518.0000 638 300 0.4702
12535.5000 638 301 0.4718
12538.0000 639 301 0.4710
12546.8000 639 302 0.4726
12556.0000 640 302 0.4719
12575.0000 641 302 0.4711
12596.0000 642 302 0.4704
12611.0000 643 302 0.4697
12617.1000 643 303 0.4712
12635.0000 644 303 0.4705
12642.9000 644 304 0.4720
12652.0000 644 305 0.4736
12655.0000 645 305 0.4729
12670.9000 645 306 0.4744
12671.4000 645 307 0.4760
12672.0000 646 307 0.4752
12691.0000 647 307 0.4745
12692.7000 647 308 0.4760
12702.3000 647 309 0.4776
12713.0000 648 309 0.4769
12725.8000 648 310 0.4784
12727.4000 648 311 0.4799
12737.0000 649 311 0.4792
12747.8000 649 312 0.4807
12761.0000 650 312 0.4800
12781.0000 651 312 0.4793
12785.9000 651 313 0.4808
12798.0000 652 313 0.4801
12818.0000 653 313 0.4793
12836.8000 653 314 0.4809
12839.0000 654 314 0.4801
12863.0000 655 314 0.4794
12884.0000 656 314 0.4787
12901.0000 657 314 0.4779
12919.0000 658 314 0.4772
12936.0000 659 314 0.4765
12954.0000 660 314 0.4758
12971.0000 661 314 0.4750
12977.4000 661 315 0.4766
12986.0000 662 315 0.4758
13004.5000 662 316 0.4773
13009.0000 663 316 0.4766
13016.9000 663 317 0.4781
13029.0000 664 317 0.4774
13048.0000 665 317 0.4767
13069.0000 666 317 0.4760
13080.5000 666 318 0.4775
13090.0000 667 318 0.4768
13112.0000 668 318 0.4760
13135.0000 669 318 0.4753
13137.1000 669 319 0.4768
13146.6000 669 320 0.4783
13157.0000 670 320 0.4776
13172.9000 670 321 0.4791
13175.0000 671 321 0.4784
13194.6000 671 322 0.4799
13198.0000 672 322 0.4792
13203.0000 672 323 0.4807
13222.0000 673 323 0.4799
13237.0000 674 323 0.4792
13261.0000 675 323 0.4785
13279.0000 676 323 0.4778
13303.0000 677 323 0.4771
13327.0000 678 323 0.4764
13344.0000 679 323 0.4757
13344.0000 679 324 0.4772
13345.0000 679 325 0.4786
13367.0000 680 325 0.4779
13385.0000 681 325 0.4772
13400.0000 682 325 0.4765
13422.0000 683 325 0.4758
13433.7000 683 326 0.4773
13439.0000 684 326 0.4766
13462.2000 684 327 0.4781
13463.0000 685 327 0.4774
13485.0000 686 327 0.4767
13501.0000 687 327 0.4760
13522.0000 688 327 0.4753
13534.7000 688 328 0.4767
13543.0000 689 328 0.4761
13550.9000 689 329 0.4775
13558.0000 690 329 0.4768
13572.0000 690 330 0.4783
13578.0000 691 330 0.4776
13581.7000 691 331 0.4790
13597.0000 692 331 0.4783
13601.2000 692 332 0.4798
13605.2000 692 333 0.4812
13612.0000 693 333 0.4805
13622.2000 693 334 0.4820
13633.0000 694 334 0.4813
13649.0000 694 335 0.4827
13653.2000 694 336 0.4841
13654.0000 695 336 0.4835
13659.3000 695 337 0.4849
13674.0000 696 337 0.4842
13689.0000 697 337 0.4835
13713.0000 698 337 0.4828
13732.6000 698 338 0.4842
13733.0000 699 338 0.4835
13741.0000 699 339 0.4850
13743.2000 699 340 0.4864
13750.0000 700 340 0.4857
13770.6000 700 341 0.4871
13771.0000 701 341 0.4864
13787.0000 702 341 0.4858
13808.0000 703 341 0.4851
13831.0000 704 341 0.4844
13853.0000 705 341 0.4837
13873.6000 705 342 0.4851
13874.0000 706 342 0.4844
13894.0000 707 342 0.4837
13915.0000 708 342 0.4831
13928.3000 708 343 0.4845
13937.0000 709 343 0.4838
13952.0000 710 343 0.4831
13976.0000 711 343 0.4824
13994.0000 712 343 0.4817
14011.0000 713 343 0.4811
14016.7000 713 344 0.4825
14028.3000 713 345 0.4839
14032.0000 714 345 0.4832
14056.0000 715 345 0.4825
14060.1000 715 346 0.4839
14071.0000 715 347 0.4853
14073.5000 715 348 0.4867
14075.0000 715 349 0.4881
14077.0000 716 349 0.4874
14092.0000 717 349 0.4868
14107.0000 718 349 0.4861
14114.4000 718 350 0.4875
14123.0000 719 350 0.4868
14147.0000 720 350 0.4861
14167.0000 721 350 0.4854
14186.0000 722 350 0.4848
14193.4000 722 351 0.4861
14204.0000 723 351 0.4855
14225.0000 724 351 0.4848
14240.1000 724 352 0.4862
14242.6000 724 353 0.4876
14245.0000 725 353 0.4869
14267.0000 726 353 0.4862
14279.3000 726 354 0.4876
14286.0000 727 354 0.4869
14304.0000 728 354 0.4863
14314.7000 728 355 0.4876
14323.0000 729 355 0.4870
14343.0000 730 355 0.4863
14363.0000 731 355 0.4856
14385.0000 732 355 0.4850
14386.9000 732 356 0.4863
14391.1000 732 357 0.4877
14404.0000 733 357 0.4870
14420.0000 734 357 0.4864
14434.5000 734 358 0.4877
14441.0000 735 358 0.4871
14456.0000 736 358 0.4864
14466.4000 736 359 0.4878
14475.0000 737 359 0.4871
14499.0000 738 359 0.4864
14523.0000 739 359 0.4858
14544.0000 740 359 0.4851
14548.4000 740 360 0.4865
14550.3000 740 361 0.4878
14568.0000 741 361 0.4872
14588.0000 742 361 0.4865
14603.0000 743 361 0.4859
14618.0000 744 361 0.4852
14629.8000 744 362 0.4866
14630.1000 744 363 0.4879
14639.0000 745 363 0.4872
14655.0000 746 363 0.4866
14655.3000 746 364 0.4879
14676.0000 747 364 0.4873
14696.0000 748 364 0.4866
14718.0000 749 364 0.4860
14736.0000 750 364 0.4853
14740.6000 750 365 0.4867
14746.0000 750 366 0.4880
14756.0000 751 366 0.4874
14772.1000 751 367 0.4887
14773.0000 752 367 0.4880
14790.0000 753 367 0.4874
14809.0000 754 367 0.4867
14831.0000 755 367 0.4861
14848.0000 756 367 0.4854
14867.0000 757 367 0.4848
14889.0000 758 367 0.4842
14905.0000 759 367 0.4835
14916.1000 759 368 0.4848
14927.0000 760 368 0.4842
14942.0000 761 368 0.4836
14961.0000 762 368 0.4829
14984.0000 763 368 0.4823
14999.0000 764 368 0.4817
15021.0000 765 368 0.4810
15032.7000 765 369 0.4824
15033.1000 765 370 0.4837
15041.0000 766 370 0.4830
15058.0000 767 370 0.4824
15063.5000 767 371 0.4837
15074.0000 768 371 0.4831
15093.0000 769 371 0.4824
15114.0000 770 371 0.4818
15132.0000 771 371 0.4812
15145.7000 771 372 0.4825
15149.0000 772 372 0.4819
15156.9000 772 373 0.4832
15159.2000 772 374 0.4845
15172.0000 773 374 0.4838
15190.0000 774 374 0.4832
15212.0000 775 374 0.4826
15235.0000 776 374 0.4820
15256.0000 777 374 0.4813
15280.0000 778 374 0.4807
15297.0000 779 374 0.4801
15318.0000 780 374 0.4795
15319.4000 780 375 0.4808
15336.0000 781 375 0.4802
15360.0000 782 375 0.4795
15381.0000 783 375 0.4789
15388.1000 783 376 0.4802
15395.6000 783 377 0.4815
15399.0000 784 377 0.4809
15419.0000 785 377 0.4803
15439.2000 785 378 0.4815
15441.0000 786 378 0.4809
15442.1000 786 379 0.4822
15465.0000 787 379 0.4816
15482.0000 788 379 0.4810
15504.0000 789 379 0.4804
15517.2000 789 380 0.4816
15526.0000 790 380 0.4810
15538.1000 790 381 0.4823
15547.0000 791 381 0.4817
15569.0000 792 381 0.4811
15591.0000 793 381 0.4805
15596.9000 793 382 0.4817
15615.0000 794 382 0.4811
15632.0000 795 382 0.4805
15651.0000 796 382 0.4799
15666.0000 797 382 0.4793
15684.0000 798 382 0.4787
15708.0000 799 382 0.4781
15724.0000 800 382 0.4775
15746.0000 801 382 0.4769
15764.0000 802 382 0.4763
15782.0000 803 382 0.4757
15793.3000 803 383 0.4770
15799.0000 804 383 0.4764
15815.0000 805 383 0.4758
15838.0000 806 383 0.4752
15854.0000 807 383 0.4746
15873.0000 808 383 0.4740
15880.0000 808 384 0.4752
15894.0000 809 384 0.4747
15909.0000 810 384 0.4741
15916.4000 810 385 0.4753
15927.0000 811 385 0.4747
15948.0000 812 385 0.4741
15953.1000 812 386 0.4754
15967.0000 813 386 0.4748
15990.0000 814 386 0.4742
16006.2000 814 387 0.4754
16010.0000 815 387 0.4748
16027.0000 816 387 0.4743
16042.0000 817 387 0.4737
16048.6000 817 388 0.4749
16060.9000 817 389 0.4761
16061.0000 818 389 0.4756
16080.0000 819 389 0.4750
16104.0000 820 389 0.4744
16124.0000 821 389 0.4738
16139.0000 822 389 0.4732
16155.0000 823 389 0.4727
16160.5000 823 390 0.4739
16175.0000 824 390 0.4733
16196.0000 825 390 0.4727
16212.0000 826 390 0.4722
16220.0000 826 391 0.4734
16230.0000 827 391 0.4728
16245.0000 828 391 0.4722
16261.0000 829 391 0.4717
16281.0000 830 391 0.4711
16301.0000 831 391 0.4705
16317.8000 831 392 0.4717
16322.0000 832 392 0.4712
16336.1000 832 393 0.4724
16338.0000 833 393 0.4718
16344.3000 833 394 0.4730
16357.0000 834 394 0.4724
16380.0000 835 394 0.4719
16399.0000 836 394 0.4713
16411.1000 836 395 0.4725
16411.6000 836 396 0.4737
16416.0000 837 396 0.4731
16433.0000 838 396 0.4726
16455.0000 839 396 0.4720
16479.0000 840 396 0.4714
16503.0000 841 396 0.4709
16520.1000 841 397 0.4721
16526.0000 842 397 0.4715
16528.2000 842 398 0.4727
16543.7000 842 399 0.4739
16547.0000 843 399 0.4733
16568.0000 844 399 0.4727
16588.9000 844 400 0.4739
16589.0000 845 400 0.4734
16610.0000 846 400 0.4728
16627.3000 846 401 0.4740
16628.0000 847 401 0.4734
16646.0000 848 401 0.4729
16662.0000 849 401 0.4723
16682.0000 850 401 0.4718
16691.8000 850 402 0.4729
16699.0000 851 402 0.4724
16721.7000 851 403 0.4736
16723.0000 852 403 0.4730
16745.0000 853 403 0.4725
16760.0000 854 403 0.4719
16783.0000 855 403 0.4713
16784.7000 855 404 0.4725
16800.0000 856 404 0.4720
16818.0000 857 404 0.4714
16835.0000 858 404 0.4709
16852.1000 858 405 0.4720
16858.0000 859 405 0.4715
16871.0000 859 406 0.4726
16881.0000 860 406 0.4721
16895.6000 860 407 0.4733
16901.0000 861 407 0.4727
16917.0000 862 407 0.4722
16935.0000 863 407 0.4716
16952.4000 863 408 0.4728
16959.0000 864 408 0.4722
16977.1000 864 409 0.4734
16980.0000 865 409 0.4728
16997.0000 866 409 0.4723
17021.0000 867 409 0.4717
17040.0000 868 409 0.4712
17046.5000 868 410 0.4724
17063.0000 869 410 0.4718
17082.0000 870 410 0.4713
17086.0000 870 411 0.4724
17096.3000 870 412 0.4736
17105.0000 871 412 0.4730
17126.0000 872 412 0.4725
17137.0000 872 413 0.4736
17143.0000 873 413 0.4731
17162.0000 874 413 0.4725
17181.0000 875 413 0.4720
17202.0000 876 413 0.4715
17225.0000 877 413 0.4709
17238.1000 877 414 0.4721
17240.0000 878 414 0.4715
17259.0000 879 414 0.4710
17278.0000 880 414 0.4705
17299.0000 881 414 0.4699
17318.0000 882 414 0.4694
17336.0000 883 414 0.4689
17338.6000 883 415 0.4700
17353.0000 884 415 0.4695
17357.6000 884 416 0.4706
17359.8000 884 417 0.4717
17365.0000 884 418 0.4729
17368.0000 884 419 0.4740
17370.0000 885 419 0.4734
17372.5000 885 420 0.4746
17373.0000 885 421 0.4757
17394.0000 886 421 0.4752
17394.8000 886 422 0.4763
17404.8000 886 423 0.4774
17416.0000 887 423 0.4769
17439.0000 888 423 0.4764
17454.0000 889 423 0.4758
17469.2000 889 424 0.4769
17473.7000 889 425 0.4781
17477.0000 890 425 0.4775
17497.0000 891 425 0.4770
17515.0000 892 425 0.4765
17515.9000 892 426 0.4776
17535.0000 893 426 0.4770
17558.0000 894 426 0.4765
17574.0000 895 426 0.4760
17582.3000 895 427 0.4771
17598.0000 896 427 0.4766
17608.7000 896 428 0.4777
17619.0000 897 428 0.4771
17632.5000 897 429 0.4783
17632.9000 897 430 0.4794
17639.0000 898 430 0.4788
17654.0000 899 430 0.4783
17672.0000 900 430 0.4778
17690.0000 901 430 0.4772
17710.0000 902 430 0.4767
17734.0000 903 430 0.4762
17751.0000 904 430 0.4757
17758.4000 904 431 0.4768
17770.3000 904 432 0.4779
17774.0000 905 432 0.4773
17793.0000 906 432 0.4768
17808.0000 907 432 0.4763
17813.6000 907 433 0.4774
17815.4000 907 434 0.4785
17826.0000 908 434 0.4780
17835.5000 908 435 0.4791
17846.0000 909 435 0.4785
17849.5000 909 436 0.4796
17864.0000 910 436 0.4791
17884.0000 911 436 0.4786
17899.0000 912 436 0.4781
17917.0000 913 436 0.4775
17932.1000 913 437 0.4786
17934.9000 913 438 0.4797
17936.0000 914 438 0.4792
17953.2000 914 439 0.4803
17958.0000 915 439 0.4798
17976.0000 916 439 0.4793
17976.3000 916 440 0.4803
18000.0000 917 440 0.4798
18010.1000 917 441 0.4809
18020.6000 917 442 0.4820
18021.0000 918 442 0.4815
18040.0000 919 442 0.4810
18059.0000 920 442 0.4804
18077.0000 921 442 0.4799
18092.0000 922 442 0.4794
18112.1000 922 443 0.4805
18113.0000 923 443 0.4800
18132.0000 924 443 0.4794
18152.1000 924 444 0.4805
18155.0000 925 444 0.4800
18177.0000 926 444 0.4795
18192.0000 927 444 0.4790
18214.0000 928 444 0.4784
18221.6000 928 445 0.4795
18226.1000 928 446 0.4806
18236.0000 929 446 0.4801
18259.0000 930 446 0.4796
18275.0000 931 446 0.4791
18298.0000 932 446 0.4785
18302.2000 932 447 0.4796
18316.7000 932 448 0.4807
18319.5000 932 449 0.4818
18321.0000 933 449 0.4812
18340.0000 934 449 0.4807
18353.1000 934 450 0.4818
18363.6000 934 451 0.4829
18364.0000 935 451 0.4824
18383.0000 936 451 0.4818
18402.0000 937 451 0.4813
18425.0000 938 451 0.4808
18436.8000 938 452 0.4819
18449.0000 939 452 0.4814
18470.1000 939 453 0.4824
18473.0000 940 453 0.4819
18488.0000 941 453 0.4814
18512.0000 942 453 0.4809
18534.0000 943 453 0.4804
18549.0000 944 453 0.4799
18560.5000 944 454 0.4809
18570.0000 945 454 0.4804
18578.8000 945 455 0.4815
18587.2000 945 456 0.4825
18590.0000 946 456 0.4820
18613.0000 947 456 0.4815
18632.0000 948 456 0.4810
18649.4000 948 457 0.4821
18650.0000 948 458 0.4831
18653.0000 949 458 0.4826
18677.0000 950 458 0.4821
18696.0000 951 458 0.4816
18714.6000 951 459 0.4826
18715.0000 952 459 0.4821
18735.7000 952 460 0.4832
18738.0000 953 460 0.4827
18753.0000 954 460 0.4822
18768.0000 955 460 0.4817
18784.0000 955 461 0.4827
18786.0000 956 461 0.4822
18809.0000 957 461 0.4817
18827.3000 957 462 0.4828
18828.0000 958 462 0.4823
18829.6000 958 463 0.4833
18841.2000 958 464 0.4843
18845.0000 959 464 0.4838
18862.0000 960 464 0.4833
18884.0000 961 464 0.4828
18894.5000 961 465 0.4839
18894.5000 961 466 0.4849
18894.6000 961 467 0.4860
18899.0000 962 467 0.4854
18913.7000 962 468 0.4865
18922.0000 963 468 0.4860
18939.0000 964 468 0.4855
18945.0000 964 469 0.4865
18955.0000 964 470 0.4876
18956.0000 965 470 0.4870
18977.0000 966 470 0.4865
18993.0000 967 470 0.4860
19015.0000 968 470 0.4855
19037.0000 969 470 0.4850
19037.3000 969 471 0.4861
19055.0000 970 471 0.4856
19072.0000 971 471 0.4851
19087.0000 972 471 0.4846
19095.5000 972 472 0.4856
19108.0000 973 472 0.4851
19129.0000 974 472 0.4846
19151.0000 975 472 0.4841
19161.8000 975 473 0.4851
19173.0000 976 473 0.4846
19192.0000 977 473 0.4841
19211.0000 978 473 0.4836
19231.0000 979 473 0.4831
19242.3000 979 474 0.4842
19254.0000 980 474 0.4837
19277.0000 981 474 0.4832
19301.0000 982 474 0.4827
19316.0000 983 474 0.4822
19340.0000 984 474 0.4817
19355.0000 985 474 0.4812
19373.0000 986 474 0.4807
19391.0000 987 474 0.4802
19406.0000 988 474 0.4798
19419.5000 988 475 0.4808
19423.0000 989 475 0.4803
19439.0000 990 475 0.4798
19455.0000 991 475 0.4793
19479.0000 992 475 0.4788
19497.0000 993 475 0.4783
19519.3000 993 476 0.4794
19521.0000 994 476 0.4789
19542.0000 995 476 0.4784
19565.0000 996 476 0.4779
19586.0000 997 476 0.4774
19588.1000 997 477 0.4784
19601.0000 998 477 0.4780
19610.3000 998 478 0.4790
19622.0000 999 478 0.4785
19641.0000 1000 478 0.4780
19660.0000 1001 478 0.4775
19677.0000 1002 478 0.4770
19687.4000 1002 479 0.4780
19692.0000 1003 479 0.4776
19716.0000 1004 479 0.4771
19726.2000 1004 480 0.4781
19739.0000 1005 480 0.4776
19755.0000 1006 480 0.4771
19756.2000 1006 481 0.4781
19770.0000 1007 481 0.4777
19783.2000 1007 482 0.4786
19792.0000 1008 482 0.4782
19815.0000 1009 482 0.4777
19816.1000 1009 483 0.4787
19826.5000 1009 484 0.4797
19827.0000 1009 485 0.4807
19833.0000 1010 485 0.4802
19848.3000 1010 486 0.4812
19852.0000 1011 486 0.4807
19876.0000 1012 486 0.4802
19891.0000 1013 486 0.4798
19908.0000 1014 486 0.4793
19924.9000 1014 487 0.4803
19932.0000 1015 487 0.4798
19943.3000 1015 488 0.4808
19956.0000 1016 488 0.4803
19965.5000 1016 489 0.4813
19966.7000 1016 490 0.4823
19970.9000 1016 491 0.4833
19975.0000 1016 492 0.4843
19976.0000 1017 492 0.4838
19994.8000 1017 493 0.4848
19998.0000 1018 493 0.4843
20019.0000 1019 493 0.4838
20033.5000 1019 494 0.4848
20034.0000 1020 494 0.4843
20039.7000 1020 495 0.4853
20041.7000 1020 496 0.4863
20053.8000 1020 497 0.4873
20054.9000 1020 498 0.4882
20057.0000 1021 498 0.4878
20066.2000 1021 499 0.4887
20075.0000 1022 499 0.4883
20094.0000 1023 499 0.4878
20096.0000 1023 500 0.4888
20118.0000 1024 500 0.4883
20128.9000 1024 501 0.4893
20135.0000 1025 501 0.4888
20144.8000 1025 502 0.4898
20157.0000 1026 502 0.4893
20167.4000 1026 503 0.4903
20179.0000 1027 503 0.4898
20197.0000 1028 503 0.4893
20201.3000 1028 504 0.4903
20208.6000 1028 505 0.4912
20209.3000 1028 506 0.4922
20221.0000 1029 506 0.4917
20237.0000 1030 506 0.4913
20259.0000 1031 506 0.4908
20276.0000 1032 506 0.4903
20293.0000 1033 506 0.4898
20307.2000 1033 507 0.4908
20308.0000 1034 507 0.4903
20327.0000 1035 507 0.4899
20350.0000 1036 507 0.4894
20366.0000 1037 507 0.4889
20373.6000 1037 508 0.4899
20385.0000 1038 508 0.4894
20401.0000 1039 508 0.4889
20421.0000 1040 508 0.4885
20437.0000 1041 508 0.4880
20455.0000 1041 509 0.4890
20461.0000 1042 509 0.4885
20475.4000 1042 510 0.4894
20476.0000 1042 511 0.4904
20485.0000 1043 511 0.4899
20499.0000 1043 512 0.4909
20508.0000 1044 512 0.4904
20532.0000 1045 512 0.4900
20554.0000 1046 512 0.4895
20576.0000 1047 512 0.4890
20594.0000 1048 512 0.4885
20611.0000 1049 512 0.4881
20635.0000 1050 512 0.4876
20655.0000 1051 512 0.4872
20673.0000 1052 512 0.4867
20691.0000 1053 512 0.4862
20706.0000 1054 512 0.4858
20724.0000 1055 512 0.4853
20735.4000 1055 513 0.4863
20744.0000 1056 513 0.4858
20755.2000 1056 514 0.4867
20766.0000 1057 514 0.4863
20782.0000 1058 514 0.4858
20800.0000 1059 514 0.4854
20801.3000 1059 515 0.4863
20821.0000 1060 515 0.4858
20844.0000 1061 515 0.4854
20847.3000 1061 516 0.4863
20853.6000 1061 517 0.4873
20855.4000 1061 518 0.4882
20864.0000 1062 518 0.4878
20864.3000 1062 519 0.4887
20888.0000 1063 519 0.4882
20911.0000 1064 519 0.4878
20931.0000 1065 519 0.4873
20947.1000 1065 520 0.4883
20952.0000 1066 520 0.4878
20968.0000 1067 520 0.4873
20968.5000 1067 521 0.4883
20990.0000 1068 521 0.4878
21007.0000 1069 521 0.4874
21008.6000 1069 522 0.4883
21031.0000 1070 522 0.4879
21036.8000 1070 523 0.4888
21055.0000 1071 523 0.4883
21066.1000 1071 524 0.4893
21068.2000 1071 525 0.4902
21077.0000 1072 525 0.4897
21081.9000 1072 526 0.4907
21092.0000 1073 526 0.4902
21096.9000 1073 527 0.4911
21116.0000 1074 527 0.4907
21125.2000 1074 528 0.4916
21132.0000 1075 528 0.4912
21145.9000 1075 529 0.4921
21148.0000 1076 529 0.4916
21166.0000 1077 529 0.4912
21184.0000 1078 529 0.4907
21189.3000 1078 530 0.4917
21204.0000 1079 530 0.4912
21223.0000 1080 530 0.4907
21226.6000 1080 531 0.4917
21235.3000 1080 532 0.4926
21239.3000 1080 533 0.4935
21247.0000 1081 533 0.4931
21249.5000 1081 534 0.4940
21271.0000 1082 534 0.4935
21292.0000 1083 534 0.4931
21295.5000 1083 535 0.4940
21309.0000 1084 535 0.4935
21321.3000 1084 536 0.4945
21325.4000 1084 537 0.4954
21327.0000 1085 537 0.4949
21349.5000 1085 538 0.4959
21351.0000 1086 538 0.4954
21367.2000 1086 539 0.4963
21368.0000 1087 539 0.4959
21369.4000 1087 540 0.4968
21373.6000 1087 541 0.4977
21387.0000 1088 541 0.4972
21407.0000 1089 541 0.4968
21412.0000 1089 542 0.4977
21414.8000 1089 543 0.4986
21424.0000 1090 543 0.4982
21444.0000 1091 543 0.4977
21463.0000 1092 543 0.4973
21483.0000 1093 543 0.4968
21505.0000 1094 543 0.4963
21523.0000 1095 543 0.4959
21539.0000 1096 543 0.4954
21540.0000 1096 544 0.4964
21542.6000 1096 545 0.4973
21556.0000 1097 545 0.4968
21577.0000 1098 545 0.4964
21599.0000 1099 545 0.4959
21615.0000 1100 545 0.4955
21623.9000 1100 546 0.4964
21632.0000 1101 546 0.4959
21648.0000 1102 546 0.4955
21665.0000 1103 546 0.4950
21689.0000 1104 546 0.4946
21707.0000 1105 546 0.4941
21713.3000 1105 547 0.4950
21731.0000 1106 547 0.4946
21755.0000 1107 547 0.4941
21777.0000 1108 547 0.4937
21794.0000 1109 547 0.4932
21818.0000 1110 547 0.4928
21836.6000 1110 548 0.4937
21837.0000 1111 548 0.4932
21860.0000 1112 548 0.4928
21872.6000 1112 549 0.4937
21883.0000 1113 549 0.4933
21898.0000 1114 549 0.4928
21916.0000 1115 549 0.4924
21939.0000 1116 549 0.4919
21949.4000 1116 550 0.4928
21950.9000 1116 551 0.4937
21960.0000 1117 551 0.4933
21976.0000 1118 551 0.4928
21999.0000 1119 551 0.4924
22022.0000 1120 551 0.4920
22041.0000 1121 551 0.4915
22061.0000 1122 551 0.4911
22078.0000 1123 551 0.4907
22101.0000 1124 551 0.4902
22121.0000 1125 551 0.4898
22140.0000 1126 551 0.4893
22159.0000 1127 551 0.4889
22165.8000 1127 552 0.4898
22183.0000 1128 552 0.4894
22199.0000 1129 552 0.4889
22211.3000 1129 553 0.4898
22218.0000 1130 553 0.4894
22242.0000 1131 553 0.4889
22263.0000 1132 553 0.4885
22281.0000 1133 553 0.4881
22302.4000 1133 554 0.4890
22304.0000 1134 554 0.4885
22311.0000 1134 555 0.4894
22322.0000 1135 555 0.4890
22338.8000 1135 556 0.4899
22346.0000 1136 556 0.4894
22363.0000 1137 556 0.4890
22385.0000 1138 556 0.4886
22405.0000 1139 556 0.4881
22420.0000 1140 556 0.4877
22444.0000 1141 556 0.4873
22464.0000 1142 556 0.4869
22479.0000 1142 557 0.4877
22482.0000 1143 557 0.4873
22500.0000 1144 557 0.4869
22521.0000 1145 557 0.4865
22543.7000 1145 558 0.4873
22544.0000 1146 558 0.4869
22560.0000 1147 558 0.4865
22578.0000 1148 558 0.4861
22595.0000 1149 558 0.4856
22613.0000 1150 558 0.4852
22628.0000 1151 558 0.4848
22647.5000 1151 559 0.4857
22648.0000 1152 559 0.4852
22660.7000 1152 560 0.4861
22666.0000 1153 560 0.4857
22669.8000 1153 561 0.4866
22682.0000 1154 561 0.4861
22698.0000 1155 561 0.4857
22713.0000 1156 561 0.4853
22717.4000 1156 562 0.4862
22735.0000 1157 562 0.4857
22758.0000 1158 562 0.4853
22764.8000 1158 563 0.4862
22776.7000 1158 564 0.4870
22779.0000 1159 564 0.4866
22799.0000 1160 564 0.4862
22815.1000 1160 565 0.4871
22820.0000 1161 565 0.4866
22824.3000 1161 566 0.4875
22826.3000 1161 567 0.4884
22835.0000 1162 567 0.4880
22850.0000 1163 567 0.4875
22869.0000 1164 567 0.4871
22891.0000 1165 567 0.4867
22913.0000 1166 567 0.4863
22931.0000 1167 567 0.4859
22943.1000 1167 568 0.4867
22954.0000 1168 568 0.4863
22971.0000 1169 568 0.4859
22991.0000 1170 568 0.4855
23007.0000 1171 568 0.4851
23031.0000 1172 568 0.4846
23047.0000 1173 568 0.4842
23047.9000 1173 569 0.4851
23048.6000 1173 570 0.4859
23070.0000 1174 570 0.4855
23071.8000 1174 571 0.4864
23085.0000 1175 571 0.4860
23106.0000 1176 571 0.4855
23108.1000 1176 572 0.4864
23113.0000 1176 573 0.4872
23118.3000 1176 574 0.4881
23127.0000 1177 574 0.4877
23149.0000 1178 574 0.4873
23165.0000 1179 574 0.4869
23179.9000 1179 575 0.4877
23180.0000 1180 575 0.4873
23198.0000 1181 575 0.4869
23214.0000 1182 575 0.4865
23238.0000 1183 575 0.4861
23252.6000 1183 576 0.4869
23258.0000 1184 576 0.4865
23280.0000 1185 576 0.4861
23295.0000 1186 576 0.4857
23304.1000 1186 577 0.4865
23319.0000 1187 577 0.4861
23328.4000 1187 578 0.4869
23339.0000 1188 578 0.4865
23344.4000 1188 579 0.4874
23359.8000 1188 580 0.4882
23360.0000 1189 580 0.4878
23377.0000 1190 580 0.4874
23393.0000 1191 580 0.4870
23409.0000 1192 580 0.4866
23428.0000 1193 580 0.4862
23445.0000 1194 580 0.4858
23463.8000 1194 581 0.4866
23464.0000 1195 581 0.4862
23466.7000 1195 582 0.4870
23482.0000 1196 582 0.4866
23498.0000 1197 582 0.4862
23499.9000 1197 583 0.4871
23516.0000 1198 583 0.4866
23521.1000 1198 584 0.4875
23532.0000 1199 584 0.4871
23547.0000 1200 584 0.4867
23558.7000 1200 585 0.4875
23559.8000 1200 586 0.4883
23565.9000 1200 587 0.4892
23568.0000 1201 587 0.4888
23589.0000 1202 587 0.4884
23613.0000 1203 587 0.4879
23629.0000 1204 587 0.4875
23647.0000 1205 587 0.4871
23662.0000 1206 587 0.4867
23681.0000 1207 587 0.4863
23695.1000 1207 588 0.4872
23702.0000 1208 588 0.4868
23721.4000 1208 589 0.4876
23722.7000 1208 590 0.4884
23726.0000 1209 590 0.4880
23730.8000 1209 591 0.4888
23741.0000 1210 591 0.4884
23759.5000 1210 592 0.4893
23760.0000 1211 592 0.4889
23769.3000 1211 593 0.4897
23778.0000 1212 593 0.4893
23782.8000 1212 594 0.4901
23784.8000 1212 595 0.4909
23798.0000 1213 595 0.4905
23817.0000 1214 595 0.4901
23823.0000 1214 596 0.4909
23837.0000 1215 596 0.4905
23844.8000 1215 597 0.4914
23859.0000 1216 597 0.4910
23874.0000 1217 597 0.4906
23895.0000 1218 597 0.4901
23916.0000 1219 597 0.4897
23926.1000 1219 598 0.4906
23937.0000 1220 598 0.4902
23961.0000 1221 598 0.4898
23971.8000 1221 599 0.4906
23981.0000 1222 599 0.4902
23985.1000 1222 600 0.4910
24004.0000 1223 600 0.4906
24011.4000 1223 601 0.4914
24012.7000 1223 602 0.4922
24026.0000 1224 602 0.4918
24037.4000 1224 603 0.4926
24043.0000 1225 603 0.4922
24045.4000 1225 604 0.4931
24062.0000 1226 604 0.4927
24077.5000 1226 605 0.4935
24079.0000 1227 605 0.4931
24095.0000 1228 605 0.4927
24096.4000 1228 606 0.4935
24110.0000 1229 606 0.4931
24134.0000 1230 606 0.4927
24157.0000 1231 606 0.4923
24179.0000 1232 606 0.4919
24196.3000 1232 607 0.4927
24203.0000 1233 607 0.4923
24222.0000 1234 607 0.4919
24245.0000 1235 607 0.4915
24262.0000 1236 607 0.4911
24269.4000 1236 608 0.4919
24271.0000 1236 609 0.4927
24286.0000 1237 609 0.4923
24290.9000 1237 610 0.4931
24305.0000 1238 610 0.4927
24326.0000 1239 610 0.4923
24349.0000 1240 610 0.4919
24368.0000 1241 610 0.4915
24379.5000 1241 611 0.4923
24380.6000 1241 612 0.4932
24383.0000 1242 612 0.4928
24383.9000 1242 613 0.4936
24396.2000 1242 614 0.4944
24407.0000 1243 614 0.4940
24423.2000 1243 615 0.4948
24427.0000 1244 615 0.4944
24445.2000 1244 616 0.4952
24447.0000 1245 616 0.4948
24468.0000 1246 616 0.4944
24468.8000 1246 617 0.4952
24473.7000 1246 618 0.4960
24490.0000 1247 618 0.4956
24490.3000 1247 619 0.4964
24499.3000 1247 620 0.4972
24501.4000 1247 621 0.4980
24514.0000 1248 621 0.4976
24515.3000 1248 622 0.4984
24530.0000 1249 622 0.4980
24553.0000 1250 622 0.4976
24568.0000 1251 622 0.4972
24568.7000 1251 623 0.4980
24591.0000 1252 623 0.4976
24607.0000 1253 623 0.4972
24624.0000 1254 623 0.4968
24641.0000 1255 623 0.4964
24651.2000 1255 624 0.4972
24656.0000 1256 624 0.4968
24677.0000 1257 624 0.4964
24693.0000 1258 624 0.4960
24712.0000 1259 624 0.4956
24736.0000 1260 624 0.4952
24751.0000 1261 624 0.4948
24768.0000 1262 624 0.4945
24790.0000 1263 624 0.4941
24809.0000 1264 624 0.4937
24822.2000 1264 625 0.4945
24824.0000 1265 625 0.4941
24828.3000 1265 626 0.4949
24832.5000 1265 627 0.4957
24844.0000 1266 627 0.4953
24867.0000 1267 627 0.4949
24868.9000 1267 628 0.4957
24883.0000 1268 628 0.4953
24906.0000 1269 628 0.4949
24921.0000 1270 628 0.4945
24945.0000 1271 628 0.4941
24963.0000 1272 628 0.4937
24980.0000 1273 628 0.4933
24999.0000 1274 628 0.4929
25015.0000 1275 628 0.4925
25023.3000 1275 629 0.4933
25024.1000 1275 630 0.4941
25024.3000 1275 631 0.4949
25031.7000 1275 632 0.4957
25034.0000 1276 632 0.4953
25055.0000 1277 632 0.4949
25074.0000 1278 632 0.4945
25095.0000 1279 632 0.4941
25107.0000 1279 633 0.4949
25116.1000 1279 634 0.4957
25119.0000 1280 634 0.4953
25138.0000 1281 634 0.4949
25162.0000 1282 634 0.4945
25183.0000 1283 634 0.4942
