# time  created  delivered  delivered/created
22.0000 1 0 0.0000
38.0000 2 0 0.0000
54.0000 3 0 0.0000
72.0000 4 0 0.0000
94.0000 5 0 0.0000
110.0000 6 0 0.0000
133.0000 7 0 0.0000
153.0000 8 0 0.0000
175.0000 9 0 0.0000
191.0000 10 0 0.0000
210.0000 11 0 0.0000
225.0000 12 0 0.0000
249.0000 13 0 0.0000
265.0000 14 0 0.0000
281.0000 15 0 0.0000
304.0000 16 0 0.0000
328.0000 17 0 0.0000
343.0000 18 0 0.0000
367.0000 19 0 0.0000
382.0000 20 0 0.0000
399.0000 21 0 0.0000
420.0000 22 0 0.0000
439.0000 23 0 0.0000
458.0000 24 0 0.0000
480.0000 25 0 0.0000
497.0000 26 0 0.0000
515.0000 27 0 0.0000
538.0000 28 0 0.0000
562.0000 29 0 0.0000
581.0000 30 0 0.0000
581.2000 30 1 0.0333
603.0000 31 1 0.0323
625.0000 32 1 0.0313
641.5000 32 2 0.0625
646.0000 33 2 0.0606
661.6000 33 3 0.0909
667.0000 34 3 0.0882
685.0000 35 3 0.0857
691.0000 35 4 0.1143
700.0000 36 4 0.1111
714.4000 36 5 0.1389
722.0000 37 5 0.1351
741.0000 38 5 0.1316
764.0000 39 5 0.1282
784.0000 40 5 0.1250
786.4000 40 6 0.1500
806.0000 41 6 0.1463
829.0000 42 6 0.1429
851.0000 43 6 0.1395
873.0000 44 6 0.1364
895.0000 45 6 0.1333
918.0000 46 6 0.1304
935.7000 46 7 0.1522
941.0000 47 7 0.1489
957.0000 48 7 0.1458
975.0000 49 7 0.1429
998.0000 50 7 0.1400
1018.0000 51 7 0.1373
1040.0000 52 7 0.1346
1056.0000 53 7 0.1321
1077.0000 54 7 0.1296
1096.0000 55 7 0.1273
1117.0000 56 7 0.1250
1137.0000 57 7 0.1228
1159.0000 58 7 0.1207
1179.0000 59 7 0.1186
1193.3000 59 8 0.1356
1201.0000 60 8 0.1333
1216.0000 61 8 0.1311
1225.2000 61 9 0.1475
1232.0000 62 9 0.1452
1251.0000 63 9 0.1429
1268.0000 64 9 0.1406
1287.0000 65 9 0.1385
1308.0000 66 9 0.1364
1327.0000 67 9 0.1343
1342.0000 68 9 0.1324
1364.0000 69 9 0.1304
1381.1000 69 10 0.1449
1388.0000 70 10 0.1429
1397.1000 70 11 0.1571
1407.0000 71 11 0.1549
1422.0000 72 11 0.1528
1442.0000 73 11 0.1507
1464.0000 74 11 0.1486
1476.7000 74 12 0.1622
1479.0000 75 12 0.1600
1500.0000 76 12 0.1579
1518.0000 77 12 0.1558
1542.0000 78 12 0.1538
1560.8000 78 13 0.1667
1562.0000 79 13 0.1646
1577.0000 80 13 0.1625
1600.0000 81 13 0.1605
1620.0000 82 13 0.1585
1637.0000 83 13 0.1566
1652.0000 84 13 0.1548
1672.9000 84 14 0.1667
1673.0000 85 14 0.1647
1695.0000 86 14 0.1628
1713.0000 87 14 0.1609
1737.0000 88 14 0.1591
1737.2000 88 15 0.1705
1760.0000 89 15 0.1685
1781.0000 90 15 0.1667
1804.0000 91 15 0.1648
1826.0000 92 15 0.1630
1849.0000 93 15 0.1613
1850.6000 93 16 0.1720
1870.0000 94 16 0.1702
1890.0000 95 16 0.1684
1911.0000 96 16 0.1667
1929.0000 97 16 0.1649
1948.0000 98 16 0.1633
1965.0000 99 16 0.1616
1980.0000 100 16 0.1600
2002.0000 101 16 0.1584
2024.0000 102 16 0.1569
2035.6000 102 17 0.1667
2041.0000 103 17 0.1650
2064.0000 104 17 0.1635
2073.8000 104 18 0.1731
2080.0000 105 18 0.1714
2095.0000 106 18 0.1698
2119.0000 107 18 0.1682
2139.0000 108 18 0.1667
2144.5000 108 19 0.1759
2161.0000 109 19 0.1743
2178.0000 110 19 0.1727
2199.0000 111 19 0.1712
2222.0000 112 19 0.1696
2240.0000 113 19 0.1681
2259.0000 114 19 0.1667
2275.0000 115 19 0.1652
2295.0000 116 19 0.1638
2314.0000 117 19 0.1624
2324.9000 117 20 0.1709
2335.0000 118 20 0.1695
2354.0000 119 20 0.1681
2377.0000 120 20 0.1667
2396.0000 121 20 0.1653
2411.0000 122 20 0.1639
2412.0000 122 21 0.1721
2433.0000 123 21 0.1707
2452.0000 124 21 0.1694
2460.7000 124 22 0.1774
2474.0000 125 22 0.1760
2490.0000 125 23 0.1840
2496.0000 126 23 0.1825
2506.7000 126 24 0.1905
2511.0000 127 24 0.1890
2526.0000 128 24 0.1875
2546.0000 129 24 0.1860
2563.0000 130 24 0.1846
2586.0000 131 24 0.1832
2601.0000 132 24 0.1818
2621.0000 133 24 0.1805
2641.0000 134 24 0.1791
2662.0000 135 24 0.1778
2678.0000 136 24 0.1765
2689.6000 136 25 0.1838
2690.0000 136 26 0.1912
2693.0000 137 26 0.1898
2716.0000 138 26 0.1884
2735.0000 139 26 0.1871
2754.0000 140 26 0.1857
2771.0000 141 26 0.1844
2788.0000 142 26 0.1831
2803.7000 142 27 0.1901
2807.0000 143 27 0.1888
2823.1000 143 28 0.1958
2831.0000 144 28 0.1944
2853.0000 145 28 0.1931
2868.0000 146 28 0.1918
2872.7000 146 29 0.1986
2891.0000 147 29 0.1973
2911.0000 148 29 0.1959
2926.0000 149 29 0.1946
2942.0000 150 29 0.1933
2955.9000 150 30 0.2000
2962.0000 151 30 0.1987
2979.0000 152 30 0.1974
3003.0000 153 30 0.1961
3024.0000 154 30 0.1948
3040.0000 155 30 0.1935
3064.0000 156 30 0.1923
3086.0000 157 30 0.1911
3100.9000 157 31 0.1975
3110.0000 158 31 0.1962
3129.0000 159 31 0.1950
3147.0000 160 31 0.1938
3166.0000 161 31 0.1925
3190.0000 162 31 0.1914
3210.0000 163 31 0.1902
3225.0000 164 31 0.1890
3243.0000 165 31 0.1879
3260.0000 166 31 0.1867
3283.0000 167 31 0.1856
3305.0000 168 31 0.1845
3321.0000 169 31 0.1834
3344.0000 170 31 0.1824
3365.0000 171 31 0.1813
3385.0000 172 31 0.1802
3408.0000 173 31 0.1792
3414.4000 173 32 0.1850
3428.0000 174 32 0.1839
3432.0000 174 33 0.1897
3449.0000 175 33 0.1886
3454.7000 175 34 0.1943
3472.0000 176 34 0.1932
3488.0000 177 34 0.1921
3511.0000 178 34 0.1910
3535.0000 179 34 0.1899
3539.5000 179 35 0.1955
3552.0000 180 35 0.1944
3570.0000 181 35 0.1934
3571.4000 181 36 0.1989
3589.0000 182 36 0.1978
3604.0000 183 36 0.1967
3619.0000 184 36 0.1957
3638.0000 185 36 0.1946
3653.0000 186 36 0.1935
3669.0000 187 36 0.1925
3678.1000 187 37 0.1979
3689.0000 188 37 0.1968
3712.0000 189 37 0.1958
3730.0000 190 37 0.1947
3754.0000 191 37 0.1937
3771.0000 192 37 0.1927
3787.0000 193 37 0.1917
3809.0000 194 37 0.1907
3832.0000 195 37 0.1897
3854.0000 196 37 0.1888
3873.0000 197 37 0.1878
3895.0000 198 37 0.1869
3919.0000 199 37 0.1859
3938.0000 200 37 0.1850
3955.0000 201 37 0.1841
3975.0000 202 37 0.1832
3996.0000 203 37 0.1823
4003.1000 203 38 0.1872
4012.0000 204 38 0.1863
4031.0000 205 38 0.1854
4052.0000 206 38 0.1845
4070.0000 207 38 0.1836
4094.0000 208 38 0.1827
4115.0000 209 38 0.1818
4131.3000 209 39 0.1866
4133.6000 209 40 0.1914
4134.0000 210 40 0.1905
4153.0000 211 40 0.1896
4171.0000 212 40 0.1887
4194.0000 213 40 0.1878
4214.0000 214 40 0.1869
4235.0000 215 40 0.1860
4251.0000 216 40 0.1852
4272.0000 217 40 0.1843
4289.0000 217 41 0.1889
4290.0000 218 41 0.1881
4314.0000 219 41 0.1872
4323.2000 219 42 0.1918
4338.0000 220 42 0.1909
4360.0000 221 42 0.1900
4381.0000 222 42 0.1892
4400.0000 223 42 0.1883
4419.0000 224 42 0.1875
4419.1000 224 43 0.1920
4434.0000 225 43 0.1911
4437.2000 225 44 0.1956
4452.4000 225 45 0.2000
4458.0000 226 45 0.1991
4476.0000 227 45 0.1982
4497.0000 228 45 0.1974
4515.0000 229 45 0.1965
4537.0000 230 45 0.1957
4556.0000 231 45 0.1948
4580.0000 232 45 0.1940
4597.0000 233 45 0.1931
4614.0000 234 45 0.1923
4634.0000 235 45 0.1915
4655.0000 236 45 0.1907
4665.1000 236 46 0.1949
4672.0000 237 46 0.1941
4679.7000 237 47 0.1983
4689.0000 238 47 0.1975
4706.0000 239 47 0.1967
4729.0000 240 47 0.1958
4747.0000 241 47 0.1950
4762.0000 242 47 0.1942
4783.0000 243 47 0.1934
4795.2000 243 48 0.1975
4807.0000 244 48 0.1967
4824.0000 245 48 0.1959
4848.0000 246 48 0.1951
4867.0000 247 48 0.1943
4886.0000 248 48 0.1935
4909.0000 249 48 0.1928
4928.0000 250 48 0.1920
4951.0000 251 48 0.1912
4966.0000 252 48 0.1905
4986.0000 253 48 0.1897
5010.0000 254 48 0.1890
5033.0000 255 48 0.1882
5048.0000 256 48 0.1875
5072.0000 257 48 0.1868
5089.0000 258 48 0.1860
5112.0000 259 48 0.1853
5113.7000 259 49 0.1892
5131.0000 260 49 0.1885
5131.1000 260 50 0.1923
5151.0000 261 50 0.1916
5175.0000 262 50 0.1908
5194.0000 263 50 0.1901
5203.0000 263 51 0.1939
5215.0000 264 51 0.1932
5237.0000 265 51 0.1925
5254.0000 266 51 0.1917
5269.0000 267 51 0.1910
5291.0000 268 51 0.1903
5307.0000 269 51 0.1896
5324.0000 270 51 0.1889
5339.0000 271 51 0.1882
5356.0000 272 51 0.1875
5371.0000 273 51 0.1868
5387.0000 274 51 0.1861
5410.0000 275 51 0.1855
5426.0000 276 51 0.1848
5441.6000 276 52 0.1884
5447.0000 277 52 0.1877
5470.0000 278 52 0.1871
5490.0000 279 52 0.1864
5507.0000 280 52 0.1857
5528.0000 281 52 0.1851
5546.0000 282 52 0.1844
5564.0000 283 52 0.1837
5584.0000 284 52 0.1831
5607.0000 285 52 0.1825
5625.0000 286 52 0.1818
5643.0000 287 52 0.1812
5665.0000 288 52 0.1806
5685.0000 289 52 0.1799
5704.0000 290 52 0.1793
5724.0000 291 52 0.1787
5728.9000 291 53 0.1821
5745.0000 292 53 0.1815
5760.0000 293 53 0.1809
5784.0000 294 53 0.1803
5805.0000 295 53 0.1797
5822.0000 296 53 0.1791
5841.0000 297 53 0.1785
5859.0000 298 53 0.1779
5874.0000 299 53 0.1773
5893.0000 300 53 0.1767
5914.0000 301 53 0.1761
5922.3000 301 54 0.1794
5932.0000 302 54 0.1788
5938.9000 302 55 0.1821
5953.0000 303 55 0.1815
5971.0000 304 55 0.1809
5986.0000 305 55 0.1803
5999.5000 305 56 0.1836
6008.0000 306 56 0.1830
6024.0000 307 56 0.1824
6035.0000 307 57 0.1857
6041.0000 308 57 0.1851
6063.0000 309 57 0.1845
6067.4000 309 58 0.1877
6087.0000 310 58 0.1871
6105.0000 311 58 0.1865
6112.7000 311 59 0.1897
6124.0000 312 59 0.1891
6145.0000 313 59 0.1885
6166.0000 314 59 0.1879
6182.0000 315 59 0.1873
6201.0000 316 59 0.1867
6216.0000 317 59 0.1861
6231.0000 318 59 0.1855
6248.0000 319 59 0.1850
6261.7000 319 60 0.1881
6267.0000 320 60 0.1875
6285.8000 320 61 0.1906
6289.0000 321 61 0.1900
6308.0000 322 61 0.1894
6332.0000 323 61 0.1889
6355.0000 324 61 0.1883
6372.0000 325 61 0.1877
6393.0000 326 61 0.1871
6417.0000 327 61 0.1865
6441.0000 328 61 0.1860
6465.0000 329 61 0.1854
6486.0000 330 61 0.1848
6502.0000 331 61 0.1843
6518.0000 332 61 0.1837
6536.0000 333 61 0.1832
6555.0000 334 61 0.1826
6572.0000 335 61 0.1821
6591.0000 336 61 0.1815
6608.0000 337 61 0.1810
6631.0000 338 61 0.1805
6646.0000 339 61 0.1799
6665.0000 340 61 0.1794
6668.7000 340 62 0.1824
6684.0000 341 62 0.1818
6696.4000 341 63 0.1848
6708.0000 342 63 0.1842
6725.0000 343 63 0.1837
6745.0000 344 63 0.1831
6760.0000 345 63 0.1826
6780.9000 345 64 0.1855
6781.0000 346 64 0.1850
6793.5000 346 65 0.1879
6800.0000 347 65 0.1873
6816.0000 348 65 0.1868
6839.0000 349 65 0.1862
6854.0000 350 65 0.1857
6861.0000 350 66 0.1886
6874.0000 351 66 0.1880
6889.0000 352 66 0.1875
6901.0000 352 67 0.1903
6909.0000 353 67 0.1898
6930.0000 354 67 0.1893
6951.0000 355 67 0.1887
6971.0000 356 67 0.1882
6995.0000 357 67 0.1877
7010.0000 358 67 0.1872
7012.4000 358 68 0.1899
7029.0000 359 68 0.1894
7044.0000 359 69 0.1922
7048.0000 360 69 0.1917
7071.0000 361 69 0.1911
7093.0000 362 69 0.1906
7108.0000 363 69 0.1901
7130.0000 364 69 0.1896
7147.0000 365 69 0.1890
7163.0000 366 69 0.1885
7176.4000 366 70 0.1913
7180.0000 367 70 0.1907
7196.1000 367 71 0.1935
7197.0000 368 71 0.1929
7221.0000 369 71 0.1924
7240.0000 370 71 0.1919
7255.0000 371 71 0.1914
7272.0000 372 71 0.1909
7274.0000 372 72 0.1935
7296.0000 373 72 0.1930
7303.8000 373 73 0.1957
7304.4000 373 74 0.1984
7319.0000 374 74 0.1979
7333.2000 374 75 0.2005
7335.0000 375 75 0.2000
7358.0000 376 75 0.1995
7378.0000 377 75 0.1989
7394.0000 378 75 0.1984
7411.0000 379 75 0.1979
7435.0000 380 75 0.1974
7459.0000 381 75 0.1969
7480.0000 382 75 0.1963
7498.0000 383 75 0.1958
7514.0000 384 75 0.1953
7536.0000 385 75 0.1948
7559.0000 386 75 0.1943
7574.0000 387 75 0.1938
7589.6000 387 76 0.1964
7595.0000 388 76 0.1959
7608.4000 388 77 0.1985
7613.0000 389 77 0.1979
7632.0000 390 77 0.1974
7648.2000 390 78 0.2000
7650.6000 390 79 0.2026
7656.0000 391 79 0.2020
7673.0000 392 79 0.2015
7696.0000 393 79 0.2010
7713.0000 394 79 0.2005
7728.2000 394 80 0.2030
7730.0000 395 80 0.2025
7745.0000 396 80 0.2020
7762.0000 397 80 0.2015
7766.3000 397 81 0.2040
7784.0000 398 81 0.2035
7804.0000 399 81 0.2030
7822.0000 400 81 0.2025
7840.0000 401 81 0.2020
7858.0000 402 81 0.2015
7874.0000 403 81 0.2010
7882.6000 403 82 0.2035
7895.0000 404 82 0.2030
7914.0000 405 82 0.2025
7931.0000 406 82 0.2020
7948.0000 407 82 0.2015
7955.2000 407 83 0.2039
7972.0000 408 83 0.2034
7987.0000 409 83 0.2029
8002.0000 410 83 0.2024
8024.0000 411 83 0.2019
8040.0000 412 83 0.2015
8041.7000 412 84 0.2039
8059.0000 413 84 0.2034
8082.0000 414 84 0.2029
8099.0000 415 84 0.2024
8116.0000 416 84 0.2019
8124.2000 416 85 0.2043
8137.0000 417 85 0.2038
8158.0000 418 85 0.2033
8168.9000 418 86 0.2057
8173.0000 419 86 0.2053
8190.0000 420 86 0.2048
8205.0000 421 86 0.2043
8205.7000 421 87 0.2067
8227.0000 422 87 0.2062
8251.0000 423 87 0.2057
8272.9000 423 88 0.2080
8273.2000 423 89 0.2104
8275.0000 424 89 0.2099
8284.1000 424 90 0.2123
8284.5000 424 91 0.2146
8297.0000 425 91 0.2141
8310.1000 425 92 0.2165
8317.0000 426 92 0.2160
8336.0000 427 92 0.2155
8359.0000 428 92 0.2150
8375.0000 429 92 0.2145
8396.0000 430 92 0.2140
8414.0000 431 92 0.2135
8437.0000 432 92 0.2130
8453.0000 433 92 0.2125
8455.3000 433 93 0.2148
8468.0000 434 93 0.2143
8492.0000 435 93 0.2138
8510.0000 436 93 0.2133
8525.0000 437 93 0.2128
8537.9000 437 94 0.2151
8541.1000 437 95 0.2174
8544.0000 438 95 0.2169
8566.0000 439 95 0.2164
8586.0000 440 95 0.2159
8609.0000 441 95 0.2154
8625.0000 442 95 0.2149
8641.0000 442 96 0.2172
8644.0000 443 96 0.2167
8663.0000 444 96 0.2162
8681.0000 445 96 0.2157
8697.0000 446 96 0.2152
8703.7000 446 97 0.2175
8719.0000 447 97 0.2170
8723.5000 447 98 0.2192
8737.7000 447 99 0.2215
8743.0000 448 99 0.2210
8767.0000 449 99 0.2205
8784.0000 450 99 0.2200
8800.0000 451 99 0.2195
8821.2000 451 100 0.2217
8823.0000 452 100 0.2212
8839.0000 453 100 0.2208
8854.0000 454 100 0.2203
8869.0000 455 100 0.2198
8892.0000 456 100 0.2193
8911.0000 457 100 0.2188
8929.0000 458 100 0.2183
8944.0000 459 100 0.2179
8955.3000 459 101 0.2200
8961.0000 460 101 0.2196
8979.0000 461 101 0.2191
8997.0000 462 101 0.2186
9005.8000 462 102 0.2208
9011.3000 462 103 0.2229
9011.8000 462 104 0.2251
9013.0000 463 104 0.2246
9027.6000 463 105 0.2268
9035.0000 464 105 0.2263
9058.0000 465 105 0.2258
9067.9000 465 106 0.2280
9073.0000 466 106 0.2275
9095.0000 467 106 0.2270
9119.0000 468 106 0.2265
9143.0000 469 106 0.2260
9162.0000 470 106 0.2255
9186.0000 471 106 0.2251
9196.5000 471 107 0.2272
9209.0000 472 107 0.2267
9224.0000 473 107 0.2262
9245.0000 474 107 0.2257
9264.0000 475 107 0.2253
9288.0000 476 107 0.2248
9290.1000 476 108 0.2269
9304.3000 476 109 0.2290
9306.5000 476 110 0.2311
9310.0000 477 110 0.2306
9326.0000 478 110 0.2301
9341.0000 479 110 0.2296
9365.0000 480 110 0.2292
9387.0000 481 110 0.2287
9395.2000 481 111 0.2308
9403.0000 482 111 0.2303
9426.0000 483 111 0.2298
9444.0000 484 111 0.2293
9468.0000 485 111 0.2289
9485.0000 486 111 0.2284
9490.0000 486 112 0.2305
9503.0000 487 112 0.2300
9517.9000 487 113 0.2320
9527.0000 488 113 0.2316
9537.9000 488 114 0.2336
9550.0000 489 114 0.2331
9566.1000 489 115 0.2352
9573.0000 490 115 0.2347
9581.4000 490 116 0.2367
9591.0000 491 116 0.2363
9614.0000 492 116 0.2358
9632.0000 493 116 0.2353
9653.0000 494 116 0.2348
9676.0000 495 116 0.2343
9693.0000 496 116 0.2339
9715.0000 497 116 0.2334
9736.0000 498 116 0.2329
9748.3000 498 117 0.2349
9750.0000 498 118 0.2369
9752.0000 499 118 0.2365
9776.0000 500 118 0.2360
9799.0000 501 118 0.2355
9821.0000 502 118 0.2351
9837.0000 503 118 0.2346
9846.7000 503 119 0.2366
9861.0000 504 119 0.2361
9879.0000 505 119 0.2356
9894.0000 506 119 0.2352
9909.0000 507 119 0.2347
9927.0000 508 119 0.2343
9946.0000 509 119 0.2338
9966.7000 509 120 0.2358
9969.0000 510 120 0.2353
9988.0000 511 120 0.2348
10007.0000 512 120 0.2344
10009.2000 512 121 0.2363
10024.0000 513 121 0.2359
10042.5000 513 122 0.2378
10044.0000 514 122 0.2374
10067.0000 515 122 0.2369
10087.0000 516 122 0.2364
10108.2000 516 123 0.2384
10111.0000 517 123 0.2379
10113.8000 517 124 0.2398
10118.2000 517 125 0.2418
10132.0000 518 125 0.2413
10137.4000 518 126 0.2432
10154.0000 519 126 0.2428
10177.0000 520 126 0.2423
10180.8000 520 127 0.2442
10194.0000 521 127 0.2438
10195.5000 521 128 0.2457
10216.0000 522 128 0.2452
10235.0000 523 128 0.2447
10257.0000 524 128 0.2443
10276.0000 524 129 0.2462
10281.0000 525 129 0.2457
10300.0000 526 129 0.2452
10320.0000 527 129 0.2448
10343.0000 528 129 0.2443
10366.0000 529 129 0.2439
10366.4000 529 130 0.2457
10382.0000 530 130 0.2453
10402.0000 531 130 0.2448
10423.0000 532 130 0.2444
10435.4000 532 131 0.2462
10441.0000 533 131 0.2458
10461.0000 534 131 0.2453
10480.0000 535 131 0.2449
10497.0000 536 131 0.2444
10518.0000 537 131 0.2439
10537.0000 538 131 0.2435
10555.0000 539 131 0.2430
10562.2000 539 132 0.2449
10571.0000 540 132 0.2444
10591.0000 541 132 0.2440
10615.0000 542 132 0.2435
10637.0000 543 132 0.2431
10657.0000 544 132 0.2426
10668.5000 544 133 0.2445
10681.0000 545 133 0.2440
10703.0000 546 133 0.2436
10726.0000 547 133 0.2431
10745.6000 547 134 0.2450
10747.6000 547 135 0.2468
10748.0000 548 135 0.2464
10768.0000 549 135 0.2459
10788.0000 550 135 0.2455
10799.7000 550 136 0.2473
10808.0000 551 136 0.2468
10823.0000 552 136 0.2464
10842.0000 553 136 0.2459
10866.0000 554 136 0.2455
10876.5000 554 137 0.2473
10885.0000 555 137 0.2468
10907.0000 556 137 0.2464
10925.0000 557 137 0.2460
10942.0000 558 137 0.2455
10966.0000 559 137 0.2451
10983.0000 560 137 0.2446
11006.0000 561 137 0.2442
11019.1000 561 138 0.2460
11023.0000 562 138 0.2456
11046.0000 563 138 0.2451
11068.0000 564 138 0.2447
11084.0000 565 138 0.2442
11102.0000 566 138 0.2438
11115.2000 566 139 0.2456
11119.1000 566 140 0.2473
11120.0000 567 140 0.2469
11143.0000 568 140 0.2465
11166.0000 569 140 0.2460
11182.0000 570 140 0.2456
11201.0000 571 140 0.2452
11218.0000 572 140 0.2448
11238.0000 573 140 0.2443
11260.0000 574 140 0.2439
11280.0000 575 140 0.2435
11298.0000 576 140 0.2431
11318.4000 576 141 0.2448
11319.0000 577 141 0.2444
11343.0000 578 141 0.2439
11351.4000 578 142 0.2457
11363.0000 579 142 0.2453
11381.0000 580 142 0.2448
11395.2000 580 143 0.2466
11405.0000 581 143 0.2461
11424.0000 582 143 0.2457
11443.0000 583 143 0.2453
11459.6000 583 144 0.2470
11467.0000 584 144 0.2466
11491.0000 585 144 0.2462
11511.0000 586 144 0.2457
11529.0000 587 144 0.2453
11547.0000 588 144 0.2449
11566.0000 589 144 0.2445
11586.0000 590 144 0.2441
11602.0000 590 145 0.2458
11610.0000 591 145 0.2453
11626.0000 592 145 0.2449
11640.2000 592 146 0.2466
11650.0000 593 146 0.2462
11665.0000 594 146 0.2458
11680.0000 595 146 0.2454
11696.0000 596 146 0.2450
11711.0000 597 146 0.2446
11728.6000 597 147 0.2462
11731.0000 598 147 0.2458
11755.0000 599 147 0.2454
11771.0000 600 147 0.2450
11790.0000 601 147 0.2446
11809.0000 602 147 0.2442
11827.0000 603 147 0.2438
11851.0000 604 147 0.2434
11867.0000 605 147 0.2430
11885.0000 606 147 0.2426
11907.0000 607 147 0.2422
11929.0000 608 147 0.2418
11933.3000 608 148 0.2434
11948.0000 609 148 0.2430
11971.0000 610 148 0.2426
11995.0000 611 148 0.2422
12012.0000 612 148 0.2418
12033.0000 613 148 0.2414
12048.0000 614 148 0.2410
12070.0000 615 148 0.2407
12088.0000 616 148 0.2403
12090.3000 616 149 0.2419
12104.0000 617 149 0.2415
12124.0000 618 149 0.2411
12130.3000 618 150 0.2427
12145.0000 619 150 0.2423
12165.0000 620 150 0.2419
12189.0000 621 150 0.2415
12209.0000 622 150 0.2412
12211.8000 622 151 0.2428
12218.2000 622 152 0.2444
12226.0000 623 152 0.2440
12249.0000 624 152 0.2436
12270.0000 625 152 0.2432
12287.0000 626 152 0.2428
12304.8000 626 153 0.2444
12305.0000 627 153 0.2440
12323.0000 628 153 0.2436
12329.8000 628 154 0.2452
12339.0000 629 154 0.2448
12358.0000 630 154 0.2444
12377.0000 631 154 0.2441
12381.4000 631 155 0.2456
12399.0000 632 155 0.2453
12421.0000 633 155 0.2449
12444.0000 634 155 0.2445
12463.0000 635 155 0.2441
12473.7000 635 156 0.2457
12479.0000 636 156 0.2453
12483.1000 636 157 0.2469
12497.0000 637 157 0.2465
12513.4000 637 158 0.2480
12518.0000 638 158 0.2476
12538.0000 639 158 0.2473
12556.0000 640 158 0.2469
12575.0000 641 158 0.2465
12596.0000 642 158 0.2461
12611.0000 643 158 0.2457
12635.0000 644 158 0.2453
12642.9000 644 159 0.2469
12655.0000 645 159 0.2465
12672.0000 646 159 0.2461
12691.0000 647 159 0.2457
12713.0000 648 159 0.2454
12724.7000 648 160 0.2469
12725.8000 648 161 0.2485
12737.0000 649 161 0.2481
12761.0000 650 161 0.2477
12781.0000 651 161 0.2473
12798.0000 652 161 0.2469
12818.0000 653 161 0.2466
12839.0000 654 161 0.2462
12863.0000 655 161 0.2458
12884.0000 656 161 0.2454
12901.0000 657 161 0.2451
12919.0000 658 161 0.2447
12936.0000 659 161 0.2443
12954.0000 660 161 0.2439
12971.0000 661 161 0.2436
12976.7000 661 162 0.2451
12986.0000 662 162 0.2447
13009.0000 663 162 0.2443
13029.0000 664 162 0.2440
13048.0000 665 162 0.2436
13069.0000 666 162 0.2432
13080.5000 666 163 0.2447
13081.1000 666 164 0.2462
13090.0000 667 164 0.2459
13102.6000 667 165 0.2474
13112.0000 668 165 0.2470
13135.0000 669 165 0.2466
13146.6000 669 166 0.2481
13151.2000 669 167 0.2496
13157.0000 670 167 0.2493
13175.0000 671 167 0.2489
13198.0000 672 167 0.2485
13222.0000 673 167 0.2481
13237.0000 674 167 0.2478
13261.0000 675 167 0.2474
13279.0000 676 167 0.2470
13288.8000 676 168 0.2485
13303.0000 677 168 0.2482
13327.0000 678 168 0.2478
13331.7000 678 169 0.2493
13344.0000 679 169 0.2489
13367.0000 680 169 0.2485
13367.2000 680 170 0.2500
13385.0000 681 170 0.2496
13400.0000 682 170 0.2493
13422.0000 683 170 0.2489
13439.0000 684 170 0.2485
13460.4000 684 171 0.2500
13463.0000 685 171 0.2496
13485.0000 686 171 0.2493
13501.0000 687 171 0.2489
13512.8000 687 172 0.2504
13514.8000 687 173 0.2518
13522.0000 688 173 0.2515
13543.0000 689 173 0.2511
13558.0000 690 173 0.2507
13578.0000 691 173 0.2504
13597.0000 692 173 0.2500
13601.2000 692 174 0.2514
13612.0000 693 174 0.2511
13633.0000 694 174 0.2507
13654.0000 695 174 0.2504
13674.0000 696 174 0.2500
13689.0000 697 174 0.2496
13713.0000 698 174 0.2493
13723.2000 698 175 0.2507
13733.0000 699 175 0.2504
13750.0000 700 175 0.2500
13771.0000 701 175 0.2496
13787.0000 702 175 0.2493
13808.0000 703 175 0.2489
13831.0000 704 175 0.2486
13836.3000 704 176 0.2500
13853.0000 705 176 0.2496
13874.0000 706 176 0.2493
13894.0000 707 176 0.2489
13915.0000 708 176 0.2486
13929.1000 708 177 0.2500
13937.0000 709 177 0.2496
13939.2000 709 178 0.2511
13950.2000 709 179 0.2525
13952.0000 710 179 0.2521
13976.0000 711 179 0.2518
13994.0000 712 179 0.2514
14011.0000 713 179 0.2511
14032.0000 714 179 0.2507
14056.0000 715 179 0.2503
14060.1000 715 180 0.2517
14064.5000 715 181 0.2531
14071.0000 715 182 0.2545
14077.0000 716 182 0.2542
14092.0000 717 182 0.2538
14107.0000 718 182 0.2535
14123.0000 719 182 0.2531
14147.0000 720 182 0.2528
14167.0000 721 182 0.2524
14186.0000 722 182 0.2521
14204.0000 723 182 0.2517
14225.0000 724 182 0.2514
14245.0000 725 182 0.2510
14267.0000 726 182 0.2507
14286.0000 727 182 0.2503
14304.0000 728 182 0.2500
14323.0000 729 182 0.2497
14343.0000 730 182 0.2493
14363.0000 731 182 0.2490
14385.0000 732 182 0.2486
14404.0000 733 182 0.2483
14420.0000 734 182 0.2480
14441.0000 735 182 0.2476
14456.0000 736 182 0.2473
14466.4000 736 183 0.2486
14475.0000 737 183 0.2483
14499.0000 738 183 0.2480
14523.0000 739 183 0.2476
14544.0000 740 183 0.2473
14551.4000 740 184 0.2486
14568.0000 741 184 0.2483
14588.0000 742 184 0.2480
14603.0000 743 184 0.2476
14618.0000 744 184 0.2473
14629.4000 744 185 0.2487
14639.0000 745 185 0.2483
14655.0000 746 185 0.2480
14676.0000 747 185 0.2477
14696.0000 748 185 0.2473
14700.1000 748 186 0.2487
14718.0000 749 186 0.2483
14732.0000 749 187 0.2497
14736.0000 750 187 0.2493
14737.4000 750 188 0.2507
14746.0000 750 189 0.2520
14756.0000 751 189 0.2517
14773.0000 752 189 0.2513
14790.0000 753 189 0.2510
14797.1000 753 190 0.2523
14809.0000 754 190 0.2520
14831.0000 755 190 0.2517
14848.0000 756 190 0.2513
14867.0000 757 190 0.2510
14889.0000 758 190 0.2507
14905.0000 759 190 0.2503
14915.3000 759 191 0.2516
14927.0000 760 191 0.2513
14927.1000 760 192 0.2526
14942.0000 761 192 0.2523
14961.0000 762 192 0.2520
14984.0000 763 192 0.2516
14999.0000 764 192 0.2513
15014.7000 764 193 0.2526
15021.0000 765 193 0.2523
15041.0000 766 193 0.2520
15058.0000 767 193 0.2516
15074.0000 768 193 0.2513
15093.0000 769 193 0.2510
15114.0000 770 193 0.2506
15132.0000 771 193 0.2503
15149.0000 772 193 0.2500
15159.2000 772 194 0.2513
15172.0000 773 194 0.2510
15190.0000 774 194 0.2506
15212.0000 775 194 0.2503
15235.0000 776 194 0.2500
15256.0000 777 194 0.2497
15260.9000 777 195 0.2510
15280.0000 778 195 0.2506
15297.0000 779 195 0.2503
15318.0000 780 195 0.2500
15336.0000 781 195 0.2497
15360.0000 782 195 0.2494
15381.0000 783 195 0.2490
15399.0000 784 195 0.2487
15419.0000 785 195 0.2484
15439.2000 785 196 0.2497
15441.0000 786 196 0.2494
15442.1000 786 197 0.2506
15465.0000 787 197 0.2503
15482.0000 788 197 0.2500
15504.0000 789 197 0.2497
15526.0000 790 197 0.2494
15547.0000 791 197 0.2491
15569.0000 792 197 0.2487
15591.0000 793 197 0.2484
15615.0000 794 197 0.2481
15632.0000 795 197 0.2478
15645.1000 795 198 0.2491
15651.0000 796 198 0.2487
15666.0000 797 198 0.2484
15680.6000 797 199 0.2497
15684.0000 798 199 0.2494
15708.0000 799 199 0.2491
15724.0000 800 199 0.2488
15746.0000 801 199 0.2484
15764.0000 802 199 0.2481
15782.0000 803 199 0.2478
15793.3000 803 200 0.2491
15799.0000 804 200 0.2488
15815.0000 805 200 0.2484
15838.0000 806 200 0.2481
15854.0000 807 200 0.2478
15873.0000 808 200 0.2475
15894.0000 809 200 0.2472
15909.0000 810 200 0.2469
15927.0000 811 200 0.2466
15948.0000 812 200 0.2463
15953.1000 812 201 0.2475
15967.0000 813 201 0.2472
15990.0000 814 201 0.2469
15990.0000 814 202 0.2482
16006.0000 814 203 0.2494
16010.0000 815 203 0.2491
16027.0000 816 203 0.2488
16034.8000 816 204 0.2500
16042.0000 817 204 0.2497
16061.0000 818 204 0.2494
16080.0000 819 204 0.2491
16104.0000 820 204 0.2488
16111.5000 820 205 0.2500
16124.0000 821 205 0.2497
16139.0000 822 205 0.2494
16155.0000 823 205 0.2491
16166.6000 823 206 0.2503
16175.0000 824 206 0.2500
16196.0000 825 206 0.2497
16207.0000 825 207 0.2509
16212.0000 826 207 0.2506
16230.0000 827 207 0.2503
16245.0000 828 207 0.2500
16251.8000 828 208 0.2512
16258.9000 828 209 0.2524
16261.0000 829 209 0.2521
16281.0000 830 209 0.2518
16301.0000 831 209 0.2515
16316.4000 831 210 0.2527
16322.0000 832 210 0.2524
16330.4000 832 211 0.2536
16338.0000 833 211 0.2533
16357.0000 834 211 0.2530
16367.7000 834 212 0.2542
16380.0000 835 212 0.2539
16389.5000 835 213 0.2551
16399.0000 836 213 0.2548
16412.0000 836 214 0.2560
16416.0000 837 214 0.2557
16433.0000 838 214 0.2554
16455.0000 839 214 0.2551
16476.9000 839 215 0.2563
16479.0000 840 215 0.2560
16487.2000 840 216 0.2571
16503.0000 841 216 0.2568
16520.1000 841 217 0.2580
16526.0000 842 217 0.2577
16547.0000 843 217 0.2574
16568.0000 844 217 0.2571
16589.0000 845 217 0.2568
16610.0000 846 217 0.2565
16628.0000 847 217 0.2562
16634.3000 847 218 0.2574
16646.0000 848 218 0.2571
16662.0000 849 218 0.2568
16662.2000 849 219 0.2580
16682.0000 850 219 0.2576
16699.0000 851 219 0.2573
16721.7000 851 220 0.2585
16723.0000 852 220 0.2582
16745.0000 853 220 0.2579
16760.0000 854 220 0.2576
16783.0000 855 220 0.2573
16800.0000 856 220 0.2570
16818.0000 857 220 0.2567
16835.0000 858 220 0.2564
16858.0000 859 220 0.2561
16881.0000 860 220 0.2558
16901.0000 861 220 0.2555
16912.6000 861 221 0.2567
16917.0000 862 221 0.2564
16935.0000 863 221 0.2561
16959.0000 864 221 0.2558
16980.0000 865 221 0.2555
16997.0000 866 221 0.2552
17021.0000 867 221 0.2549
17040.0000 868 221 0.2546
17063.0000 869 221 0.2543
17082.0000 870 221 0.2540
17105.0000 871 221 0.2537
17126.0000 872 221 0.2534
17143.0000 873 221 0.2532
17162.0000 874 221 0.2529
17181.0000 875 221 0.2526
17202.0000 876 221 0.2523
17223.7000 876 222 0.2534
17225.0000 877 222 0.2531
17240.0000 878 222 0.2528
17259.0000 879 222 0.2526
17278.0000 880 222 0.2523
17299.0000 881 222 0.2520
17302.4000 881 223 0.2531
17318.0000 882 223 0.2528
17336.0000 883 223 0.2525
17338.6000 883 224 0.2537
17340.1000 883 225 0.2548
17353.0000 884 225 0.2545
17357.6000 884 226 0.2557
17370.0000 885 226 0.2554
17393.6000 885 227 0.2565
17394.0000 886 227 0.2562
17416.0000 887 227 0.2559
17439.0000 888 227 0.2556
17454.0000 889 227 0.2553
17459.1000 889 228 0.2565
17469.2000 889 229 0.2576
17477.0000 890 229 0.2573
17497.0000 891 229 0.2570
17515.0000 892 229 0.2567
17535.0000 893 229 0.2564
17558.0000 894 229 0.2562
17574.0000 895 229 0.2559
17598.0000 896 229 0.2556
17619.0000 897 229 0.2553
17639.0000 898 229 0.2550
17654.0000 899 229 0.2547
17672.0000 900 229 0.2544
17690.0000 901 229 0.2542
17710.0000 902 229 0.2539
17734.0000 903 229 0.2536
17742.1000 903 230 0.2547
17748.9000 903 231 0.2558
17751.0000 904 231 0.2555
17758.4000 904 232 0.2566
17774.0000 905 232 0.2564
17793.0000 906 232 0.2561
17808.0000 907 232 0.2558
17826.0000 908 232 0.2555
17846.0000 909 232 0.2552
17864.0000 910 232 0.2549
17884.0000 911 232 0.2547
17891.8000 911 233 0.2558
17899.0000 912 233 0.2555
17917.0000 913 233 0.2552
17936.0000 914 233 0.2549
17958.0000 915 233 0.2546
17976.0000 916 233 0.2544
18000.0000 917 233 0.2541
18021.0000 918 233 0.2538
18040.0000 919 233 0.2535
18059.0000 920 233 0.2533
18077.0000 921 233 0.2530
18077.2000 921 234 0.2541
18092.0000 922 234 0.2538
18094.2000 922 235 0.2549
18112.1000 922 236 0.2560
18113.0000 923 236 0.2557
18132.0000 924 236 0.2554
18155.0000 925 236 0.2551
18177.0000 926 236 0.2549
18192.0000 927 236 0.2546
18214.0000 928 236 0.2543
18221.6000 928 237 0.2554
18236.0000 929 237 0.2551
18259.0000 930 237 0.2548
18275.0000 931 237 0.2546
18298.0000 932 237 0.2543
18309.2000 932 238 0.2554
18321.0000 933 238 0.2551
18340.0000 934 238 0.2548
18364.0000 935 238 0.2545
18371.6000 935 239 0.2556
18383.0000 936 239 0.2553
18395.0000 936 240 0.2564
18402.0000 937 240 0.2561
18425.0000 938 240 0.2559
18449.0000 939 240 0.2556
18470.5000 939 241 0.2567
18473.0000 940 241 0.2564
18488.0000 941 241 0.2561
18490.6000 941 242 0.2572
18512.0000 942 242 0.2569
18533.8000 942 243 0.2580
18534.0000 943 243 0.2577
18549.0000 944 243 0.2574
18570.0000 945 243 0.2571
18590.0000 946 243 0.2569
18613.0000 947 243 0.2566
18632.0000 948 243 0.2563
18653.0000 949 243 0.2561
18677.0000 950 243 0.2558
18696.0000 951 243 0.2555
18715.0000 952 243 0.2553
18738.0000 953 243 0.2550
18753.0000 954 243 0.2547
18768.0000 955 243 0.2545
18784.0000 955 244 0.2555
18786.0000 956 244 0.2552
18809.0000 957 244 0.2550
18828.0000 958 244 0.2547
18845.0000 959 244 0.2544
18848.6000 959 245 0.2555
18862.0000 960 245 0.2552
18884.0000 961 245 0.2549
18894.5000 961 246 0.2560
18899.0000 962 246 0.2557
18922.0000 963 246 0.2555
18939.0000 964 246 0.2552
18955.0000 964 247 0.2562
18956.0000 965 247 0.2560
18977.0000 966 247 0.2557
18993.0000 967 247 0.2554
19015.0000 968 247 0.2552
19036.3000 968 248 0.2562
19037.0000 969 248 0.2559
19055.0000 970 248 0.2557
19072.0000 971 248 0.2554
19087.0000 972 248 0.2551
19108.0000 973 248 0.2549
19129.0000 974 248 0.2546
19151.0000 975 248 0.2544
19162.9000 975 249 0.2554
19173.0000 976 249 0.2551
19192.0000 977 249 0.2549
19211.0000 978 249 0.2546
19231.0000 979 249 0.2543
19254.0000 980 249 0.2541
19277.0000 981 249 0.2538
19301.0000 982 249 0.2536
19316.0000 983 249 0.2533
19340.0000 984 249 0.2530
19355.0000 985 249 0.2528
19373.0000 986 249 0.2525
19391.0000 987 249 0.2523
19406.0000 988 249 0.2520
19418.6000 988 250 0.2530
19423.0000 989 250 0.2528
19439.0000 990 250 0.2525
19455.0000 991 250 0.2523
19463.1000 991 251 0.2533
19479.0000 992 251 0.2530
19497.0000 993 251 0.2528
19521.0000 994 251 0.2525
19542.0000 995 251 0.2523
19553.0000 995 252 0.2533
19565.0000 996 252 0.2530
19586.0000 997 252 0.2528
19601.0000 998 252 0.2525
19622.0000 999 252 0.2523
19632.8000 999 253 0.2533
19641.0000 1000 253 0.2530
19660.0000 1001 253 0.2527
19669.0000 1001 254 0.2537
19677.0000 1002 254 0.2535
19692.0000 1003 254 0.2532
19716.0000 1004 254 0.2530
19739.0000 1005 254 0.2527
19755.0000 1006 254 0.2525
19770.0000 1007 254 0.2522
19792.0000 1008 254 0.2520
19815.0000 1009 254 0.2517
19816.1000 1009 255 0.2527
19829.1000 1009 256 0.2537
19833.0000 1010 256 0.2535
19852.0000 1011 256 0.2532
19876.0000 1012 256 0.2530
19891.0000 1013 256 0.2527
19908.0000 1014 256 0.2525
19924.9000 1014 257 0.2535
19932.0000 1015 257 0.2532
19938.8000 1015 258 0.2542
19956.0000 1016 258 0.2539
19970.9000 1016 259 0.2549
19976.0000 1017 259 0.2547
19998.0000 1018 259 0.2544
20019.0000 1019 259 0.2542
20034.0000 1020 259 0.2539
20039.7000 1020 260 0.2549
20053.8000 1020 261 0.2559
20057.0000 1021 261 0.2556
20075.0000 1022 261 0.2554
20094.0000 1023 261 0.2551
20096.1000 1023 262 0.2561
20118.0000 1024 262 0.2559
20135.0000 1025 262 0.2556
20157.0000 1026 262 0.2554
20179.0000 1027 262 0.2551
20197.0000 1028 262 0.2549
20221.0000 1029 262 0.2546
20237.0000 1030 262 0.2544
20259.0000 1031 262 0.2541
20276.0000 1032 262 0.2539
20293.0000 1033 262 0.2536
20308.0000 1034 262 0.2534
20327.0000 1035 262 0.2531
20350.0000 1036 262 0.2529
20366.0000 1037 262 0.2527
20385.0000 1038 262 0.2524
20401.0000 1039 262 0.2522
20421.0000 1040 262 0.2519
20426.2000 1040 263 0.2529
20437.0000 1041 263 0.2526
20461.0000 1042 263 0.2524
20485.0000 1043 263 0.2522
20508.0000 1044 263 0.2519
20532.0000 1045 263 0.2517
20554.0000 1046 263 0.2514
20576.0000 1047 263 0.2512
20594.0000 1048 263 0.2510
20611.0000 1049 263 0.2507
20635.0000 1050 263 0.2505
20655.0000 1051 263 0.2502
20673.0000 1052 263 0.2500
20691.0000 1053 263 0.2498
20706.0000 1054 263 0.2495
20724.0000 1055 263 0.2493
20744.0000 1056 263 0.2491
20766.0000 1057 263 0.2488
20776.2000 1057 264 0.2498
20782.0000 1058 264 0.2495
20798.4000 1058 265 0.2505
20800.0000 1059 265 0.2502
20821.0000 1060 265 0.2500
20844.0000 1061 265 0.2498
20864.0000 1062 265 0.2495
20888.0000 1063 265 0.2493
20911.0000 1064 265 0.2491
20931.0000 1065 265 0.2488
20952.0000 1066 265 0.2486
20968.0000 1067 265 0.2484
20968.5000 1067 266 0.2493
20990.0000 1068 266 0.2491
21007.0000 1069 266 0.2488
21031.0000 1070 266 0.2486
21055.0000 1071 266 0.2484
21077.0000 1072 266 0.2481
21092.0000 1073 266 0.2479
21116.0000 1074 266 0.2477
21132.0000 1075 266 0.2474
21148.0000 1076 266 0.2472
21166.0000 1077 266 0.2470
21177.4000 1077 267 0.2479
21184.0000 1078 267 0.2477
21204.0000 1079 267 0.2475
21223.0000 1080 267 0.2472
21239.3000 1080 268 0.2481
21247.0000 1081 268 0.2479
21271.0000 1082 268 0.2477
21292.0000 1083 268 0.2475
21294.5000 1083 269 0.2484
21309.0000 1084 269 0.2482
21327.0000 1085 269 0.2479
21351.0000 1086 269 0.2477
21368.0000 1087 269 0.2475
21387.0000 1088 269 0.2472
21407.0000 1089 269 0.2470
21412.0000 1089 270 0.2479
21424.0000 1090 270 0.2477
21444.0000 1091 270 0.2475
21463.0000 1092 270 0.2473
21463.2000 1092 271 0.2482
21483.0000 1093 271 0.2479
21505.0000 1094 271 0.2477
21509.0000 1094 272 0.2486
21523.0000 1095 272 0.2484
21539.0000 1096 272 0.2482
21556.0000 1097 272 0.2479
21577.0000 1098 272 0.2477
21599.0000 1099 272 0.2475
21612.2000 1099 273 0.2484
21615.0000 1100 273 0.2482
21632.0000 1101 273 0.2480
21648.0000 1102 273 0.2477
21651.9000 1102 274 0.2486
21665.0000 1103 274 0.2484
21689.0000 1104 274 0.2482
21707.0000 1105 274 0.2480
21713.3000 1105 275 0.2489
21727.1000 1105 276 0.2498
21731.0000 1106 276 0.2495
21755.0000 1107 276 0.2493
21777.0000 1108 276 0.2491
21794.0000 1109 276 0.2489
21818.0000 1110 276 0.2486
21837.0000 1111 276 0.2484
21860.0000 1112 276 0.2482
21883.0000 1113 276 0.2480
21898.0000 1114 276 0.2478
21916.0000 1115 276 0.2475
21939.0000 1116 276 0.2473
21949.6000 1116 277 0.2482
21960.0000 1117 277 0.2480
21976.0000 1118 277 0.2478
21999.0000 1119 277 0.2475
22022.0000 1120 277 0.2473
22041.0000 1121 277 0.2471
22061.0000 1122 277 0.2469
22078.0000 1123 277 0.2467
22101.0000 1124 277 0.2464
22121.0000 1125 277 0.2462
22140.0000 1126 277 0.2460
22159.0000 1127 277 0.2458
22165.8000 1127 278 0.2467
22173.7000 1127 279 0.2476
22183.0000 1128 279 0.2473
22199.0000 1129 279 0.2471
22207.2000 1129 280 0.2480
22218.0000 1130 280 0.2478
22242.0000 1131 280 0.2476
22263.0000 1132 280 0.2473
22281.0000 1133 280 0.2471
22304.0000 1134 280 0.2469
22322.0000 1135 280 0.2467
22346.0000 1136 280 0.2465
22363.0000 1137 280 0.2463
22385.0000 1138 280 0.2460
22405.0000 1139 280 0.2458
22420.0000 1140 280 0.2456
22444.0000 1141 280 0.2454
22464.0000 1142 280 0.2452
22471.7000 1142 281 0.2461
22482.0000 1143 281 0.2458
22500.0000 1144 281 0.2456
22521.0000 1145 281 0.2454
22544.0000 1146 281 0.2452
22560.0000 1147 281 0.2450
22571.5000 1147 282 0.2459
22578.0000 1148 282 0.2456
22582.1000 1148 283 0.2465
22595.0000 1149 283 0.2463
22613.0000 1150 283 0.2461
22628.0000 1151 283 0.2459
22647.5000 1151 284 0.2467
22648.0000 1152 284 0.2465
22666.0000 1153 284 0.2463
22681.2000 1153 285 0.2472
22682.0000 1154 285 0.2470
22698.0000 1155 285 0.2468
22713.0000 1156 285 0.2465
22735.0000 1157 285 0.2463
22758.0000 1158 285 0.2461
22760.9000 1158 286 0.2470
22768.9000 1158 287 0.2478
22779.0000 1159 287 0.2476
22799.0000 1160 287 0.2474
22810.1000 1160 288 0.2483
22820.0000 1161 288 0.2481
22823.0000 1161 289 0.2489
22825.8000 1161 290 0.2498
22835.0000 1162 290 0.2496
22850.0000 1163 290 0.2494
22866.1000 1163 291 0.2502
22869.0000 1164 291 0.2500
22891.0000 1165 291 0.2498
22913.0000 1166 291 0.2496
22931.0000 1167 291 0.2494
22954.0000 1168 291 0.2491
22971.0000 1169 291 0.2489
22991.0000 1170 291 0.2487
23007.0000 1171 291 0.2485
23031.0000 1172 291 0.2483
23047.0000 1173 291 0.2481
23047.9000 1173 292 0.2489
23052.0000 1173 293 0.2498
23070.0000 1174 293 0.2496
23085.0000 1175 293 0.2494
23106.0000 1176 293 0.2491
23127.0000 1177 293 0.2489
23149.0000 1178 293 0.2487
23165.0000 1179 293 0.2485
23180.0000 1180 293 0.2483
23183.3000 1180 294 0.2492
23198.0000 1181 294 0.2489
23214.0000 1182 294 0.2487
23238.0000 1183 294 0.2485
23252.6000 1183 295 0.2494
23258.0000 1184 295 0.2492
23280.0000 1185 295 0.2489
23295.0000 1186 295 0.2487
23319.0000 1187 295 0.2485
23339.0000 1188 295 0.2483
23344.7000 1188 296 0.2492
23352.8000 1188 297 0.2500
23360.0000 1189 297 0.2498
23377.0000 1190 297 0.2496
23393.0000 1191 297 0.2494
23409.0000 1192 297 0.2492
23428.0000 1193 297 0.2490
23435.6000 1193 298 0.2498
23445.0000 1194 298 0.2496
23450.5000 1194 299 0.2504
23456.5000 1194 300 0.2513
23457.2000 1194 301 0.2521
23464.0000 1195 301 0.2519
23482.0000 1196 301 0.2517
23498.0000 1197 301 0.2515
23516.0000 1198 301 0.2513
23521.1000 1198 302 0.2521
23532.0000 1199 302 0.2519
23547.0000 1200 302 0.2517
23568.0000 1201 302 0.2515
23581.5000 1201 303 0.2523
23589.0000 1202 303 0.2521
23613.0000 1203 303 0.2519
23620.2000 1203 304 0.2527
23629.0000 1204 304 0.2525
23631.9000 1204 305 0.2533
23645.6000 1204 306 0.2542
23647.0000 1205 306 0.2539
23662.0000 1206 306 0.2537
23681.0000 1207 306 0.2535
23702.0000 1208 306 0.2533
23726.0000 1209 306 0.2531
23741.0000 1210 306 0.2529
23760.0000 1211 306 0.2527
23778.0000 1212 306 0.2525
23798.0000 1213 306 0.2523
23817.0000 1214 306 0.2521
23837.0000 1215 306 0.2519
23859.0000 1216 306 0.2516
23874.0000 1217 306 0.2514
23895.0000 1218 306 0.2512
23916.0000 1219 306 0.2510
23937.0000 1220 306 0.2508
23952.5000 1220 307 0.2516
23961.0000 1221 307 0.2514
23981.0000 1222 307 0.2512
24004.0000 1223 307 0.2510
24026.0000 1224 307 0.2508
24037.4000 1224 308 0.2516
24043.0000 1225 308 0.2514
24046.5000 1225 309 0.2522
24062.0000 1226 309 0.2520
24079.0000 1227 309 0.2518
24095.0000 1228 309 0.2516
24110.0000 1229 309 0.2514
24134.0000 1230 309 0.2512
24157.0000 1231 309 0.2510
24179.0000 1232 309 0.2508
24187.8000 1232 310 0.2516
24201.8000 1232 311 0.2524
24203.0000 1233 311 0.2522
24222.0000 1234 311 0.2520
24245.0000 1235 311 0.2518
24262.0000 1236 311 0.2516
24266.9000 1236 312 0.2524
24286.0000 1237 312 0.2522
24298.3000 1237 313 0.2530
24305.0000 1238 313 0.2528
24326.0000 1239 313 0.2526
24349.0000 1240 313 0.2524
24368.0000 1241 313 0.2522
24383.0000 1242 313 0.2520
24402.6000 1242 314 0.2528
24407.0000 1243 314 0.2526
24417.7000 1243 315 0.2534
24422.4000 1243 316 0.2542
24427.0000 1244 316 0.2540
24447.0000 1245 316 0.2538
24468.0000 1246 316 0.2536
24473.7000 1246 317 0.2544
24490.0000 1247 317 0.2542
24514.0000 1248 317 0.2540
24530.0000 1249 317 0.2538
24553.0000 1250 317 0.2536
24568.0000 1251 317 0.2534
24591.0000 1252 317 0.2532
24607.0000 1253 317 0.2530
24624.0000 1254 317 0.2528
24641.0000 1255 317 0.2526
24656.0000 1256 317 0.2524
24661.0000 1256 318 0.2532
24677.0000 1257 318 0.2530
24693.0000 1258 318 0.2528
24697.8000 1258 319 0.2536
24712.0000 1259 319 0.2534
24736.0000 1260 319 0.2532
24751.0000 1261 319 0.2530
24768.0000 1262 319 0.2528
24790.0000 1263 319 0.2526
24809.0000 1264 319 0.2524
24824.0000 1265 319 0.2522
24844.0000 1266 319 0.2520
24851.3000 1266 320 0.2528
24867.0000 1267 320 0.2526
24883.0000 1268 320 0.2524
24906.0000 1269 320 0.2522
24921.0000 1270 320 0.2520
24945.0000 1271 320 0.2518
24963.0000 1272 320 0.2516
24980.0000 1273 320 0.2514
24999.0000 1274 320 0.2512
25015.0000 1275 320 0.2510
25034.0000 1276 320 0.2508
25055.0000 1277 320 0.2506
25074.0000 1278 320 0.2504
25095.0000 1279 320 0.2502
25107.0000 1279 321 0.2510
25119.0000 1280 321 0.2508
25138.0000 1281 321 0.2506
25162.0000 1282 321 0.2504
25175.9000 1282 322 0.2512
25183.0000 1283 322 0.2510
