# time  created  delivered  delivered/created
22.0000 1 0 0.0000
38.0000 2 0 0.0000
54.0000 3 0 0.0000
72.0000 4 0 0.0000
94.0000 5 0 0.0000
110.0000 6 0 0.0000
133.0000 7 0 0.0000
153.0000 8 0 0.0000
175.0000 9 0 0.0000
191.0000 10 0 0.0000
210.0000 11 0 0.0000
225.0000 12 0 0.0000
249.0000 13 0 0.0000
265.0000 14 0 0.0000
281.0000 15 0 0.0000
304.0000 16 0 0.0000
328.0000 17 0 0.0000
343.0000 18 0 0.0000
367.0000 19 0 0.0000
382.0000 20 0 0.0000
399.0000 21 0 0.0000
420.0000 22 0 0.0000
439.0000 23 0 0.0000
458.0000 24 0 0.0000
480.0000 25 0 0.0000
497.0000 26 0 0.0000
515.0000 27 0 0.0000
538.0000 28 0 0.0000
562.0000 29 0 0.0000
581.0000 30 0 0.0000
581.2000 30 1 0.0333
603.0000 31 1 0.0323
625.0000 32 1 0.0313
641.2000 32 2 0.0625
646.0000 33 2 0.0606
661.6000 33 3 0.0909
667.0000 34 3 0.0882
685.0000 35 3 0.0857
691.0000 35 4 0.1143
700.0000 36 4 0.1111
714.9000 36 5 0.1389
722.0000 37 5 0.1351
741.0000 38 5 0.1316
764.0000 39 5 0.1282
773.6000 39 6 0.1538
784.0000 40 6 0.1500
806.0000 41 6 0.1463
829.0000 42 6 0.1429
851.0000 43 6 0.1395
873.0000 44 6 0.1364
895.0000 45 6 0.1333
918.0000 46 6 0.1304
941.0000 47 6 0.1277
957.0000 48 6 0.1250
975.0000 49 6 0.1224
998.0000 50 6 0.1200
1018.0000 51 6 0.1176
1040.0000 52 6 0.1154
1056.0000 53 6 0.1132
1077.0000 54 6 0.1111
1096.0000 55 6 0.1091
1117.0000 56 6 0.1071
1137.0000 57 6 0.1053
1159.0000 58 6 0.1034
1179.0000 59 6 0.1017
1195.4000 59 7 0.1186
1201.0000 60 7 0.1167
1216.0000 61 7 0.1148
1225.2000 61 8 0.1311
1226.1000 61 9 0.1475
1232.0000 62 9 0.1452
1251.0000 63 9 0.1429
1268.0000 64 9 0.1406
1287.0000 65 9 0.1385
1308.0000 66 9 0.1364
1327.0000 67 9 0.1343
1342.0000 68 9 0.1324
1364.0000 69 9 0.1304
1381.1000 69 10 0.1449
1388.0000 70 10 0.1429
1397.1000 70 11 0.1571
1407.0000 71 11 0.1549
1408.5000 71 12 0.1690
1422.0000 72 12 0.1667
1442.0000 73 12 0.1644
1464.0000 74 12 0.1622
1475.9000 74 13 0.1757
1478.4000 74 14 0.1892
1479.0000 75 14 0.1867
1483.1000 75 15 0.2000
1500.0000 76 15 0.1974
1518.0000 77 15 0.1948
1542.0000 78 15 0.1923
1562.0000 79 15 0.1899
1577.0000 80 15 0.1875
1594.5000 80 16 0.2000
1600.0000 81 16 0.1975
1620.0000 82 16 0.1951
1637.0000 83 16 0.1928
1652.0000 84 16 0.1905
1673.0000 85 16 0.1882
1695.0000 86 16 0.1860
1706.4000 86 17 0.1977
1713.0000 87 17 0.1954
1736.2000 87 18 0.2069
1737.0000 87 19 0.2184
1737.0000 88 19 0.2159
1739.4000 88 20 0.2273
1739.8000 88 21 0.2386
1760.0000 89 21 0.2360
1781.0000 90 21 0.2333
1804.0000 91 21 0.2308
1826.0000 92 21 0.2283
1849.0000 93 21 0.2258
1870.0000 94 21 0.2234
1880.0000 94 22 0.2340
1882.8000 94 23 0.2447
1883.1000 94 24 0.2553
1890.0000 95 24 0.2526
1911.0000 96 24 0.2500
1929.0000 97 24 0.2474
1948.0000 98 24 0.2449
1965.0000 99 24 0.2424
1980.0000 100 24 0.2400
2002.0000 101 24 0.2376
2024.0000 102 24 0.2353
2035.6000 102 25 0.2451
2041.0000 103 25 0.2427
2064.0000 104 25 0.2404
2080.0000 105 25 0.2381
2095.0000 106 25 0.2358
2119.0000 107 25 0.2336
2139.0000 108 25 0.2315
2143.6000 108 26 0.2407
2161.0000 109 26 0.2385
2178.0000 110 26 0.2364
2199.0000 111 26 0.2342
2213.8000 111 27 0.2432
2217.0000 111 28 0.2523
2222.0000 112 28 0.2500
2240.0000 113 28 0.2478
2259.0000 114 28 0.2456
2275.0000 115 28 0.2435
2295.0000 116 28 0.2414
2314.0000 117 28 0.2393
2324.5000 117 29 0.2479
2335.0000 118 29 0.2458
2354.0000 119 29 0.2437
2377.0000 120 29 0.2417
2396.0000 121 29 0.2397
2411.0000 122 29 0.2377
2412.0000 122 30 0.2459
2433.0000 123 30 0.2439
2452.0000 124 30 0.2419
2460.7000 124 31 0.2500
2470.9000 124 32 0.2581
2474.0000 125 32 0.2560
2496.0000 126 32 0.2540
2511.0000 127 32 0.2520
2526.0000 128 32 0.2500
2546.0000 129 32 0.2481
2552.2000 129 33 0.2558
2556.4000 129 34 0.2636
2563.0000 130 34 0.2615
2586.0000 131 34 0.2595
2601.0000 132 34 0.2576
2621.0000 133 34 0.2556
2641.0000 134 34 0.2537
2662.0000 135 34 0.2519
2678.0000 136 34 0.2500
2689.6000 136 35 0.2574
2690.0000 136 36 0.2647
2693.0000 137 36 0.2628
2716.0000 138 36 0.2609
2735.0000 139 36 0.2590
2740.4000 139 37 0.2662
2754.0000 140 37 0.2643
2771.0000 141 37 0.2624
2788.0000 142 37 0.2606
2800.0000 142 38 0.2676
2800.3000 142 39 0.2746
2803.7000 142 40 0.2817
2807.0000 143 40 0.2797
2823.2000 143 41 0.2867
2831.0000 144 41 0.2847
2853.0000 145 41 0.2828
2868.0000 146 41 0.2808
2891.0000 147 41 0.2789
2899.2000 147 42 0.2857
2911.0000 148 42 0.2838
2926.0000 149 42 0.2819
2942.0000 150 42 0.2800
2947.3000 150 43 0.2867
2954.4000 150 44 0.2933
2955.6000 150 45 0.3000
2962.0000 151 45 0.2980
2979.0000 152 45 0.2961
3003.0000 153 45 0.2941
3024.0000 154 45 0.2922
3040.0000 155 45 0.2903
3059.0000 155 46 0.2968
3064.0000 156 46 0.2949
3065.8000 156 47 0.3013
3086.0000 157 47 0.2994
3110.0000 158 47 0.2975
3129.0000 159 47 0.2956
3147.0000 160 47 0.2938
3166.0000 161 47 0.2919
3190.0000 162 47 0.2901
3210.0000 163 47 0.2883
3225.0000 164 47 0.2866
3243.0000 165 47 0.2848
3260.0000 166 47 0.2831
3271.5000 166 48 0.2892
3283.0000 167 48 0.2874
3305.0000 168 48 0.2857
3321.0000 169 48 0.2840
3344.0000 170 48 0.2824
3364.7000 170 49 0.2882
3365.0000 171 49 0.2865
3378.6000 171 50 0.2924
3385.0000 172 50 0.2907
3396.5000 172 51 0.2965
3408.0000 173 51 0.2948
3414.4000 173 52 0.3006
3423.8000 173 53 0.3064
3428.0000 174 53 0.3046
3446.0000 174 54 0.3103
3449.0000 175 54 0.3086
3454.7000 175 55 0.3143
3457.1000 175 56 0.3200
3472.0000 176 56 0.3182
3488.0000 177 56 0.3164
3511.0000 178 56 0.3146
3512.7000 178 57 0.3202
3535.0000 179 57 0.3184
3547.0000 179 58 0.3240
3552.0000 180 58 0.3222
3569.9000 180 59 0.3278
3570.0000 181 59 0.3260
3576.3000 181 60 0.3315
3579.7000 181 61 0.3370
3581.2000 181 62 0.3425
3589.0000 182 62 0.3407
3603.8000 182 63 0.3462
3604.0000 183 63 0.3443
3619.0000 184 63 0.3424
3638.0000 185 63 0.3405
3653.0000 186 63 0.3387
3669.0000 187 63 0.3369
3683.4000 187 64 0.3422
3689.0000 188 64 0.3404
3712.0000 189 64 0.3386
3730.0000 190 64 0.3368
3754.0000 191 64 0.3351
3771.0000 192 64 0.3333
3787.0000 193 64 0.3316
3809.0000 194 64 0.3299
3832.0000 195 64 0.3282
3844.3000 195 65 0.3333
3854.0000 196 65 0.3316
3873.0000 197 65 0.3299
3895.0000 198 65 0.3283
3919.0000 199 65 0.3266
3938.0000 200 65 0.3250
3955.0000 201 65 0.3234
3975.0000 202 65 0.3218
3985.7000 202 66 0.3267
3996.0000 203 66 0.3251
4012.0000 204 66 0.3235
4018.5000 204 67 0.3284
4031.0000 205 67 0.3268
4052.0000 206 67 0.3252
4070.0000 207 67 0.3237
4094.0000 208 67 0.3221
4111.9000 208 68 0.3269
4115.0000 209 68 0.3254
4134.0000 210 68 0.3238
4153.0000 211 68 0.3223
4171.0000 212 68 0.3208
4175.6000 212 69 0.3255
4187.1000 212 70 0.3302
4189.5000 212 71 0.3349
4194.0000 213 71 0.3333
4208.3000 213 72 0.3380
4214.0000 214 72 0.3364
4214.7000 214 73 0.3411
4232.1000 214 74 0.3458
4235.0000 215 74 0.3442
4245.6000 215 75 0.3488
4251.0000 216 75 0.3472
4272.0000 217 75 0.3456
4290.0000 218 75 0.3440
4314.0000 219 75 0.3425
4323.2000 219 76 0.3470
4338.0000 220 76 0.3455
4352.2000 220 77 0.3500
4360.0000 221 77 0.3484
4381.0000 222 77 0.3468
4400.0000 223 77 0.3453
4419.0000 224 77 0.3438
4419.1000 224 78 0.3482
4434.0000 225 78 0.3467
4435.5000 225 79 0.3511
4436.9000 225 80 0.3556
4452.4000 225 81 0.3600
4458.0000 226 81 0.3584
4476.0000 227 81 0.3568
4497.0000 228 81 0.3553
4515.0000 229 81 0.3537
4537.0000 230 81 0.3522
4556.0000 231 81 0.3506
4562.1000 231 82 0.3550
4563.8000 231 83 0.3593
4580.0000 232 83 0.3578
4597.0000 233 83 0.3562
4614.0000 234 83 0.3547
4634.0000 235 83 0.3532
4655.0000 236 83 0.3517
4665.1000 236 84 0.3559
4672.0000 237 84 0.3544
4686.6000 237 85 0.3586
4689.0000 238 85 0.3571
4706.0000 239 85 0.3556
4729.0000 240 85 0.3542
4740.4000 240 86 0.3583
4741.9000 240 87 0.3625
4747.0000 241 87 0.3610
4751.3000 241 88 0.3651
4762.0000 242 88 0.3636
4783.0000 243 88 0.3621
4795.2000 243 89 0.3663
4807.0000 244 89 0.3648
4824.0000 245 89 0.3633
4848.0000 246 89 0.3618
4853.3000 246 90 0.3659
4867.0000 247 90 0.3644
4886.0000 248 90 0.3629
4909.0000 249 90 0.3614
4928.0000 250 90 0.3600
4951.0000 251 90 0.3586
4966.0000 252 90 0.3571
4974.0000 252 91 0.3611
4986.0000 253 91 0.3597
5010.0000 254 91 0.3583
5013.9000 254 92 0.3622
5033.0000 255 92 0.3608
5048.0000 256 92 0.3594
5063.3000 256 93 0.3633
5072.0000 257 93 0.3619
5089.0000 258 93 0.3605
5112.0000 259 93 0.3591
5130.5000 259 94 0.3629
5131.0000 260 94 0.3615
5145.1000 260 95 0.3654
5151.0000 261 95 0.3640
5175.0000 262 95 0.3626
5194.0000 263 95 0.3612
5209.0000 263 96 0.3650
5212.5000 263 97 0.3688
5215.0000 264 97 0.3674
5237.0000 265 97 0.3660
5254.0000 266 97 0.3647
5269.0000 267 97 0.3633
5291.0000 268 97 0.3619
5307.0000 269 97 0.3606
5319.6000 269 98 0.3643
5324.0000 270 98 0.3630
5325.4000 270 99 0.3667
5339.0000 271 99 0.3653
5356.0000 272 99 0.3640
5371.0000 273 99 0.3626
5387.0000 274 99 0.3613
5410.0000 275 99 0.3600
5426.0000 276 99 0.3587
5447.0000 277 99 0.3574
5470.0000 278 99 0.3561
5490.0000 279 99 0.3548
5507.0000 280 99 0.3536
5528.0000 281 99 0.3523
5546.0000 282 99 0.3511
5564.0000 283 99 0.3498
5584.0000 284 99 0.3486
5588.1000 284 100 0.3521
5607.0000 285 100 0.3509
5622.0000 285 101 0.3544
5625.0000 286 101 0.3531
5643.0000 287 101 0.3519
5665.0000 288 101 0.3507
5685.0000 289 101 0.3495
5688.2000 289 102 0.3529
5704.0000 290 102 0.3517
5724.0000 291 102 0.3505
5728.9000 291 103 0.3540
5745.0000 292 103 0.3527
5760.0000 293 103 0.3515
5778.9000 293 104 0.3549
5779.4000 293 105 0.3584
5784.0000 294 105 0.3571
5805.0000 295 105 0.3559
5822.0000 296 105 0.3547
5841.0000 297 105 0.3535
5859.0000 298 105 0.3523
5862.4000 298 106 0.3557
5874.0000 299 106 0.3545
5876.3000 299 107 0.3579
5893.0000 300 107 0.3567
5898.4000 300 108 0.3600
5914.0000 301 108 0.3588
5914.2000 301 109 0.3621
5932.0000 302 109 0.3609
5949.3000 302 110 0.3642
5953.0000 303 110 0.3630
5968.2000 303 111 0.3663
5971.0000 304 111 0.3651
5986.0000 305 111 0.3639
6008.0000 306 111 0.3627
6012.3000 306 112 0.3660
6024.0000 307 112 0.3648
6029.0000 307 113 0.3681
6035.0000 307 114 0.3713
6041.0000 308 114 0.3701
6063.0000 309 114 0.3689
6087.0000 310 114 0.3677
6105.0000 311 114 0.3666
6124.0000 312 114 0.3654
6145.0000 313 114 0.3642
6166.0000 314 114 0.3631
6182.0000 315 114 0.3619
6201.0000 316 114 0.3608
6211.5000 316 115 0.3639
6216.0000 317 115 0.3628
6231.0000 318 115 0.3616
6237.4000 318 116 0.3648
6239.0000 318 117 0.3679
6248.0000 319 117 0.3668
6261.7000 319 118 0.3699
6267.0000 320 118 0.3688
6289.0000 321 118 0.3676
6308.0000 322 118 0.3665
6332.0000 323 118 0.3653
6355.0000 324 118 0.3642
6372.0000 325 118 0.3631
6374.8000 325 119 0.3662
6378.5000 325 120 0.3692
6379.3000 325 121 0.3723
6393.0000 326 121 0.3712
6417.0000 327 121 0.3700
6432.2000 327 122 0.3731
6433.8000 327 123 0.3761
6441.0000 328 123 0.3750
6465.0000 329 123 0.3739
6467.3000 329 124 0.3769
6486.0000 330 124 0.3758
6502.0000 331 124 0.3746
6518.0000 332 124 0.3735
6536.0000 333 124 0.3724
6555.0000 334 124 0.3713
6572.0000 335 124 0.3701
6591.0000 336 124 0.3690
6607.6000 336 125 0.3720
6608.0000 337 125 0.3709
6631.0000 338 125 0.3698
6646.0000 339 125 0.3687
6665.0000 340 125 0.3676
6684.0000 341 125 0.3666
6708.0000 342 125 0.3655
6725.0000 343 125 0.3644
6727.2000 343 126 0.3673
6745.0000 344 126 0.3663
6760.0000 345 126 0.3652
6781.0000 346 126 0.3642
6788.0000 346 127 0.3671
6795.5000 346 128 0.3699
6800.0000 347 128 0.3689
6816.0000 348 128 0.3678
6839.0000 349 128 0.3668
6854.0000 350 128 0.3657
6874.0000 351 128 0.3647
6889.0000 352 128 0.3636
6893.6000 352 129 0.3665
6897.1000 352 130 0.3693
6909.0000 353 130 0.3683
6916.0000 353 131 0.3711
6930.0000 354 131 0.3701
6951.0000 355 131 0.3690
6971.0000 356 131 0.3680
6973.3000 356 132 0.3708
6995.0000 357 132 0.3697
7008.2000 357 133 0.3725
7010.0000 358 133 0.3715
7015.6000 358 134 0.3743
7019.8000 358 135 0.3771
7021.7000 358 136 0.3799
7029.0000 359 136 0.3788
7047.7000 359 137 0.3816
7048.0000 360 137 0.3806
7052.0000 360 138 0.3833
7054.6000 360 139 0.3861
7054.7000 360 140 0.3889
7071.0000 361 140 0.3878
7093.0000 362 140 0.3867
7108.0000 363 140 0.3857
7112.8000 363 141 0.3884
7130.0000 364 141 0.3874
7147.0000 365 141 0.3863
7163.0000 366 141 0.3852
7175.0000 366 142 0.3880
7177.4000 366 143 0.3907
7180.0000 367 143 0.3896
7194.7000 367 144 0.3924
7195.2000 367 145 0.3951
7197.0000 368 145 0.3940
7221.0000 369 145 0.3930
7240.0000 370 145 0.3919
7255.0000 371 145 0.3908
7261.1000 371 146 0.3935
7272.0000 372 146 0.3925
7274.0000 372 147 0.3952
7286.6000 372 148 0.3978
7296.0000 373 148 0.3968
7303.8000 373 149 0.3995
7319.0000 374 149 0.3984
7319.9000 374 150 0.4011
7333.2000 374 151 0.4037
7335.0000 375 151 0.4027
7340.3000 375 152 0.4053
7358.0000 376 152 0.4043
7378.0000 377 152 0.4032
7394.0000 378 152 0.4021
7411.0000 379 152 0.4011
7435.0000 380 152 0.4000
7437.7000 380 153 0.4026
7459.0000 381 153 0.4016
7480.0000 382 153 0.4005
7498.0000 383 153 0.3995
7514.0000 384 153 0.3984
7536.0000 385 153 0.3974
7544.5000 385 154 0.4000
7559.0000 386 154 0.3990
7574.0000 387 154 0.3979
7589.1000 387 155 0.4005
7595.0000 388 155 0.3995
7599.0000 388 156 0.4021
7613.0000 389 156 0.4010
7621.5000 389 157 0.4036
7632.0000 390 157 0.4026
7656.0000 391 157 0.4015
7673.0000 392 157 0.4005
7680.8000 392 158 0.4031
7696.0000 393 158 0.4020
7713.0000 394 158 0.4010
7730.0000 395 158 0.4000
7745.0000 396 158 0.3990
7758.9000 396 159 0.4015
7762.0000 397 159 0.4005
7769.2000 397 160 0.4030
7784.0000 398 160 0.4020
7804.0000 399 160 0.4010
7819.2000 399 161 0.4035
7822.0000 400 161 0.4025
7840.0000 401 161 0.4015
7858.0000 402 161 0.4005
7874.0000 403 161 0.3995
7895.0000 404 161 0.3985
7914.0000 405 161 0.3975
7922.4000 405 162 0.4000
7923.4000 405 163 0.4025
7931.0000 406 163 0.4015
7948.0000 407 163 0.4005
7972.0000 408 163 0.3995
7987.0000 409 163 0.3985
8002.0000 410 163 0.3976
8024.0000 411 163 0.3966
8040.0000 412 163 0.3956
8041.7000 412 164 0.3981
8059.0000 413 164 0.3971
8059.9000 413 165 0.3995
8060.8000 413 166 0.4019
8074.8000 413 167 0.4044
8082.0000 414 167 0.4034
8082.6000 414 168 0.4058
8083.7000 414 169 0.4082
8099.0000 415 169 0.4072
8106.7000 415 170 0.4096
8116.0000 416 170 0.4087
8137.0000 417 170 0.4077
8144.6000 417 171 0.4101
8158.0000 418 171 0.4091
8164.2000 418 172 0.4115
8170.2000 418 173 0.4139
8173.0000 419 173 0.4129
8190.0000 420 173 0.4119
8193.3000 420 174 0.4143
8205.0000 421 174 0.4133
8205.7000 421 175 0.4157
8222.6000 421 176 0.4181
8227.0000 422 176 0.4171
8233.7000 422 177 0.4194
8251.0000 423 177 0.4184
8272.4000 423 178 0.4208
8273.2000 423 179 0.4232
8274.8000 423 180 0.4255
8275.0000 424 180 0.4245
8283.2000 424 181 0.4269
8284.1000 424 182 0.4292
8285.2000 424 183 0.4316
8297.0000 425 183 0.4306
8304.7000 425 184 0.4329
8317.0000 426 184 0.4319
8336.0000 427 184 0.4309
8359.0000 428 184 0.4299
8375.0000 429 184 0.4289
8385.6000 429 185 0.4312
8396.0000 430 185 0.4302
8414.0000 431 185 0.4292
8437.0000 432 185 0.4282
8453.0000 433 185 0.4273
8456.3000 433 186 0.4296
8468.0000 434 186 0.4286
8492.0000 435 186 0.4276
8492.7000 435 187 0.4299
8495.9000 435 188 0.4322
8510.0000 436 188 0.4312
8525.0000 437 188 0.4302
8544.0000 438 188 0.4292
8552.4000 438 189 0.4315
8555.6000 438 190 0.4338
8566.0000 439 190 0.4328
8567.0000 439 191 0.4351
8578.2000 439 192 0.4374
8586.0000 440 192 0.4364
8591.3000 440 193 0.4386
8598.9000 440 194 0.4409
8609.0000 441 194 0.4399
8611.0000 441 195 0.4422
8625.0000 442 195 0.4412
8641.0000 442 196 0.4434
8642.0000 442 197 0.4457
8644.0000 443 197 0.4447
8663.0000 444 197 0.4437
8681.0000 445 197 0.4427
8697.0000 446 197 0.4417
8705.9000 446 198 0.4439
8719.0000 447 198 0.4430
8737.7000 447 199 0.4452
8743.0000 448 199 0.4442
8746.4000 448 200 0.4464
8767.0000 449 200 0.4454
8784.0000 450 200 0.4444
8800.0000 451 200 0.4435
8821.2000 451 201 0.4457
8823.0000 452 201 0.4447
8839.0000 453 201 0.4437
8854.0000 454 201 0.4427
8869.0000 455 201 0.4418
8875.4000 455 202 0.4440
8892.0000 456 202 0.4430
8911.0000 457 202 0.4420
8929.0000 458 202 0.4410
8944.0000 459 202 0.4401
8955.3000 459 203 0.4423
8955.7000 459 204 0.4444
8961.0000 460 204 0.4435
8979.0000 461 204 0.4425
8984.6000 461 205 0.4447
8986.8000 461 206 0.4469
8989.1000 461 207 0.4490
8996.6000 461 208 0.4512
8997.0000 462 208 0.4502
9013.0000 463 208 0.4492
9026.4000 463 209 0.4514
9035.0000 464 209 0.4504
9055.6000 464 210 0.4526
9058.0000 465 210 0.4516
9067.9000 465 211 0.4538
9073.0000 466 211 0.4528
9095.0000 467 211 0.4518
9110.1000 467 212 0.4540
9119.0000 468 212 0.4530
9126.9000 468 213 0.4551
9130.0000 468 214 0.4573
9143.0000 469 214 0.4563
9162.0000 470 214 0.4553
9176.6000 470 215 0.4574
9185.2000 470 216 0.4596
9186.0000 471 216 0.4586
9196.5000 471 217 0.4607
9209.0000 472 217 0.4597
9216.4000 472 218 0.4619
9224.0000 473 218 0.4609
9245.0000 474 218 0.4599
9253.4000 474 219 0.4620
9264.0000 475 219 0.4611
9288.0000 476 219 0.4601
9304.4000 476 220 0.4622
9306.5000 476 221 0.4643
9310.0000 477 221 0.4633
9314.7000 477 222 0.4654
9320.1000 477 223 0.4675
9326.0000 478 223 0.4665
9338.5000 478 224 0.4686
9339.3000 478 225 0.4707
9341.0000 479 225 0.4697
9365.0000 480 225 0.4688
9387.0000 481 225 0.4678
9392.3000 481 226 0.4699
9403.0000 482 226 0.4689
9426.0000 483 226 0.4679
9444.0000 484 226 0.4669
9454.9000 484 227 0.4690
9458.2000 484 228 0.4711
9468.0000 485 228 0.4701
9485.0000 486 228 0.4691
9503.0000 487 228 0.4682
9506.3000 487 229 0.4702
9527.0000 488 229 0.4693
9527.5000 488 230 0.4713
9532.6000 488 231 0.4734
9546.6000 488 232 0.4754
9550.0000 489 232 0.4744
9573.0000 490 232 0.4735
9591.0000 491 232 0.4725
9614.0000 492 232 0.4715
9632.0000 493 232 0.4706
9653.0000 494 232 0.4696
9676.0000 495 232 0.4687
9685.7000 495 233 0.4707
9693.0000 496 233 0.4698
9715.0000 497 233 0.4688
9736.0000 498 233 0.4679
9738.5000 498 234 0.4699
9748.3000 498 235 0.4719
9750.0000 498 236 0.4739
9752.0000 499 236 0.4729
9773.2000 499 237 0.4749
9776.0000 500 237 0.4740
9796.2000 500 238 0.4760
9799.0000 501 238 0.4750
9821.0000 502 238 0.4741
9837.0000 503 238 0.4732
9846.7000 503 239 0.4751
9861.0000 504 239 0.4742
9879.0000 505 239 0.4733
9894.0000 506 239 0.4723
9909.0000 507 239 0.4714
9916.7000 507 240 0.4734
9927.0000 508 240 0.4724
9944.7000 508 241 0.4744
9946.0000 509 241 0.4735
9969.0000 510 241 0.4725
9988.0000 511 241 0.4716
10007.0000 512 241 0.4707
10013.2000 512 242 0.4727
10024.0000 513 242 0.4717
10034.2000 513 243 0.4737
10043.6000 513 244 0.4756
10044.0000 514 244 0.4747
10067.0000 515 244 0.4738
10080.8000 515 245 0.4757
10087.0000 516 245 0.4748
10108.0000 516 246 0.4767
10111.0000 517 246 0.4758
10123.9000 517 247 0.4778
10132.0000 518 247 0.4768
10139.8000 518 248 0.4788
10154.0000 519 248 0.4778
10177.0000 520 248 0.4769
10194.0000 521 248 0.4760
10216.0000 522 248 0.4751
10235.0000 523 248 0.4742
10257.0000 524 248 0.4733
10276.0000 524 249 0.4752
10281.0000 525 249 0.4743
10300.0000 526 249 0.4734
10303.0000 526 250 0.4753
10320.0000 527 250 0.4744
10321.5000 527 251 0.4763
10343.0000 528 251 0.4754
10366.0000 529 251 0.4745
10367.4000 529 252 0.4764
10382.0000 530 252 0.4755
10402.0000 531 252 0.4746
10404.4000 531 253 0.4765
10411.0000 531 254 0.4783
10422.8000 531 255 0.4802
10423.0000 532 255 0.4793
10425.2000 532 256 0.4812
10426.2000 532 257 0.4831
10441.0000 533 257 0.4822
10443.4000 533 258 0.4841
10450.3000 533 259 0.4859
10461.0000 534 259 0.4850
10480.0000 535 259 0.4841
10497.0000 536 259 0.4832
10502.8000 536 260 0.4851
10504.4000 536 261 0.4869
10518.0000 537 261 0.4860
10522.1000 537 262 0.4879
10524.1000 537 263 0.4898
10537.0000 538 263 0.4888
10555.0000 539 263 0.4879
10570.8000 539 264 0.4898
10571.0000 540 264 0.4889
10588.7000 540 265 0.4907
10591.0000 541 265 0.4898
10595.3000 541 266 0.4917
10615.0000 542 266 0.4908
10637.0000 543 266 0.4899
10645.7000 543 267 0.4917
10657.0000 544 267 0.4908
10681.0000 545 267 0.4899
10703.0000 546 267 0.4890
10715.1000 546 268 0.4908
10726.0000 547 268 0.4899
10745.6000 547 269 0.4918
10748.0000 548 269 0.4909
10768.0000 549 269 0.4900
10788.0000 550 269 0.4891
10801.0000 550 270 0.4909
10807.3000 550 271 0.4927
10808.0000 551 271 0.4918
10823.0000 552 271 0.4909
10842.0000 553 271 0.4901
10862.3000 553 272 0.4919
10866.0000 554 272 0.4910
10877.1000 554 273 0.4928
10885.0000 555 273 0.4919
10907.0000 556 273 0.4910
10925.0000 557 273 0.4901
10942.0000 558 273 0.4892
10955.8000 558 274 0.4910
10966.0000 559 274 0.4902
10983.0000 560 274 0.4893
11006.0000 561 274 0.4884
11023.0000 562 274 0.4875
11046.0000 563 274 0.4867
11068.0000 564 274 0.4858
11084.0000 565 274 0.4850
11102.0000 566 274 0.4841
11119.8000 566 275 0.4859
11120.0000 567 275 0.4850
11120.2000 567 276 0.4868
11137.5000 567 277 0.4885
11143.0000 568 277 0.4877
11146.7000 568 278 0.4894
11165.1000 568 279 0.4912
11166.0000 569 279 0.4903
11181.4000 569 280 0.4921
11182.0000 570 280 0.4912
11191.1000 570 281 0.4930
11201.0000 571 281 0.4921
11218.0000 572 281 0.4913
11238.0000 573 281 0.4904
11250.8000 573 282 0.4921
11253.1000 573 283 0.4939
11260.0000 574 283 0.4930
11280.0000 575 283 0.4922
11298.0000 576 283 0.4913
11319.0000 577 283 0.4905
11319.8000 577 284 0.4922
11320.9000 577 285 0.4939
11321.8000 577 286 0.4957
11343.0000 578 286 0.4948
11363.0000 579 286 0.4940
11381.0000 580 286 0.4931
11404.0000 580 287 0.4948
11405.0000 581 287 0.4940
11409.8000 581 288 0.4957
11424.0000 582 288 0.4948
11432.4000 582 289 0.4966
11443.0000 583 289 0.4957
11459.6000 583 290 0.4974
11467.0000 584 290 0.4966
11491.0000 585 290 0.4957
11511.0000 586 290 0.4949
11516.2000 586 291 0.4966
11529.0000 587 291 0.4957
11534.1000 587 292 0.4974
11535.4000 587 293 0.4991
11541.7000 587 294 0.5009
11547.0000 588 294 0.5000
11566.0000 589 294 0.4992
11586.0000 590 294 0.4983
11610.0000 591 294 0.4975
11626.0000 592 294 0.4966
11638.8000 592 295 0.4983
11640.2000 592 296 0.5000
11650.0000 593 296 0.4992
11665.0000 594 296 0.4983
11680.0000 595 296 0.4975
11682.4000 595 297 0.4992
11686.2000 595 298 0.5008
11687.9000 595 299 0.5025
11696.0000 596 299 0.5017
11704.0000 596 300 0.5034
11711.0000 597 300 0.5025
11731.0000 598 300 0.5017
11734.5000 598 301 0.5033
11747.2000 598 302 0.5050
11755.0000 599 302 0.5042
11771.0000 600 302 0.5033
11781.7000 600 303 0.5050
11790.0000 601 303 0.5042
11794.9000 601 304 0.5058
11809.0000 602 304 0.5050
11811.5000 602 305 0.5066
11827.0000 603 305 0.5058
11834.1000 603 306 0.5075
11851.0000 604 306 0.5066
11867.0000 605 306 0.5058
11869.6000 605 307 0.5074
11872.9000 605 308 0.5091
11885.0000 606 308 0.5083
11907.0000 607 308 0.5074
11929.0000 608 308 0.5066
11933.3000 608 309 0.5082
11935.8000 608 310 0.5099
11937.7000 608 311 0.5115
11948.0000 609 311 0.5107
11971.0000 610 311 0.5098
11989.6000 610 312 0.5115
11995.0000 611 312 0.5106
12012.0000 612 312 0.5098
12033.0000 613 312 0.5090
12048.0000 614 312 0.5081
12066.3000 614 313 0.5098
12070.0000 615 313 0.5089
12073.2000 615 314 0.5106
12079.6000 615 315 0.5122
12080.9000 615 316 0.5138
12088.0000 616 316 0.5130
12089.4000 616 317 0.5146
12104.0000 617 317 0.5138
12124.0000 618 317 0.5129
12145.0000 619 317 0.5121
12151.9000 619 318 0.5137
12165.0000 620 318 0.5129
12189.0000 621 318 0.5121
12209.0000 622 318 0.5113
12211.8000 622 319 0.5129
12216.6000 622 320 0.5145
12218.2000 622 321 0.5161
12226.0000 623 321 0.5152
12249.0000 624 321 0.5144
12261.4000 624 322 0.5160
12270.0000 625 322 0.5152
12287.0000 626 322 0.5144
12305.0000 627 322 0.5136
12314.5000 627 323 0.5152
12323.0000 628 323 0.5143
12330.6000 628 324 0.5159
12332.7000 628 325 0.5175
12335.4000 628 326 0.5191
12339.0000 629 326 0.5183
12354.3000 629 327 0.5199
12358.0000 630 327 0.5190
12377.0000 631 327 0.5182
12389.5000 631 328 0.5198
12399.0000 632 328 0.5190
12421.0000 633 328 0.5182
12444.0000 634 328 0.5174
12463.0000 635 328 0.5165
12473.7000 635 329 0.5181
12479.0000 636 329 0.5173
12483.1000 636 330 0.5189
12489.1000 636 331 0.5204
12497.0000 637 331 0.5196
12518.0000 638 331 0.5188
12536.1000 638 332 0.5204
12538.0000 639 332 0.5196
12556.0000 640 332 0.5188
12556.8000 640 333 0.5203
12575.0000 641 333 0.5195
12596.0000 642 333 0.5187
12611.0000 643 333 0.5179
12635.0000 644 333 0.5171
12642.9000 644 334 0.5186
12652.0000 644 335 0.5202
12655.0000 645 335 0.5194
12672.0000 646 335 0.5186
12691.0000 647 335 0.5178
12713.0000 648 335 0.5170
12725.8000 648 336 0.5185
12727.4000 648 337 0.5201
12737.0000 649 337 0.5193
12761.0000 650 337 0.5185
12781.0000 651 337 0.5177
12798.0000 652 337 0.5169
12818.0000 653 337 0.5161
12836.3000 653 338 0.5176
12839.0000 654 338 0.5168
12863.0000 655 338 0.5160
12884.0000 656 338 0.5152
12901.0000 657 338 0.5145
12919.0000 658 338 0.5137
12936.0000 659 338 0.5129
12954.0000 660 338 0.5121
12966.6000 660 339 0.5136
12971.0000 661 339 0.5129
12986.0000 662 339 0.5121
13009.0000 663 339 0.5113
13018.3000 663 340 0.5128
13029.0000 664 340 0.5120
13042.5000 664 341 0.5136
13048.0000 665 341 0.5128
13069.0000 666 341 0.5120
13080.5000 666 342 0.5135
13081.1000 666 343 0.5150
13090.0000 667 343 0.5142
13097.1000 667 344 0.5157
13109.7000 667 345 0.5172
13112.0000 668 345 0.5165
13133.2000 668 346 0.5180
13135.0000 669 346 0.5172
13146.6000 669 347 0.5187
13157.0000 670 347 0.5179
13172.9000 670 348 0.5194
13173.8000 670 349 0.5209
13175.0000 671 349 0.5201
13198.0000 672 349 0.5193
13200.2000 672 350 0.5208
13222.0000 673 350 0.5201
13229.3000 673 351 0.5215
13237.0000 674 351 0.5208
13261.0000 675 351 0.5200
13267.7000 675 352 0.5215
13268.3000 675 353 0.5230
13279.0000 676 353 0.5222
13303.0000 677 353 0.5214
13327.0000 678 353 0.5206
13344.0000 679 353 0.5199
13367.0000 680 353 0.5191
13385.0000 681 353 0.5184
13400.0000 682 353 0.5176
13404.6000 682 354 0.5191
13420.1000 682 355 0.5205
13422.0000 683 355 0.5198
13439.0000 684 355 0.5190
13462.4000 684 356 0.5205
13463.0000 685 356 0.5197
13485.0000 686 356 0.5190
13501.0000 687 356 0.5182
13517.9000 687 357 0.5197
13522.0000 688 357 0.5189
13543.0000 689 357 0.5181
13558.0000 690 357 0.5174
13562.1000 690 358 0.5188
13578.0000 691 358 0.5181
13597.0000 692 358 0.5173
13601.2000 692 359 0.5188
13605.2000 692 360 0.5202
13605.9000 692 361 0.5217
13612.0000 693 361 0.5209
13633.0000 694 361 0.5202
13639.7000 694 362 0.5216
13654.0000 695 362 0.5209
13662.9000 695 363 0.5223
13674.0000 696 363 0.5216
13689.0000 697 363 0.5208
13713.0000 698 363 0.5201
13733.0000 699 363 0.5193
13750.0000 700 363 0.5186
13771.0000 701 363 0.5178
13772.6000 701 364 0.5193
13787.0000 702 364 0.5185
13808.0000 703 364 0.5178
13831.0000 704 364 0.5170
13853.0000 705 364 0.5163
13866.5000 705 365 0.5177
13874.0000 706 365 0.5170
13894.0000 707 365 0.5163
13915.0000 708 365 0.5155
13930.0000 708 366 0.5169
13937.0000 709 366 0.5162
13937.3000 709 367 0.5176
13939.3000 709 368 0.5190
13952.0000 710 368 0.5183
13976.0000 711 368 0.5176
13985.2000 711 369 0.5190
13994.0000 712 369 0.5183
14007.7000 712 370 0.5197
14011.0000 713 370 0.5189
14016.7000 713 371 0.5203
14032.0000 714 371 0.5196
14056.0000 715 371 0.5189
14068.5000 715 372 0.5203
14071.0000 715 373 0.5217
14077.0000 716 373 0.5209
14092.0000 717 373 0.5202
14107.0000 718 373 0.5195
14123.0000 719 373 0.5188
14143.5000 719 374 0.5202
14147.0000 720 374 0.5194
14157.2000 720 375 0.5208
14166.1000 720 376 0.5222
14167.0000 721 376 0.5215
14186.0000 722 376 0.5208
14204.0000 723 376 0.5201
14225.0000 724 376 0.5193
14245.0000 725 376 0.5186
14264.8000 725 377 0.5200
14267.0000 726 377 0.5193
14286.0000 727 377 0.5186
14304.0000 728 377 0.5179
14313.7000 728 378 0.5192
14323.0000 729 378 0.5185
14335.0000 729 379 0.5199
14343.0000 730 379 0.5192
14363.0000 731 379 0.5185
14385.0000 732 379 0.5178
14390.9000 732 380 0.5191
14404.0000 733 380 0.5184
14416.3000 733 381 0.5198
14416.9000 733 382 0.5211
14420.0000 734 382 0.5204
14420.9000 734 383 0.5218
14441.0000 735 383 0.5211
14456.0000 736 383 0.5204
14466.4000 736 384 0.5217
14475.0000 737 384 0.5210
14499.0000 738 384 0.5203
14523.0000 739 384 0.5196
14544.0000 740 384 0.5189
14551.8000 740 385 0.5203
14562.8000 740 386 0.5216
14568.0000 741 386 0.5209
14569.4000 741 387 0.5223
14588.0000 742 387 0.5216
14597.4000 742 388 0.5229
14603.0000 743 388 0.5222
14618.0000 744 388 0.5215
14628.0000 744 389 0.5228
14629.4000 744 390 0.5242
14639.0000 745 390 0.5235
14655.0000 746 390 0.5228
14676.0000 747 390 0.5221
14696.0000 748 390 0.5214
14701.7000 748 391 0.5227
14718.0000 749 391 0.5220
14725.3000 749 392 0.5234
14736.0000 750 392 0.5227
14740.4000 750 393 0.5240
14746.0000 750 394 0.5253
14753.9000 750 395 0.5267
14756.0000 751 395 0.5260
14773.0000 752 395 0.5253
14790.0000 753 395 0.5246
14797.1000 753 396 0.5259
14809.0000 754 396 0.5252
14831.0000 755 396 0.5245
14848.0000 756 396 0.5238
14867.0000 757 396 0.5231
14889.0000 758 396 0.5224
14905.0000 759 396 0.5217
14913.3000 759 397 0.5231
14915.3000 759 398 0.5244
14916.4000 759 399 0.5257
14926.9000 759 400 0.5270
14927.0000 760 400 0.5263
14929.6000 760 401 0.5276
14942.0000 761 401 0.5269
14961.0000 762 401 0.5262
14984.0000 763 401 0.5256
14990.4000 763 402 0.5269
14999.0000 764 402 0.5262
15021.0000 765 402 0.5255
15030.2000 765 403 0.5268
15036.9000 765 404 0.5281
15039.7000 765 405 0.5294
15041.0000 766 405 0.5287
15050.1000 766 406 0.5300
15058.0000 767 406 0.5293
15074.0000 768 406 0.5286
15093.0000 769 406 0.5280
15114.0000 770 406 0.5273
15132.0000 771 406 0.5266
15144.2000 771 407 0.5279
15149.0000 772 407 0.5272
15152.5000 772 408 0.5285
15159.2000 772 409 0.5298
15172.0000 773 409 0.5291
15182.4000 773 410 0.5304
15190.0000 774 410 0.5297
15212.0000 775 410 0.5290
15235.0000 776 410 0.5284
15244.2000 776 411 0.5296
15256.0000 777 411 0.5290
15280.0000 778 411 0.5283
15297.0000 779 411 0.5276
15318.0000 780 411 0.5269
15336.0000 781 411 0.5262
15344.7000 781 412 0.5275
15360.0000 782 412 0.5269
15381.0000 783 412 0.5262
15390.4000 783 413 0.5275
15399.0000 784 413 0.5268
15419.0000 785 413 0.5261
15439.2000 785 414 0.5274
15441.0000 786 414 0.5267
15442.1000 786 415 0.5280
15465.0000 787 415 0.5273
15474.2000 787 416 0.5286
15482.0000 788 416 0.5279
15502.9000 788 417 0.5292
15504.0000 789 417 0.5285
15515.7000 789 418 0.5298
15526.0000 790 418 0.5291
15547.0000 791 418 0.5284
15569.0000 792 418 0.5278
15591.0000 793 418 0.5271
15597.6000 793 419 0.5284
15600.7000 793 420 0.5296
15615.0000 794 420 0.5290
15632.0000 795 420 0.5283
15651.0000 796 420 0.5276
15666.0000 797 420 0.5270
15682.3000 797 421 0.5282
15684.0000 798 421 0.5276
15708.0000 799 421 0.5269
15724.0000 800 421 0.5263
15740.2000 800 422 0.5275
15743.8000 800 423 0.5288
15746.0000 801 423 0.5281
15764.0000 802 423 0.5274
15782.0000 803 423 0.5268
15793.3000 803 424 0.5280
15795.4000 803 425 0.5293
15799.0000 804 425 0.5286
15815.0000 805 425 0.5280
15838.0000 806 425 0.5273
15854.0000 807 425 0.5266
15873.0000 808 425 0.5260
15880.0000 808 426 0.5272
15894.0000 809 426 0.5266
15909.0000 810 426 0.5259
15927.0000 811 426 0.5253
15948.0000 812 426 0.5246
15953.1000 812 427 0.5259
15967.0000 813 427 0.5252
15982.4000 813 428 0.5264
15990.0000 814 428 0.5258
16005.3000 814 429 0.5270
16010.0000 815 429 0.5264
16019.2000 815 430 0.5276
16027.0000 816 430 0.5270
16042.0000 817 430 0.5263
16059.5000 817 431 0.5275
16061.0000 818 431 0.5269
16080.0000 819 431 0.5263
16083.7000 819 432 0.5275
16104.0000 820 432 0.5268
16124.0000 821 432 0.5262
16129.6000 821 433 0.5274
16139.0000 822 433 0.5268
16155.0000 823 433 0.5261
16175.0000 824 433 0.5255
16185.4000 824 434 0.5267
16196.0000 825 434 0.5261
16212.0000 826 434 0.5254
16220.0000 826 435 0.5266
16230.0000 827 435 0.5260
16245.0000 828 435 0.5254
16258.9000 828 436 0.5266
16261.0000 829 436 0.5259
16281.0000 830 436 0.5253
16301.0000 831 436 0.5247
16305.1000 831 437 0.5259
16322.0000 832 437 0.5252
16334.2000 832 438 0.5264
16338.0000 833 438 0.5258
16344.3000 833 439 0.5270
16357.0000 834 439 0.5264
16365.9000 834 440 0.5276
16380.0000 835 440 0.5269
16399.0000 836 440 0.5263
16411.1000 836 441 0.5275
16411.6000 836 442 0.5287
16416.0000 837 442 0.5281
16433.0000 838 442 0.5274
16455.0000 839 442 0.5268
16479.0000 840 442 0.5262
16503.0000 841 442 0.5256
16520.1000 841 443 0.5268
16526.0000 842 443 0.5261
16547.0000 843 443 0.5255
16554.2000 843 444 0.5267
16568.0000 844 444 0.5261
16589.0000 845 444 0.5254
16610.0000 846 444 0.5248
16619.5000 846 445 0.5260
16628.0000 847 445 0.5254
16634.0000 847 446 0.5266
16646.0000 848 446 0.5259
16662.0000 849 446 0.5253
16666.9000 849 447 0.5265
16682.0000 850 447 0.5259
16689.3000 850 448 0.5271
16699.0000 851 448 0.5264
16721.7000 851 449 0.5276
16723.0000 852 449 0.5270
16724.4000 852 450 0.5282
16744.0000 852 451 0.5293
16745.0000 853 451 0.5287
16760.0000 854 451 0.5281
16783.0000 855 451 0.5275
16784.2000 855 452 0.5287
16785.7000 855 453 0.5298
16800.0000 856 453 0.5292
16818.0000 857 453 0.5286
16835.0000 858 453 0.5280
16845.5000 858 454 0.5291
16849.2000 858 455 0.5303
16852.1000 858 456 0.5315
16858.0000 859 456 0.5308
16868.6000 859 457 0.5320
16881.0000 860 457 0.5314
16895.6000 860 458 0.5326
16901.0000 861 458 0.5319
16904.9000 861 459 0.5331
16917.0000 862 459 0.5325
16935.0000 863 459 0.5319
16959.0000 864 459 0.5313
16977.4000 864 460 0.5324
16980.0000 865 460 0.5318
16997.0000 866 460 0.5312
17021.0000 867 460 0.5306
17040.0000 868 460 0.5300
17047.6000 868 461 0.5311
17063.0000 869 461 0.5305
17080.5000 869 462 0.5316
17082.0000 870 462 0.5310
17105.0000 871 462 0.5304
17111.9000 871 463 0.5316
17126.0000 872 463 0.5310
17143.0000 873 463 0.5304
17162.0000 874 463 0.5297
17174.3000 874 464 0.5309
17181.0000 875 464 0.5303
17202.0000 876 464 0.5297
17207.7000 876 465 0.5308
17225.0000 877 465 0.5302
17226.5000 877 466 0.5314
17238.1000 877 467 0.5325
17239.9000 877 468 0.5336
17240.0000 878 468 0.5330
17259.0000 879 468 0.5324
17278.0000 880 468 0.5318
17299.0000 881 468 0.5312
17318.0000 882 468 0.5306
17336.0000 883 468 0.5300
17338.6000 883 469 0.5311
17340.1000 883 470 0.5323
17342.8000 883 471 0.5334
17344.1000 883 472 0.5345
17353.0000 884 472 0.5339
17357.6000 884 473 0.5351
17367.1000 884 474 0.5362
17370.0000 885 474 0.5356
17393.6000 885 475 0.5367
17394.0000 886 475 0.5361
17399.4000 886 476 0.5372
17416.0000 887 476 0.5366
17439.0000 888 476 0.5360
17454.0000 889 476 0.5354
17469.2000 889 477 0.5366
17473.7000 889 478 0.5377
17477.0000 890 478 0.5371
17497.0000 891 478 0.5365
17515.0000 892 478 0.5359
17535.0000 893 478 0.5353
17558.0000 894 478 0.5347
17574.0000 895 478 0.5341
17598.0000 896 478 0.5335
17619.0000 897 478 0.5329
17639.0000 898 478 0.5323
17654.0000 899 478 0.5317
17672.0000 900 478 0.5311
17690.0000 901 478 0.5305
17698.8000 901 479 0.5316
17702.0000 901 480 0.5327
17710.0000 902 480 0.5322
17734.0000 903 480 0.5316
17751.0000 904 480 0.5310
17758.4000 904 481 0.5321
17770.3000 904 482 0.5332
17774.0000 905 482 0.5326
17785.2000 905 483 0.5337
17793.0000 906 483 0.5331
17808.0000 907 483 0.5325
17813.5000 907 484 0.5336
17826.0000 908 484 0.5330
17835.5000 908 485 0.5341
17840.3000 908 486 0.5352
17846.0000 909 486 0.5347
17864.0000 910 486 0.5341
17884.0000 911 486 0.5335
17885.7000 911 487 0.5346
17899.0000 912 487 0.5340
17917.0000 913 487 0.5334
17936.0000 914 487 0.5328
17958.0000 915 487 0.5322
17973.8000 915 488 0.5333
17976.0000 916 488 0.5328
17976.3000 916 489 0.5338
18000.0000 917 489 0.5333
18021.0000 918 489 0.5327
18040.0000 919 489 0.5321
18049.2000 919 490 0.5332
18059.0000 920 490 0.5326
18077.0000 921 490 0.5320
18077.2000 921 491 0.5331
18084.7000 921 492 0.5342
18092.0000 922 492 0.5336
18103.2000 922 493 0.5347
18112.1000 922 494 0.5358
18113.0000 923 494 0.5352
18132.0000 924 494 0.5346
18147.7000 924 495 0.5357
18151.7000 924 496 0.5368
18155.0000 925 496 0.5362
18165.9000 925 497 0.5373
18177.0000 926 497 0.5367
18192.0000 927 497 0.5361
18214.0000 928 497 0.5356
18221.6000 928 498 0.5366
18226.2000 928 499 0.5377
18236.0000 929 499 0.5371
18259.0000 930 499 0.5366
18269.8000 930 500 0.5376
18275.0000 931 500 0.5371
18298.0000 932 500 0.5365
18319.5000 932 501 0.5376
18321.0000 933 501 0.5370
18329.6000 933 502 0.5380
18340.0000 934 502 0.5375
18353.1000 934 503 0.5385
18364.0000 935 503 0.5380
18383.0000 936 503 0.5374
18402.0000 937 503 0.5368
18425.0000 938 503 0.5362
18436.8000 938 504 0.5373
18449.0000 939 504 0.5367
18453.0000 939 505 0.5378
18470.1000 939 506 0.5389
18473.0000 940 506 0.5383
18488.0000 941 506 0.5377
18490.6000 941 507 0.5388
18512.0000 942 507 0.5382
18534.0000 943 507 0.5376
18534.6000 943 508 0.5387
18549.0000 944 508 0.5381
18570.0000 945 508 0.5376
18590.0000 946 508 0.5370
18596.0000 946 509 0.5381
18613.0000 947 509 0.5375
18632.0000 948 509 0.5369
18653.0000 949 509 0.5364
18677.0000 950 509 0.5358
18677.2000 950 510 0.5368
18696.0000 951 510 0.5363
18715.0000 952 510 0.5357
18738.0000 953 510 0.5352
18753.0000 954 510 0.5346
18768.0000 955 510 0.5340
18784.0000 955 511 0.5351
18786.0000 956 511 0.5345
18799.2000 956 512 0.5356
18801.5000 956 513 0.5366
18809.0000 957 513 0.5361
18828.0000 958 513 0.5355
18842.3000 958 514 0.5365
18845.0000 959 514 0.5360
18851.3000 959 515 0.5370
18862.0000 960 515 0.5365
18884.0000 961 515 0.5359
18894.5000 961 516 0.5369
18896.1000 961 517 0.5380
18899.0000 962 517 0.5374
18922.0000 963 517 0.5369
18939.0000 964 517 0.5363
18956.0000 965 517 0.5358
18964.9000 965 518 0.5368
18977.0000 966 518 0.5362
18993.0000 967 518 0.5357
19015.0000 968 518 0.5351
19021.6000 968 519 0.5362
19035.7000 968 520 0.5372
19037.0000 969 520 0.5366
19038.6000 969 521 0.5377
19055.0000 970 521 0.5371
19072.0000 971 521 0.5366
19084.4000 971 522 0.5376
19087.0000 972 522 0.5370
19108.0000 973 522 0.5365
19129.0000 974 522 0.5359
19151.0000 975 522 0.5354
19161.8000 975 523 0.5364
19173.0000 976 523 0.5359
19192.0000 977 523 0.5353
19211.0000 978 523 0.5348
19229.7000 978 524 0.5358
19231.0000 979 524 0.5352
19244.6000 979 525 0.5363
19254.0000 980 525 0.5357
19277.0000 981 525 0.5352
19293.0000 981 526 0.5362
19301.0000 982 526 0.5356
19303.9000 982 527 0.5367
19304.4000 982 528 0.5377
19316.0000 983 528 0.5371
19340.0000 984 528 0.5366
19355.0000 985 528 0.5360
19373.0000 986 528 0.5355
19391.0000 987 528 0.5350
19406.0000 988 528 0.5344
19411.2000 988 529 0.5354
19418.6000 988 530 0.5364
19423.0000 989 530 0.5359
19433.3000 989 531 0.5369
19439.0000 990 531 0.5364
19455.0000 991 531 0.5358
19457.1000 991 532 0.5368
19458.1000 991 533 0.5378
19466.2000 991 534 0.5388
19466.9000 991 535 0.5399
19479.0000 992 535 0.5393
19497.0000 993 535 0.5388
19521.0000 994 535 0.5382
19530.2000 994 536 0.5392
19542.0000 995 536 0.5387
19565.0000 996 536 0.5382
19586.0000 997 536 0.5376
19601.0000 998 536 0.5371
19622.0000 999 536 0.5365
19624.7000 999 537 0.5375
19626.1000 999 538 0.5385
19641.0000 1000 538 0.5380
19660.0000 1001 538 0.5375
19669.0000 1001 539 0.5385
19677.0000 1002 539 0.5379
19692.0000 1003 539 0.5374
19716.0000 1004 539 0.5369
19726.2000 1004 540 0.5378
19739.0000 1005 540 0.5373
19755.0000 1006 540 0.5368
19756.2000 1006 541 0.5378
19770.0000 1007 541 0.5372
19775.2000 1007 542 0.5382
19783.2000 1007 543 0.5392
19786.0000 1007 544 0.5402
19792.0000 1008 544 0.5397
19815.0000 1009 544 0.5391
19816.1000 1009 545 0.5401
19826.5000 1009 546 0.5411
19833.0000 1010 546 0.5406
19852.0000 1011 546 0.5401
19876.0000 1012 546 0.5395
19891.0000 1013 546 0.5390
19908.0000 1014 546 0.5385
19924.9000 1014 547 0.5394
19932.0000 1015 547 0.5389
19956.0000 1016 547 0.5384
19968.8000 1016 548 0.5394
19970.9000 1016 549 0.5404
19976.0000 1017 549 0.5398
19984.5000 1017 550 0.5408
19994.1000 1017 551 0.5418
19998.0000 1018 551 0.5413
20007.6000 1018 552 0.5422
20019.0000 1019 552 0.5417
20027.8000 1019 553 0.5427
20034.0000 1020 553 0.5422
20039.7000 1020 554 0.5431
20057.0000 1021 554 0.5426
20075.0000 1022 554 0.5421
20094.0000 1023 554 0.5415
20095.6000 1023 555 0.5425
20118.0000 1024 555 0.5420
20135.0000 1025 555 0.5415
20138.1000 1025 556 0.5424
20138.9000 1025 557 0.5434
20141.0000 1025 558 0.5444
20157.0000 1026 558 0.5439
20179.0000 1027 558 0.5433
20179.3000 1027 559 0.5443
20197.0000 1028 559 0.5438
20201.3000 1028 560 0.5447
20208.9000 1028 561 0.5457
20210.3000 1028 562 0.5467
20221.0000 1029 562 0.5462
20222.1000 1029 563 0.5471
20231.5000 1029 564 0.5481
20237.0000 1030 564 0.5476
20259.0000 1031 564 0.5470
20276.0000 1032 564 0.5465
20287.3000 1032 565 0.5475
20293.0000 1033 565 0.5470
20298.6000 1033 566 0.5479
20308.0000 1034 566 0.5474
20327.0000 1035 566 0.5469
20345.9000 1035 567 0.5478
20349.5000 1035 568 0.5488
20350.0000 1036 568 0.5483
20366.0000 1037 568 0.5477
20372.7000 1037 569 0.5487
20385.0000 1038 569 0.5482
20392.2000 1038 570 0.5491
20401.0000 1039 570 0.5486
20420.2000 1039 571 0.5496
20421.0000 1040 571 0.5490
20437.0000 1041 571 0.5485
20461.0000 1042 571 0.5480
20485.0000 1043 571 0.5475
20508.0000 1044 571 0.5469
20532.0000 1045 571 0.5464
20549.4000 1045 572 0.5474
20550.2000 1045 573 0.5483
20554.0000 1046 573 0.5478
20576.0000 1047 573 0.5473
20588.3000 1047 574 0.5482
20594.0000 1048 574 0.5477
20611.0000 1049 574 0.5472
20635.0000 1050 574 0.5467
20646.2000 1050 575 0.5476
20655.0000 1051 575 0.5471
20673.0000 1052 575 0.5466
20691.0000 1053 575 0.5461
20706.0000 1054 575 0.5455
20724.0000 1055 575 0.5450
20744.0000 1056 575 0.5445
20763.0000 1056 576 0.5455
20766.0000 1057 576 0.5449
20776.2000 1057 577 0.5459
20782.0000 1058 577 0.5454
20800.0000 1059 577 0.5449
20821.0000 1060 577 0.5443
20824.6000 1060 578 0.5453
20837.9000 1060 579 0.5462
20844.0000 1061 579 0.5457
20864.0000 1062 579 0.5452
20888.0000 1063 579 0.5447
20894.9000 1063 580 0.5456
20911.0000 1064 580 0.5451
20931.0000 1065 580 0.5446
20952.0000 1066 580 0.5441
20968.0000 1067 580 0.5436
20970.5000 1067 581 0.5445
20971.2000 1067 582 0.5455
20984.5000 1067 583 0.5464
20990.0000 1068 583 0.5459
21003.0000 1068 584 0.5468
21007.0000 1069 584 0.5463
21031.0000 1070 584 0.5458
21034.6000 1070 585 0.5467
21041.3000 1070 586 0.5477
21055.0000 1071 586 0.5472
21068.2000 1071 587 0.5481
21077.0000 1072 587 0.5476
21081.9000 1072 588 0.5485
21092.0000 1073 588 0.5480
21116.0000 1074 588 0.5475
21122.6000 1074 589 0.5484
21132.0000 1075 589 0.5479
21148.0000 1076 589 0.5474
21166.0000 1077 589 0.5469
21184.0000 1078 589 0.5464
21204.0000 1079 589 0.5459
21223.0000 1080 589 0.5454
21225.8000 1080 590 0.5463
21239.3000 1080 591 0.5472
21247.0000 1081 591 0.5467
21271.0000 1082 591 0.5462
21288.5000 1082 592 0.5471
21292.0000 1083 592 0.5466
21309.0000 1084 592 0.5461
21327.0000 1085 592 0.5456
21331.3000 1085 593 0.5465
21332.4000 1085 594 0.5475
21338.0000 1085 595 0.5484
21345.6000 1085 596 0.5493
21351.0000 1086 596 0.5488
21352.1000 1086 597 0.5497
21354.4000 1086 598 0.5506
21362.5000 1086 599 0.5516
21368.0000 1087 599 0.5511
21375.1000 1087 600 0.5520
21387.0000 1088 600 0.5515
21389.5000 1088 601 0.5524
21407.0000 1089 601 0.5519
21424.0000 1090 601 0.5514
21444.0000 1091 601 0.5509
21458.8000 1091 602 0.5518
21463.0000 1092 602 0.5513
21483.0000 1093 602 0.5508
21505.0000 1094 602 0.5503
21508.4000 1094 603 0.5512
21523.0000 1095 603 0.5507
21539.0000 1096 603 0.5502
21556.0000 1097 603 0.5497
21577.0000 1098 603 0.5492
21599.0000 1099 603 0.5487
21615.0000 1100 603 0.5482
21623.9000 1100 604 0.5491
21632.0000 1101 604 0.5486
21648.0000 1102 604 0.5481
21651.4000 1102 605 0.5490
21665.0000 1103 605 0.5485
21689.0000 1104 605 0.5480
21707.0000 1105 605 0.5475
21713.3000 1105 606 0.5484
21720.2000 1105 607 0.5493
21731.0000 1106 607 0.5488
21755.0000 1107 607 0.5483
21777.0000 1108 607 0.5478
21794.0000 1109 607 0.5473
21818.0000 1110 607 0.5468
21837.0000 1111 607 0.5464
21847.9000 1111 608 0.5473
21851.8000 1111 609 0.5482
21860.0000 1112 609 0.5477
21872.6000 1112 610 0.5486
21874.8000 1112 611 0.5495
21876.2000 1112 612 0.5504
21879.2000 1112 613 0.5513
21883.0000 1113 613 0.5508
21898.0000 1114 613 0.5503
21913.9000 1114 614 0.5512
21915.1000 1114 615 0.5521
21916.0000 1115 615 0.5516
21939.0000 1116 615 0.5511
21950.6000 1116 616 0.5520
21951.7000 1116 617 0.5529
21960.0000 1117 617 0.5524
21976.0000 1118 617 0.5519
21999.0000 1119 617 0.5514
22022.0000 1120 617 0.5509
22040.7000 1120 618 0.5518
22041.0000 1121 618 0.5513
22061.0000 1122 618 0.5508
22072.8000 1122 619 0.5517
22078.0000 1123 619 0.5512
22078.9000 1123 620 0.5521
22101.0000 1124 620 0.5516
22106.7000 1124 621 0.5525
22121.0000 1125 621 0.5520
22140.0000 1126 621 0.5515
22152.1000 1126 622 0.5524
22159.0000 1127 622 0.5519
22165.8000 1127 623 0.5528
22172.5000 1127 624 0.5537
22183.0000 1128 624 0.5532
22199.0000 1129 624 0.5527
22204.6000 1129 625 0.5536
22218.0000 1130 625 0.5531
22242.0000 1131 625 0.5526
22259.5000 1131 626 0.5535
22263.0000 1132 626 0.5530
22281.0000 1133 626 0.5525
22288.1000 1133 627 0.5534
22288.8000 1133 628 0.5543
22304.0000 1134 628 0.5538
22306.4000 1134 629 0.5547
22318.6000 1134 630 0.5556
22322.0000 1135 630 0.5551
22345.1000 1135 631 0.5559
22346.0000 1136 631 0.5555
22363.0000 1137 631 0.5550
22385.0000 1138 631 0.5545
22405.0000 1139 631 0.5540
22420.0000 1140 631 0.5535
22444.0000 1141 631 0.5530
22464.0000 1142 631 0.5525
22482.0000 1143 631 0.5521
22486.0000 1143 632 0.5529
22500.0000 1144 632 0.5524
22504.0000 1144 633 0.5533
22521.0000 1145 633 0.5528
22531.0000 1145 634 0.5537
22544.0000 1146 634 0.5532
22560.0000 1147 634 0.5527
22571.5000 1147 635 0.5536
22574.7000 1147 636 0.5545
22578.0000 1148 636 0.5540
22595.0000 1149 636 0.5535
22613.0000 1150 636 0.5530
22620.7000 1150 637 0.5539
22628.0000 1151 637 0.5534
22647.5000 1151 638 0.5543
22648.0000 1152 638 0.5538
22666.0000 1153 638 0.5533
22669.9000 1153 639 0.5542
22682.0000 1154 639 0.5537
22698.0000 1155 639 0.5532
22713.0000 1156 639 0.5528
22735.0000 1157 639 0.5523
22753.6000 1157 640 0.5532
22758.0000 1158 640 0.5527
22775.4000 1158 641 0.5535
22779.0000 1159 641 0.5531
22799.0000 1160 641 0.5526
22806.8000 1160 642 0.5534
22810.1000 1160 643 0.5543
22820.0000 1161 643 0.5538
22824.3000 1161 644 0.5547
22824.9000 1161 645 0.5556
22824.9000 1161 646 0.5564
22835.0000 1162 646 0.5559
22850.0000 1163 646 0.5555
22860.0000 1163 647 0.5563
22869.0000 1164 647 0.5558
22891.0000 1165 647 0.5554
22901.8000 1165 648 0.5562
22907.6000 1165 649 0.5571
22908.7000 1165 650 0.5579
22913.0000 1166 650 0.5575
22917.6000 1166 651 0.5583
22931.0000 1167 651 0.5578
22954.0000 1168 651 0.5574
22971.0000 1169 651 0.5569
22991.0000 1170 651 0.5564
23007.0000 1171 651 0.5559
23031.0000 1172 651 0.5555
23047.0000 1173 651 0.5550
23047.9000 1173 652 0.5558
23070.0000 1174 652 0.5554
23071.4000 1174 653 0.5562
23085.0000 1175 653 0.5557
23106.0000 1176 653 0.5553
23107.9000 1176 654 0.5561
23120.6000 1176 655 0.5570
23127.0000 1177 655 0.5565
23143.8000 1177 656 0.5573
23149.0000 1178 656 0.5569
23165.0000 1179 656 0.5564
23180.0000 1180 656 0.5559
23184.8000 1180 657 0.5568
23198.0000 1181 657 0.5563
23214.0000 1182 657 0.5558
23238.0000 1183 657 0.5554
23252.1000 1183 658 0.5562
23252.6000 1183 659 0.5571
23258.0000 1184 659 0.5566
23262.9000 1184 660 0.5574
23280.0000 1185 660 0.5570
23295.0000 1186 660 0.5565
23319.0000 1187 660 0.5560
23339.0000 1188 660 0.5556
23360.0000 1189 660 0.5551
23377.0000 1190 660 0.5546
23393.0000 1191 660 0.5542
23409.0000 1192 660 0.5537
23428.0000 1193 660 0.5532
23431.0000 1193 661 0.5541
23445.0000 1194 661 0.5536
23450.5000 1194 662 0.5544
23455.5000 1194 663 0.5553
23463.4000 1194 664 0.5561
23464.0000 1195 664 0.5556
23482.0000 1196 664 0.5552
23498.0000 1197 664 0.5547
23516.0000 1198 664 0.5543
23532.0000 1199 664 0.5538
23537.8000 1199 665 0.5546
23547.0000 1200 665 0.5542
23558.7000 1200 666 0.5550
23565.9000 1200 667 0.5558
23568.0000 1201 667 0.5554
23578.1000 1201 668 0.5562
23589.0000 1202 668 0.5557
23613.0000 1203 668 0.5553
23629.0000 1204 668 0.5548
23643.1000 1204 669 0.5556
23647.0000 1205 669 0.5552
23660.3000 1205 670 0.5560
23662.0000 1206 670 0.5556
23681.0000 1207 670 0.5551
23697.9000 1207 671 0.5559
23698.2000 1207 672 0.5568
23702.0000 1208 672 0.5563
23710.9000 1208 673 0.5571
23722.7000 1208 674 0.5579
23726.0000 1209 674 0.5575
23741.0000 1210 674 0.5570
23757.0000 1210 675 0.5579
23759.7000 1210 676 0.5587
23760.0000 1211 676 0.5582
23771.5000 1211 677 0.5590
23773.5000 1211 678 0.5599
23778.0000 1212 678 0.5594
23798.0000 1213 678 0.5589
23817.0000 1214 678 0.5585
23837.0000 1215 678 0.5580
23859.0000 1216 678 0.5576
23874.0000 1217 678 0.5571
23895.0000 1218 678 0.5567
23916.0000 1219 678 0.5562
23926.1000 1219 679 0.5570
23937.0000 1220 679 0.5566
23961.0000 1221 679 0.5561
23970.6000 1221 680 0.5569
23981.0000 1222 680 0.5565
23992.9000 1222 681 0.5573
24004.0000 1223 681 0.5568
24026.0000 1224 681 0.5564
24037.4000 1224 682 0.5572
24037.5000 1224 683 0.5580
24043.0000 1225 683 0.5576
24045.8000 1225 684 0.5584
24047.4000 1225 685 0.5592
24047.9000 1225 686 0.5600
24062.0000 1226 686 0.5595
24079.0000 1227 686 0.5591
24095.0000 1228 686 0.5586
24110.0000 1229 686 0.5582
24134.0000 1230 686 0.5577
24157.0000 1231 686 0.5573
24179.0000 1232 686 0.5568
24192.1000 1232 687 0.5576
24203.0000 1233 687 0.5572
24222.0000 1234 687 0.5567
24225.8000 1234 688 0.5575
24235.3000 1234 689 0.5583
24242.4000 1234 690 0.5592
24245.0000 1235 690 0.5587
24255.6000 1235 691 0.5595
24262.0000 1236 691 0.5591
24286.0000 1237 691 0.5586
24305.0000 1238 691 0.5582
24326.0000 1239 691 0.5577
24349.0000 1240 691 0.5573
24362.1000 1240 692 0.5581
24365.0000 1240 693 0.5589
24368.0000 1241 693 0.5584
24379.5000 1241 694 0.5592
24383.0000 1242 694 0.5588
24407.0000 1243 694 0.5583
24427.0000 1244 694 0.5579
24444.1000 1244 695 0.5587
24445.2000 1244 696 0.5595
24447.0000 1245 696 0.5590
24468.0000 1246 696 0.5586
24473.7000 1246 697 0.5594
24490.0000 1247 697 0.5589
24498.1000 1247 698 0.5597
24510.6000 1247 699 0.5605
24514.0000 1248 699 0.5601
24530.0000 1249 699 0.5596
24553.0000 1250 699 0.5592
24568.0000 1251 699 0.5588
24591.0000 1252 699 0.5583
24607.0000 1253 699 0.5579
24624.0000 1254 699 0.5574
24641.0000 1255 699 0.5570
24644.2000 1255 700 0.5578
24651.3000 1255 701 0.5586
24652.9000 1255 702 0.5594
24656.0000 1256 702 0.5589
24677.0000 1257 702 0.5585
24693.0000 1258 702 0.5580
24702.5000 1258 703 0.5588
24705.1000 1258 704 0.5596
24712.0000 1259 704 0.5592
24736.0000 1260 704 0.5587
24751.0000 1261 704 0.5583
24753.3000 1261 705 0.5591
24768.0000 1262 705 0.5586
24775.6000 1262 706 0.5594
24780.2000 1262 707 0.5602
24790.0000 1263 707 0.5598
24809.0000 1264 707 0.5593
24824.0000 1265 707 0.5589
24832.5000 1265 708 0.5597
24844.0000 1266 708 0.5592
24864.2000 1266 709 0.5600
24867.0000 1267 709 0.5596
24883.0000 1268 709 0.5591
24895.8000 1268 710 0.5599
24897.1000 1268 711 0.5607
24906.0000 1269 711 0.5603
24921.0000 1270 711 0.5598
24945.0000 1271 711 0.5594
24951.2000 1271 712 0.5602
24963.0000 1272 712 0.5597
24980.0000 1273 712 0.5593
24999.0000 1274 712 0.5589
25015.0000 1275 712 0.5584
25027.6000 1275 713 0.5592
25034.0000 1276 713 0.5588
25055.0000 1277 713 0.5583
25067.4000 1277 714 0.5591
25074.0000 1278 714 0.5587
25095.0000 1279 714 0.5582
25095.7000 1279 715 0.5590
25108.9000 1279 716 0.5598
25109.4000 1279 717 0.5606
25116.1000 1279 718 0.5614
25116.9000 1279 719 0.5622
25119.0000 1280 719 0.5617
25128.6000 1280 720 0.5625
25138.0000 1281 720 0.5621
25162.0000 1282 720 0.5616
25175.9000 1282 721 0.5624
25183.0000 1283 721 0.5620
