# time  created  delivered  delivered/created
22.0000 1 0 0.0000
38.0000 2 0 0.0000
54.0000 3 0 0.0000
72.0000 4 0 0.0000
94.0000 5 0 0.0000
110.0000 6 0 0.0000
133.0000 7 0 0.0000
153.0000 8 0 0.0000
175.0000 9 0 0.0000
191.0000 10 0 0.0000
210.0000 11 0 0.0000
225.0000 12 0 0.0000
249.0000 13 0 0.0000
265.0000 14 0 0.0000
281.0000 15 0 0.0000
304.0000 16 0 0.0000
328.0000 17 0 0.0000
343.0000 18 0 0.0000
367.0000 19 0 0.0000
382.0000 20 0 0.0000
399.0000 21 0 0.0000
420.0000 22 0 0.0000
439.0000 23 0 0.0000
458.0000 24 0 0.0000
480.0000 25 0 0.0000
497.0000 26 0 0.0000
515.0000 27 0 0.0000
538.0000 28 0 0.0000
562.0000 29 0 0.0000
581.0000 30 0 0.0000
583.9000 30 1 0.0333
603.0000 31 1 0.0323
625.0000 32 1 0.0313
641.2000 32 2 0.0625
646.0000 33 2 0.0606
661.6000 33 3 0.0909
667.0000 34 3 0.0882
685.0000 35 3 0.0857
691.0000 35 4 0.1143
700.0000 36 4 0.1111
714.9000 36 5 0.1389
722.0000 37 5 0.1351
741.0000 38 5 0.1316
764.0000 39 5 0.1282
773.6000 39 6 0.1538
784.0000 40 6 0.1500
806.0000 41 6 0.1463
829.0000 42 6 0.1429
851.0000 43 6 0.1395
873.0000 44 6 0.1364
895.0000 45 6 0.1333
918.0000 46 6 0.1304
935.7000 46 7 0.1522
941.0000 47 7 0.1489
957.0000 48 7 0.1458
975.0000 49 7 0.1429
998.0000 50 7 0.1400
1018.0000 51 7 0.1373
1040.0000 52 7 0.1346
1056.0000 53 7 0.1321
1077.0000 54 7 0.1296
1096.0000 55 7 0.1273
1117.0000 56 7 0.1250
1137.0000 57 7 0.1228
1159.0000 58 7 0.1207
1179.0000 59 7 0.1186
1193.3000 59 8 0.1356
1201.0000 60 8 0.1333
1216.0000 61 8 0.1311
1225.2000 61 9 0.1475
1232.0000 62 9 0.1452
1251.0000 63 9 0.1429
1268.0000 64 9 0.1406
1287.0000 65 9 0.1385
1308.0000 66 9 0.1364
1327.0000 67 9 0.1343
1342.0000 68 9 0.1324
1364.0000 69 9 0.1304
1381.1000 69 10 0.1449
1388.0000 70 10 0.1429
1407.0000 71 10 0.1408
1422.0000 72 10 0.1389
1442.0000 73 10 0.1370
1464.0000 74 10 0.1351
1475.9000 74 11 0.1486
1479.0000 75 11 0.1467
1500.0000 76 11 0.1447
1518.0000 77 11 0.1429
1542.0000 78 11 0.1410
1555.9000 78 12 0.1538
1562.0000 79 12 0.1519
1577.0000 80 12 0.1500
1594.5000 80 13 0.1625
1595.4000 80 14 0.1750
1600.0000 81 14 0.1728
1620.0000 82 14 0.1707
1637.0000 83 14 0.1687
1652.0000 84 14 0.1667
1672.9000 84 15 0.1786
1673.0000 85 15 0.1765
1695.0000 86 15 0.1744
1702.5000 86 16 0.1860
1713.0000 87 16 0.1839
1736.2000 87 17 0.1954
1737.0000 88 17 0.1932
1760.0000 89 17 0.1910
1768.1000 89 18 0.2022
1781.0000 90 18 0.2000
1804.0000 91 18 0.1978
1826.0000 92 18 0.1957
1849.0000 93 18 0.1935
1870.0000 94 18 0.1915
1890.0000 95 18 0.1895
1911.0000 96 18 0.1875
1929.0000 97 18 0.1856
1948.0000 98 18 0.1837
1965.0000 99 18 0.1818
1980.0000 100 18 0.1800
1989.8000 100 19 0.1900
2002.0000 101 19 0.1881
2024.0000 102 19 0.1863
2035.6000 102 20 0.1961
2041.0000 103 20 0.1942
2064.0000 104 20 0.1923
2080.0000 105 20 0.1905
2095.0000 106 20 0.1887
2119.0000 107 20 0.1869
2139.0000 108 20 0.1852
2143.6000 108 21 0.1944
2161.0000 109 21 0.1927
2178.0000 110 21 0.1909
2199.0000 111 21 0.1892
2213.8000 111 22 0.1982
2222.0000 112 22 0.1964
2240.0000 113 22 0.1947
2259.0000 114 22 0.1930
2275.0000 115 22 0.1913
2295.0000 116 22 0.1897
2314.0000 117 22 0.1880
2335.0000 118 22 0.1864
2354.0000 119 22 0.1849
2377.0000 120 22 0.1833
2396.0000 121 22 0.1818
2411.0000 122 22 0.1803
2412.0000 122 23 0.1885
2433.0000 123 23 0.1870
2452.0000 124 23 0.1855
2461.2000 124 24 0.1935
2474.0000 125 24 0.1920
2496.0000 126 24 0.1905
2509.7000 126 25 0.1984
2511.0000 127 25 0.1969
2526.0000 128 25 0.1953
2546.0000 129 25 0.1938
2563.0000 130 25 0.1923
2586.0000 131 25 0.1908
2601.0000 132 25 0.1894
2621.0000 133 25 0.1880
2641.0000 134 25 0.1866
2662.0000 135 25 0.1852
2678.0000 136 25 0.1838
2689.6000 136 26 0.1912
2690.0000 136 27 0.1985
2693.0000 137 27 0.1971
2716.0000 138 27 0.1957
2735.0000 139 27 0.1942
2754.0000 140 27 0.1929
2771.0000 141 27 0.1915
2788.0000 142 27 0.1901
2800.3000 142 28 0.1972
2807.0000 143 28 0.1958
2823.2000 143 29 0.2028
2826.1000 143 30 0.2098
2831.0000 144 30 0.2083
2832.2000 144 31 0.2153
2853.0000 145 31 0.2138
2868.0000 146 31 0.2123
2891.0000 147 31 0.2109
2911.0000 148 31 0.2095
2926.0000 149 31 0.2081
2942.0000 150 31 0.2067
2955.9000 150 32 0.2133
2962.0000 151 32 0.2119
2979.0000 152 32 0.2105
3000.8000 152 33 0.2171
3003.0000 153 33 0.2157
3004.4000 153 34 0.2222
3024.0000 154 34 0.2208
3040.0000 155 34 0.2194
3059.0000 155 35 0.2258
3064.0000 156 35 0.2244
3086.0000 157 35 0.2229
3100.9000 157 36 0.2293
3110.0000 158 36 0.2278
3129.0000 159 36 0.2264
3147.0000 160 36 0.2250
3166.0000 161 36 0.2236
3168.6000 161 37 0.2298
3190.0000 162 37 0.2284
3204.1000 162 38 0.2346
3210.0000 163 38 0.2331
3225.0000 164 38 0.2317
3243.0000 165 38 0.2303
3260.0000 166 38 0.2289
3283.0000 167 38 0.2275
3305.0000 168 38 0.2262
3321.0000 169 38 0.2249
3329.9000 169 39 0.2308
3344.0000 170 39 0.2294
3365.0000 171 39 0.2281
3385.0000 172 39 0.2267
3408.0000 173 39 0.2254
3423.8000 173 40 0.2312
3428.0000 174 40 0.2299
3437.9000 174 41 0.2356
3449.0000 175 41 0.2343
3467.0000 175 42 0.2400
3472.0000 176 42 0.2386
3488.0000 177 42 0.2373
3511.0000 178 42 0.2360
3530.6000 178 43 0.2416
3535.0000 179 43 0.2402
3552.0000 180 43 0.2389
3570.0000 181 43 0.2376
3570.4000 181 44 0.2431
3576.6000 181 45 0.2486
3589.0000 182 45 0.2473
3603.8000 182 46 0.2527
3604.0000 183 46 0.2514
3619.0000 184 46 0.2500
3638.0000 185 46 0.2486
3653.0000 186 46 0.2473
3669.0000 187 46 0.2460
3689.0000 188 46 0.2447
3701.9000 188 47 0.2500
3712.0000 189 47 0.2487
3730.0000 190 47 0.2474
3744.0000 190 48 0.2526
3750.8000 190 49 0.2579
3754.0000 191 49 0.2565
3768.3000 191 50 0.2618
3771.0000 192 50 0.2604
3787.0000 193 50 0.2591
3809.0000 194 50 0.2577
3832.0000 195 50 0.2564
3854.0000 196 50 0.2551
3873.0000 197 50 0.2538
3895.0000 198 50 0.2525
3906.3000 198 51 0.2576
3919.0000 199 51 0.2563
3938.0000 200 51 0.2550
3947.8000 200 52 0.2600
3955.0000 201 52 0.2587
3975.0000 202 52 0.2574
3996.0000 203 52 0.2562
4012.0000 204 52 0.2549
4031.0000 205 52 0.2537
4052.0000 206 52 0.2524
4070.0000 207 52 0.2512
4094.0000 208 52 0.2500
4115.0000 209 52 0.2488
4134.0000 210 52 0.2476
4153.0000 211 52 0.2464
4171.0000 212 52 0.2453
4194.0000 213 52 0.2441
4214.0000 214 52 0.2430
4214.5000 214 53 0.2477
4221.9000 214 54 0.2523
4224.3000 214 55 0.2570
4235.0000 215 55 0.2558
4243.8000 215 56 0.2605
4251.0000 216 56 0.2593
4268.6000 216 57 0.2639
4272.0000 217 57 0.2627
4290.0000 218 57 0.2615
4314.0000 219 57 0.2603
4323.2000 219 58 0.2648
4338.0000 220 58 0.2636
4357.9000 220 59 0.2682
4360.0000 221 59 0.2670
4381.0000 222 59 0.2658
4400.0000 223 59 0.2646
4419.0000 224 59 0.2634
4419.1000 224 60 0.2679
4434.0000 225 60 0.2667
4458.0000 226 60 0.2655
4476.0000 227 60 0.2643
4497.0000 228 60 0.2632
4515.0000 229 60 0.2620
4537.0000 230 60 0.2609
4556.0000 231 60 0.2597
4562.1000 231 61 0.2641
4580.0000 232 61 0.2629
4597.0000 233 61 0.2618
4609.9000 233 62 0.2661
4610.6000 233 63 0.2704
4614.0000 234 63 0.2692
4617.8000 234 64 0.2735
4634.0000 235 64 0.2723
4655.0000 236 64 0.2712
4665.1000 236 65 0.2754
4672.0000 237 65 0.2743
4689.0000 238 65 0.2731
4706.0000 239 65 0.2720
4729.0000 240 65 0.2708
4743.8000 240 66 0.2750
4747.0000 241 66 0.2739
4762.0000 242 66 0.2727
4765.1000 242 67 0.2769
4783.0000 243 67 0.2757
4795.2000 243 68 0.2798
4807.0000 244 68 0.2787
4824.0000 245 68 0.2776
4848.0000 246 68 0.2764
4853.3000 246 69 0.2805
4867.0000 247 69 0.2794
4886.0000 248 69 0.2782
4909.0000 249 69 0.2771
4928.0000 250 69 0.2760
4951.0000 251 69 0.2749
4966.0000 252 69 0.2738
4986.0000 253 69 0.2727
5010.0000 254 69 0.2717
5033.0000 255 69 0.2706
5048.0000 256 69 0.2695
5072.0000 257 69 0.2685
5089.0000 258 69 0.2674
5103.5000 258 70 0.2713
5112.0000 259 70 0.2703
5131.0000 260 70 0.2692
5131.8000 260 71 0.2731
5151.0000 261 71 0.2720
5175.0000 262 71 0.2710
5194.0000 263 71 0.2700
5215.0000 264 71 0.2689
5232.9000 264 72 0.2727
5237.0000 265 72 0.2717
5254.0000 266 72 0.2707
5269.0000 267 72 0.2697
5291.0000 268 72 0.2687
5307.0000 269 72 0.2677
5319.6000 269 73 0.2714
5324.0000 270 73 0.2704
5339.0000 271 73 0.2694
5356.0000 272 73 0.2684
5371.0000 273 73 0.2674
5387.0000 274 73 0.2664
5410.0000 275 73 0.2655
5426.0000 276 73 0.2645
5447.0000 277 73 0.2635
5470.0000 278 73 0.2626
5490.0000 279 73 0.2616
5504.6000 279 74 0.2652
5507.0000 280 74 0.2643
5517.0000 280 75 0.2679
5528.0000 281 75 0.2669
5546.0000 282 75 0.2660
5564.0000 283 75 0.2650
5584.0000 284 75 0.2641
5587.6000 284 76 0.2676
5607.0000 285 76 0.2667
5625.0000 286 76 0.2657
5643.0000 287 76 0.2648
5665.0000 288 76 0.2639
5673.7000 288 77 0.2674
5685.0000 289 77 0.2664
5704.0000 290 77 0.2655
5724.0000 291 77 0.2646
5728.8000 291 78 0.2680
5745.0000 292 78 0.2671
5760.0000 293 78 0.2662
5784.0000 294 78 0.2653
5805.0000 295 78 0.2644
5822.0000 296 78 0.2635
5841.0000 297 78 0.2626
5859.0000 298 78 0.2617
5862.4000 298 79 0.2651
5874.0000 299 79 0.2642
5893.0000 300 79 0.2633
5914.0000 301 79 0.2625
5932.0000 302 79 0.2616
5953.0000 303 79 0.2607
5971.0000 304 79 0.2599
5986.0000 305 79 0.2590
6008.0000 306 79 0.2582
6024.0000 307 79 0.2573
6035.0000 307 80 0.2606
6038.6000 307 81 0.2638
6041.0000 308 81 0.2630
6063.0000 309 81 0.2621
6087.0000 310 81 0.2613
6105.0000 311 81 0.2605
6124.0000 312 81 0.2596
6145.0000 313 81 0.2588
6166.0000 314 81 0.2580
6182.0000 315 81 0.2571
6201.0000 316 81 0.2563
6216.0000 317 81 0.2555
6231.0000 318 81 0.2547
6240.2000 318 82 0.2579
6245.5000 318 83 0.2610
6245.9000 318 84 0.2642
6248.0000 319 84 0.2633
6261.7000 319 85 0.2665
6267.0000 320 85 0.2656
6289.0000 321 85 0.2648
6308.0000 322 85 0.2640
6332.0000 323 85 0.2632
6355.0000 324 85 0.2623
6372.0000 325 85 0.2615
6393.0000 326 85 0.2607
6417.0000 327 85 0.2599
6432.2000 327 86 0.2630
6441.0000 328 86 0.2622
6461.4000 328 87 0.2652
6462.7000 328 88 0.2683
6465.0000 329 88 0.2675
6486.0000 330 88 0.2667
6502.0000 331 88 0.2659
6518.0000 332 88 0.2651
6536.0000 333 88 0.2643
6555.0000 334 88 0.2635
6572.0000 335 88 0.2627
6591.0000 336 88 0.2619
6608.0000 337 88 0.2611
6631.0000 338 88 0.2604
6646.0000 339 88 0.2596
6665.0000 340 88 0.2588
6684.0000 341 88 0.2581
6708.0000 342 88 0.2573
6725.0000 343 88 0.2566
6745.0000 344 88 0.2558
6760.0000 345 88 0.2551
6778.8000 345 89 0.2580
6779.5000 345 90 0.2609
6781.0000 346 90 0.2601
6792.9000 346 91 0.2630
6793.2000 346 92 0.2659
6800.0000 347 92 0.2651
6816.0000 348 92 0.2644
6839.0000 349 92 0.2636
6854.0000 350 92 0.2629
6874.0000 351 92 0.2621
6889.0000 352 92 0.2614
6901.0000 352 93 0.2642
6909.0000 353 93 0.2635
6930.0000 354 93 0.2627
6951.0000 355 93 0.2620
6951.3000 355 94 0.2648
6952.1000 355 95 0.2676
6971.0000 356 95 0.2669
6995.0000 357 95 0.2661
7008.2000 357 96 0.2689
7010.0000 358 96 0.2682
7029.0000 359 96 0.2674
7043.2000 359 97 0.2702
7048.0000 360 97 0.2694
7071.0000 361 97 0.2687
7092.1000 361 98 0.2715
7093.0000 362 98 0.2707
7108.0000 363 98 0.2700
7111.4000 363 99 0.2727
7130.0000 364 99 0.2720
7147.0000 365 99 0.2712
7163.0000 366 99 0.2705
7175.0000 366 100 0.2732
7177.4000 366 101 0.2760
7180.0000 367 101 0.2752
7197.0000 368 101 0.2745
7221.0000 369 101 0.2737
7225.0000 369 102 0.2764
7240.0000 370 102 0.2757
7255.0000 371 102 0.2749
7272.0000 372 102 0.2742
7274.2000 372 103 0.2769
7296.0000 373 103 0.2761
7319.0000 374 103 0.2754
7333.2000 374 104 0.2781
7335.0000 375 104 0.2773
7358.0000 376 104 0.2766
7378.0000 377 104 0.2759
7394.0000 378 104 0.2751
7411.0000 379 104 0.2744
7435.0000 380 104 0.2737
7459.0000 381 104 0.2730
7480.0000 382 104 0.2723
7493.2000 382 105 0.2749
7498.0000 383 105 0.2742
7514.0000 384 105 0.2734
7536.0000 385 105 0.2727
7559.0000 386 105 0.2720
7574.0000 387 105 0.2713
7591.4000 387 106 0.2739
7595.0000 388 106 0.2732
7613.0000 389 106 0.2725
7632.0000 390 106 0.2718
7656.0000 391 106 0.2711
7673.0000 392 106 0.2704
7696.0000 393 106 0.2697
7713.0000 394 106 0.2690
7730.0000 395 106 0.2684
7745.0000 396 106 0.2677
7762.0000 397 106 0.2670
7784.0000 398 106 0.2663
7804.0000 399 106 0.2657
7822.0000 400 106 0.2650
7840.0000 401 106 0.2643
7858.0000 402 106 0.2637
7874.0000 403 106 0.2630
7874.5000 403 107 0.2655
7882.6000 403 108 0.2680
7884.6000 403 109 0.2705
7889.2000 403 110 0.2730
7895.0000 404 110 0.2723
7914.0000 405 110 0.2716
7931.0000 406 110 0.2709
7948.0000 407 110 0.2703
7972.0000 408 110 0.2696
7987.0000 409 110 0.2689
8002.0000 410 110 0.2683
8024.0000 411 110 0.2676
8040.0000 412 110 0.2670
8041.7000 412 111 0.2694
8059.0000 413 111 0.2688
8082.0000 414 111 0.2681
8083.7000 414 112 0.2705
8084.3000 414 113 0.2729
8099.0000 415 113 0.2723
8116.0000 416 113 0.2716
8123.2000 416 114 0.2740
8137.0000 417 114 0.2734
8158.0000 418 114 0.2727
8159.2000 418 115 0.2751
8173.0000 419 115 0.2745
8173.9000 419 116 0.2768
8190.0000 420 116 0.2762
8205.0000 421 116 0.2755
8205.7000 421 117 0.2779
8227.0000 422 117 0.2773
8251.0000 423 117 0.2766
8275.0000 424 117 0.2759
8284.2000 424 118 0.2783
8297.0000 425 118 0.2776
8304.7000 425 119 0.2800
8306.3000 425 120 0.2824
8310.1000 425 121 0.2847
8317.0000 426 121 0.2840
8336.0000 427 121 0.2834
8359.0000 428 121 0.2827
8375.0000 429 121 0.2821
8396.0000 430 121 0.2814
8408.0000 430 122 0.2837
8414.0000 431 122 0.2831
8437.0000 432 122 0.2824
8453.0000 433 122 0.2818
8455.3000 433 123 0.2841
8468.0000 434 123 0.2834
8492.0000 435 123 0.2828
8492.5000 435 124 0.2851
8510.0000 436 124 0.2844
8525.0000 437 124 0.2838
8544.0000 438 124 0.2831
8566.0000 439 124 0.2825
8567.6000 439 125 0.2847
8586.0000 440 125 0.2841
8592.5000 440 126 0.2864
8598.4000 440 127 0.2886
8609.0000 441 127 0.2880
8625.0000 442 127 0.2873
8641.0000 442 128 0.2896
8644.0000 443 128 0.2889
8655.5000 443 129 0.2912
8663.0000 444 129 0.2905
8681.0000 445 129 0.2899
8697.0000 446 129 0.2892
8719.0000 447 129 0.2886
8743.0000 448 129 0.2879
8749.7000 448 130 0.2902
8767.0000 449 130 0.2895
8784.0000 450 130 0.2889
8800.0000 451 130 0.2882
8806.7000 451 131 0.2905
8821.2000 451 132 0.2927
8823.0000 452 132 0.2920
8829.0000 452 133 0.2942
8839.0000 453 133 0.2936
8854.0000 454 133 0.2930
8869.0000 455 133 0.2923
8892.0000 456 133 0.2917
8911.0000 457 133 0.2910
8929.0000 458 133 0.2904
8944.0000 459 133 0.2898
8955.3000 459 134 0.2919
8961.0000 460 134 0.2913
8979.0000 461 134 0.2907
8997.0000 462 134 0.2900
9011.3000 462 135 0.2922
9013.0000 463 135 0.2916
9026.4000 463 136 0.2937
9035.0000 464 136 0.2931
9037.1000 464 137 0.2953
9058.0000 465 137 0.2946
9067.9000 465 138 0.2968
9073.0000 466 138 0.2961
9092.2000 466 139 0.2983
9095.0000 467 139 0.2976
9099.9000 467 140 0.2998
9119.0000 468 140 0.2991
9143.0000 469 140 0.2985
9162.0000 470 140 0.2979
9176.8000 470 141 0.3000
9186.0000 471 141 0.2994
9196.5000 471 142 0.3015
9209.0000 472 142 0.3008
9224.0000 473 142 0.3002
9245.0000 474 142 0.2996
9246.7000 474 143 0.3017
9253.4000 474 144 0.3038
9264.0000 475 144 0.3032
9288.0000 476 144 0.3025
9290.6000 476 145 0.3046
9300.8000 476 146 0.3067
9304.3000 476 147 0.3088
9306.5000 476 148 0.3109
9310.0000 477 148 0.3103
9326.0000 478 148 0.3096
9336.7000 478 149 0.3117
9341.0000 479 149 0.3111
9365.0000 480 149 0.3104
9387.0000 481 149 0.3098
9403.0000 482 149 0.3091
9426.0000 483 149 0.3085
9444.0000 484 149 0.3079
9453.5000 484 150 0.3099
9456.3000 484 151 0.3120
9468.0000 485 151 0.3113
9485.0000 486 151 0.3107
9503.0000 487 151 0.3101
9527.0000 488 151 0.3094
9549.8000 488 152 0.3115
9550.0000 489 152 0.3108
9566.1000 489 153 0.3129
9573.0000 490 153 0.3122
9591.0000 491 153 0.3116
9614.0000 492 153 0.3110
9632.0000 493 153 0.3103
9653.0000 494 153 0.3097
9676.0000 495 153 0.3091
9693.0000 496 153 0.3085
9715.0000 497 153 0.3078
9736.0000 498 153 0.3072
9748.3000 498 154 0.3092
9752.0000 499 154 0.3086
9776.0000 500 154 0.3080
9799.0000 501 154 0.3074
9814.9000 501 155 0.3094
9821.0000 502 155 0.3088
9837.0000 503 155 0.3082
9846.7000 503 156 0.3101
9861.0000 504 156 0.3095
9879.0000 505 156 0.3089
9894.0000 506 156 0.3083
9904.5000 506 157 0.3103
9909.0000 507 157 0.3097
9927.0000 508 157 0.3091
9946.0000 509 157 0.3084
9949.6000 509 158 0.3104
9969.0000 510 158 0.3098
9988.0000 511 158 0.3092
10007.0000 512 158 0.3086
10024.0000 513 158 0.3080
10026.8000 513 159 0.3099
10042.5000 513 160 0.3119
10044.0000 514 160 0.3113
10067.0000 515 160 0.3107
10087.0000 516 160 0.3101
10111.0000 517 160 0.3095
10132.0000 518 160 0.3089
10139.8000 518 161 0.3108
10152.4000 518 162 0.3127
10154.0000 519 162 0.3121
10177.0000 520 162 0.3115
10186.8000 520 163 0.3135
10194.0000 521 163 0.3129
10208.1000 521 164 0.3148
10216.0000 522 164 0.3142
10235.0000 523 164 0.3136
10257.0000 524 164 0.3130
10272.6000 524 165 0.3149
10281.0000 525 165 0.3143
10300.0000 526 165 0.3137
10320.0000 527 165 0.3131
10343.0000 528 165 0.3125
10356.9000 528 166 0.3144
10366.0000 529 166 0.3138
10382.0000 530 166 0.3132
10402.0000 531 166 0.3126
10409.5000 531 167 0.3145
10415.9000 531 168 0.3164
10423.0000 532 168 0.3158
10439.1000 532 169 0.3177
10441.0000 533 169 0.3171
10456.3000 533 170 0.3189
10461.0000 534 170 0.3184
10480.0000 535 170 0.3178
10497.0000 536 170 0.3172
10497.0000 536 171 0.3190
10518.0000 537 171 0.3184
10536.8000 537 172 0.3203
10537.0000 538 172 0.3197
10555.0000 539 172 0.3191
10571.0000 540 172 0.3185
10591.0000 541 172 0.3179
10615.0000 542 172 0.3173
10622.7000 542 173 0.3192
10637.0000 543 173 0.3186
10641.0000 543 174 0.3204
10648.3000 543 175 0.3223
10657.0000 544 175 0.3217
10681.0000 545 175 0.3211
10703.0000 546 175 0.3205
10726.0000 547 175 0.3199
10748.0000 548 175 0.3193
10760.6000 548 176 0.3212
10768.0000 549 176 0.3206
10786.9000 549 177 0.3224
10788.0000 550 177 0.3218
10808.0000 551 177 0.3212
10823.0000 552 177 0.3207
10842.0000 553 177 0.3201
10866.0000 554 177 0.3195
10877.9000 554 178 0.3213
10885.0000 555 178 0.3207
10901.6000 555 179 0.3225
10907.0000 556 179 0.3219
10912.4000 556 180 0.3237
10925.0000 557 180 0.3232
10942.0000 558 180 0.3226
10945.9000 558 181 0.3244
10966.0000 559 181 0.3238
10983.0000 560 181 0.3232
11006.0000 561 181 0.3226
11023.0000 562 181 0.3221
11046.0000 563 181 0.3215
11068.0000 564 181 0.3209
11084.0000 565 181 0.3204
11096.6000 565 182 0.3221
11102.0000 566 182 0.3216
11104.6000 566 183 0.3233
11105.2000 566 184 0.3251
11119.2000 566 185 0.3269
11120.0000 567 185 0.3263
11143.0000 568 185 0.3257
11154.6000 568 186 0.3275
11165.6000 568 187 0.3292
11166.0000 569 187 0.3286
11182.0000 570 187 0.3281
11191.1000 570 188 0.3298
11201.0000 571 188 0.3292
11207.5000 571 189 0.3310
11215.0000 571 190 0.3327
11218.0000 572 190 0.3322
11238.0000 573 190 0.3316
11260.0000 574 190 0.3310
11280.0000 575 190 0.3304
11297.9000 575 191 0.3322
11298.0000 576 191 0.3316
11319.0000 577 191 0.3310
11343.0000 578 191 0.3304
11351.4000 578 192 0.3322
11363.0000 579 192 0.3316
11381.0000 580 192 0.3310
11383.8000 580 193 0.3328
11405.0000 581 193 0.3322
11424.0000 582 193 0.3316
11443.0000 583 193 0.3310
11467.0000 584 193 0.3305
11491.0000 585 193 0.3299
11511.0000 586 193 0.3294
11529.0000 587 193 0.3288
11534.4000 587 194 0.3305
11547.0000 588 194 0.3299
11566.0000 589 194 0.3294
11586.0000 590 194 0.3288
11610.0000 591 194 0.3283
11626.0000 592 194 0.3277
11640.2000 592 195 0.3294
11650.0000 593 195 0.3288
11665.0000 594 195 0.3283
11669.6000 594 196 0.3300
11680.0000 595 196 0.3294
11687.5000 595 197 0.3311
11687.9000 595 198 0.3328
11696.0000 596 198 0.3322
11711.0000 597 198 0.3317
11731.0000 598 198 0.3311
11755.0000 599 198 0.3306
11771.0000 600 198 0.3300
11790.0000 601 198 0.3295
11794.9000 601 199 0.3311
11809.0000 602 199 0.3306
11809.9000 602 200 0.3322
11825.2000 602 201 0.3339
11827.0000 603 201 0.3333
11834.1000 603 202 0.3350
11836.2000 603 203 0.3367
11850.5000 603 204 0.3383
11851.0000 604 204 0.3377
11867.0000 605 204 0.3372
11885.0000 606 204 0.3366
11886.5000 606 205 0.3383
11907.0000 607 205 0.3377
11921.0000 607 206 0.3394
11926.0000 607 207 0.3410
11929.0000 608 207 0.3405
11933.9000 608 208 0.3421
11948.0000 609 208 0.3415
11971.0000 610 208 0.3410
11991.4000 610 209 0.3426
11995.0000 611 209 0.3421
12012.0000 612 209 0.3415
12033.0000 613 209 0.3409
12048.0000 614 209 0.3404
12070.0000 615 209 0.3398
12073.0000 615 210 0.3415
12075.7000 615 211 0.3431
12078.5000 615 212 0.3447
12079.6000 615 213 0.3463
12081.7000 615 214 0.3480
12088.0000 616 214 0.3474
12104.0000 617 214 0.3468
12124.0000 618 214 0.3463
12145.0000 619 214 0.3457
12165.0000 620 214 0.3452
12166.6000 620 215 0.3468
12189.0000 621 215 0.3462
12197.4000 621 216 0.3478
12209.0000 622 216 0.3473
12211.8000 622 217 0.3489
12218.2000 622 218 0.3505
12226.0000 623 218 0.3499
12249.0000 624 218 0.3494
12260.6000 624 219 0.3510
12263.0000 624 220 0.3526
12270.0000 625 220 0.3520
12280.3000 625 221 0.3536
12287.0000 626 221 0.3530
12298.9000 626 222 0.3546
12305.0000 627 222 0.3541
12323.0000 628 222 0.3535
12329.4000 628 223 0.3551
12339.0000 629 223 0.3545
12343.0000 629 224 0.3561
12353.2000 629 225 0.3577
12358.0000 630 225 0.3571
12377.0000 631 225 0.3566
12399.0000 632 225 0.3560
12421.0000 633 225 0.3555
12444.0000 634 225 0.3549
12463.0000 635 225 0.3543
12479.0000 636 225 0.3538
12483.1000 636 226 0.3553
12496.1000 636 227 0.3569
12497.0000 637 227 0.3564
12518.0000 638 227 0.3558
12538.0000 639 227 0.3552
12539.5000 639 228 0.3568
12556.0000 640 228 0.3563
12575.0000 641 228 0.3557
12596.0000 642 228 0.3551
12611.0000 643 228 0.3546
12615.7000 643 229 0.3561
12635.0000 644 229 0.3556
12655.0000 645 229 0.3550
12672.0000 646 229 0.3545
12682.4000 646 230 0.3560
12691.0000 647 230 0.3555
12694.2000 647 231 0.3570
12713.0000 648 231 0.3565
12725.8000 648 232 0.3580
12737.0000 649 232 0.3575
12761.0000 650 232 0.3569
12781.0000 651 232 0.3564
12784.8000 651 233 0.3579
12798.0000 652 233 0.3574
12818.0000 653 233 0.3568
12836.3000 653 234 0.3583
12839.0000 654 234 0.3578
12863.0000 655 234 0.3573
12884.0000 656 234 0.3567
12901.0000 657 234 0.3562
12919.0000 658 234 0.3556
12934.0000 658 235 0.3571
12935.3000 658 236 0.3587
12936.0000 659 236 0.3581
12954.0000 660 236 0.3576
12971.0000 661 236 0.3570
12986.0000 662 236 0.3565
13009.0000 663 236 0.3560
13029.0000 664 236 0.3554
13048.0000 665 236 0.3549
13069.0000 666 236 0.3544
13079.4000 666 237 0.3559
13080.5000 666 238 0.3574
13081.1000 666 239 0.3589
13090.0000 667 239 0.3583
13109.7000 667 240 0.3598
13112.0000 668 240 0.3593
13135.0000 669 240 0.3587
13146.6000 669 241 0.3602
13157.0000 670 241 0.3597
13175.0000 671 241 0.3592
13181.1000 671 242 0.3607
13198.0000 672 242 0.3601
13200.0000 672 243 0.3616
13219.7000 672 244 0.3631
13222.0000 673 244 0.3626
13227.3000 673 245 0.3640
13237.0000 674 245 0.3635
13261.0000 675 245 0.3630
13279.0000 676 245 0.3624
13303.0000 677 245 0.3619
13327.0000 678 245 0.3614
13339.2000 678 246 0.3628
13344.0000 679 246 0.3623
13367.0000 680 246 0.3618
13385.0000 681 246 0.3612
13400.0000 682 246 0.3607
13422.0000 683 246 0.3602
13434.1000 683 247 0.3616
13439.0000 684 247 0.3611
13463.0000 685 247 0.3606
13466.9000 685 248 0.3620
13467.8000 685 249 0.3635
13474.8000 685 250 0.3650
13485.0000 686 250 0.3644
13501.0000 687 250 0.3639
13522.0000 688 250 0.3634
13542.9000 688 251 0.3648
13543.0000 689 251 0.3643
13558.0000 690 251 0.3638
13578.0000 691 251 0.3632
13597.0000 692 251 0.3627
13601.2000 692 252 0.3642
13605.0000 692 253 0.3656
13605.2000 692 254 0.3671
13612.0000 693 254 0.3665
13633.0000 694 254 0.3660
13654.0000 695 254 0.3655
13662.9000 695 255 0.3669
13674.0000 696 255 0.3664
13689.0000 697 255 0.3659
13693.4000 697 256 0.3673
13702.3000 697 257 0.3687
13713.0000 698 257 0.3682
13733.0000 699 257 0.3677
13750.0000 700 257 0.3671
13771.0000 701 257 0.3666
13787.0000 702 257 0.3661
13808.0000 703 257 0.3656
13811.8000 703 258 0.3670
13831.0000 704 258 0.3665
13836.3000 704 259 0.3679
13853.0000 705 259 0.3674
13870.8000 705 260 0.3688
13874.0000 706 260 0.3683
13890.3000 706 261 0.3697
13894.0000 707 261 0.3692
13915.0000 708 261 0.3686
13937.0000 709 261 0.3681
13952.0000 710 261 0.3676
13953.0000 710 262 0.3690
13976.0000 711 262 0.3685
13985.2000 711 263 0.3699
13994.0000 712 263 0.3694
14011.0000 713 263 0.3689
14032.0000 714 263 0.3683
14040.2000 714 264 0.3697
14056.0000 715 264 0.3692
14060.1000 715 265 0.3706
14071.0000 715 266 0.3720
14077.0000 716 266 0.3715
14092.0000 717 266 0.3710
14107.0000 718 266 0.3705
14123.0000 719 266 0.3700
14127.7000 719 267 0.3713
14147.0000 720 267 0.3708
14164.7000 720 268 0.3722
14167.0000 721 268 0.3717
14186.0000 722 268 0.3712
14204.0000 723 268 0.3707
14207.9000 723 269 0.3721
14224.4000 723 270 0.3734
14225.0000 724 270 0.3729
14245.0000 725 270 0.3724
14256.4000 725 271 0.3738
14267.0000 726 271 0.3733
14286.0000 727 271 0.3728
14304.0000 728 271 0.3723
14323.0000 729 271 0.3717
14343.0000 730 271 0.3712
14363.0000 731 271 0.3707
14385.0000 732 271 0.3702
14402.7000 732 272 0.3716
14404.0000 733 272 0.3711
14420.0000 734 272 0.3706
14441.0000 735 272 0.3701
14456.0000 736 272 0.3696
14466.4000 736 273 0.3709
14475.0000 737 273 0.3704
14499.0000 738 273 0.3699
14523.0000 739 273 0.3694
14544.0000 740 273 0.3689
14551.7000 740 274 0.3703
14562.8000 740 275 0.3716
14568.0000 741 275 0.3711
14588.0000 742 275 0.3706
14603.0000 743 275 0.3701
14618.0000 744 275 0.3696
14631.4000 744 276 0.3710
14639.0000 745 276 0.3705
14655.0000 746 276 0.3700
14676.0000 747 276 0.3695
14696.0000 748 276 0.3690
14718.0000 749 276 0.3685
14725.2000 749 277 0.3698
14736.0000 750 277 0.3693
14746.0000 750 278 0.3707
14756.0000 751 278 0.3702
14773.0000 752 278 0.3697
14790.0000 753 278 0.3692
14809.0000 754 278 0.3687
14831.0000 755 278 0.3682
14848.0000 756 278 0.3677
14867.0000 757 278 0.3672
14889.0000 758 278 0.3668
14905.0000 759 278 0.3663
14915.3000 759 279 0.3676
14923.8000 759 280 0.3689
14927.0000 760 280 0.3684
14942.0000 761 280 0.3679
14961.0000 762 280 0.3675
14984.0000 763 280 0.3670
14999.0000 764 280 0.3665
15001.5000 764 281 0.3678
15021.0000 765 281 0.3673
15030.2000 765 282 0.3686
15041.0000 766 282 0.3681
15058.0000 767 282 0.3677
15074.0000 768 282 0.3672
15090.7000 768 283 0.3685
15093.0000 769 283 0.3680
15114.0000 770 283 0.3675
15132.0000 771 283 0.3671
15149.0000 772 283 0.3666
15159.2000 772 284 0.3679
15166.0000 772 285 0.3692
15172.0000 773 285 0.3687
15190.0000 774 285 0.3682
15212.0000 775 285 0.3677
15235.0000 776 285 0.3673
15256.0000 777 285 0.3668
15280.0000 778 285 0.3663
15297.0000 779 285 0.3659
15300.4000 779 286 0.3671
15318.0000 780 286 0.3667
15336.0000 781 286 0.3662
15360.0000 782 286 0.3657
15381.0000 783 286 0.3653
15399.0000 784 286 0.3648
15419.0000 785 286 0.3643
15439.2000 785 287 0.3656
15441.0000 786 287 0.3651
15458.5000 786 288 0.3664
15459.3000 786 289 0.3677
15465.0000 787 289 0.3672
15482.0000 788 289 0.3668
15504.0000 789 289 0.3663
15526.0000 790 289 0.3658
15547.0000 791 289 0.3654
15569.0000 792 289 0.3649
15591.0000 793 289 0.3644
15615.0000 794 289 0.3640
15632.0000 795 289 0.3635
15635.3000 795 290 0.3648
15651.0000 796 290 0.3643
15666.0000 797 290 0.3639
15684.0000 798 290 0.3634
15708.0000 799 290 0.3630
15724.0000 800 290 0.3625
15740.1000 800 291 0.3638
15746.0000 801 291 0.3633
15764.0000 802 291 0.3628
15765.2000 802 292 0.3641
15782.0000 803 292 0.3636
15793.3000 803 293 0.3649
15795.4000 803 294 0.3661
15799.0000 804 294 0.3657
15803.3000 804 295 0.3669
15815.0000 805 295 0.3665
15838.0000 806 295 0.3660
15854.0000 807 295 0.3656
15873.0000 808 295 0.3651
15894.0000 809 295 0.3646
15909.0000 810 295 0.3642
15927.0000 811 295 0.3637
15948.0000 812 295 0.3633
15953.1000 812 296 0.3645
15967.0000 813 296 0.3641
15971.6000 813 297 0.3653
15990.0000 814 297 0.3649
15996.6000 814 298 0.3661
16006.1000 814 299 0.3673
16010.0000 815 299 0.3669
16017.1000 815 300 0.3681
16027.0000 816 300 0.3676
16042.0000 817 300 0.3672
16056.0000 817 301 0.3684
16061.0000 818 301 0.3680
16061.0000 818 302 0.3692
16080.0000 819 302 0.3687
16104.0000 820 302 0.3683
16124.0000 821 302 0.3678
16139.0000 822 302 0.3674
16155.0000 823 302 0.3670
16174.9000 823 303 0.3682
16175.0000 824 303 0.3677
16184.5000 824 304 0.3689
16196.0000 825 304 0.3685
16212.0000 826 304 0.3680
16230.0000 827 304 0.3676
16245.0000 828 304 0.3671
16258.9000 828 305 0.3684
16261.0000 829 305 0.3679
16281.0000 830 305 0.3675
16301.0000 831 305 0.3670
16316.9000 831 306 0.3682
16322.0000 832 306 0.3678
16330.9000 832 307 0.3690
16338.0000 833 307 0.3685
16357.0000 834 307 0.3681
16380.0000 835 307 0.3677
16399.0000 836 307 0.3672
16411.4000 836 308 0.3684
16416.0000 837 308 0.3680
16433.0000 838 308 0.3675
16437.3000 838 309 0.3687
16455.0000 839 309 0.3683
16472.2000 839 310 0.3695
16479.0000 840 310 0.3690
16502.2000 840 311 0.3702
16503.0000 841 311 0.3698
16520.1000 841 312 0.3710
16526.0000 842 312 0.3705
16547.0000 843 312 0.3701
16568.0000 844 312 0.3697
16587.5000 844 313 0.3709
16589.0000 845 313 0.3704
16610.0000 846 313 0.3700
16618.0000 846 314 0.3712
16628.0000 847 314 0.3707
16646.0000 848 314 0.3703
16662.0000 849 314 0.3698
16662.2000 849 315 0.3710
16682.0000 850 315 0.3706
16699.0000 851 315 0.3702
16721.7000 851 316 0.3713
16723.0000 852 316 0.3709
16745.0000 853 316 0.3705
16760.0000 854 316 0.3700
16761.7000 854 317 0.3712
16783.0000 855 317 0.3708
16800.0000 856 317 0.3703
16818.0000 857 317 0.3699
16835.0000 858 317 0.3695
16858.0000 859 317 0.3690
16871.0000 859 318 0.3702
16881.0000 860 318 0.3698
16901.0000 861 318 0.3693
16917.0000 862 318 0.3689
16935.0000 863 318 0.3685
16959.0000 864 318 0.3681
16980.0000 865 318 0.3676
16997.0000 866 318 0.3672
17021.0000 867 318 0.3668
17040.0000 868 318 0.3664
17063.0000 869 318 0.3659
17082.0000 870 318 0.3655
17105.0000 871 318 0.3651
17113.4000 871 319 0.3662
17126.0000 872 319 0.3658
17143.0000 873 319 0.3654
17162.0000 874 319 0.3650
17181.0000 875 319 0.3646
17202.0000 876 319 0.3642
17223.9000 876 320 0.3653
17225.0000 877 320 0.3649
17240.0000 878 320 0.3645
17259.0000 879 320 0.3641
17278.0000 880 320 0.3636
17299.0000 881 320 0.3632
17318.0000 882 320 0.3628
17336.0000 883 320 0.3624
17338.6000 883 321 0.3635
17340.1000 883 322 0.3647
17353.0000 884 322 0.3643
17357.6000 884 323 0.3654
17370.0000 885 323 0.3650
17394.0000 886 323 0.3646
17395.8000 886 324 0.3657
17410.9000 886 325 0.3668
17416.0000 887 325 0.3664
17435.8000 887 326 0.3675
17439.0000 888 326 0.3671
17454.0000 889 326 0.3667
17469.2000 889 327 0.3678
17477.0000 890 327 0.3674
17495.4000 890 328 0.3685
17497.0000 891 328 0.3681
17515.0000 892 328 0.3677
17535.0000 893 328 0.3673
17547.1000 893 329 0.3684
17558.0000 894 329 0.3680
17574.0000 895 329 0.3676
17598.0000 896 329 0.3672
17619.0000 897 329 0.3668
17639.0000 898 329 0.3664
17654.0000 899 329 0.3660
17672.0000 900 329 0.3656
17690.0000 901 329 0.3651
17710.0000 902 329 0.3647
17734.0000 903 329 0.3643
17742.1000 903 330 0.3654
17751.0000 904 330 0.3650
17751.5000 904 331 0.3662
17758.4000 904 332 0.3673
17769.4000 904 333 0.3684
17771.2000 904 334 0.3695
17774.0000 905 334 0.3691
17774.9000 905 335 0.3702
17793.0000 906 335 0.3698
17808.0000 907 335 0.3693
17813.6000 907 336 0.3705
17826.0000 908 336 0.3700
17846.0000 909 336 0.3696
17864.0000 910 336 0.3692
17884.0000 911 336 0.3688
17899.0000 912 336 0.3684
17917.0000 913 336 0.3680
17936.0000 914 336 0.3676
17958.0000 915 336 0.3672
17959.8000 915 337 0.3683
17976.0000 916 337 0.3679
18000.0000 917 337 0.3675
18021.0000 918 337 0.3671
18040.0000 919 337 0.3667
18044.4000 919 338 0.3678
18059.0000 920 338 0.3674
18077.0000 921 338 0.3670
18077.2000 921 339 0.3681
18077.7000 921 340 0.3692
18092.0000 922 340 0.3688
18096.2000 922 341 0.3698
18112.1000 922 342 0.3709
18113.0000 923 342 0.3705
18129.2000 923 343 0.3716
18132.0000 924 343 0.3712
18155.0000 925 343 0.3708
18155.5000 925 344 0.3719
18177.0000 926 344 0.3715
18192.0000 927 344 0.3711
18214.0000 928 344 0.3707
18221.6000 928 345 0.3718
18236.0000 929 345 0.3714
18259.0000 930 345 0.3710
18275.0000 931 345 0.3706
18298.0000 932 345 0.3702
18321.0000 933 345 0.3698
18340.0000 934 345 0.3694
18364.0000 935 345 0.3690
18383.0000 936 345 0.3686
18402.0000 937 345 0.3682
18425.0000 938 345 0.3678
18449.0000 939 345 0.3674
18461.5000 939 346 0.3685
18470.1000 939 347 0.3695
18473.0000 940 347 0.3691
18488.0000 941 347 0.3688
18490.6000 941 348 0.3698
18507.9000 941 349 0.3709
18512.0000 942 349 0.3705
18534.0000 943 349 0.3701
18549.0000 944 349 0.3697
18570.0000 945 349 0.3693
18577.9000 945 350 0.3704
18590.0000 946 350 0.3700
18613.0000 947 350 0.3696
18632.0000 948 350 0.3692
18649.6000 948 351 0.3703
18653.0000 949 351 0.3699
18671.4000 949 352 0.3709
18677.0000 950 352 0.3705
18696.0000 951 352 0.3701
18715.0000 952 352 0.3697
18738.0000 953 352 0.3694
18753.0000 954 352 0.3690
18768.0000 955 352 0.3686
18784.0000 955 353 0.3696
18786.0000 956 353 0.3692
18809.0000 957 353 0.3689
18828.0000 958 353 0.3685
18845.0000 959 353 0.3681
18859.1000 959 354 0.3691
18862.0000 960 354 0.3688
18884.0000 961 354 0.3684
18894.5000 961 355 0.3694
18899.0000 962 355 0.3690
18922.0000 963 355 0.3686
18939.0000 964 355 0.3683
18956.0000 965 355 0.3679
18977.0000 966 355 0.3675
18993.0000 967 355 0.3671
19015.0000 968 355 0.3667
19022.2000 968 356 0.3678
19037.0000 969 356 0.3674
19055.0000 970 356 0.3670
19072.0000 971 356 0.3666
19087.0000 972 356 0.3663
19108.0000 973 356 0.3659
19129.0000 974 356 0.3655
19151.0000 975 356 0.3651
19162.8000 975 357 0.3662
19173.0000 976 357 0.3658
19192.0000 977 357 0.3654
19211.0000 978 357 0.3650
19231.0000 979 357 0.3647
19238.4000 979 358 0.3657
19254.0000 980 358 0.3653
19277.0000 981 358 0.3649
19301.0000 982 358 0.3646
19316.0000 983 358 0.3642
19340.0000 984 358 0.3638
19355.0000 985 358 0.3635
19373.0000 986 358 0.3631
19391.0000 987 358 0.3627
19397.2000 987 359 0.3637
19399.1000 987 360 0.3647
19406.0000 988 360 0.3644
19418.6000 988 361 0.3654
19423.0000 989 361 0.3650
19439.0000 990 361 0.3646
19455.0000 991 361 0.3643
19479.0000 992 361 0.3639
19497.0000 993 361 0.3635
19521.0000 994 361 0.3632
19525.0000 994 362 0.3642
19542.0000 995 362 0.3638
19565.0000 996 362 0.3635
19586.0000 997 362 0.3631
19601.0000 998 362 0.3627
19616.9000 998 363 0.3637
19622.0000 999 363 0.3634
19641.0000 1000 363 0.3630
19660.0000 1001 363 0.3626
19669.0000 1001 364 0.3636
19677.0000 1002 364 0.3633
19692.0000 1003 364 0.3629
19716.0000 1004 364 0.3625
19730.5000 1004 365 0.3635
19739.0000 1005 365 0.3632
19755.0000 1006 365 0.3628
19770.0000 1007 365 0.3625
19785.5000 1007 366 0.3635
19792.0000 1008 366 0.3631
19815.0000 1009 366 0.3627
19816.1000 1009 367 0.3637
19833.0000 1010 367 0.3634
19848.3000 1010 368 0.3644
19852.0000 1011 368 0.3640
19876.0000 1012 368 0.3636
19886.1000 1012 369 0.3646
19891.0000 1013 369 0.3643
19908.0000 1014 369 0.3639
19932.0000 1015 369 0.3635
19956.0000 1016 369 0.3632
19976.0000 1017 369 0.3628
19998.0000 1018 369 0.3625
20019.0000 1019 369 0.3621
20027.8000 1019 370 0.3631
20034.0000 1020 370 0.3627
20039.7000 1020 371 0.3637
20057.0000 1021 371 0.3634
20072.7000 1021 372 0.3643
20075.0000 1022 372 0.3640
20094.0000 1023 372 0.3636
20096.0000 1023 373 0.3646
20118.0000 1024 373 0.3643
20135.0000 1025 373 0.3639
20157.0000 1026 373 0.3635
20179.0000 1027 373 0.3632
20197.0000 1028 373 0.3628
20221.0000 1029 373 0.3625
20229.3000 1029 374 0.3635
20237.0000 1030 374 0.3631
20243.1000 1030 375 0.3641
20246.4000 1030 376 0.3650
20259.0000 1031 376 0.3647
20276.0000 1032 376 0.3643
20293.0000 1033 376 0.3640
20308.0000 1034 376 0.3636
20327.0000 1035 376 0.3633
20350.0000 1036 376 0.3629
20362.7000 1036 377 0.3639
20366.0000 1037 377 0.3635
20373.1000 1037 378 0.3645
20385.0000 1038 378 0.3642
20389.8000 1038 379 0.3651
20401.0000 1039 379 0.3648
20421.0000 1040 379 0.3644
20437.0000 1041 379 0.3641
20461.0000 1042 379 0.3637
20485.0000 1043 379 0.3634
20508.0000 1044 379 0.3630
20532.0000 1045 379 0.3627
20554.0000 1046 379 0.3623
20576.0000 1047 379 0.3620
20588.5000 1047 380 0.3629
20591.2000 1047 381 0.3639
20594.0000 1048 381 0.3635
20611.0000 1049 381 0.3632
20635.0000 1050 381 0.3629
20655.0000 1051 381 0.3625
20658.0000 1051 382 0.3635
20673.0000 1052 382 0.3631
20691.0000 1053 382 0.3628
20706.0000 1054 382 0.3624
20724.0000 1055 382 0.3621
20744.0000 1056 382 0.3617
20766.0000 1057 382 0.3614
20782.0000 1058 382 0.3611
20783.8000 1058 383 0.3620
20800.0000 1059 383 0.3617
20821.0000 1060 383 0.3613
20839.1000 1060 384 0.3623
20844.0000 1061 384 0.3619
20864.0000 1062 384 0.3616
20867.7000 1062 385 0.3625
20869.9000 1062 386 0.3635
20888.0000 1063 386 0.3631
20894.9000 1063 387 0.3641
20911.0000 1064 387 0.3637
20930.5000 1064 388 0.3647
20931.0000 1065 388 0.3643
20948.9000 1065 389 0.3653
20952.0000 1066 389 0.3649
20968.0000 1067 389 0.3646
20968.5000 1067 390 0.3655
20990.0000 1068 390 0.3652
21007.0000 1069 390 0.3648
21031.0000 1070 390 0.3645
21055.0000 1071 390 0.3641
21077.0000 1072 390 0.3638
21081.9000 1072 391 0.3647
21092.0000 1073 391 0.3644
21116.0000 1074 391 0.3641
21132.0000 1075 391 0.3637
21148.0000 1076 391 0.3634
21166.0000 1077 391 0.3630
21184.0000 1078 391 0.3627
21204.0000 1079 391 0.3624
21223.0000 1080 391 0.3620
21247.0000 1081 391 0.3617
21271.0000 1082 391 0.3614
21285.5000 1082 392 0.3623
21292.0000 1083 392 0.3620
21309.0000 1084 392 0.3616
21319.2000 1084 393 0.3625
21327.0000 1085 393 0.3622
21331.5000 1085 394 0.3631
21337.9000 1085 395 0.3641
21338.4000 1085 396 0.3650
21351.0000 1086 396 0.3646
21351.9000 1086 397 0.3656
21368.0000 1087 397 0.3652
21387.0000 1088 397 0.3649
21407.0000 1089 397 0.3646
21412.0000 1089 398 0.3655
21424.0000 1090 398 0.3651
21444.0000 1091 398 0.3648
21459.5000 1091 399 0.3657
21463.0000 1092 399 0.3654
21476.6000 1092 400 0.3663
21483.0000 1093 400 0.3660
21505.0000 1094 400 0.3656
21523.0000 1095 400 0.3653
21539.0000 1096 400 0.3650
21556.0000 1097 400 0.3646
21577.0000 1098 400 0.3643
21599.0000 1099 400 0.3640
21615.0000 1100 400 0.3636
21632.0000 1101 400 0.3633
21648.0000 1102 400 0.3630
21665.0000 1103 400 0.3626
21689.0000 1104 400 0.3623
21707.0000 1105 400 0.3620
21713.3000 1105 401 0.3629
21731.0000 1106 401 0.3626
21755.0000 1107 401 0.3622
21777.0000 1108 401 0.3619
21794.0000 1109 401 0.3616
21818.0000 1110 401 0.3613
21837.0000 1111 401 0.3609
21851.3000 1111 402 0.3618
21860.0000 1112 402 0.3615
21860.5000 1112 403 0.3624
21875.1000 1112 404 0.3633
21883.0000 1113 404 0.3630
21898.0000 1114 404 0.3627
21916.0000 1115 404 0.3623
21939.0000 1116 404 0.3620
21949.4000 1116 405 0.3629
21960.0000 1117 405 0.3626
21976.0000 1118 405 0.3623
21999.0000 1119 405 0.3619
22022.0000 1120 405 0.3616
22041.0000 1121 405 0.3613
22061.0000 1122 405 0.3610
22073.7000 1122 406 0.3619
22078.0000 1123 406 0.3615
22101.0000 1124 406 0.3612
22121.0000 1125 406 0.3609
22140.0000 1126 406 0.3606
22159.0000 1127 406 0.3602
22165.8000 1127 407 0.3611
22167.0000 1127 408 0.3620
22168.2000 1127 409 0.3629
22183.0000 1128 409 0.3626
22190.4000 1128 410 0.3635
22199.0000 1129 410 0.3632
22218.0000 1130 410 0.3628
22242.0000 1131 410 0.3625
22255.9000 1131 411 0.3634
22263.0000 1132 411 0.3631
22281.0000 1133 411 0.3628
22304.0000 1134 411 0.3624
22312.8000 1134 412 0.3633
22322.0000 1135 412 0.3630
22346.0000 1136 412 0.3627
22355.1000 1136 413 0.3636
22363.0000 1137 413 0.3632
22385.0000 1138 413 0.3629
22397.8000 1138 414 0.3638
22405.0000 1139 414 0.3635
22420.0000 1140 414 0.3632
22442.5000 1140 415 0.3640
22444.0000 1140 416 0.3649
22444.0000 1141 416 0.3646
22464.0000 1142 416 0.3643
22482.0000 1143 416 0.3640
22486.2000 1143 417 0.3648
22500.0000 1144 417 0.3645
22521.0000 1145 417 0.3642
22539.5000 1145 418 0.3651
22544.0000 1146 418 0.3647
22553.0000 1146 419 0.3656
22560.0000 1147 419 0.3653
22571.5000 1147 420 0.3662
22578.0000 1148 420 0.3659
22595.0000 1149 420 0.3655
22613.0000 1150 420 0.3652
22628.0000 1151 420 0.3649
22647.5000 1151 421 0.3658
22648.0000 1152 421 0.3655
22666.0000 1153 421 0.3651
22669.8000 1153 422 0.3660
22671.8000 1153 423 0.3669
22682.0000 1154 423 0.3666
22698.0000 1155 423 0.3662
22713.0000 1156 423 0.3659
22735.0000 1157 423 0.3656
22758.0000 1158 423 0.3653
22768.9000 1158 424 0.3661
22779.0000 1159 424 0.3658
22799.0000 1160 424 0.3655
22820.0000 1161 424 0.3652
22822.6000 1161 425 0.3661
22835.0000 1162 425 0.3657
22850.0000 1163 425 0.3654
22858.2000 1163 426 0.3663
22859.3000 1163 427 0.3672
22869.0000 1164 427 0.3668
22891.0000 1165 427 0.3665
22906.3000 1165 428 0.3674
22913.0000 1166 428 0.3671
22916.0000 1166 429 0.3679
22931.0000 1167 429 0.3676
22954.0000 1168 429 0.3673
22971.0000 1169 429 0.3670
22973.9000 1169 430 0.3678
22991.0000 1170 430 0.3675
23007.0000 1171 430 0.3672
23031.0000 1172 430 0.3669
23047.0000 1173 430 0.3666
23047.9000 1173 431 0.3674
23064.5000 1173 432 0.3683
23070.0000 1174 432 0.3680
23078.7000 1174 433 0.3688
23085.0000 1175 433 0.3685
23106.0000 1176 433 0.3682
23106.7000 1176 434 0.3690
23127.0000 1177 434 0.3687
23149.0000 1178 434 0.3684
23165.0000 1179 434 0.3681
23180.0000 1180 434 0.3678
23184.8000 1180 435 0.3686
23198.0000 1181 435 0.3683
23214.0000 1182 435 0.3680
23238.0000 1183 435 0.3677
23252.6000 1183 436 0.3686
23258.0000 1184 436 0.3682
23266.7000 1184 437 0.3691
23280.0000 1185 437 0.3688
23295.0000 1186 437 0.3685
23319.0000 1187 437 0.3682
23339.0000 1188 437 0.3678
23360.0000 1189 437 0.3675
23377.0000 1190 437 0.3672
23393.0000 1191 437 0.3669
23409.0000 1192 437 0.3666
23428.0000 1193 437 0.3663
23429.0000 1193 438 0.3671
23445.0000 1194 438 0.3668
23450.5000 1194 439 0.3677
23455.5000 1194 440 0.3685
23464.0000 1195 440 0.3682
23482.0000 1196 440 0.3679
23498.0000 1197 440 0.3676
23516.0000 1198 440 0.3673
23532.0000 1199 440 0.3670
23537.8000 1199 441 0.3678
23547.0000 1200 441 0.3675
23547.4000 1200 442 0.3683
23566.7000 1200 443 0.3692
23568.0000 1201 443 0.3689
23589.0000 1202 443 0.3686
23613.0000 1203 443 0.3682
23629.0000 1204 443 0.3679
23647.0000 1205 443 0.3676
23662.0000 1206 443 0.3673
23677.3000 1206 444 0.3682
23681.0000 1207 444 0.3679
23698.8000 1207 445 0.3687
23702.0000 1208 445 0.3684
23714.1000 1208 446 0.3692
23726.0000 1209 446 0.3689
23741.0000 1210 446 0.3686
23757.4000 1210 447 0.3694
23760.0000 1211 447 0.3691
23778.0000 1212 447 0.3688
23798.0000 1213 447 0.3685
23817.0000 1214 447 0.3682
23837.0000 1215 447 0.3679
23859.0000 1216 447 0.3676
23874.0000 1217 447 0.3673
23895.0000 1218 447 0.3670
23916.0000 1219 447 0.3667
23925.0000 1219 448 0.3675
23929.9000 1219 449 0.3683
23937.0000 1220 449 0.3680
23961.0000 1221 449 0.3677
23981.0000 1222 449 0.3674
24004.0000 1223 449 0.3671
24026.0000 1224 449 0.3668
24038.2000 1224 450 0.3676
24043.0000 1225 450 0.3673
24046.5000 1225 451 0.3682
24062.0000 1226 451 0.3679
24079.0000 1227 451 0.3676
24095.0000 1228 451 0.3673
24110.0000 1229 451 0.3670
24134.0000 1230 451 0.3667
24157.0000 1231 451 0.3664
24179.0000 1232 451 0.3661
24192.8000 1232 452 0.3669
24203.0000 1233 452 0.3666
24210.8000 1233 453 0.3674
24222.0000 1234 453 0.3671
24245.0000 1235 453 0.3668
24262.0000 1236 453 0.3665
24282.4000 1236 454 0.3673
24286.0000 1237 454 0.3670
24287.2000 1237 455 0.3678
24298.3000 1237 456 0.3686
24305.0000 1238 456 0.3683
24326.0000 1239 456 0.3680
24349.0000 1240 456 0.3677
24368.0000 1241 456 0.3674
24383.0000 1242 456 0.3671
24407.0000 1243 456 0.3669
24427.0000 1244 456 0.3666
24437.6000 1244 457 0.3674
24447.0000 1245 457 0.3671
24468.0000 1246 457 0.3668
24474.3000 1246 458 0.3676
24490.0000 1247 458 0.3673
24514.0000 1248 458 0.3670
24530.0000 1249 458 0.3667
24553.0000 1250 458 0.3664
24568.0000 1251 458 0.3661
24572.2000 1251 459 0.3669
24591.0000 1252 459 0.3666
24607.0000 1253 459 0.3663
24624.0000 1254 459 0.3660
24641.0000 1255 459 0.3657
24654.1000 1255 460 0.3665
24656.0000 1256 460 0.3662
24656.6000 1256 461 0.3670
24677.0000 1257 461 0.3667
24693.0000 1258 461 0.3665
24712.0000 1259 461 0.3662
24728.7000 1259 462 0.3670
24736.0000 1260 462 0.3667
24751.0000 1261 462 0.3664
24768.0000 1262 462 0.3661
24790.0000 1263 462 0.3658
24809.0000 1264 462 0.3655
24824.0000 1265 462 0.3652
24834.8000 1265 463 0.3660
24844.0000 1266 463 0.3657
24867.0000 1267 463 0.3654
24877.7000 1267 464 0.3662
24883.0000 1268 464 0.3659
24906.0000 1269 464 0.3656
24921.0000 1270 464 0.3654
24945.0000 1271 464 0.3651
24963.0000 1272 464 0.3648
24980.0000 1273 464 0.3645
24999.0000 1274 464 0.3642
25015.0000 1275 464 0.3639
25022.2000 1275 465 0.3647
25034.0000 1276 465 0.3644
25055.0000 1277 465 0.3641
25074.0000 1278 465 0.3638
25085.3000 1278 466 0.3646
25095.0000 1279 466 0.3643
25107.0000 1279 467 0.3651
25116.1000 1279 468 0.3659
25119.0000 1280 468 0.3656
25138.0000 1281 468 0.3653
25162.0000 1282 468 0.3651
25175.9000 1282 469 0.3658
25183.0000 1283 469 0.3655
