# time  created  delivered  delivered/created
22.0000 1 0 0.0000
38.0000 2 0 0.0000
54.0000 3 0 0.0000
72.0000 4 0 0.0000
94.0000 5 0 0.0000
110.0000 6 0 0.0000
133.0000 7 0 0.0000
153.0000 8 0 0.0000
175.0000 9 0 0.0000
191.0000 10 0 0.0000
210.0000 11 0 0.0000
225.0000 12 0 0.0000
249.0000 13 0 0.0000
265.0000 14 0 0.0000
281.0000 15 0 0.0000
304.0000 16 0 0.0000
328.0000 17 0 0.0000
343.0000 18 0 0.0000
367.0000 19 0 0.0000
382.0000 20 0 0.0000
399.0000 21 0 0.0000
420.0000 22 0 0.0000
439.0000 23 0 0.0000
458.0000 24 0 0.0000
480.0000 25 0 0.0000
497.0000 26 0 0.0000
515.0000 27 0 0.0000
538.0000 28 0 0.0000
562.0000 29 0 0.0000
581.0000 30 0 0.0000
582.6000 30 1 0.0333
603.0000 31 1 0.0323
625.0000 32 1 0.0313
642.8000 32 2 0.0625
646.0000 33 2 0.0606
661.6000 33 3 0.0909
667.0000 34 3 0.0882
685.0000 35 3 0.0857
691.0000 35 4 0.1143
700.0000 36 4 0.1111
713.8000 36 5 0.1389
722.0000 37 5 0.1351
741.0000 38 5 0.1316
764.0000 39 5 0.1282
773.6000 39 6 0.1538
784.0000 40 6 0.1500
806.0000 41 6 0.1463
829.0000 42 6 0.1429
851.0000 43 6 0.1395
873.0000 44 6 0.1364
895.0000 45 6 0.1333
903.5000 45 7 0.1556
918.0000 46 7 0.1522
941.0000 47 7 0.1489
957.0000 48 7 0.1458
975.0000 49 7 0.1429
998.0000 50 7 0.1400
1018.0000 51 7 0.1373
1040.0000 52 7 0.1346
1056.0000 53 7 0.1321
1077.0000 54 7 0.1296
1096.0000 55 7 0.1273
1117.0000 56 7 0.1250
1137.0000 57 7 0.1228
1159.0000 58 7 0.1207
1179.0000 59 7 0.1186
1194.1000 59 8 0.1356
1201.0000 60 8 0.1333
1216.0000 61 8 0.1311
1225.1000 61 9 0.1475
1226.1000 61 10 0.1639
1232.0000 62 10 0.1613
1251.0000 63 10 0.1587
1268.0000 64 10 0.1563
1287.0000 65 10 0.1538
1308.0000 66 10 0.1515
1327.0000 67 10 0.1493
1342.0000 68 10 0.1471
1364.0000 69 10 0.1449
1382.0000 69 11 0.1594
1388.0000 70 11 0.1571
1397.1000 70 12 0.1714
1407.0000 71 12 0.1690
1408.4000 71 13 0.1831
1422.0000 72 13 0.1806
1442.0000 73 13 0.1781
1464.0000 74 13 0.1757
1476.9000 74 14 0.1892
1479.0000 75 14 0.1867
1483.1000 75 15 0.2000
1500.0000 76 15 0.1974
1518.0000 77 15 0.1948
1542.0000 78 15 0.1923
1562.0000 79 15 0.1899
1577.0000 80 15 0.1875
1600.0000 81 15 0.1852
1620.0000 82 15 0.1829
1637.0000 83 15 0.1807
1652.0000 84 15 0.1786
1673.0000 85 15 0.1765
1695.0000 86 15 0.1744
1707.0000 86 16 0.1860
1709.8000 86 17 0.1977
1713.0000 87 17 0.1954
1736.2000 87 18 0.2069
1737.0000 88 18 0.2045
1739.4000 88 19 0.2159
1739.8000 88 20 0.2273
1760.0000 89 20 0.2247
1781.0000 90 20 0.2222
1804.0000 91 20 0.2198
1826.0000 92 20 0.2174
1849.0000 93 20 0.2151
1870.0000 94 20 0.2128
1881.2000 94 21 0.2234
1882.8000 94 22 0.2340
1890.0000 95 22 0.2316
1911.0000 96 22 0.2292
1929.0000 97 22 0.2268
1948.0000 98 22 0.2245
1965.0000 99 22 0.2222
1980.0000 100 22 0.2200
2002.0000 101 22 0.2178
2024.0000 102 22 0.2157
2028.3000 102 23 0.2255
2035.6000 102 24 0.2353
2041.0000 103 24 0.2330
2064.0000 104 24 0.2308
2080.0000 105 24 0.2286
2095.0000 106 24 0.2264
2115.7000 106 25 0.2358
2119.0000 107 25 0.2336
2139.0000 108 25 0.2315
2142.8000 108 26 0.2407
2161.0000 109 26 0.2385
2178.0000 110 26 0.2364
2199.0000 111 26 0.2342
2217.0000 111 27 0.2432
2222.0000 112 27 0.2411
2240.0000 113 27 0.2389
2259.0000 114 27 0.2368
2275.0000 115 27 0.2348
2295.0000 116 27 0.2328
2314.0000 117 27 0.2308
2326.5000 117 28 0.2393
2335.0000 118 28 0.2373
2354.0000 119 28 0.2353
2377.0000 120 28 0.2333
2396.0000 121 28 0.2314
2411.0000 122 28 0.2295
2412.0000 122 29 0.2377
2433.0000 123 29 0.2358
2452.0000 124 29 0.2339
2460.7000 124 30 0.2419
2464.9000 124 31 0.2500
2470.3000 124 32 0.2581
2474.0000 125 32 0.2560
2496.0000 126 32 0.2540
2511.0000 127 32 0.2520
2512.1000 127 33 0.2598
2526.0000 128 33 0.2578
2546.0000 129 33 0.2558
2552.2000 129 34 0.2636
2553.1000 129 35 0.2713
2555.1000 129 36 0.2791
2563.0000 130 36 0.2769
2586.0000 131 36 0.2748
2601.0000 132 36 0.2727
2621.0000 133 36 0.2707
2641.0000 134 36 0.2687
2662.0000 135 36 0.2667
2678.0000 136 36 0.2647
2679.8000 136 37 0.2721
2689.6000 136 38 0.2794
2690.9000 136 39 0.2868
2693.0000 137 39 0.2847
2716.0000 138 39 0.2826
2735.0000 139 39 0.2806
2740.4000 139 40 0.2878
2754.0000 140 40 0.2857
2771.0000 141 40 0.2837
2788.0000 142 40 0.2817
2800.0000 142 41 0.2887
2807.0000 143 41 0.2867
2823.1000 143 42 0.2937
2831.0000 144 42 0.2917
2832.2000 144 43 0.2986
2837.2000 144 44 0.3056
2853.0000 145 44 0.3034
2868.0000 146 44 0.3014
2891.0000 147 44 0.2993
2899.2000 147 45 0.3061
2911.0000 148 45 0.3041
2926.0000 149 45 0.3020
2942.0000 150 45 0.3000
2947.3000 150 46 0.3067
2954.4000 150 47 0.3133
2962.0000 151 47 0.3113
2979.0000 152 47 0.3092
3003.0000 153 47 0.3072
3020.9000 153 48 0.3137
3024.0000 154 48 0.3117
3040.0000 155 48 0.3097
3061.0000 155 49 0.3161
3064.0000 156 49 0.3141
3065.8000 156 50 0.3205
3085.3000 156 51 0.3269
3086.0000 157 51 0.3248
3110.0000 158 51 0.3228
3121.2000 158 52 0.3291
3129.0000 159 52 0.3270
3147.0000 160 52 0.3250
3166.0000 161 52 0.3230
3166.7000 161 53 0.3292
3190.0000 162 53 0.3272
3210.0000 163 53 0.3252
3225.0000 164 53 0.3232
3230.0000 164 54 0.3293
3243.0000 165 54 0.3273
3260.0000 166 54 0.3253
3261.2000 166 55 0.3313
3272.8000 166 56 0.3373
3283.0000 167 56 0.3353
3288.4000 167 57 0.3413
3305.0000 168 57 0.3393
3321.0000 169 57 0.3373
3344.0000 170 57 0.3353
3362.6000 170 58 0.3412
3365.0000 171 58 0.3392
3385.0000 172 58 0.3372
3404.4000 172 59 0.3430
3408.0000 173 59 0.3410
3414.1000 173 60 0.3468
3428.0000 174 60 0.3448
3429.2000 174 61 0.3506
3445.1000 174 62 0.3563
3449.0000 175 62 0.3543
3454.7000 175 63 0.3600
3456.5000 175 64 0.3657
3472.0000 176 64 0.3636
3488.0000 177 64 0.3616
3511.0000 178 64 0.3596
3527.1000 178 65 0.3652
3535.0000 179 65 0.3631
3551.8000 179 66 0.3687
3552.0000 180 66 0.3667
3563.1000 180 67 0.3722
3570.0000 181 67 0.3702
3571.2000 181 68 0.3757
3575.8000 181 69 0.3812
3589.0000 182 69 0.3791
3604.0000 183 69 0.3770
3619.0000 184 69 0.3750
3638.0000 185 69 0.3730
3653.0000 186 69 0.3710
3668.0000 186 70 0.3763
3669.0000 187 70 0.3743
3689.0000 188 70 0.3723
3712.0000 189 70 0.3704
3730.0000 190 70 0.3684
3754.0000 191 70 0.3665
3771.0000 192 70 0.3646
3787.0000 193 70 0.3627
3809.0000 194 70 0.3608
3825.2000 194 71 0.3660
3832.0000 195 71 0.3641
3848.6000 195 72 0.3692
3854.0000 196 72 0.3673
3873.0000 197 72 0.3655
3883.7000 197 73 0.3706
3895.0000 198 73 0.3687
3919.0000 199 73 0.3668
3938.0000 200 73 0.3650
3944.4000 200 74 0.3700
3953.0000 200 75 0.3750
3955.0000 201 75 0.3731
3975.0000 202 75 0.3713
3996.0000 203 75 0.3695
4012.0000 204 75 0.3676
4031.0000 205 75 0.3659
4052.0000 206 75 0.3641
4054.9000 206 76 0.3689
4058.9000 206 77 0.3738
4060.2000 206 78 0.3786
4061.2000 206 79 0.3835
4070.0000 207 79 0.3816
4094.0000 208 79 0.3798
4115.0000 209 79 0.3780
4134.0000 210 79 0.3762
4153.0000 211 79 0.3744
4171.0000 212 79 0.3726
4194.0000 213 79 0.3709
4214.0000 214 79 0.3692
4214.6000 214 80 0.3738
4223.6000 214 81 0.3785
4226.9000 214 82 0.3832
4235.0000 215 82 0.3814
4245.1000 215 83 0.3860
4251.0000 216 83 0.3843
4272.0000 217 83 0.3825
4284.9000 217 84 0.3871
4290.0000 218 84 0.3853
4314.0000 219 84 0.3836
4338.0000 220 84 0.3818
4360.0000 221 84 0.3801
4363.6000 221 85 0.3846
4381.0000 222 85 0.3829
4400.0000 223 85 0.3812
4406.0000 223 86 0.3857
4417.6000 223 87 0.3901
4418.3000 223 88 0.3946
4419.0000 224 88 0.3929
4419.1000 224 89 0.3973
4434.0000 225 89 0.3956
4452.4000 225 90 0.4000
4458.0000 226 90 0.3982
4463.0000 226 91 0.4027
4476.0000 227 91 0.4009
4497.0000 228 91 0.3991
4505.4000 228 92 0.4035
4515.0000 229 92 0.4017
4537.0000 230 92 0.4000
4538.5000 230 93 0.4043
4556.0000 231 93 0.4026
4580.0000 232 93 0.4009
4597.0000 233 93 0.3991
4614.0000 234 93 0.3974
4634.0000 235 93 0.3957
4655.0000 236 93 0.3941
4665.1000 236 94 0.3983
4672.0000 237 94 0.3966
4689.0000 238 94 0.3950
4706.0000 239 94 0.3933
4729.0000 240 94 0.3917
4747.0000 241 94 0.3900
4762.0000 242 94 0.3884
4766.5000 242 95 0.3926
4783.0000 243 95 0.3909
4793.4000 243 96 0.3951
4796.3000 243 97 0.3992
4807.0000 244 97 0.3975
4824.0000 245 97 0.3959
4848.0000 246 97 0.3943
4867.0000 247 97 0.3927
4886.0000 248 97 0.3911
4909.0000 249 97 0.3896
4914.5000 249 98 0.3936
4928.0000 250 98 0.3920
4951.0000 251 98 0.3904
4966.0000 252 98 0.3889
4986.0000 253 98 0.3874
5010.0000 254 98 0.3858
5011.9000 254 99 0.3898
5033.0000 255 99 0.3882
5048.0000 256 99 0.3867
5072.0000 257 99 0.3852
5076.2000 257 100 0.3891
5089.0000 258 100 0.3876
5089.4000 258 101 0.3915
5112.0000 259 101 0.3900
5131.0000 260 101 0.3885
5151.0000 261 101 0.3870
5170.3000 261 102 0.3908
5172.4000 261 103 0.3946
5175.0000 262 103 0.3931
5194.0000 263 103 0.3916
5212.5000 263 104 0.3954
5215.0000 264 104 0.3939
5237.0000 265 104 0.3925
5238.4000 265 105 0.3962
5254.0000 266 105 0.3947
5269.0000 267 105 0.3933
5291.0000 268 105 0.3918
5307.0000 269 105 0.3903
5317.6000 269 106 0.3941
5324.0000 270 106 0.3926
5339.0000 271 106 0.3911
5356.0000 272 106 0.3897
5371.0000 273 106 0.3883
5387.0000 274 106 0.3869
5395.6000 274 107 0.3905
5410.0000 275 107 0.3891
5410.3000 275 108 0.3927
5426.0000 276 108 0.3913
5432.5000 276 109 0.3949
5447.0000 277 109 0.3935
5470.0000 278 109 0.3921
5490.0000 279 109 0.3907
5507.0000 280 109 0.3893
5516.3000 280 110 0.3929
5528.0000 281 110 0.3915
5546.0000 282 110 0.3901
5564.0000 283 110 0.3887
5565.7000 283 111 0.3922
5584.0000 284 111 0.3908
5594.1000 284 112 0.3944
5607.0000 285 112 0.3930
5625.0000 286 112 0.3916
5643.0000 287 112 0.3902
5665.0000 288 112 0.3889
5685.0000 289 112 0.3875
5688.2000 289 113 0.3910
5704.0000 290 113 0.3897
5724.0000 291 113 0.3883
5745.0000 292 113 0.3870
5745.2000 292 114 0.3904
5760.0000 293 114 0.3891
5778.9000 293 115 0.3925
5784.0000 294 115 0.3912
5805.0000 295 115 0.3898
5813.1000 295 116 0.3932
5822.0000 296 116 0.3919
5841.0000 297 116 0.3906
5859.0000 298 116 0.3893
5860.0000 298 117 0.3926
5873.7000 298 118 0.3960
5874.0000 299 118 0.3946
5893.0000 300 118 0.3933
5895.4000 300 119 0.3967
5897.8000 300 120 0.4000
5901.3000 300 121 0.4033
5905.8000 300 122 0.4067
5914.0000 301 122 0.4053
5932.0000 302 122 0.4040
5953.0000 303 122 0.4026
5969.8000 303 123 0.4059
5971.0000 304 123 0.4046
5986.0000 305 123 0.4033
5996.1000 305 124 0.4066
6003.8000 305 125 0.4098
6008.0000 306 125 0.4085
6024.0000 307 125 0.4072
6028.7000 307 126 0.4104
6037.7000 307 127 0.4137
6041.0000 308 127 0.4123
6063.0000 309 127 0.4110
6087.0000 310 127 0.4097
6105.0000 311 127 0.4084
6124.0000 312 127 0.4071
6145.0000 313 127 0.4058
6166.0000 314 127 0.4045
6182.0000 315 127 0.4032
6201.0000 316 127 0.4019
6216.0000 317 127 0.4006
6231.0000 318 127 0.3994
6236.8000 318 128 0.4025
6248.0000 319 128 0.4013
6261.7000 319 129 0.4044
6267.0000 320 129 0.4031
6276.7000 320 130 0.4063
6283.4000 320 131 0.4094
6289.0000 321 131 0.4081
6308.0000 322 131 0.4068
6332.0000 323 131 0.4056
6340.0000 323 132 0.4087
6355.0000 324 132 0.4074
6372.0000 325 132 0.4062
6384.7000 325 133 0.4092
6391.9000 325 134 0.4123
6393.0000 326 134 0.4110
6417.0000 327 134 0.4098
6431.8000 327 135 0.4128
6441.0000 328 135 0.4116
6457.1000 328 136 0.4146
6465.0000 329 136 0.4134
6467.3000 329 137 0.4164
6468.9000 329 138 0.4195
6486.0000 330 138 0.4182
6502.0000 331 138 0.4169
6518.0000 332 138 0.4157
6536.0000 333 138 0.4144
6546.3000 333 139 0.4174
6555.0000 334 139 0.4162
6572.0000 335 139 0.4149
6591.0000 336 139 0.4137
6608.0000 337 139 0.4125
6631.0000 338 139 0.4112
6646.0000 339 139 0.4100
6665.0000 340 139 0.4088
6684.0000 341 139 0.4076
6690.0000 341 140 0.4106
6696.4000 341 141 0.4135
6708.0000 342 141 0.4123
6725.0000 343 141 0.4111
6745.0000 344 141 0.4099
6751.4000 344 142 0.4128
6760.0000 345 142 0.4116
6781.0000 346 142 0.4104
6793.2000 346 143 0.4133
6800.0000 347 143 0.4121
6816.0000 348 143 0.4109
6839.0000 349 143 0.4097
6854.0000 350 143 0.4086
6874.0000 351 143 0.4074
6889.0000 352 143 0.4063
6893.6000 352 144 0.4091
6897.1000 352 145 0.4119
6900.5000 352 146 0.4148
6909.0000 353 146 0.4136
6917.7000 353 147 0.4164
6930.0000 354 147 0.4153
6951.0000 355 147 0.4141
6951.3000 355 148 0.4169
6971.0000 356 148 0.4157
6978.5000 356 149 0.4185
6995.0000 357 149 0.4174
7010.0000 358 149 0.4162
7010.7000 358 150 0.4190
7019.5000 358 151 0.4218
7029.0000 359 151 0.4206
7045.6000 359 152 0.4234
7048.0000 360 152 0.4222
7071.0000 361 152 0.4211
7073.0000 361 153 0.4238
7091.1000 361 154 0.4266
7093.0000 362 154 0.4254
7093.3000 362 155 0.4282
7108.0000 363 155 0.4270
7130.0000 364 155 0.4258
7138.4000 364 156 0.4286
7141.8000 364 157 0.4313
7147.0000 365 157 0.4301
7163.0000 366 157 0.4290
7176.4000 366 158 0.4317
7179.7000 366 159 0.4344
7180.0000 367 159 0.4332
7197.0000 368 159 0.4321
7221.0000 369 159 0.4309
7225.0000 369 160 0.4336
7240.0000 370 160 0.4324
7245.1000 370 161 0.4351
7254.0000 370 162 0.4378
7255.0000 371 162 0.4367
7272.0000 372 162 0.4355
7296.0000 373 162 0.4343
7306.3000 373 163 0.4370
7319.0000 374 163 0.4358
7333.2000 374 164 0.4385
7335.0000 375 164 0.4373
7358.0000 376 164 0.4362
7378.0000 377 164 0.4350
7394.0000 378 164 0.4339
7411.0000 379 164 0.4327
7435.0000 380 164 0.4316
7459.0000 381 164 0.4304
7472.9000 381 165 0.4331
7480.0000 382 165 0.4319
7481.3000 382 166 0.4346
7498.0000 383 166 0.4334
7500.1000 383 167 0.4360
7514.0000 384 167 0.4349
7533.5000 384 168 0.4375
7536.0000 385 168 0.4364
7545.8000 385 169 0.4390
7559.0000 386 169 0.4378
7566.1000 386 170 0.4404
7574.0000 387 170 0.4393
7583.5000 387 171 0.4419
7585.3000 387 172 0.4444
7589.1000 387 173 0.4470
7591.8000 387 174 0.4496
7595.0000 388 174 0.4485
7613.0000 389 174 0.4473
7621.5000 389 175 0.4499
7622.6000 389 176 0.4524
7632.0000 390 176 0.4513
7656.0000 391 176 0.4501
7673.0000 392 176 0.4490
7682.3000 392 177 0.4515
7696.0000 393 177 0.4504
7713.0000 394 177 0.4492
7730.0000 395 177 0.4481
7745.0000 396 177 0.4470
7758.9000 396 178 0.4495
7762.0000 397 178 0.4484
7774.1000 397 179 0.4509
7784.0000 398 179 0.4497
7804.0000 399 179 0.4486
7822.0000 400 179 0.4475
7840.0000 401 179 0.4464
7858.0000 402 179 0.4453
7874.0000 403 179 0.4442
7883.6000 403 180 0.4467
7895.0000 404 180 0.4455
7914.0000 405 180 0.4444
7931.0000 406 180 0.4433
7935.1000 406 181 0.4458
7948.0000 407 181 0.4447
7960.8000 407 182 0.4472
7972.0000 408 182 0.4461
7987.0000 409 182 0.4450
7992.4000 409 183 0.4474
8002.0000 410 183 0.4463
8024.0000 411 183 0.4453
8040.0000 412 183 0.4442
8041.7000 412 184 0.4466
8059.0000 413 184 0.4455
8082.0000 414 184 0.4444
8099.0000 415 184 0.4434
8106.2000 415 185 0.4458
8116.0000 416 185 0.4447
8137.0000 417 185 0.4436
8158.0000 418 185 0.4426
8173.0000 419 185 0.4415
8190.0000 420 185 0.4405
8205.0000 421 185 0.4394
8205.7000 421 186 0.4418
8227.0000 422 186 0.4408
8235.0000 422 187 0.4431
8251.0000 423 187 0.4421
8270.0000 423 188 0.4444
8275.0000 424 188 0.4434
8284.1000 424 189 0.4458
8297.0000 425 189 0.4447
8317.0000 426 189 0.4437
8325.4000 426 190 0.4460
8336.0000 427 190 0.4450
8359.0000 428 190 0.4439
8375.0000 429 190 0.4429
8393.7000 429 191 0.4452
8396.0000 430 191 0.4442
8404.7000 430 192 0.4465
8414.0000 431 192 0.4455
8437.0000 432 192 0.4444
8453.0000 433 192 0.4434
8456.6000 433 193 0.4457
8462.6000 433 194 0.4480
8468.0000 434 194 0.4470
8489.9000 434 195 0.4493
8492.0000 435 195 0.4483
8510.0000 436 195 0.4472
8525.0000 437 195 0.4462
8526.5000 437 196 0.4485
8544.0000 438 196 0.4475
8566.0000 439 196 0.4465
8578.2000 439 197 0.4487
8586.0000 440 197 0.4477
8597.6000 440 198 0.4500
8609.0000 441 198 0.4490
8625.0000 442 198 0.4480
8630.3000 442 199 0.4502
8641.3000 442 200 0.4525
8644.0000 443 200 0.4515
8663.0000 444 200 0.4505
8681.0000 445 200 0.4494
8697.0000 446 200 0.4484
8719.0000 447 200 0.4474
8743.0000 448 200 0.4464
8748.8000 448 201 0.4487
8767.0000 449 201 0.4477
8778.0000 449 202 0.4499
8784.0000 450 202 0.4489
8794.1000 450 203 0.4511
8800.0000 451 203 0.4501
8806.3000 451 204 0.4523
8823.0000 452 204 0.4513
8824.9000 452 205 0.4535
8839.0000 453 205 0.4525
8854.0000 454 205 0.4515
8861.2000 454 206 0.4537
8869.0000 455 206 0.4527
8877.8000 455 207 0.4549
8882.6000 455 208 0.4571
8890.6000 455 209 0.4593
8892.0000 456 209 0.4583
8894.5000 456 210 0.4605
8896.6000 456 211 0.4627
8899.1000 456 212 0.4649
8911.0000 457 212 0.4639
8929.0000 458 212 0.4629
8944.0000 459 212 0.4619
8955.3000 459 213 0.4641
8955.8000 459 214 0.4662
8961.0000 460 214 0.4652
8979.0000 461 214 0.4642
8997.0000 462 214 0.4632
9008.1000 462 215 0.4654
9011.3000 462 216 0.4675
9013.0000 463 216 0.4665
9035.0000 464 216 0.4655
9056.8000 464 217 0.4677
9058.0000 465 217 0.4667
9066.2000 465 218 0.4688
9073.0000 466 218 0.4678
9095.0000 467 218 0.4668
9098.3000 467 219 0.4690
9119.0000 468 219 0.4679
9143.0000 469 219 0.4670
9162.0000 470 219 0.4660
9169.5000 470 220 0.4681
9174.8000 470 221 0.4702
9184.4000 470 222 0.4723
9186.0000 471 222 0.4713
9196.5000 471 223 0.4735
9209.0000 472 223 0.4725
9215.1000 472 224 0.4746
9224.0000 473 224 0.4736
9245.0000 474 224 0.4726
9264.0000 475 224 0.4716
9283.0000 475 225 0.4737
9288.0000 476 225 0.4727
9306.5000 476 226 0.4748
9310.0000 477 226 0.4738
9314.2000 477 227 0.4759
9315.0000 477 228 0.4780
9326.0000 478 228 0.4770
9332.2000 478 229 0.4791
9335.4000 478 230 0.4812
9341.0000 479 230 0.4802
9365.0000 480 230 0.4792
9378.3000 480 231 0.4813
9382.6000 480 232 0.4833
9387.0000 481 232 0.4823
9403.0000 482 232 0.4813
9426.0000 483 232 0.4803
9444.0000 484 232 0.4793
9468.0000 485 232 0.4784
9485.0000 486 232 0.4774
9503.0000 487 232 0.4764
9511.8000 487 233 0.4784
9527.0000 488 233 0.4775
9528.5000 488 234 0.4795
9538.8000 488 235 0.4816
9546.1000 488 236 0.4836
9550.0000 489 236 0.4826
9550.5000 489 237 0.4847
9573.0000 490 237 0.4837
9589.2000 490 238 0.4857
9591.0000 491 238 0.4847
9614.0000 492 238 0.4837
9632.0000 493 238 0.4828
9653.0000 494 238 0.4818
9676.0000 495 238 0.4808
9693.0000 496 238 0.4798
9715.0000 497 238 0.4789
9736.0000 498 238 0.4779
9738.5000 498 239 0.4799
9748.3000 498 240 0.4819
9750.0000 498 241 0.4839
9752.0000 499 241 0.4830
9761.5000 499 242 0.4850
9776.0000 500 242 0.4840
9791.7000 500 243 0.4860
9799.0000 501 243 0.4850
9821.0000 502 243 0.4841
9837.0000 503 243 0.4831
9861.0000 504 243 0.4821
9879.0000 505 243 0.4812
9894.0000 506 243 0.4802
9909.0000 507 243 0.4793
9927.0000 508 243 0.4783
9946.0000 509 243 0.4774
9969.0000 510 243 0.4765
9988.0000 511 243 0.4755
10007.0000 512 243 0.4746
10009.2000 512 244 0.4766
10016.0000 512 245 0.4785
10024.0000 513 245 0.4776
10044.0000 514 245 0.4767
10066.3000 514 246 0.4786
10067.0000 515 246 0.4777
10087.0000 516 246 0.4767
10111.0000 517 246 0.4758
10130.2000 517 247 0.4778
10132.0000 518 247 0.4768
10138.8000 518 248 0.4788
10151.7000 518 249 0.4807
10154.0000 519 249 0.4798
10177.0000 520 249 0.4788
10194.0000 521 249 0.4779
10204.7000 521 250 0.4798
10216.0000 522 250 0.4789
10235.0000 523 250 0.4780
10257.0000 524 250 0.4771
10272.4000 524 251 0.4790
10281.0000 525 251 0.4781
10281.5000 525 252 0.4800
10300.0000 526 252 0.4791
10320.0000 527 252 0.4782
10323.7000 527 253 0.4801
10334.0000 527 254 0.4820
10343.0000 528 254 0.4811
10366.0000 529 254 0.4802
10382.0000 530 254 0.4792
10402.0000 531 254 0.4783
10423.0000 532 254 0.4774
10425.2000 532 255 0.4793
10441.0000 533 255 0.4784
10443.4000 533 256 0.4803
10443.9000 533 257 0.4822
10447.6000 533 258 0.4841
10461.0000 534 258 0.4831
10466.5000 534 259 0.4850
10480.0000 535 259 0.4841
10497.0000 536 259 0.4832
10518.0000 537 259 0.4823
10537.0000 538 259 0.4814
10537.2000 538 260 0.4833
10552.3000 538 261 0.4851
10555.0000 539 261 0.4842
10571.0000 540 261 0.4833
10591.0000 541 261 0.4824
10615.0000 542 261 0.4815
10637.0000 543 261 0.4807
10645.7000 543 262 0.4825
10648.9000 543 263 0.4843
10657.0000 544 263 0.4835
10664.6000 544 264 0.4853
10681.0000 545 264 0.4844
10703.0000 546 264 0.4835
10726.0000 547 264 0.4826
10748.0000 548 264 0.4818
10768.0000 549 264 0.4809
10781.7000 549 265 0.4827
10788.0000 550 265 0.4818
10808.0000 551 265 0.4809
10823.0000 552 265 0.4801
10842.0000 553 265 0.4792
10866.0000 554 265 0.4783
10876.5000 554 266 0.4801
10878.1000 554 267 0.4819
10885.0000 555 267 0.4811
10907.0000 556 267 0.4802
10917.0000 556 268 0.4820
10923.9000 556 269 0.4838
10925.0000 557 269 0.4829
10942.0000 558 269 0.4821
10966.0000 559 269 0.4812
10983.0000 560 269 0.4804
10985.6000 560 270 0.4821
11006.0000 561 270 0.4813
11023.0000 562 270 0.4804
11046.0000 563 270 0.4796
11068.0000 564 270 0.4787
11084.0000 565 270 0.4779
11097.7000 565 271 0.4796
11102.0000 566 271 0.4788
11104.6000 566 272 0.4806
11116.8000 566 273 0.4823
11120.0000 567 273 0.4815
11137.1000 567 274 0.4832
11143.0000 568 274 0.4824
11164.8000 568 275 0.4842
11165.4000 568 276 0.4859
11166.0000 569 276 0.4851
11174.7000 569 277 0.4868
11182.0000 570 277 0.4860
11198.6000 570 278 0.4877
11201.0000 571 278 0.4869
11218.0000 572 278 0.4860
11220.6000 572 279 0.4878
11231.0000 572 280 0.4895
11238.0000 573 280 0.4887
11241.3000 573 281 0.4904
11250.8000 573 282 0.4921
11260.0000 574 282 0.4913
11280.0000 575 282 0.4904
11298.0000 576 282 0.4896
11319.0000 577 282 0.4887
11320.1000 577 283 0.4905
11325.9000 577 284 0.4922
11343.0000 578 284 0.4913
11363.0000 579 284 0.4905
11381.0000 580 284 0.4897
11404.0000 580 285 0.4914
11405.0000 581 285 0.4905
11424.0000 582 285 0.4897
11432.3000 582 286 0.4914
11443.0000 583 286 0.4906
11450.2000 583 287 0.4923
11467.0000 584 287 0.4914
11491.0000 585 287 0.4906
11511.0000 586 287 0.4898
11514.3000 586 288 0.4915
11514.7000 586 289 0.4932
11515.1000 586 290 0.4949
11516.1000 586 291 0.4966
11529.0000 587 291 0.4957
11535.5000 587 292 0.4974
11547.0000 588 292 0.4966
11566.0000 589 292 0.4958
11575.9000 589 293 0.4975
11586.0000 590 293 0.4966
11610.0000 591 293 0.4958
11611.3000 591 294 0.4975
11626.0000 592 294 0.4966
11640.2000 592 295 0.4983
11650.0000 593 295 0.4975
11665.0000 594 295 0.4966
11680.0000 595 295 0.4958
11684.5000 595 296 0.4975
11687.9000 595 297 0.4992
11696.0000 596 297 0.4983
11711.0000 597 297 0.4975
11729.2000 597 298 0.4992
11731.0000 598 298 0.4983
11755.0000 599 298 0.4975
11771.0000 600 298 0.4967
11771.8000 600 299 0.4983
11781.7000 600 300 0.5000
11790.0000 601 300 0.4992
11805.5000 601 301 0.5008
11809.0000 602 301 0.5000
11809.6000 602 302 0.5017
11827.0000 603 302 0.5008
11830.8000 603 303 0.5025
11851.0000 604 303 0.5017
11867.0000 605 303 0.5008
11885.0000 606 303 0.5000
11907.0000 607 303 0.4992
11917.3000 607 304 0.5008
11918.3000 607 305 0.5025
11929.0000 608 305 0.5016
11935.8000 608 306 0.5033
11940.3000 608 307 0.5049
11948.0000 609 307 0.5041
11959.7000 609 308 0.5057
11971.0000 610 308 0.5049
11987.5000 610 309 0.5066
11995.0000 611 309 0.5057
12012.0000 612 309 0.5049
12023.1000 612 310 0.5065
12033.0000 613 310 0.5057
12048.0000 614 310 0.5049
12050.3000 614 311 0.5065
12070.0000 615 311 0.5057
12072.7000 615 312 0.5073
12088.0000 616 312 0.5065
12104.0000 617 312 0.5057
12124.0000 618 312 0.5049
12126.1000 618 313 0.5065
12145.0000 619 313 0.5057
12153.5000 619 314 0.5073
12155.9000 619 315 0.5089
12165.0000 620 315 0.5081
12189.0000 621 315 0.5072
12209.0000 622 315 0.5064
12210.0000 622 316 0.5080
12211.8000 622 317 0.5096
12218.2000 622 318 0.5113
12220.5000 622 319 0.5129
12226.0000 623 319 0.5120
12242.7000 623 320 0.5136
12249.0000 624 320 0.5128
12270.0000 625 320 0.5120
12287.0000 626 320 0.5112
12305.0000 627 320 0.5104
12306.8000 627 321 0.5120
12307.4000 627 322 0.5136
12323.0000 628 322 0.5127
12329.4000 628 323 0.5143
12336.9000 628 324 0.5159
12339.0000 629 324 0.5151
12358.0000 630 324 0.5143
12377.0000 631 324 0.5135
12399.0000 632 324 0.5127
12418.6000 632 325 0.5142
12421.0000 633 325 0.5134
12444.0000 634 325 0.5126
12456.0000 634 326 0.5142
12463.0000 635 326 0.5134
12479.0000 636 326 0.5126
12483.1000 636 327 0.5142
12496.1000 636 328 0.5157
12497.0000 637 328 0.5149
12518.0000 638 328 0.5141
12520.6000 638 329 0.5157
12538.0000 639 329 0.5149
12556.0000 640 329 0.5141
12575.0000 641 329 0.5133
12581.8000 641 330 0.5148
12594.3000 641 331 0.5164
12595.3000 641 332 0.5179
12596.0000 642 332 0.5171
12611.0000 643 332 0.5163
12615.7000 643 333 0.5179
12634.2000 643 334 0.5194
12635.0000 644 334 0.5186
12642.9000 644 335 0.5202
12650.2000 644 336 0.5217
12655.0000 645 336 0.5209
12657.2000 645 337 0.5225
12672.0000 646 337 0.5217
12679.7000 646 338 0.5232
12679.8000 646 339 0.5248
12689.5000 646 340 0.5263
12691.0000 647 340 0.5255
12713.0000 648 340 0.5247
12723.7000 648 341 0.5262
12725.4000 648 342 0.5278
12726.0000 648 343 0.5293
12727.4000 648 344 0.5309
12737.0000 649 344 0.5300
12761.0000 650 344 0.5292
12781.0000 651 344 0.5284
12784.8000 651 345 0.5300
12798.0000 652 345 0.5291
12818.0000 653 345 0.5283
12832.0000 653 346 0.5299
12839.0000 654 346 0.5291
12863.0000 655 346 0.5282
12884.0000 656 346 0.5274
12901.0000 657 346 0.5266
12919.0000 658 346 0.5258
12934.6000 658 347 0.5274
12936.0000 659 347 0.5266
12954.0000 660 347 0.5258
12971.0000 661 347 0.5250
12976.7000 661 348 0.5265
12986.0000 662 348 0.5257
13007.2000 662 349 0.5272
13009.0000 663 349 0.5264
13016.4000 663 350 0.5279
13029.0000 664 350 0.5271
13048.0000 665 350 0.5263
13069.0000 666 350 0.5255
13072.6000 666 351 0.5270
13080.5000 666 352 0.5285
13090.0000 667 352 0.5277
13097.2000 667 353 0.5292
13112.0000 668 353 0.5284
13132.3000 668 354 0.5299
13135.0000 669 354 0.5291
13146.6000 669 355 0.5306
13148.9000 669 356 0.5321
13157.0000 670 356 0.5313
13175.0000 671 356 0.5306
13180.8000 671 357 0.5320
13198.0000 672 357 0.5313
13200.3000 672 358 0.5327
13209.3000 672 359 0.5342
13213.0000 672 360 0.5357
13222.0000 673 360 0.5349
13228.8000 673 361 0.5364
13237.0000 674 361 0.5356
13243.8000 674 362 0.5371
13261.0000 675 362 0.5363
13262.9000 675 363 0.5378
13279.0000 676 363 0.5370
13290.8000 676 364 0.5385
13303.0000 677 364 0.5377
13308.2000 677 365 0.5391
13327.0000 678 365 0.5383
13344.0000 679 365 0.5376
13367.0000 680 365 0.5368
13368.9000 680 366 0.5382
13382.6000 680 367 0.5397
13385.0000 681 367 0.5389
13400.0000 682 367 0.5381
13418.9000 682 368 0.5396
13422.0000 683 368 0.5388
13434.3000 683 369 0.5403
13439.0000 684 369 0.5395
13463.0000 685 369 0.5387
13485.0000 686 369 0.5379
13501.0000 687 369 0.5371
13522.0000 688 369 0.5363
13543.0000 689 369 0.5356
13558.0000 690 369 0.5348
13572.0000 690 370 0.5362
13578.0000 691 370 0.5355
13581.3000 691 371 0.5369
13597.0000 692 371 0.5361
13601.2000 692 372 0.5376
13602.5000 692 373 0.5390
13603.3000 692 374 0.5405
13605.2000 692 375 0.5419
13612.0000 693 375 0.5411
13622.2000 693 376 0.5426
13633.0000 694 376 0.5418
13642.3000 694 377 0.5432
13654.0000 695 377 0.5424
13674.0000 696 377 0.5417
13689.0000 697 377 0.5409
13694.2000 697 378 0.5423
13713.0000 698 378 0.5415
13733.0000 699 378 0.5408
13743.2000 699 379 0.5422
13750.0000 700 379 0.5414
13770.6000 700 380 0.5429
13771.0000 701 380 0.5421
13787.0000 702 380 0.5413
13808.0000 703 380 0.5405
13831.0000 704 380 0.5398
13836.3000 704 381 0.5412
13853.0000 705 381 0.5404
13874.0000 706 381 0.5397
13894.0000 707 381 0.5389
13915.0000 708 381 0.5381
13937.0000 709 381 0.5374
13940.4000 709 382 0.5388
13950.6000 709 383 0.5402
13952.0000 710 383 0.5394
13956.2000 710 384 0.5408
13976.0000 711 384 0.5401
13978.4000 711 385 0.5415
13994.0000 712 385 0.5407
14011.0000 713 385 0.5400
14028.3000 713 386 0.5414
14032.0000 714 386 0.5406
14050.3000 714 387 0.5420
14056.0000 715 387 0.5413
14071.0000 715 388 0.5427
14077.0000 716 388 0.5419
14092.0000 717 388 0.5411
14106.9000 717 389 0.5425
14107.0000 718 389 0.5418
14108.7000 718 390 0.5432
14123.0000 719 390 0.5424
14141.4000 719 391 0.5438
14147.0000 720 391 0.5431
14159.4000 720 392 0.5444
14162.0000 720 393 0.5458
14167.0000 721 393 0.5451
14180.0000 721 394 0.5465
14186.0000 722 394 0.5457
14192.5000 722 395 0.5471
14204.0000 723 395 0.5463
14225.0000 724 395 0.5456
14240.7000 724 396 0.5470
14245.0000 725 396 0.5462
14261.8000 725 397 0.5476
14267.0000 726 397 0.5468
14286.0000 727 397 0.5461
14295.0000 727 398 0.5475
14304.0000 728 398 0.5467
14323.0000 729 398 0.5460
14343.0000 730 398 0.5452
14363.0000 731 398 0.5445
14385.0000 732 398 0.5437
14385.1000 732 399 0.5451
14404.0000 733 399 0.5443
14420.0000 734 399 0.5436
14433.0000 734 400 0.5450
14441.0000 735 400 0.5442
14456.0000 736 400 0.5435
14466.4000 736 401 0.5448
14475.0000 737 401 0.5441
14499.0000 738 401 0.5434
14523.0000 739 401 0.5426
14544.0000 740 401 0.5419
14568.0000 741 401 0.5412
14588.0000 742 401 0.5404
14603.0000 743 401 0.5397
14608.5000 743 402 0.5410
14618.0000 744 402 0.5403
14620.5000 744 403 0.5417
14622.1000 744 404 0.5430
14629.4000 744 405 0.5444
14639.0000 745 405 0.5436
14655.0000 746 405 0.5429
14676.0000 747 405 0.5422
14696.0000 748 405 0.5414
14700.6000 748 406 0.5428
14701.7000 748 407 0.5441
14703.9000 748 408 0.5455
14718.0000 749 408 0.5447
14733.2000 749 409 0.5461
14736.0000 750 409 0.5453
14746.0000 750 410 0.5467
14754.4000 750 411 0.5480
14756.0000 751 411 0.5473
14773.0000 752 411 0.5465
14790.0000 753 411 0.5458
14809.0000 754 411 0.5451
14830.5000 754 412 0.5464
14831.0000 755 412 0.5457
14848.0000 756 412 0.5450
14867.0000 757 412 0.5443
14889.0000 758 412 0.5435
14905.0000 759 412 0.5428
14915.3000 759 413 0.5441
14927.0000 760 413 0.5434
14942.0000 761 413 0.5427
14961.0000 762 413 0.5420
14975.8000 762 414 0.5433
14984.0000 763 414 0.5426
14986.8000 763 415 0.5439
14999.0000 764 415 0.5432
15001.4000 764 416 0.5445
15021.0000 765 416 0.5438
15024.0000 765 417 0.5451
15032.7000 765 418 0.5464
15033.1000 765 419 0.5477
15039.7000 765 420 0.5490
15041.0000 766 420 0.5483
15058.0000 767 420 0.5476
15074.0000 768 420 0.5469
15093.0000 769 420 0.5462
15098.6000 769 421 0.5475
15114.0000 770 421 0.5468
15132.0000 771 421 0.5460
15149.0000 772 421 0.5453
15172.0000 773 421 0.5446
15190.0000 774 421 0.5439
15190.6000 774 422 0.5452
15212.0000 775 422 0.5445
15235.0000 776 422 0.5438
15256.0000 777 422 0.5431
15280.0000 778 422 0.5424
15288.6000 778 423 0.5437
15297.0000 779 423 0.5430
15318.0000 780 423 0.5423
15336.0000 781 423 0.5416
15360.0000 782 423 0.5409
15381.0000 783 423 0.5402
15399.0000 784 423 0.5395
15419.0000 785 423 0.5389
15439.2000 785 424 0.5401
15441.0000 786 424 0.5394
15459.3000 786 425 0.5407
15465.0000 787 425 0.5400
15482.0000 788 425 0.5393
15494.7000 788 426 0.5406
15504.0000 789 426 0.5399
15526.0000 790 426 0.5392
15537.9000 790 427 0.5405
15538.7000 790 428 0.5418
15547.0000 791 428 0.5411
15569.0000 792 428 0.5404
15591.0000 793 428 0.5397
15615.0000 794 428 0.5390
15632.0000 795 428 0.5384
15651.0000 796 428 0.5377
15666.0000 797 428 0.5370
15684.0000 798 428 0.5363
15708.0000 799 428 0.5357
15724.0000 800 428 0.5350
15746.0000 801 428 0.5343
15761.7000 801 429 0.5356
15764.0000 802 429 0.5349
15780.2000 802 430 0.5362
15782.0000 803 430 0.5355
15793.3000 803 431 0.5367
15799.0000 804 431 0.5361
15815.0000 805 431 0.5354
15838.0000 806 431 0.5347
15854.0000 807 431 0.5341
15873.0000 808 431 0.5334
15894.0000 809 431 0.5328
15909.0000 810 431 0.5321
15927.0000 811 431 0.5314
15938.3000 811 432 0.5327
15948.0000 812 432 0.5320
15954.3000 812 433 0.5333
15967.0000 813 433 0.5326
15969.7000 813 434 0.5338
15972.6000 813 435 0.5351
15981.4000 813 436 0.5363
15990.0000 814 436 0.5356
15991.3000 814 437 0.5369
16004.6000 814 438 0.5381
16010.0000 815 438 0.5374
16027.0000 816 438 0.5368
16028.6000 816 439 0.5380
16042.0000 817 439 0.5373
16056.0000 817 440 0.5386
16060.9000 817 441 0.5398
16061.0000 818 441 0.5391
16062.0000 818 442 0.5403
16069.2000 818 443 0.5416
16080.0000 819 443 0.5409
16104.0000 820 443 0.5402
16124.0000 821 443 0.5396
16139.0000 822 443 0.5389
16155.0000 823 443 0.5383
16161.2000 823 444 0.5395
16175.0000 824 444 0.5388
16196.0000 825 444 0.5382
16199.9000 825 445 0.5394
16212.0000 826 445 0.5387
16220.0000 826 446 0.5400
16230.0000 827 446 0.5393
16245.0000 828 446 0.5386
16250.6000 828 447 0.5399
16261.0000 829 447 0.5392
16281.0000 830 447 0.5386
16301.0000 831 447 0.5379
16322.0000 832 447 0.5373
16330.1000 832 448 0.5385
16338.0000 833 448 0.5378
16357.0000 834 448 0.5372
16365.8000 834 449 0.5384
16380.0000 835 449 0.5377
16399.0000 836 449 0.5371
16416.0000 837 449 0.5364
16433.0000 838 449 0.5358
16433.6000 838 450 0.5370
16455.0000 839 450 0.5364
16458.3000 839 451 0.5375
16479.0000 840 451 0.5369
16503.0000 841 451 0.5363
16520.1000 841 452 0.5375
16523.3000 841 453 0.5386
16526.0000 842 453 0.5380
16547.0000 843 453 0.5374
16568.0000 844 453 0.5367
16588.6000 844 454 0.5379
16588.9000 844 455 0.5391
16589.0000 845 455 0.5385
16610.0000 846 455 0.5378
16628.0000 847 455 0.5372
16631.1000 847 456 0.5384
16646.0000 848 456 0.5377
16662.0000 849 456 0.5371
16682.0000 850 456 0.5365
16699.0000 851 456 0.5358
16721.7000 851 457 0.5370
16723.0000 852 457 0.5364
16745.0000 853 457 0.5358
16760.0000 854 457 0.5351
16781.9000 854 458 0.5363
16783.0000 855 458 0.5357
16800.0000 856 458 0.5350
16818.0000 857 458 0.5344
16835.0000 858 458 0.5338
16837.1000 858 459 0.5350
16852.1000 858 460 0.5361
16858.0000 859 460 0.5355
16881.0000 860 460 0.5349
16901.0000 861 460 0.5343
16917.0000 862 460 0.5336
16929.9000 862 461 0.5348
16935.0000 863 461 0.5342
16959.0000 864 461 0.5336
16980.0000 865 461 0.5329
16997.0000 866 461 0.5323
17021.0000 867 461 0.5317
17031.9000 867 462 0.5329
17033.6000 867 463 0.5340
17034.1000 867 464 0.5352
17040.0000 868 464 0.5346
17063.0000 869 464 0.5339
17070.5000 869 465 0.5351
17082.0000 870 465 0.5345
17105.0000 871 465 0.5339
17108.3000 871 466 0.5350
17126.0000 872 466 0.5344
17143.0000 873 466 0.5338
17162.0000 874 466 0.5332
17177.6000 874 467 0.5343
17181.0000 875 467 0.5337
17202.0000 876 467 0.5331
17225.0000 877 467 0.5325
17238.1000 877 468 0.5336
17240.0000 878 468 0.5330
17259.0000 879 468 0.5324
17278.0000 880 468 0.5318
17299.0000 881 468 0.5312
17318.0000 882 468 0.5306
17336.0000 883 468 0.5300
17339.5000 883 469 0.5311
17343.4000 883 470 0.5323
17353.0000 884 470 0.5317
17357.6000 884 471 0.5328
17370.0000 885 471 0.5322
17371.3000 885 472 0.5333
17393.6000 885 473 0.5345
17394.0000 886 473 0.5339
17416.0000 887 473 0.5333
17439.0000 888 473 0.5327
17454.0000 889 473 0.5321
17469.2000 889 474 0.5332
17477.0000 890 474 0.5326
17491.6000 890 475 0.5337
17497.0000 891 475 0.5331
17515.0000 892 475 0.5325
17535.0000 893 475 0.5319
17558.0000 894 475 0.5313
17574.0000 895 475 0.5307
17582.3000 895 476 0.5318
17598.0000 896 476 0.5313
17599.3000 896 477 0.5324
17619.0000 897 477 0.5318
17635.2000 897 478 0.5329
17639.0000 898 478 0.5323
17654.0000 899 478 0.5317
17672.0000 900 478 0.5311
17690.0000 901 478 0.5305
17710.0000 902 478 0.5299
17734.0000 903 478 0.5293
17748.2000 903 479 0.5305
17751.0000 904 479 0.5299
17755.7000 904 480 0.5310
17768.0000 904 481 0.5321
17774.0000 905 481 0.5315
17793.0000 906 481 0.5309
17808.0000 907 481 0.5303
17813.6000 907 482 0.5314
17816.7000 907 483 0.5325
17826.0000 908 483 0.5319
17835.5000 908 484 0.5330
17846.0000 909 484 0.5325
17864.0000 910 484 0.5319
17884.0000 911 484 0.5313
17895.3000 911 485 0.5324
17899.0000 912 485 0.5318
17900.6000 912 486 0.5329
17917.0000 913 486 0.5323
17934.5000 913 487 0.5334
17934.7000 913 488 0.5345
17936.0000 914 488 0.5339
17944.5000 914 489 0.5350
17953.8000 914 490 0.5361
17954.3000 914 491 0.5372
17958.0000 915 491 0.5366
17976.0000 916 491 0.5360
18000.0000 917 491 0.5354
