# time  created  delivered  delivered/created
22.0000 1 0 0.0000
38.0000 2 0 0.0000
54.0000 3 0 0.0000
72.0000 4 0 0.0000
94.0000 5 0 0.0000
110.0000 6 0 0.0000
133.0000 7 0 0.0000
153.0000 8 0 0.0000
175.0000 9 0 0.0000
191.0000 10 0 0.0000
210.0000 11 0 0.0000
225.0000 12 0 0.0000
249.0000 13 0 0.0000
265.0000 14 0 0.0000
281.0000 15 0 0.0000
304.0000 16 0 0.0000
328.0000 17 0 0.0000
343.0000 18 0 0.0000
367.0000 19 0 0.0000
382.0000 20 0 0.0000
399.0000 21 0 0.0000
420.0000 22 0 0.0000
439.0000 23 0 0.0000
458.0000 24 0 0.0000
480.0000 25 0 0.0000
497.0000 26 0 0.0000
515.0000 27 0 0.0000
538.0000 28 0 0.0000
562.0000 29 0 0.0000
581.0000 30 0 0.0000
581.2000 30 1 0.0333
603.0000 31 1 0.0323
625.0000 32 1 0.0313
640.9000 32 2 0.0625
646.0000 33 2 0.0606
661.6000 33 3 0.0909
667.0000 34 3 0.0882
685.0000 35 3 0.0857
691.0000 35 4 0.1143
700.0000 36 4 0.1111
713.9000 36 5 0.1389
722.0000 37 5 0.1351
741.0000 38 5 0.1316
764.0000 39 5 0.1282
773.6000 39 6 0.1538
784.0000 40 6 0.1500
806.0000 41 6 0.1463
829.0000 42 6 0.1429
851.0000 43 6 0.1395
873.0000 44 6 0.1364
895.0000 45 6 0.1333
903.5000 45 7 0.1556
918.0000 46 7 0.1522
941.0000 47 7 0.1489
957.0000 48 7 0.1458
975.0000 49 7 0.1429
998.0000 50 7 0.1400
1018.0000 51 7 0.1373
1040.0000 52 7 0.1346
1056.0000 53 7 0.1321
1077.0000 54 7 0.1296
1096.0000 55 7 0.1273
1117.0000 56 7 0.1250
1137.0000 57 7 0.1228
1159.0000 58 7 0.1207
1179.0000 59 7 0.1186
1193.3000 59 8 0.1356
1201.0000 60 8 0.1333
1216.0000 61 8 0.1311
1225.1000 61 9 0.1475
1226.1000 61 10 0.1639
1232.0000 62 10 0.1613
1251.0000 63 10 0.1587
1268.0000 64 10 0.1563
1287.0000 65 10 0.1538
1308.0000 66 10 0.1515
1327.0000 67 10 0.1493
1342.0000 68 10 0.1471
1364.0000 69 10 0.1449
1381.7000 69 11 0.1594
1388.0000 70 11 0.1571
1397.1000 70 12 0.1714
1407.0000 71 12 0.1690
1408.4000 71 13 0.1831
1422.0000 72 13 0.1806
1442.0000 73 13 0.1781
1464.0000 74 13 0.1757
1475.9000 74 14 0.1892
1478.4000 74 15 0.2027
1479.0000 75 15 0.2000
1483.1000 75 16 0.2133
1500.0000 76 16 0.2105
1518.0000 77 16 0.2078
1542.0000 78 16 0.2051
1560.8000 78 17 0.2179
1562.0000 79 17 0.2152
1577.0000 80 17 0.2125
1600.0000 81 17 0.2099
1620.0000 82 17 0.2073
1637.0000 83 17 0.2048
1652.0000 84 17 0.2024
1673.0000 85 17 0.2000
1695.0000 86 17 0.1977
1707.0000 86 18 0.2093
1709.8000 86 19 0.2209
1713.0000 87 19 0.2184
1736.2000 87 20 0.2299
1737.0000 88 20 0.2273
1739.4000 88 21 0.2386
1739.8000 88 22 0.2500
1760.0000 89 22 0.2472
1781.0000 90 22 0.2444
1804.0000 91 22 0.2418
1826.0000 92 22 0.2391
1849.0000 93 22 0.2366
1870.0000 94 22 0.2340
1881.2000 94 23 0.2447
1882.8000 94 24 0.2553
1890.0000 95 24 0.2526
1911.0000 96 24 0.2500
1929.0000 97 24 0.2474
1948.0000 98 24 0.2449
1965.0000 99 24 0.2424
1980.0000 100 24 0.2400
2002.0000 101 24 0.2376
2024.0000 102 24 0.2353
2028.0000 102 25 0.2451
2035.6000 102 26 0.2549
2041.0000 103 26 0.2524
2064.0000 104 26 0.2500
2073.8000 104 27 0.2596
2080.0000 105 27 0.2571
2095.0000 106 27 0.2547
2115.7000 106 28 0.2642
2119.0000 107 28 0.2617
2139.0000 108 28 0.2593
2142.8000 108 29 0.2685
2161.0000 109 29 0.2661
2178.0000 110 29 0.2636
2199.0000 111 29 0.2613
2222.0000 112 29 0.2589
2240.0000 113 29 0.2566
2256.4000 113 30 0.2655
2259.0000 114 30 0.2632
2275.0000 115 30 0.2609
2295.0000 116 30 0.2586
2314.0000 117 30 0.2564
2324.9000 117 31 0.2650
2335.0000 118 31 0.2627
2354.0000 119 31 0.2605
2377.0000 120 31 0.2583
2396.0000 121 31 0.2562
2411.0000 122 31 0.2541
2412.0000 122 32 0.2623
2433.0000 123 32 0.2602
2452.0000 124 32 0.2581
2460.7000 124 33 0.2661
2464.9000 124 34 0.2742
2470.3000 124 35 0.2823
2474.0000 125 35 0.2800
2490.0000 125 36 0.2880
2496.0000 126 36 0.2857
2511.0000 127 36 0.2835
2512.1000 127 37 0.2913
2526.0000 128 37 0.2891
2546.0000 129 37 0.2868
2554.5000 129 38 0.2946
2563.0000 130 38 0.2923
2586.0000 131 38 0.2901
2601.0000 132 38 0.2879
2621.0000 133 38 0.2857
2641.0000 134 38 0.2836
2662.0000 135 38 0.2815
2678.0000 136 38 0.2794
2679.8000 136 39 0.2868
2689.6000 136 40 0.2941
2690.0000 136 41 0.3015
2690.9000 136 42 0.3088
2693.0000 137 42 0.3066
2716.0000 138 42 0.3043
2735.0000 139 42 0.3022
2741.3000 139 43 0.3094
2754.0000 140 43 0.3071
2771.0000 141 43 0.3050
2773.0000 141 44 0.3121
2788.0000 142 44 0.3099
2800.0000 142 45 0.3169
2803.7000 142 46 0.3239
2807.0000 143 46 0.3217
2823.1000 143 47 0.3287
2831.0000 144 47 0.3264
2853.0000 145 47 0.3241
2868.0000 146 47 0.3219
2872.2000 146 48 0.3288
2891.0000 147 48 0.3265
2911.0000 148 48 0.3243
2926.0000 149 48 0.3221
2942.0000 150 48 0.3200
2962.0000 151 48 0.3179
2979.0000 152 48 0.3158
3003.0000 153 48 0.3137
3024.0000 154 48 0.3117
3040.0000 155 48 0.3097
3064.0000 156 48 0.3077
3065.8000 156 49 0.3141
3086.0000 157 49 0.3121
3087.1000 157 50 0.3185
3110.0000 158 50 0.3165
3119.7000 158 51 0.3228
3129.0000 159 51 0.3208
3147.0000 160 51 0.3188
3166.0000 161 51 0.3168
3168.6000 161 52 0.3230
3190.0000 162 52 0.3210
3210.0000 163 52 0.3190
3225.0000 164 52 0.3171
3243.0000 165 52 0.3152
3260.0000 166 52 0.3133
3261.2000 166 53 0.3193
3273.1000 166 54 0.3253
3283.0000 167 54 0.3234
3288.4000 167 55 0.3293
3305.0000 168 55 0.3274
3321.0000 169 55 0.3254
3344.0000 170 55 0.3235
3362.6000 170 56 0.3294
3365.0000 171 56 0.3275
3365.4000 171 57 0.3333
3385.0000 172 57 0.3314
3408.0000 173 57 0.3295
3414.4000 173 58 0.3353
3428.0000 174 58 0.3333
3429.2000 174 59 0.3391
3449.0000 175 59 0.3371
3472.0000 176 59 0.3352
3488.0000 177 59 0.3333
3511.0000 178 59 0.3315
3526.5000 178 60 0.3371
3530.6000 178 61 0.3427
3535.0000 179 61 0.3408
3548.8000 179 62 0.3464
3551.8000 179 63 0.3520
3552.0000 180 63 0.3500
3570.0000 181 63 0.3481
3570.4000 181 64 0.3536
3575.8000 181 65 0.3591
3589.0000 182 65 0.3571
3604.0000 183 65 0.3552
3619.0000 184 65 0.3533
3638.0000 185 65 0.3514
3653.0000 186 65 0.3495
3669.0000 187 65 0.3476
3689.0000 188 65 0.3457
3712.0000 189 65 0.3439
3730.0000 190 65 0.3421
3754.0000 191 65 0.3403
3771.0000 192 65 0.3385
3774.3000 192 66 0.3438
3787.0000 193 66 0.3420
3809.0000 194 66 0.3402
3832.0000 195 66 0.3385
3854.0000 196 66 0.3367
3873.0000 197 66 0.3350
3895.0000 198 66 0.3333
3919.0000 199 66 0.3317
3938.0000 200 66 0.3300
3946.3000 200 67 0.3350
3953.0000 200 68 0.3400
3955.0000 201 68 0.3383
3975.0000 202 68 0.3366
3996.0000 203 68 0.3350
4012.0000 204 68 0.3333
4031.0000 205 68 0.3317
4052.0000 206 68 0.3301
4054.9000 206 69 0.3350
4059.1000 206 70 0.3398
4070.0000 207 70 0.3382
4094.0000 208 70 0.3365
4115.0000 209 70 0.3349
4134.0000 210 70 0.3333
4153.0000 211 70 0.3318
4171.0000 212 70 0.3302
4194.0000 213 70 0.3286
4214.0000 214 70 0.3271
4220.2000 214 71 0.3318
4223.6000 214 72 0.3364
4235.0000 215 72 0.3349
4244.9000 215 73 0.3395
4251.0000 216 73 0.3380
4268.6000 216 74 0.3426
4272.0000 217 74 0.3410
4287.3000 217 75 0.3456
4288.3000 217 76 0.3502
4290.0000 218 76 0.3486
4314.0000 219 76 0.3470
4338.0000 220 76 0.3455
4360.0000 221 76 0.3439
4381.0000 222 76 0.3423
4400.0000 223 76 0.3408
4406.0000 223 77 0.3453
4417.6000 223 78 0.3498
4419.0000 224 78 0.3482
4419.1000 224 79 0.3527
4428.4000 224 80 0.3571
4434.0000 225 80 0.3556
4435.5000 225 81 0.3600
4451.4000 225 82 0.3644
4453.5000 225 83 0.3689
4458.0000 226 83 0.3673
4463.0000 226 84 0.3717
4476.0000 227 84 0.3700
4497.0000 228 84 0.3684
4505.4000 228 85 0.3728
4515.0000 229 85 0.3712
4525.9000 229 86 0.3755
4537.0000 230 86 0.3739
4556.0000 231 86 0.3723
4565.2000 231 87 0.3766
4580.0000 232 87 0.3750
4597.0000 233 87 0.3734
4607.1000 233 88 0.3777
4614.0000 234 88 0.3761
4634.0000 235 88 0.3745
4655.0000 236 88 0.3729
4665.1000 236 89 0.3771
4670.2000 236 90 0.3814
4672.0000 237 90 0.3797
4682.5000 237 91 0.3840
4689.0000 238 91 0.3824
4699.4000 238 92 0.3866
4706.0000 239 92 0.3849
4724.5000 239 93 0.3891
4729.0000 240 93 0.3875
4747.0000 241 93 0.3859
4762.0000 242 93 0.3843
4783.0000 243 93 0.3827
4795.2000 243 94 0.3868
4798.7000 243 95 0.3909
4807.0000 244 95 0.3893
4824.0000 245 95 0.3878
4848.0000 246 95 0.3862
4867.0000 247 95 0.3846
4883.5000 247 96 0.3887
4886.0000 248 96 0.3871
4909.0000 249 96 0.3855
4914.4000 249 97 0.3896
4928.0000 250 97 0.3880
4951.0000 251 97 0.3865
4966.0000 252 97 0.3849
4976.0000 252 98 0.3889
4986.0000 253 98 0.3874
5009.9000 253 99 0.3913
5010.0000 254 99 0.3898
5033.0000 255 99 0.3882
5048.0000 256 99 0.3867
5072.0000 257 99 0.3852
5076.2000 257 100 0.3891
5089.0000 258 100 0.3876
5112.0000 259 100 0.3861
5130.5000 259 101 0.3900
5131.0000 260 101 0.3885
5151.0000 261 101 0.3870
5175.0000 262 101 0.3855
5194.0000 263 101 0.3840
5215.0000 264 101 0.3826
5237.0000 265 101 0.3811
5254.0000 266 101 0.3797
5256.6000 266 102 0.3835
5269.0000 267 102 0.3820
5279.2000 267 103 0.3858
5291.0000 268 103 0.3843
5307.0000 269 103 0.3829
5324.0000 270 103 0.3815
5339.0000 271 103 0.3801
5355.3000 271 104 0.3838
5356.0000 272 104 0.3824
5371.0000 273 104 0.3810
5387.0000 274 104 0.3796
5409.3000 274 105 0.3832
5410.0000 275 105 0.3818
5426.0000 276 105 0.3804
5447.0000 277 105 0.3791
5470.0000 278 105 0.3777
5490.0000 279 105 0.3763
5507.0000 280 105 0.3750
5516.1000 280 106 0.3786
5528.0000 281 106 0.3772
5546.0000 282 106 0.3759
5564.0000 283 106 0.3746
5566.2000 283 107 0.3781
5568.1000 283 108 0.3816
5584.0000 284 108 0.3803
5607.0000 285 108 0.3789
5622.0000 285 109 0.3825
5625.0000 286 109 0.3811
5643.0000 287 109 0.3798
5665.0000 288 109 0.3785
5685.0000 289 109 0.3772
5693.8000 289 110 0.3806
5704.0000 290 110 0.3793
5724.0000 291 110 0.3780
5728.0000 291 111 0.3814
5745.0000 292 111 0.3801
5745.2000 292 112 0.3836
5760.0000 293 112 0.3823
5784.0000 294 112 0.3810
5805.0000 295 112 0.3797
5822.0000 296 112 0.3784
5841.0000 297 112 0.3771
5859.0000 298 112 0.3758
5874.0000 299 112 0.3746
5893.0000 300 112 0.3733
5895.4000 300 113 0.3767
5896.1000 300 114 0.3800
5906.5000 300 115 0.3833
5914.0000 301 115 0.3821
5914.3000 301 116 0.3854
5916.2000 301 117 0.3887
5932.0000 302 117 0.3874
5953.0000 303 117 0.3861
5970.5000 303 118 0.3894
5971.0000 304 118 0.3882
5986.0000 305 118 0.3869
5996.8000 305 119 0.3902
5997.6000 305 120 0.3934
5997.6000 305 121 0.3967
6003.8000 305 122 0.4000
6008.0000 306 122 0.3987
6012.9000 306 123 0.4020
6024.0000 307 123 0.4007
6029.0000 307 124 0.4039
6031.6000 307 125 0.4072
6041.0000 308 125 0.4058
6063.0000 309 125 0.4045
6068.1000 309 126 0.4078
6074.6000 309 127 0.4110
6087.0000 310 127 0.4097
6105.0000 311 127 0.4084
6124.0000 312 127 0.4071
6131.1000 312 128 0.4103
6145.0000 313 128 0.4089
6166.0000 314 128 0.4076
6180.1000 314 129 0.4108
6182.0000 315 129 0.4095
6201.0000 316 129 0.4082
6216.0000 317 129 0.4069
6216.8000 317 130 0.4101
6231.0000 318 130 0.4088
6248.0000 319 130 0.4075
6261.7000 319 131 0.4107
6267.0000 320 131 0.4094
6288.1000 320 132 0.4125
6289.0000 321 132 0.4112
6298.8000 321 133 0.4143
6308.0000 322 133 0.4130
6332.0000 323 133 0.4118
6338.7000 323 134 0.4149
6340.3000 323 135 0.4180
6355.0000 324 135 0.4167
6372.0000 325 135 0.4154
6374.6000 325 136 0.4185
6391.9000 325 137 0.4215
6393.0000 326 137 0.4202
6417.0000 327 137 0.4190
6424.2000 327 138 0.4220
6441.0000 328 138 0.4207
6465.0000 329 138 0.4195
6466.3000 329 139 0.4225
6469.1000 329 140 0.4255
6486.0000 330 140 0.4242
6499.4000 330 141 0.4273
6502.0000 331 141 0.4260
6518.0000 332 141 0.4247
6536.0000 333 141 0.4234
6548.1000 333 142 0.4264
6551.1000 333 143 0.4294
6555.0000 334 143 0.4281
6572.0000 335 143 0.4269
6591.0000 336 143 0.4256
6608.0000 337 143 0.4243
6631.0000 338 143 0.4231
6646.0000 339 143 0.4218
6665.0000 340 143 0.4206
6684.0000 341 143 0.4194
6689.2000 341 144 0.4223
6696.4000 341 145 0.4252
6708.0000 342 145 0.4240
6725.0000 343 145 0.4227
6729.8000 343 146 0.4257
6745.0000 344 146 0.4244
6760.0000 345 146 0.4232
6770.7000 345 147 0.4261
6777.3000 345 148 0.4290
6781.0000 346 148 0.4277
6793.2000 346 149 0.4306
6794.7000 346 150 0.4335
6800.0000 347 150 0.4323
6807.8000 347 151 0.4352
6816.0000 348 151 0.4339
6827.4000 348 152 0.4368
6839.0000 349 152 0.4355
6854.0000 350 152 0.4343
6874.0000 351 152 0.4330
6876.1000 351 153 0.4359
6889.0000 352 153 0.4347
6893.6000 352 154 0.4375
6900.6000 352 155 0.4403
6909.0000 353 155 0.4391
6930.0000 354 155 0.4379
6950.0000 354 156 0.4407
6951.0000 355 156 0.4394
6952.1000 355 157 0.4423
6953.2000 355 158 0.4451
6971.0000 356 158 0.4438
6973.3000 356 159 0.4466
6978.5000 356 160 0.4494
6995.0000 357 160 0.4482
7010.0000 358 160 0.4469
7019.3000 358 161 0.4497
7020.9000 358 162 0.4525
7029.0000 359 162 0.4513
7048.0000 360 162 0.4500
7062.8000 360 163 0.4528
7071.0000 361 163 0.4515
7093.0000 362 163 0.4503
7108.0000 363 163 0.4490
7130.0000 364 163 0.4478
7147.0000 365 163 0.4466
7163.0000 366 163 0.4454
7176.4000 366 164 0.4481
7180.0000 367 164 0.4469
7189.3000 367 165 0.4496
7197.0000 368 165 0.4484
7221.0000 369 165 0.4472
7240.0000 370 165 0.4459
7244.5000 370 166 0.4486
7255.0000 371 166 0.4474
7272.0000 372 166 0.4462
7296.0000 373 166 0.4450
7319.0000 374 166 0.4439
7326.9000 374 167 0.4465
7333.2000 374 168 0.4492
7335.0000 375 168 0.4480
7358.0000 376 168 0.4468
7378.0000 377 168 0.4456
7394.0000 378 168 0.4444
7411.0000 379 168 0.4433
7435.0000 380 168 0.4421
7436.5000 380 169 0.4447
7459.0000 381 169 0.4436
7472.0000 381 170 0.4462
7480.0000 382 170 0.4450
7498.0000 383 170 0.4439
7514.0000 384 170 0.4427
7516.2000 384 171 0.4453
7534.0000 384 172 0.4479
7535.4000 384 173 0.4505
7536.0000 385 173 0.4494
7559.0000 386 173 0.4482
7574.0000 387 173 0.4470
7583.5000 387 174 0.4496
7585.3000 387 175 0.4522
7589.9000 387 176 0.4548
7595.0000 388 176 0.4536
7613.0000 389 176 0.4524
7621.0000 389 177 0.4550
7632.0000 390 177 0.4538
7649.9000 390 178 0.4564
7650.2000 390 179 0.4590
7656.0000 391 179 0.4578
7666.2000 391 180 0.4604
7673.0000 392 180 0.4592
7679.7000 392 181 0.4617
7696.0000 393 181 0.4606
7713.0000 394 181 0.4594
7730.0000 395 181 0.4582
7745.0000 396 181 0.4571
7762.0000 397 181 0.4559
7781.3000 397 182 0.4584
7784.0000 398 182 0.4573
7804.0000 399 182 0.4561
7809.4000 399 183 0.4586
7822.0000 400 183 0.4575
7838.5000 400 184 0.4600
7840.0000 401 184 0.4589
7858.0000 402 184 0.4577
7874.0000 403 184 0.4566
7883.6000 403 185 0.4591
7890.1000 403 186 0.4615
7895.0000 404 186 0.4604
7914.0000 405 186 0.4593
7931.0000 406 186 0.4581
7935.6000 406 187 0.4606
7948.0000 407 187 0.4595
7960.8000 407 188 0.4619
7972.0000 408 188 0.4608
7980.0000 408 189 0.4632
7987.0000 409 189 0.4621
7992.4000 409 190 0.4645
8002.0000 410 190 0.4634
8018.1000 410 191 0.4659
8024.0000 411 191 0.4647
8034.7000 411 192 0.4672
8037.2000 411 193 0.4696
8040.0000 412 193 0.4684
8041.7000 412 194 0.4709
8059.0000 413 194 0.4697
8082.0000 414 194 0.4686
8099.0000 415 194 0.4675
8116.0000 416 194 0.4663
8137.0000 417 194 0.4652
8158.0000 418 194 0.4641
8173.0000 419 194 0.4630
8190.0000 420 194 0.4619
8205.0000 421 194 0.4608
8205.7000 421 195 0.4632
8227.0000 422 195 0.4621
8251.0000 423 195 0.4610
8270.0000 423 196 0.4634
8275.0000 424 196 0.4623
8297.0000 425 196 0.4612
8317.0000 426 196 0.4601
8336.0000 427 196 0.4590
8359.0000 428 196 0.4579
8375.0000 429 196 0.4569
8396.0000 430 196 0.4558
8414.0000 431 196 0.4548
8437.0000 432 196 0.4537
8453.0000 433 196 0.4527
8468.0000 434 196 0.4516
8474.6000 434 197 0.4539
8492.0000 435 197 0.4529
8510.0000 436 197 0.4518
8525.0000 437 197 0.4508
8544.0000 438 197 0.4498
8562.5000 438 198 0.4521
8566.0000 439 198 0.4510
8572.8000 439 199 0.4533
8578.2000 439 200 0.4556
8586.0000 440 200 0.4545
8609.0000 441 200 0.4535
8625.0000 442 200 0.4525
8641.5000 442 201 0.4548
8643.4000 442 202 0.4570
8644.0000 443 202 0.4560
8663.0000 444 202 0.4550
8681.0000 445 202 0.4539
8697.0000 446 202 0.4529
8703.9000 446 203 0.4552
8719.0000 447 203 0.4541
8743.0000 448 203 0.4531
8748.8000 448 204 0.4554
8749.8000 448 205 0.4576
8767.0000 449 205 0.4566
8784.0000 450 205 0.4556
8800.0000 451 205 0.4545
8807.3000 451 206 0.4568
8823.0000 452 206 0.4558
8824.9000 452 207 0.4580
8829.0000 452 208 0.4602
8839.0000 453 208 0.4592
8843.6000 453 209 0.4614
8854.0000 454 209 0.4604
8861.2000 454 210 0.4626
8869.0000 455 210 0.4615
8875.4000 455 211 0.4637
8890.2000 455 212 0.4659
8892.0000 456 212 0.4649
8911.0000 457 212 0.4639
8929.0000 458 212 0.4629
8944.0000 459 212 0.4619
8955.3000 459 213 0.4641
8961.0000 460 213 0.4630
8968.9000 460 214 0.4652
8979.0000 461 214 0.4642
8997.0000 462 214 0.4632
8997.1000 462 215 0.4654
9011.3000 462 216 0.4675
9013.0000 463 216 0.4665
9013.0000 463 217 0.4687
9026.4000 463 218 0.4708
9035.0000 464 218 0.4698
9055.6000 464 219 0.4720
9058.0000 465 219 0.4710
9070.2000 465 220 0.4731
9073.0000 466 220 0.4721
9090.7000 466 221 0.4742
9093.4000 466 222 0.4764
9095.0000 467 222 0.4754
9119.0000 468 222 0.4744
9130.1000 468 223 0.4765
9143.0000 469 223 0.4755
9145.0000 469 224 0.4776
9151.9000 469 225 0.4797
9162.0000 470 225 0.4787
9186.0000 471 225 0.4777
9196.5000 471 226 0.4798
9209.0000 472 226 0.4788
9215.1000 472 227 0.4809
9219.9000 472 228 0.4831
9224.0000 473 228 0.4820
9245.0000 474 228 0.4810
9264.0000 475 228 0.4800
9268.3000 475 229 0.4821
9283.0000 475 230 0.4842
9288.0000 476 230 0.4832
9306.5000 476 231 0.4853
9310.0000 477 231 0.4843
9315.8000 477 232 0.4864
9326.0000 478 232 0.4854
9341.0000 479 232 0.4843
9365.0000 480 232 0.4833
9378.3000 480 233 0.4854
9387.0000 481 233 0.4844
9403.0000 482 233 0.4834
9426.0000 483 233 0.4824
9444.0000 484 233 0.4814
9468.0000 485 233 0.4804
9485.0000 486 233 0.4794
9503.0000 487 233 0.4784
9507.7000 487 234 0.4805
9527.0000 488 234 0.4795
9550.0000 489 234 0.4785
9566.1000 489 235 0.4806
9573.0000 490 235 0.4796
9591.0000 491 235 0.4786
9614.0000 492 235 0.4776
9632.0000 493 235 0.4767
9653.0000 494 235 0.4757
9673.6000 494 236 0.4777
9676.0000 495 236 0.4768
9689.9000 495 237 0.4788
9693.0000 496 237 0.4778
9715.0000 497 237 0.4769
9736.0000 498 237 0.4759
9750.0000 498 238 0.4779
9752.0000 499 238 0.4770
9776.0000 500 238 0.4760
9799.0000 501 238 0.4750
9817.1000 501 239 0.4770
9821.0000 502 239 0.4761
9837.0000 503 239 0.4751
9846.7000 503 240 0.4771
9861.0000 504 240 0.4762
9879.0000 505 240 0.4752
9894.0000 506 240 0.4743
9909.0000 507 240 0.4734
9927.0000 508 240 0.4724
9946.0000 509 240 0.4715
9969.0000 510 240 0.4706
9977.2000 510 241 0.4725
9988.0000 511 241 0.4716
9990.1000 511 242 0.4736
10007.0000 512 242 0.4727
10013.2000 512 243 0.4746
10016.0000 512 244 0.4766
10024.0000 513 244 0.4756
10027.6000 513 245 0.4776
10044.0000 514 245 0.4767
10050.2000 514 246 0.4786
10067.0000 515 246 0.4777
10087.0000 516 246 0.4767
10107.8000 516 247 0.4787
10111.0000 517 247 0.4778
10132.0000 518 247 0.4768
10154.0000 519 247 0.4759
10176.1000 519 248 0.4778
10176.7000 519 249 0.4798
10177.0000 520 249 0.4788
10194.0000 521 249 0.4779
10216.0000 522 249 0.4770
10233.5000 522 250 0.4789
10235.0000 523 250 0.4780
10257.0000 524 250 0.4771
10265.1000 524 251 0.4790
10281.0000 525 251 0.4781
10300.0000 526 251 0.4772
10320.0000 527 251 0.4763
10343.0000 528 251 0.4754
10345.8000 528 252 0.4773
10366.0000 529 252 0.4764
10382.0000 530 252 0.4755
10402.0000 531 252 0.4746
10403.1000 531 253 0.4765
10423.0000 532 253 0.4756
10441.0000 533 253 0.4747
10443.4000 533 254 0.4765
10461.0000 534 254 0.4757
10480.0000 535 254 0.4748
10496.9000 535 255 0.4766
10497.0000 536 255 0.4757
10518.0000 537 255 0.4749
10537.0000 538 255 0.4740
10537.2000 538 256 0.4758
10552.3000 538 257 0.4777
10553.9000 538 258 0.4796
10555.0000 539 258 0.4787
10571.0000 540 258 0.4778
10591.0000 541 258 0.4769
10608.7000 541 259 0.4787
10615.0000 542 259 0.4779
10616.1000 542 260 0.4797
10637.0000 543 260 0.4788
10645.7000 543 261 0.4807
10657.0000 544 261 0.4798
10665.1000 544 262 0.4816
10681.0000 545 262 0.4807
10703.0000 546 262 0.4799
10725.3000 546 263 0.4817
10726.0000 547 263 0.4808
10747.4000 547 264 0.4826
10748.0000 548 264 0.4818
10768.0000 549 264 0.4809
10781.7000 549 265 0.4827
10788.0000 550 265 0.4818
10808.0000 551 265 0.4809
10823.0000 552 265 0.4801
10842.0000 553 265 0.4792
10849.2000 553 266 0.4810
10866.0000 554 266 0.4801
10876.3000 554 267 0.4819
10879.6000 554 268 0.4838
10881.2000 554 269 0.4856
10885.0000 555 269 0.4847
10887.3000 555 270 0.4865
10907.0000 556 270 0.4856
10915.0000 556 271 0.4874
10925.0000 557 271 0.4865
10942.0000 558 271 0.4857
10966.0000 559 271 0.4848
10983.0000 560 271 0.4839
10987.6000 560 272 0.4857
11006.0000 561 272 0.4848
11019.4000 561 273 0.4866
11023.0000 562 273 0.4858
11046.0000 563 273 0.4849
11058.1000 563 274 0.4867
11068.0000 564 274 0.4858
11084.0000 565 274 0.4850
11099.1000 565 275 0.4867
11102.0000 566 275 0.4859
11120.0000 567 275 0.4850
11131.3000 567 276 0.4868
11131.8000 567 277 0.4885
11143.0000 568 277 0.4877
11145.6000 568 278 0.4894
11166.0000 569 278 0.4886
11182.0000 570 278 0.4877
11198.8000 570 279 0.4895
11201.0000 571 279 0.4886
11205.6000 571 280 0.4904
11216.8000 571 281 0.4921
11218.0000 572 281 0.4913
11238.0000 573 281 0.4904
11250.8000 573 282 0.4921
11252.6000 573 283 0.4939
11260.0000 574 283 0.4930
11280.0000 575 283 0.4922
11298.0000 576 283 0.4913
11308.0000 576 284 0.4931
11308.0000 576 285 0.4948
11319.0000 577 285 0.4939
11341.0000 577 286 0.4957
11343.0000 578 286 0.4948
11363.0000 579 286 0.4940
11376.5000 579 287 0.4957
11381.0000 580 287 0.4948
11381.5000 580 288 0.4966
11405.0000 581 288 0.4957
11424.0000 582 288 0.4948
11432.3000 582 289 0.4966
11433.2000 582 290 0.4983
11443.0000 583 290 0.4974
11450.2000 583 291 0.4991
11467.0000 584 291 0.4983
11491.0000 585 291 0.4974
11508.7000 585 292 0.4991
11511.0000 586 292 0.4983
11529.0000 587 292 0.4974
11547.0000 588 292 0.4966
11563.1000 588 293 0.4983
11566.0000 589 293 0.4975
11586.0000 590 293 0.4966
11610.0000 591 293 0.4958
11621.2000 591 294 0.4975
11626.0000 592 294 0.4966
11640.2000 592 295 0.4983
11650.0000 593 295 0.4975
11665.0000 594 295 0.4966
11669.9000 594 296 0.4983
11678.8000 594 297 0.5000
11680.0000 595 297 0.4992
11685.3000 595 298 0.5008
11686.0000 595 299 0.5025
11688.1000 595 300 0.5042
11696.0000 596 300 0.5034
11711.0000 597 300 0.5025
11718.3000 597 301 0.5042
11731.0000 598 301 0.5033
11755.0000 599 301 0.5025
11771.0000 600 301 0.5017
11773.2000 600 302 0.5033
11781.7000 600 303 0.5050
11790.0000 601 303 0.5042
11805.5000 601 304 0.5058
11809.0000 602 304 0.5050
11810.1000 602 305 0.5066
11822.8000 602 306 0.5083
11827.0000 603 306 0.5075
11851.0000 604 306 0.5066
11867.0000 605 306 0.5058
11885.0000 606 306 0.5050
11907.0000 607 306 0.5041
11929.0000 608 306 0.5033
11935.6000 608 307 0.5049
11940.3000 608 308 0.5066
11948.0000 609 308 0.5057
11971.0000 610 308 0.5049
11989.8000 610 309 0.5066
11995.0000 611 309 0.5057
12005.8000 611 310 0.5074
12012.0000 612 310 0.5065
12033.0000 613 310 0.5057
12040.5000 613 311 0.5073
12048.0000 614 311 0.5065
12070.0000 615 311 0.5057
12073.0000 615 312 0.5073
12075.7000 615 313 0.5089
12088.0000 616 313 0.5081
12104.0000 617 313 0.5073
12124.0000 618 313 0.5065
12125.9000 618 314 0.5081
12130.9000 618 315 0.5097
12145.0000 619 315 0.5089
12153.5000 619 316 0.5105
12165.0000 620 316 0.5097
12189.0000 621 316 0.5089
12197.6000 621 317 0.5105
12209.0000 622 317 0.5096
12210.0000 622 318 0.5113
12210.6000 622 319 0.5129
12218.1000 622 320 0.5145
12218.5000 622 321 0.5161
12220.5000 622 322 0.5177
12224.6000 622 323 0.5193
12226.0000 623 323 0.5185
12249.0000 624 323 0.5176
12270.0000 625 323 0.5168
12287.0000 626 323 0.5160
12305.0000 627 323 0.5152
12306.8000 627 324 0.5167
12307.4000 627 325 0.5183
12315.5000 627 326 0.5199
12323.0000 628 326 0.5191
12330.0000 628 327 0.5207
12335.4000 628 328 0.5223
12339.0000 629 328 0.5215
12341.9000 629 329 0.5231
12358.0000 630 329 0.5222
12377.0000 631 329 0.5214
12399.0000 632 329 0.5206
12416.9000 632 330 0.5222
12421.0000 633 330 0.5213
12444.0000 634 330 0.5205
12463.0000 635 330 0.5197
12479.0000 636 330 0.5189
12497.0000 637 330 0.5181
12518.0000 638 330 0.5172
12535.6000 638 331 0.5188
12538.0000 639 331 0.5180
12556.0000 640 331 0.5172
12574.5000 640 332 0.5188
12575.0000 641 332 0.5179
12596.0000 642 332 0.5171
12611.0000 643 332 0.5163
12635.0000 644 332 0.5155
12642.9000 644 333 0.5171
12650.1000 644 334 0.5186
12655.0000 645 334 0.5178
12669.4000 645 335 0.5194
12672.0000 646 335 0.5186
12689.5000 646 336 0.5201
12690.1000 646 337 0.5217
12691.0000 647 337 0.5209
12702.1000 647 338 0.5224
12713.0000 648 338 0.5216
12720.7000 648 339 0.5231
12725.8000 648 340 0.5247
12727.4000 648 341 0.5262
12737.0000 649 341 0.5254
12749.4000 649 342 0.5270
12761.0000 650 342 0.5262
12781.0000 651 342 0.5253
12798.0000 652 342 0.5245
12818.0000 653 342 0.5237
12830.3000 653 343 0.5253
12836.3000 653 344 0.5268
12839.0000 654 344 0.5260
12863.0000 655 344 0.5252
12884.0000 656 344 0.5244
12901.0000 657 344 0.5236
12919.0000 658 344 0.5228
12936.0000 659 344 0.5220
12954.0000 660 344 0.5212
12971.0000 661 344 0.5204
12975.8000 661 345 0.5219
12986.0000 662 345 0.5211
12986.2000 662 346 0.5227
13009.0000 663 346 0.5219
13021.8000 663 347 0.5234
13029.0000 664 347 0.5226
13048.0000 665 347 0.5218
13049.7000 665 348 0.5233
13069.0000 666 348 0.5225
13071.4000 666 349 0.5240
13080.5000 666 350 0.5255
13090.0000 667 350 0.5247
13112.0000 668 350 0.5240
13126.6000 668 351 0.5254
13132.3000 668 352 0.5269
13132.5000 668 353 0.5284
13135.0000 669 353 0.5277
13146.6000 669 354 0.5291
13157.0000 670 354 0.5284
13175.0000 671 354 0.5276
13198.0000 672 354 0.5268
13219.9000 672 355 0.5283
13222.0000 673 355 0.5275
13237.0000 674 355 0.5267
13261.0000 675 355 0.5259
13266.4000 675 356 0.5274
13279.0000 676 356 0.5266
13288.8000 676 357 0.5281
13295.9000 676 358 0.5296
13303.0000 677 358 0.5288
13307.7000 677 359 0.5303
13311.7000 677 360 0.5318
13327.0000 678 360 0.5310
13344.0000 679 360 0.5302
13361.9000 679 361 0.5317
13367.0000 680 361 0.5309
13385.0000 681 361 0.5301
13400.0000 682 361 0.5293
13421.8000 682 362 0.5308
13422.0000 683 362 0.5300
13436.6000 683 363 0.5315
13439.0000 684 363 0.5307
13461.4000 684 364 0.5322
13463.0000 685 364 0.5314
13485.0000 686 364 0.5306
13501.0000 687 364 0.5298
13522.0000 688 364 0.5291
13535.4000 688 365 0.5305
13543.0000 689 365 0.5298
13558.0000 690 365 0.5290
13578.0000 691 365 0.5282
13597.0000 692 365 0.5275
13601.2000 692 366 0.5289
13605.2000 692 367 0.5303
13612.0000 693 367 0.5296
13622.2000 693 368 0.5310
13624.3000 693 369 0.5325
13633.0000 694 369 0.5317
13634.9000 694 370 0.5331
13637.5000 694 371 0.5346
13654.0000 695 371 0.5338
13674.0000 696 371 0.5330
13689.0000 697 371 0.5323
13701.7000 697 372 0.5337
13713.0000 698 372 0.5330
13732.6000 698 373 0.5344
13733.0000 699 373 0.5336
13750.0000 700 373 0.5329
13752.1000 700 374 0.5343
13771.0000 701 374 0.5335
13771.6000 701 375 0.5350
13772.6000 701 376 0.5364
13787.0000 702 376 0.5356
13803.6000 702 377 0.5370
13808.0000 703 377 0.5363
13813.9000 703 378 0.5377
13831.0000 704 378 0.5369
13835.7000 704 379 0.5384
13844.4000 704 380 0.5398
13853.0000 705 380 0.5390
13869.4000 705 381 0.5404
13874.0000 706 381 0.5397
13894.0000 707 381 0.5389
13910.0000 707 382 0.5403
13915.0000 708 382 0.5395
13937.0000 709 382 0.5388
13940.0000 709 383 0.5402
13952.0000 710 383 0.5394
13955.8000 710 384 0.5408
13976.0000 711 384 0.5401
13994.0000 712 384 0.5393
14011.0000 713 384 0.5386
14032.0000 714 384 0.5378
14056.0000 715 384 0.5371
14077.0000 716 384 0.5363
14092.0000 717 384 0.5356
14107.0000 718 384 0.5348
14108.3000 718 385 0.5362
14123.0000 719 385 0.5355
14147.0000 720 385 0.5347
14166.1000 720 386 0.5361
14167.0000 721 386 0.5354
14186.0000 722 386 0.5346
14204.0000 723 386 0.5339
14207.1000 723 387 0.5353
14208.5000 723 388 0.5367
14225.0000 724 388 0.5359
14245.0000 725 388 0.5352
14259.9000 725 389 0.5366
14265.0000 725 390 0.5379
14267.0000 726 390 0.5372
14286.0000 727 390 0.5365
14304.0000 728 390 0.5357
14323.0000 729 390 0.5350
14343.0000 730 390 0.5342
14357.4000 730 391 0.5356
14363.0000 731 391 0.5349
14379.3000 731 392 0.5363
14385.0000 732 392 0.5355
14404.0000 733 392 0.5348
14420.0000 734 392 0.5341
14441.0000 735 392 0.5333
14450.1000 735 393 0.5347
14456.0000 736 393 0.5340
14466.4000 736 394 0.5353
14475.0000 737 394 0.5346
14499.0000 738 394 0.5339
14507.7000 738 395 0.5352
14520.6000 738 396 0.5366
14523.0000 739 396 0.5359
14544.0000 740 396 0.5351
14568.0000 741 396 0.5344
14588.0000 742 396 0.5337
14603.0000 743 396 0.5330
14618.0000 744 396 0.5323
14621.1000 744 397 0.5336
14630.9000 744 398 0.5349
14639.0000 745 398 0.5342
14655.0000 746 398 0.5335
14676.0000 747 398 0.5328
14696.0000 748 398 0.5321
14705.3000 748 399 0.5334
14718.0000 749 399 0.5327
14732.0000 749 400 0.5340
14734.1000 749 401 0.5354
14736.0000 750 401 0.5347
14746.0000 750 402 0.5360
14756.0000 751 402 0.5353
14773.0000 752 402 0.5346
14790.0000 753 402 0.5339
14809.0000 754 402 0.5332
14831.0000 755 402 0.5325
14840.8000 755 403 0.5338
14848.0000 756 403 0.5331
14857.2000 756 404 0.5344
14867.0000 757 404 0.5337
14889.0000 758 404 0.5330
14905.0000 759 404 0.5323
14905.1000 759 405 0.5336
14915.3000 759 406 0.5349
14927.0000 760 406 0.5342
14927.1000 760 407 0.5355
14942.0000 761 407 0.5348
14961.0000 762 407 0.5341
14975.8000 762 408 0.5354
14976.2000 762 409 0.5367
14984.0000 763 409 0.5360
14999.0000 764 409 0.5353
15003.3000 764 410 0.5366
15021.0000 765 410 0.5359
15041.0000 766 410 0.5352
15058.0000 767 410 0.5346
15073.7000 767 411 0.5359
15074.0000 768 411 0.5352
15093.0000 769 411 0.5345
15114.0000 770 411 0.5338
15125.1000 770 412 0.5351
15132.0000 771 412 0.5344
15149.0000 772 412 0.5337
15156.0000 772 413 0.5350
15172.0000 773 413 0.5343
15190.0000 774 413 0.5336
15212.0000 775 413 0.5329
15235.0000 776 413 0.5322
15256.0000 777 413 0.5315
15280.0000 778 413 0.5308
15297.0000 779 413 0.5302
15299.3000 779 414 0.5315
15318.0000 780 414 0.5308
15336.0000 781 414 0.5301
15360.0000 782 414 0.5294
15381.0000 783 414 0.5287
15389.7000 783 415 0.5300
15392.2000 783 416 0.5313
15399.0000 784 416 0.5306
15405.2000 784 417 0.5319
15419.0000 785 417 0.5312
15439.2000 785 418 0.5325
15441.0000 786 418 0.5318
15442.1000 786 419 0.5331
15465.0000 787 419 0.5324
15473.5000 787 420 0.5337
15482.0000 788 420 0.5330
15504.0000 789 420 0.5323
15517.9000 789 421 0.5336
15526.0000 790 421 0.5329
15547.0000 791 421 0.5322
15569.0000 792 421 0.5316
15583.0000 792 422 0.5328
15591.0000 793 422 0.5322
15615.0000 794 422 0.5315
15632.0000 795 422 0.5308
15651.0000 796 422 0.5302
15666.0000 797 422 0.5295
15684.0000 798 422 0.5288
15708.0000 799 422 0.5282
15724.0000 800 422 0.5275
15743.0000 800 423 0.5288
15746.0000 801 423 0.5281
15755.2000 801 424 0.5293
15764.0000 802 424 0.5287
15780.2000 802 425 0.5299
15782.0000 803 425 0.5293
15793.3000 803 426 0.5305
15799.0000 804 426 0.5299
15815.0000 805 426 0.5292
15838.0000 806 426 0.5285
15854.0000 807 426 0.5279
15873.0000 808 426 0.5272
15891.0000 808 427 0.5285
15894.0000 809 427 0.5278
15909.0000 810 427 0.5272
15922.6000 810 428 0.5284
15927.0000 811 428 0.5277
15948.0000 812 428 0.5271
15953.1000 812 429 0.5283
15956.3000 812 430 0.5296
15967.0000 813 430 0.5289
15990.0000 814 430 0.5283
16004.6000 814 431 0.5295
16010.0000 815 431 0.5288
16027.0000 816 431 0.5282
16028.1000 816 432 0.5294
16042.0000 817 432 0.5288
16061.0000 818 432 0.5281
16061.0000 818 433 0.5293
16080.0000 819 433 0.5287
16104.0000 820 433 0.5280
16124.0000 821 433 0.5274
16126.7000 821 434 0.5286
16139.0000 822 434 0.5280
16155.0000 823 434 0.5273
16159.0000 823 435 0.5286
16163.2000 823 436 0.5298
16175.0000 824 436 0.5291
16196.0000 825 436 0.5285
16199.9000 825 437 0.5297
16206.4000 825 438 0.5309
16212.0000 826 438 0.5303
16220.0000 826 439 0.5315
16230.0000 827 439 0.5308
16245.0000 828 439 0.5302
16258.9000 828 440 0.5314
16261.0000 829 440 0.5308
16281.0000 830 440 0.5301
16301.0000 831 440 0.5295
16322.0000 832 440 0.5288
16330.1000 832 441 0.5300
16334.9000 832 442 0.5313
16338.0000 833 442 0.5306
16357.0000 834 442 0.5300
16371.3000 834 443 0.5312
16380.0000 835 443 0.5305
16399.0000 836 443 0.5299
16410.7000 836 444 0.5311
16416.0000 837 444 0.5305
16433.0000 838 444 0.5298
16455.0000 839 444 0.5292
16479.0000 840 444 0.5286
16503.0000 841 444 0.5279
16520.1000 841 445 0.5291
16526.0000 842 445 0.5285
16547.0000 843 445 0.5279
16568.0000 844 445 0.5273
16588.9000 844 446 0.5284
16589.0000 845 446 0.5278
16610.0000 846 446 0.5272
16627.6000 846 447 0.5284
16628.0000 847 447 0.5277
16629.7000 847 448 0.5289
16633.4000 847 449 0.5301
16646.0000 848 449 0.5295
16662.0000 849 449 0.5289
16682.0000 850 449 0.5282
16684.6000 850 450 0.5294
16699.0000 851 450 0.5288
16721.7000 851 451 0.5300
16723.0000 852 451 0.5293
16745.0000 853 451 0.5287
16760.0000 854 451 0.5281
16767.6000 854 452 0.5293
16783.0000 855 452 0.5287
16800.0000 856 452 0.5280
16818.0000 857 452 0.5274
16835.0000 858 452 0.5268
16849.4000 858 453 0.5280
16852.1000 858 454 0.5291
16858.0000 859 454 0.5285
16881.0000 860 454 0.5279
16901.0000 861 454 0.5273
16917.0000 862 454 0.5267
16930.8000 862 455 0.5278
16935.0000 863 455 0.5272
16959.0000 864 455 0.5266
16959.8000 864 456 0.5278
16980.0000 865 456 0.5272
16997.0000 866 456 0.5266
17021.0000 867 456 0.5260
17036.7000 867 457 0.5271
17036.7000 867 458 0.5283
17040.0000 868 458 0.5276
17063.0000 869 458 0.5270
17082.0000 870 458 0.5264
17105.0000 871 458 0.5258
17126.0000 872 458 0.5252
17143.0000 873 458 0.5246
17149.6000 873 459 0.5258
17162.0000 874 459 0.5252
17181.0000 875 459 0.5246
17202.0000 876 459 0.5240
17209.5000 876 460 0.5251
17225.0000 877 460 0.5245
17240.0000 878 460 0.5239
17259.0000 879 460 0.5233
17275.4000 879 461 0.5245
17278.0000 880 461 0.5239
17280.6000 880 462 0.5250
17299.0000 881 462 0.5244
17305.3000 881 463 0.5255
17318.0000 882 463 0.5249
17336.0000 883 463 0.5243
17338.2000 883 464 0.5255
17349.9000 883 465 0.5266
17353.0000 884 465 0.5260
17357.6000 884 466 0.5271
17370.0000 885 466 0.5266
17371.3000 885 467 0.5277
17375.7000 885 468 0.5288
17393.6000 885 469 0.5299
17394.0000 886 469 0.5293
17416.0000 887 469 0.5287
17439.0000 888 469 0.5282
17454.0000 889 469 0.5276
17469.2000 889 470 0.5287
17477.0000 890 470 0.5281
17497.0000 891 470 0.5275
17515.0000 892 470 0.5269
17535.0000 893 470 0.5263
17535.3000 893 471 0.5274
17548.0000 893 472 0.5286
17558.0000 894 472 0.5280
17574.0000 895 472 0.5274
17598.0000 896 472 0.5268
17619.0000 897 472 0.5262
17639.0000 898 472 0.5256
17654.0000 899 472 0.5250
17672.0000 900 472 0.5244
17690.0000 901 472 0.5239
17710.0000 902 472 0.5233
17734.0000 903 472 0.5227
17751.0000 904 472 0.5221
17771.8000 904 473 0.5232
17773.8000 904 474 0.5243
17774.0000 905 474 0.5238
17793.0000 906 474 0.5232
17808.0000 907 474 0.5226
17816.2000 907 475 0.5237
17826.0000 908 475 0.5231
17846.0000 909 475 0.5226
17864.0000 910 475 0.5220
17866.7000 910 476 0.5231
17884.0000 911 476 0.5225
17899.0000 912 476 0.5219
17917.0000 913 476 0.5214
17934.5000 913 477 0.5225
17934.7000 913 478 0.5235
17936.0000 914 478 0.5230
17951.3000 914 479 0.5241
17954.2000 914 480 0.5252
17958.0000 915 480 0.5246
17976.0000 916 480 0.5240
17993.6000 916 481 0.5251
18000.0000 917 481 0.5245
