# time  created  delivered  delivered/created
22.0000 1 0 0.0000
38.0000 2 0 0.0000
54.0000 3 0 0.0000
72.0000 4 0 0.0000
94.0000 5 0 0.0000
110.0000 6 0 0.0000
133.0000 7 0 0.0000
153.0000 8 0 0.0000
175.0000 9 0 0.0000
191.0000 10 0 0.0000
210.0000 11 0 0.0000
225.0000 12 0 0.0000
249.0000 13 0 0.0000
265.0000 14 0 0.0000
281.0000 15 0 0.0000
304.0000 16 0 0.0000
328.0000 17 0 0.0000
343.0000 18 0 0.0000
367.0000 19 0 0.0000
382.0000 20 0 0.0000
399.0000 21 0 0.0000
420.0000 22 0 0.0000
439.0000 23 0 0.0000
458.0000 24 0 0.0000
480.0000 25 0 0.0000
497.0000 26 0 0.0000
515.0000 27 0 0.0000
538.0000 28 0 0.0000
562.0000 29 0 0.0000
581.0000 30 0 0.0000
581.2000 30 1 0.0333
603.0000 31 1 0.0323
625.0000 32 1 0.0313
640.9000 32 2 0.0625
646.0000 33 2 0.0606
658.2000 33 3 0.0909
661.6000 33 4 0.1212
667.0000 34 4 0.1176
685.0000 35 4 0.1143
691.0000 35 5 0.1429
700.0000 36 5 0.1389
722.0000 37 5 0.1351
741.0000 38 5 0.1316
764.0000 39 5 0.1282
773.6000 39 6 0.1538
784.0000 40 6 0.1500
806.0000 41 6 0.1463
829.0000 42 6 0.1429
851.0000 43 6 0.1395
873.0000 44 6 0.1364
895.0000 45 6 0.1333
918.0000 46 6 0.1304
935.7000 46 7 0.1522
941.0000 47 7 0.1489
957.0000 48 7 0.1458
975.0000 49 7 0.1429
998.0000 50 7 0.1400
1018.0000 51 7 0.1373
1040.0000 52 7 0.1346
1056.0000 53 7 0.1321
1077.0000 54 7 0.1296
1096.0000 55 7 0.1273
1117.0000 56 7 0.1250
1137.0000 57 7 0.1228
1159.0000 58 7 0.1207
1179.0000 59 7 0.1186
1193.3000 59 8 0.1356
1201.0000 60 8 0.1333
1216.0000 61 8 0.1311
1225.1000 61 9 0.1475
1232.0000 62 9 0.1452
1251.0000 63 9 0.1429
1268.0000 64 9 0.1406
1287.0000 65 9 0.1385
1300.7000 65 10 0.1538
1308.0000 66 10 0.1515
1327.0000 67 10 0.1493
1342.0000 68 10 0.1471
1364.0000 69 10 0.1449
1381.1000 69 11 0.1594
1388.0000 70 11 0.1571
1397.1000 70 12 0.1714
1407.0000 71 12 0.1690
1408.4000 71 13 0.1831
1422.0000 72 13 0.1806
1442.0000 73 13 0.1781
1464.0000 74 13 0.1757
1476.9000 74 14 0.1892
1479.0000 75 14 0.1867
1483.1000 75 15 0.2000
1500.0000 76 15 0.1974
1518.0000 77 15 0.1948
1542.0000 78 15 0.1923
1560.8000 78 16 0.2051
1562.0000 79 16 0.2025
1577.0000 80 16 0.2000
1594.5000 80 17 0.2125
1600.0000 81 17 0.2099
1620.0000 82 17 0.2073
1637.0000 83 17 0.2048
1652.0000 84 17 0.2024
1673.0000 85 17 0.2000
1695.0000 86 17 0.1977
1707.0000 86 18 0.2093
1709.8000 86 19 0.2209
1713.0000 87 19 0.2184
1736.2000 87 20 0.2299
1736.7000 87 21 0.2414
1737.0000 88 21 0.2386
1739.4000 88 22 0.2500
1739.8000 88 23 0.2614
1760.0000 89 23 0.2584
1781.0000 90 23 0.2556
1804.0000 91 23 0.2527
1826.0000 92 23 0.2500
1849.0000 93 23 0.2473
1870.0000 94 23 0.2447
1880.0000 94 24 0.2553
1882.8000 94 25 0.2660
1890.0000 95 25 0.2632
1911.0000 96 25 0.2604
1929.0000 97 25 0.2577
1948.0000 98 25 0.2551
1965.0000 99 25 0.2525
1980.0000 100 25 0.2500
2002.0000 101 25 0.2475
2024.0000 102 25 0.2451
2035.6000 102 26 0.2549
2041.0000 103 26 0.2524
2064.0000 104 26 0.2500
2080.0000 105 26 0.2476
2095.0000 106 26 0.2453
2115.7000 106 27 0.2547
2119.0000 107 27 0.2523
2139.0000 108 27 0.2500
2142.8000 108 28 0.2593
2161.0000 109 28 0.2569
2178.0000 110 28 0.2545
2199.0000 111 28 0.2523
2217.0000 111 29 0.2613
2222.0000 112 29 0.2589
2240.0000 113 29 0.2566
2259.0000 114 29 0.2544
2275.0000 115 29 0.2522
2295.0000 116 29 0.2500
2314.0000 117 29 0.2479
2324.2000 117 30 0.2564
2335.0000 118 30 0.2542
2354.0000 119 30 0.2521
2377.0000 120 30 0.2500
2396.0000 121 30 0.2479
2411.0000 122 30 0.2459
2412.0000 122 31 0.2541
2433.0000 123 31 0.2520
2452.0000 124 31 0.2500
2460.7000 124 32 0.2581
2464.9000 124 33 0.2661
2470.3000 124 34 0.2742
2474.0000 125 34 0.2720
2496.0000 126 34 0.2698
2496.5000 126 35 0.2778
2511.0000 127 35 0.2756
2526.0000 128 35 0.2734
2546.0000 129 35 0.2713
2553.3000 129 36 0.2791
2556.2000 129 37 0.2868
2563.0000 130 37 0.2846
2586.0000 131 37 0.2824
2601.0000 132 37 0.2803
2621.0000 133 37 0.2782
2641.0000 134 37 0.2761
2662.0000 135 37 0.2741
2678.0000 136 37 0.2721
2679.5000 136 38 0.2794
2689.6000 136 39 0.2868
2690.9000 136 40 0.2941
2693.0000 137 40 0.2920
2716.0000 138 40 0.2899
2735.0000 139 40 0.2878
2741.3000 139 41 0.2950
2754.0000 140 41 0.2929
2771.0000 141 41 0.2908
2773.0000 141 42 0.2979
2788.0000 142 42 0.2958
2800.0000 142 43 0.3028
2803.7000 142 44 0.3099
2807.0000 143 44 0.3077
2823.1000 143 45 0.3147
2831.0000 144 45 0.3125
2853.0000 145 45 0.3103
2868.0000 146 45 0.3082
2872.5000 146 46 0.3151
2891.0000 147 46 0.3129
2911.0000 148 46 0.3108
2911.3000 148 47 0.3176
2926.0000 149 47 0.3154
2942.0000 150 47 0.3133
2947.3000 150 48 0.3200
2954.4000 150 49 0.3267
2962.0000 151 49 0.3245
2979.0000 152 49 0.3224
3003.0000 153 49 0.3203
3004.4000 153 50 0.3268
3024.0000 154 50 0.3247
3040.0000 155 50 0.3226
3064.0000 156 50 0.3205
3065.8000 156 51 0.3269
3084.5000 156 52 0.3333
3086.0000 157 52 0.3312
3110.0000 158 52 0.3291
3120.5000 158 53 0.3354
3129.0000 159 53 0.3333
3147.0000 160 53 0.3313
3166.0000 161 53 0.3292
3190.0000 162 53 0.3272
3210.0000 163 53 0.3252
3225.0000 164 53 0.3232
3230.0000 164 54 0.3293
3243.0000 165 54 0.3273
3260.0000 166 54 0.3253
3261.2000 166 55 0.3313
3271.5000 166 56 0.3373
3271.8000 166 57 0.3434
3273.6000 166 58 0.3494
3283.0000 167 58 0.3473
3305.0000 168 58 0.3452
3321.0000 169 58 0.3432
3344.0000 170 58 0.3412
3362.8000 170 59 0.3471
3365.0000 171 59 0.3450
3385.0000 172 59 0.3430
3408.0000 173 59 0.3410
3426.7000 173 60 0.3468
3428.0000 174 60 0.3448
3449.0000 175 60 0.3429
3472.0000 176 60 0.3409
3488.0000 177 60 0.3390
3511.0000 178 60 0.3371
3511.4000 178 61 0.3427
3527.0000 178 62 0.3483
3530.6000 178 63 0.3539
3535.0000 179 63 0.3520
3547.0000 179 64 0.3575
3548.5000 179 65 0.3631
3551.5000 179 66 0.3687
3552.0000 180 66 0.3667
3563.1000 180 67 0.3722
3570.0000 181 67 0.3702
3575.8000 181 68 0.3757
3589.0000 182 68 0.3736
