# time  created  delivered  delivered/created
22.0000 1 0 0.0000
38.0000 2 0 0.0000
54.0000 3 0 0.0000
72.0000 4 0 0.0000
94.0000 5 0 0.0000
110.0000 6 0 0.0000
133.0000 7 0 0.0000
153.0000 8 0 0.0000
175.0000 9 0 0.0000
191.0000 10 0 0.0000
210.0000 11 0 0.0000
225.0000 12 0 0.0000
249.0000 13 0 0.0000
265.0000 14 0 0.0000
281.0000 15 0 0.0000
304.0000 16 0 0.0000
328.0000 17 0 0.0000
343.0000 18 0 0.0000
367.0000 19 0 0.0000
382.0000 20 0 0.0000
399.0000 21 0 0.0000
420.0000 22 0 0.0000
439.0000 23 0 0.0000
458.0000 24 0 0.0000
480.0000 25 0 0.0000
497.0000 26 0 0.0000
515.0000 27 0 0.0000
538.0000 28 0 0.0000
562.0000 29 0 0.0000
581.0000 30 0 0.0000
581.2000 30 1 0.0333
603.0000 31 1 0.0323
625.0000 32 1 0.0313
640.9000 32 2 0.0625
646.0000 33 2 0.0606
658.2000 33 3 0.0909
661.6000 33 4 0.1212
667.0000 34 4 0.1176
685.0000 35 4 0.1143
691.0000 35 5 0.1429
700.0000 36 5 0.1389
722.0000 37 5 0.1351
741.0000 38 5 0.1316
764.0000 39 5 0.1282
773.6000 39 6 0.1538
784.0000 40 6 0.1500
806.0000 41 6 0.1463
829.0000 42 6 0.1429
851.0000 43 6 0.1395
873.0000 44 6 0.1364
895.0000 45 6 0.1333
904.9000 45 7 0.1556
918.0000 46 7 0.1522
941.0000 47 7 0.1489
957.0000 48 7 0.1458
975.0000 49 7 0.1429
998.0000 50 7 0.1400
1018.0000 51 7 0.1373
1040.0000 52 7 0.1346
1056.0000 53 7 0.1321
1077.0000 54 7 0.1296
1096.0000 55 7 0.1273
1117.0000 56 7 0.1250
1137.0000 57 7 0.1228
1159.0000 58 7 0.1207
1179.0000 59 7 0.1186
1193.3000 59 8 0.1356
1201.0000 60 8 0.1333
1216.0000 61 8 0.1311
1225.1000 61 9 0.1475
1226.1000 61 10 0.1639
1232.0000 62 10 0.1613
1251.0000 63 10 0.1587
1268.0000 64 10 0.1563
1287.0000 65 10 0.1538
1308.0000 66 10 0.1515
1327.0000 67 10 0.1493
1342.0000 68 10 0.1471
1364.0000 69 10 0.1449
1381.1000 69 11 0.1594
1388.0000 70 11 0.1571
1397.1000 70 12 0.1714
1407.0000 71 12 0.1690
1408.4000 71 13 0.1831
1422.0000 72 13 0.1806
1442.0000 73 13 0.1781
1464.0000 74 13 0.1757
1477.4000 74 14 0.1892
1479.0000 75 14 0.1867
1483.1000 75 15 0.2000
1500.0000 76 15 0.1974
1518.0000 77 15 0.1948
1542.0000 78 15 0.1923
1560.8000 78 16 0.2051
1562.0000 79 16 0.2025
1577.0000 80 16 0.2000
1594.5000 80 17 0.2125
1600.0000 81 17 0.2099
1620.0000 82 17 0.2073
1637.0000 83 17 0.2048
1652.0000 84 17 0.2024
1673.0000 85 17 0.2000
1695.0000 86 17 0.1977
1706.4000 86 18 0.2093
1713.0000 87 18 0.2069
1736.2000 87 19 0.2184
1736.7000 87 20 0.2299
1737.0000 88 20 0.2273
1739.8000 88 21 0.2386
1760.0000 89 21 0.2360
1781.0000 90 21 0.2333
1804.0000 91 21 0.2308
1826.0000 92 21 0.2283
1849.0000 93 21 0.2258
1870.0000 94 21 0.2234
1880.0000 94 22 0.2340
1890.0000 95 22 0.2316
1911.0000 96 22 0.2292
1929.0000 97 22 0.2268
1948.0000 98 22 0.2245
1965.0000 99 22 0.2222
1980.0000 100 22 0.2200
1989.9000 100 23 0.2300
2002.0000 101 23 0.2277
2024.0000 102 23 0.2255
2035.6000 102 24 0.2353
2041.0000 103 24 0.2330
2064.0000 104 24 0.2308
2080.0000 105 24 0.2286
2095.0000 106 24 0.2264
2119.0000 107 24 0.2243
2139.0000 108 24 0.2222
2142.8000 108 25 0.2315
2161.0000 109 25 0.2294
2178.0000 110 25 0.2273
2199.0000 111 25 0.2252
2217.0000 111 26 0.2342
2222.0000 112 26 0.2321
2240.0000 113 26 0.2301
2259.0000 114 26 0.2281
2275.0000 115 26 0.2261
2295.0000 116 26 0.2241
2314.0000 117 26 0.2222
2324.2000 117 27 0.2308
2335.0000 118 27 0.2288
2348.0000 118 28 0.2373
2354.0000 119 28 0.2353
2377.0000 120 28 0.2333
2396.0000 121 28 0.2314
2411.0000 122 28 0.2295
2412.0000 122 29 0.2377
2433.0000 123 29 0.2358
2452.0000 124 29 0.2339
2460.7000 124 30 0.2419
2464.9000 124 31 0.2500
2470.3000 124 32 0.2581
2474.0000 125 32 0.2560
2496.0000 126 32 0.2540
2511.0000 127 32 0.2520
2526.0000 128 32 0.2500
2546.0000 129 32 0.2481
2555.1000 129 33 0.2558
2563.0000 130 33 0.2538
2586.0000 131 33 0.2519
2601.0000 132 33 0.2500
2621.0000 133 33 0.2481
2641.0000 134 33 0.2463
2662.0000 135 33 0.2444
2678.0000 136 33 0.2426
2689.6000 136 34 0.2500
2690.9000 136 35 0.2574
2693.0000 137 35 0.2555
2716.0000 138 35 0.2536
2735.0000 139 35 0.2518
2741.3000 139 36 0.2590
2754.0000 140 36 0.2571
2771.0000 141 36 0.2553
2773.0000 141 37 0.2624
2788.0000 142 37 0.2606
2800.0000 142 38 0.2676
2803.7000 142 39 0.2746
2807.0000 143 39 0.2727
2823.1000 143 40 0.2797
2826.1000 143 41 0.2867
2831.0000 144 41 0.2847
2853.0000 145 41 0.2828
2868.0000 146 41 0.2808
2891.0000 147 41 0.2789
2899.2000 147 42 0.2857
2911.0000 148 42 0.2838
2911.3000 148 43 0.2905
2926.0000 149 43 0.2886
2942.0000 150 43 0.2867
2954.4000 150 44 0.2933
2962.0000 151 44 0.2914
2979.0000 152 44 0.2895
3003.0000 153 44 0.2876
3024.0000 154 44 0.2857
3040.0000 155 44 0.2839
3064.0000 156 44 0.2821
3065.8000 156 45 0.2885
3084.5000 156 46 0.2949
3086.0000 157 46 0.2930
3110.0000 158 46 0.2911
3120.2000 158 47 0.2975
3129.0000 159 47 0.2956
3129.9000 159 48 0.3019
3147.0000 160 48 0.3000
3166.0000 161 48 0.2981
3166.7000 161 49 0.3043
3190.0000 162 49 0.3025
3210.0000 163 49 0.3006
3225.0000 164 49 0.2988
3230.0000 164 50 0.3049
3243.0000 165 50 0.3030
3260.0000 166 50 0.3012
3261.2000 166 51 0.3072
3271.8000 166 52 0.3133
3273.6000 166 53 0.3193
3283.0000 167 53 0.3174
3305.0000 168 53 0.3155
3321.0000 169 53 0.3136
3344.0000 170 53 0.3118
3362.8000 170 54 0.3176
3365.0000 171 54 0.3158
3385.0000 172 54 0.3140
3408.0000 173 54 0.3121
3420.8000 173 55 0.3179
3423.8000 173 56 0.3237
3428.0000 174 56 0.3218
3447.8000 174 57 0.3276
3449.0000 175 57 0.3257
3472.0000 176 57 0.3239
3488.0000 177 57 0.3220
3511.0000 178 57 0.3202
3512.5000 178 58 0.3258
3530.6000 178 59 0.3315
3535.0000 179 59 0.3296
3548.5000 179 60 0.3352
3551.5000 179 61 0.3408
3552.0000 180 61 0.3389
3566.2000 180 62 0.3444
3570.0000 181 62 0.3425
3575.8000 181 63 0.3481
3589.0000 182 63 0.3462
