# time  created  delivered  delivered/created
22.0000 1 0 0.0000
38.0000 2 0 0.0000
54.0000 3 0 0.0000
72.0000 4 0 0.0000
94.0000 5 0 0.0000
110.0000 6 0 0.0000
133.0000 7 0 0.0000
153.0000 8 0 0.0000
175.0000 9 0 0.0000
191.0000 10 0 0.0000
210.0000 11 0 0.0000
225.0000 12 0 0.0000
249.0000 13 0 0.0000
265.0000 14 0 0.0000
281.0000 15 0 0.0000
304.0000 16 0 0.0000
328.0000 17 0 0.0000
343.0000 18 0 0.0000
367.0000 19 0 0.0000
382.0000 20 0 0.0000
399.0000 21 0 0.0000
420.0000 22 0 0.0000
439.0000 23 0 0.0000
458.0000 24 0 0.0000
480.0000 25 0 0.0000
497.0000 26 0 0.0000
515.0000 27 0 0.0000
538.0000 28 0 0.0000
562.0000 29 0 0.0000
581.0000 30 0 0.0000
581.2000 30 1 0.0333
603.0000 31 1 0.0323
625.0000 32 1 0.0313
641.2000 32 2 0.0625
646.0000 33 2 0.0606
661.6000 33 3 0.0909
667.0000 34 3 0.0882
685.0000 35 3 0.0857
691.0000 35 4 0.1143
700.0000 36 4 0.1111
714.9000 36 5 0.1389
722.0000 37 5 0.1351
741.0000 38 5 0.1316
764.0000 39 5 0.1282
773.6000 39 6 0.1538
784.0000 40 6 0.1500
806.0000 41 6 0.1463
829.0000 42 6 0.1429
851.0000 43 6 0.1395
873.0000 44 6 0.1364
895.0000 45 6 0.1333
918.0000 46 6 0.1304
935.7000 46 7 0.1522
941.0000 47 7 0.1489
957.0000 48 7 0.1458
975.0000 49 7 0.1429
998.0000 50 7 0.1400
1018.0000 51 7 0.1373
1040.0000 52 7 0.1346
1056.0000 53 7 0.1321
1077.0000 54 7 0.1296
1096.0000 55 7 0.1273
1117.0000 56 7 0.1250
1137.0000 57 7 0.1228
1159.0000 58 7 0.1207
1179.0000 59 7 0.1186
1195.4000 59 8 0.1356
1201.0000 60 8 0.1333
1216.0000 61 8 0.1311
1225.2000 61 9 0.1475
1226.1000 61 10 0.1639
1232.0000 62 10 0.1613
1251.0000 63 10 0.1587
1268.0000 64 10 0.1563
1287.0000 65 10 0.1538
1308.0000 66 10 0.1515
1327.0000 67 10 0.1493
1342.0000 68 10 0.1471
1364.0000 69 10 0.1449
1381.1000 69 11 0.1594
1388.0000 70 11 0.1571
1397.1000 70 12 0.1714
1407.0000 71 12 0.1690
1408.5000 71 13 0.1831
1422.0000 72 13 0.1806
1442.0000 73 13 0.1781
1464.0000 74 13 0.1757
1475.9000 74 14 0.1892
1478.4000 74 15 0.2027
1479.0000 75 15 0.2000
1483.1000 75 16 0.2133
1500.0000 76 16 0.2105
1518.0000 77 16 0.2078
1542.0000 78 16 0.2051
1562.0000 79 16 0.2025
1577.0000 80 16 0.2000
1594.5000 80 17 0.2125
1600.0000 81 17 0.2099
1620.0000 82 17 0.2073
1637.0000 83 17 0.2048
1652.0000 84 17 0.2024
1673.0000 85 17 0.2000
1695.0000 86 17 0.1977
1702.5000 86 18 0.2093
1706.4000 86 19 0.2209
1713.0000 87 19 0.2184
1736.2000 87 20 0.2299
1737.0000 87 21 0.2414
1737.0000 88 21 0.2386
1739.4000 88 22 0.2500
1739.8000 88 23 0.2614
1760.0000 89 23 0.2584
1781.0000 90 23 0.2556
1804.0000 91 23 0.2527
1826.0000 92 23 0.2500
1849.0000 93 23 0.2473
1870.0000 94 23 0.2447
1880.0000 94 24 0.2553
1882.8000 94 25 0.2660
1890.0000 95 25 0.2632
1911.0000 96 25 0.2604
1929.0000 97 25 0.2577
1948.0000 98 25 0.2551
1965.0000 99 25 0.2525
1980.0000 100 25 0.2500
1991.4000 100 26 0.2600
2002.0000 101 26 0.2574
2024.0000 102 26 0.2549
2035.6000 102 27 0.2647
2041.0000 103 27 0.2621
2064.0000 104 27 0.2596
2080.0000 105 27 0.2571
2095.0000 106 27 0.2547
2119.0000 107 27 0.2523
2139.0000 108 27 0.2500
2143.6000 108 28 0.2593
2161.0000 109 28 0.2569
2178.0000 110 28 0.2545
2199.0000 111 28 0.2523
2217.0000 111 29 0.2613
2222.0000 112 29 0.2589
2240.0000 113 29 0.2566
2259.0000 114 29 0.2544
2275.0000 115 29 0.2522
2295.0000 116 29 0.2500
2314.0000 117 29 0.2479
2326.3000 117 30 0.2564
2335.0000 118 30 0.2542
2354.0000 119 30 0.2521
2377.0000 120 30 0.2500
2396.0000 121 30 0.2479
2411.0000 122 30 0.2459
2412.0000 122 31 0.2541
2433.0000 123 31 0.2520
2452.0000 124 31 0.2500
2460.7000 124 32 0.2581
2464.9000 124 33 0.2661
2470.3000 124 34 0.2742
2474.0000 125 34 0.2720
2490.0000 125 35 0.2800
2496.0000 126 35 0.2778
2511.0000 127 35 0.2756
2526.0000 128 35 0.2734
2546.0000 129 35 0.2713
2554.8000 129 36 0.2791
2557.4000 129 37 0.2868
2563.0000 130 37 0.2846
2586.0000 131 37 0.2824
2592.3000 131 38 0.2901
2601.0000 132 38 0.2879
2621.0000 133 38 0.2857
2641.0000 134 38 0.2836
2654.8000 134 39 0.2910
2662.0000 135 39 0.2889
2678.0000 136 39 0.2868
2689.6000 136 40 0.2941
2690.0000 136 41 0.3015
2693.0000 137 41 0.2993
2716.0000 138 41 0.2971
2729.2000 138 42 0.3043
2735.0000 139 42 0.3022
2741.3000 139 43 0.3094
2742.9000 139 44 0.3165
2754.0000 140 44 0.3143
2771.0000 141 44 0.3121
2788.0000 142 44 0.3099
2800.0000 142 45 0.3169
2803.7000 142 46 0.3239
2807.0000 143 46 0.3217
2823.3000 143 47 0.3287
2831.0000 144 47 0.3264
2840.1000 144 48 0.3333
2853.0000 145 48 0.3310
2868.0000 146 48 0.3288
2891.0000 147 48 0.3265
2899.2000 147 49 0.3333
2911.0000 148 49 0.3311
2926.0000 149 49 0.3289
2942.0000 150 49 0.3267
2947.3000 150 50 0.3333
2954.4000 150 51 0.3400
2962.0000 151 51 0.3377
2979.0000 152 51 0.3355
3003.0000 153 51 0.3333
3022.3000 153 52 0.3399
3024.0000 154 52 0.3377
3040.0000 155 52 0.3355
3059.0000 155 53 0.3419
3064.0000 156 53 0.3397
3065.8000 156 54 0.3462
3072.5000 156 55 0.3526
3084.5000 156 56 0.3590
3086.0000 157 56 0.3567
3110.0000 158 56 0.3544
3118.8000 158 57 0.3608
3129.0000 159 57 0.3585
3131.0000 159 58 0.3648
3147.0000 160 58 0.3625
3166.0000 161 58 0.3602
3190.0000 162 58 0.3580
3204.1000 162 59 0.3642
3210.0000 163 59 0.3620
3225.0000 164 59 0.3598
3243.0000 165 59 0.3576
3260.0000 166 59 0.3554
3261.2000 166 60 0.3614
3271.5000 166 61 0.3675
3272.8000 166 62 0.3735
3283.0000 167 62 0.3713
3288.4000 167 63 0.3772
3305.0000 168 63 0.3750
3321.0000 169 63 0.3728
3344.0000 170 63 0.3706
3364.5000 170 64 0.3765
3365.0000 171 64 0.3743
3385.0000 172 64 0.3721
3396.5000 172 65 0.3779
3408.0000 173 65 0.3757
3414.1000 173 66 0.3815
3414.4000 173 67 0.3873
3423.8000 173 68 0.3931
3428.0000 174 68 0.3908
3429.2000 174 69 0.3966
3449.0000 175 69 0.3943
3456.6000 175 70 0.4000
3472.0000 176 70 0.3977
3488.0000 177 70 0.3955
3511.0000 178 70 0.3933
3512.4000 178 71 0.3989
3526.2000 178 72 0.4045
3530.6000 178 73 0.4101
3535.0000 179 73 0.4078
3547.0000 179 74 0.4134
3548.5000 179 75 0.4190
3551.5000 179 76 0.4246
3552.0000 180 76 0.4222
3569.3000 180 77 0.4278
3570.0000 181 77 0.4254
3575.8000 181 78 0.4309
3589.0000 182 78 0.4286
3604.0000 183 78 0.4262
3619.0000 184 78 0.4239
3638.0000 185 78 0.4216
3653.0000 186 78 0.4194
3669.0000 187 78 0.4171
3689.0000 188 78 0.4149
3712.0000 189 78 0.4127
3730.0000 190 78 0.4105
3754.0000 191 78 0.4084
3771.0000 192 78 0.4063
3787.0000 193 78 0.4041
3809.0000 194 78 0.4021
3822.2000 194 79 0.4072
3824.3000 194 80 0.4124
3832.0000 195 80 0.4103
3846.4000 195 81 0.4154
3854.0000 196 81 0.4133
3873.0000 197 81 0.4112
3895.0000 198 81 0.4091
3919.0000 199 81 0.4070
3938.0000 200 81 0.4050
3946.3000 200 82 0.4100
3946.9000 200 83 0.4150
3953.0000 200 84 0.4200
3955.0000 201 84 0.4179
3975.0000 202 84 0.4158
3996.0000 203 84 0.4138
4012.0000 204 84 0.4118
4018.5000 204 85 0.4167
4031.0000 205 85 0.4146
4052.0000 206 85 0.4126
4054.9000 206 86 0.4175
4057.8000 206 87 0.4223
4059.1000 206 88 0.4272
4060.1000 206 89 0.4320
4070.0000 207 89 0.4300
4094.0000 208 89 0.4279
4115.0000 209 89 0.4258
4134.0000 210 89 0.4238
4153.0000 211 89 0.4218
4171.0000 212 89 0.4198
4187.1000 212 90 0.4245
4194.0000 213 90 0.4225
4205.9000 213 91 0.4272
4214.0000 214 91 0.4252
4232.7000 214 92 0.4299
4235.0000 215 92 0.4279
4245.6000 215 93 0.4326
4251.0000 216 93 0.4306
4268.6000 216 94 0.4352
4272.0000 217 94 0.4332
4287.3000 217 95 0.4378
4288.6000 217 96 0.4424
4290.0000 218 96 0.4404
4297.6000 218 97 0.4450
4308.6000 218 98 0.4495
4314.0000 219 98 0.4475
4315.4000 219 99 0.4521
4338.0000 220 99 0.4500
4360.0000 221 99 0.4480
4381.0000 222 99 0.4459
4400.0000 223 99 0.4439
4419.0000 224 99 0.4420
4419.1000 224 100 0.4464
4434.0000 225 100 0.4444
4435.5000 225 101 0.4489
4452.4000 225 102 0.4533
4454.5000 225 103 0.4578
4458.0000 226 103 0.4558
4463.0000 226 104 0.4602
4476.0000 227 104 0.4581
4476.3000 227 105 0.4626
4497.0000 228 105 0.4605
4505.4000 228 106 0.4649
4515.0000 229 106 0.4629
4537.0000 230 106 0.4609
4556.0000 231 106 0.4589
4561.4000 231 107 0.4632
4580.0000 232 107 0.4612
4597.0000 233 107 0.4592
4614.0000 234 107 0.4573
4634.0000 235 107 0.4553
4655.0000 236 107 0.4534
4665.1000 236 108 0.4576
4670.2000 236 109 0.4619
4672.0000 237 109 0.4599
4689.0000 238 109 0.4580
4706.0000 239 109 0.4561
4729.0000 240 109 0.4542
4743.5000 240 110 0.4583
4747.0000 241 110 0.4564
4747.5000 241 111 0.4606
4751.3000 241 112 0.4647
4762.0000 242 112 0.4628
4764.8000 242 113 0.4669
4783.0000 243 113 0.4650
4795.2000 243 114 0.4691
4807.0000 244 114 0.4672
4824.0000 245 114 0.4653
4848.0000 246 114 0.4634
4867.0000 247 114 0.4615
4886.0000 248 114 0.4597
4897.1000 248 115 0.4637
4909.0000 249 115 0.4618
4928.0000 250 115 0.4600
4951.0000 251 115 0.4582
4966.0000 252 115 0.4563
4979.2000 252 116 0.4603
4986.0000 253 116 0.4585
4988.1000 253 117 0.4625
4991.0000 253 118 0.4664
5010.0000 254 118 0.4646
5033.0000 255 118 0.4627
5048.0000 256 118 0.4609
5072.0000 257 118 0.4591
5076.2000 257 119 0.4630
5086.0000 257 120 0.4669
5089.0000 258 120 0.4651
5095.0000 258 121 0.4690
5112.0000 259 121 0.4672
5131.0000 260 121 0.4654
5151.0000 261 121 0.4636
5175.0000 262 121 0.4618
5194.0000 263 121 0.4601
5209.7000 263 122 0.4639
5215.0000 264 122 0.4621
5237.0000 265 122 0.4604
5238.4000 265 123 0.4642
5254.0000 266 123 0.4624
5269.0000 267 123 0.4607
5291.0000 268 123 0.4590
5307.0000 269 123 0.4572
5324.0000 270 123 0.4556
5325.3000 270 124 0.4593
5339.0000 271 124 0.4576
5355.3000 271 125 0.4613
5356.0000 272 125 0.4596
5356.7000 272 126 0.4632
5371.0000 273 126 0.4615
5387.0000 274 126 0.4599
5410.0000 275 126 0.4582
5410.3000 275 127 0.4618
5426.0000 276 127 0.4601
5430.3000 276 128 0.4638
5447.0000 277 128 0.4621
5470.0000 278 128 0.4604
5490.0000 279 128 0.4588
5507.0000 280 128 0.4571
5517.3000 280 129 0.4607
5528.0000 281 129 0.4591
5542.9000 281 130 0.4626
5546.0000 282 130 0.4610
5564.0000 283 130 0.4594
5566.2000 283 131 0.4629
5568.1000 283 132 0.4664
5569.3000 283 133 0.4700
5584.0000 284 133 0.4683
5607.0000 285 133 0.4667
5622.0000 285 134 0.4702
5625.0000 286 134 0.4685
5643.0000 287 134 0.4669
5665.0000 288 134 0.4653
5685.0000 289 134 0.4637
5688.2000 289 135 0.4671
5699.0000 289 136 0.4706
5704.0000 290 136 0.4690
5724.0000 291 136 0.4674
5727.8000 291 137 0.4708
5745.0000 292 137 0.4692
5745.2000 292 138 0.4726
5760.0000 293 138 0.4710
5770.4000 293 139 0.4744
5778.9000 293 140 0.4778
5784.0000 294 140 0.4762
5805.0000 295 140 0.4746
5807.1000 295 141 0.4780
5822.0000 296 141 0.4764
5841.0000 297 141 0.4747
5855.7000 297 142 0.4781
5859.0000 298 142 0.4765
5860.0000 298 143 0.4799
5862.4000 298 144 0.4832
5865.2000 298 145 0.4866
5874.0000 299 145 0.4849
5893.0000 300 145 0.4833
5895.4000 300 146 0.4867
5896.1000 300 147 0.4900
5914.0000 301 147 0.4884
5932.0000 302 147 0.4868
5953.0000 303 147 0.4851
5968.3000 303 148 0.4884
5971.0000 304 148 0.4868
5986.0000 305 148 0.4852
5996.8000 305 149 0.4885
6003.8000 305 150 0.4918
6007.7000 305 151 0.4951
6008.0000 306 151 0.4935
6008.4000 306 152 0.4967
6010.3000 306 153 0.5000
6024.0000 307 153 0.4984
6029.0000 307 154 0.5016
6031.6000 307 155 0.5049
6041.0000 308 155 0.5032
6063.0000 309 155 0.5016
6068.1000 309 156 0.5049
6069.0000 309 157 0.5081
6087.0000 310 157 0.5065
6105.0000 311 157 0.5048
6114.3000 311 158 0.5080
6124.0000 312 158 0.5064
6128.7000 312 159 0.5096
6129.8000 312 160 0.5128
6130.6000 312 161 0.5160
6145.0000 313 161 0.5144
6166.0000 314 161 0.5127
6177.5000 314 162 0.5159
6182.0000 315 162 0.5143
6201.0000 316 162 0.5127
6211.5000 316 163 0.5158
6216.0000 317 163 0.5142
6231.0000 318 163 0.5126
6245.2000 318 164 0.5157
6248.0000 319 164 0.5141
6261.7000 319 165 0.5172
6267.0000 320 165 0.5156
6288.7000 320 166 0.5188
6289.0000 321 166 0.5171
6299.4000 321 167 0.5202
6308.0000 322 167 0.5186
6320.5000 322 168 0.5217
6332.0000 323 168 0.5201
6355.0000 324 168 0.5185
6372.0000 325 168 0.5169
6374.6000 325 169 0.5200
6385.0000 325 170 0.5231
6391.9000 325 171 0.5262
6393.0000 326 171 0.5245
6412.5000 326 172 0.5276
6417.0000 327 172 0.5260
6425.4000 327 173 0.5291
6431.8000 327 174 0.5321
6441.0000 328 174 0.5305
6460.0000 328 175 0.5335
6465.0000 329 175 0.5319
6467.3000 329 176 0.5350
6472.7000 329 177 0.5380
6486.0000 330 177 0.5364
6502.0000 331 177 0.5347
6518.0000 332 177 0.5331
6536.0000 333 177 0.5315
6548.1000 333 178 0.5345
6553.5000 333 179 0.5375
6554.1000 333 180 0.5405
6555.0000 334 180 0.5389
6572.0000 335 180 0.5373
6591.0000 336 180 0.5357
6608.0000 337 180 0.5341
6608.6000 337 181 0.5371
6631.0000 338 181 0.5355
6646.0000 339 181 0.5339
6665.0000 340 181 0.5324
6669.7000 340 182 0.5353
6684.0000 341 182 0.5337
6687.9000 341 183 0.5367
6696.4000 341 184 0.5396
6708.0000 342 184 0.5380
6725.0000 343 184 0.5364
6745.0000 344 184 0.5349
6752.0000 344 185 0.5378
6754.2000 344 186 0.5407
6760.0000 345 186 0.5391
6776.9000 345 187 0.5420
6781.0000 346 187 0.5405
6794.5000 346 188 0.5434
6800.0000 347 188 0.5418
6816.0000 348 188 0.5402
6827.4000 348 189 0.5431
6839.0000 349 189 0.5415
6854.0000 350 189 0.5400
6874.0000 351 189 0.5385
6889.0000 352 189 0.5369
6893.6000 352 190 0.5398
6900.6000 352 191 0.5426
6909.0000 353 191 0.5411
6917.1000 353 192 0.5439
6930.0000 354 192 0.5424
6951.0000 355 192 0.5408
6951.3000 355 193 0.5437
6971.0000 356 193 0.5421
6975.4000 356 194 0.5449
6978.5000 356 195 0.5478
6995.0000 357 195 0.5462
7008.1000 357 196 0.5490
7010.0000 358 196 0.5475
7011.0000 358 197 0.5503
7012.4000 358 198 0.5531
7013.7000 358 199 0.5559
7019.8000 358 200 0.5587
7022.0000 358 201 0.5615
7029.0000 359 201 0.5599
7043.2000 359 202 0.5627
7048.0000 360 202 0.5611
7061.9000 360 203 0.5639
7071.0000 361 203 0.5623
7073.0000 361 204 0.5651
7093.0000 362 204 0.5635
7093.3000 362 205 0.5663
7104.9000 362 206 0.5691
7108.0000 363 206 0.5675
7109.5000 363 207 0.5702
7130.0000 364 207 0.5687
7147.0000 365 207 0.5671
7163.0000 366 207 0.5656
7176.4000 366 208 0.5683
7180.0000 367 208 0.5668
7197.0000 368 208 0.5652
7218.9000 368 209 0.5679
7221.0000 369 209 0.5664
7240.0000 370 209 0.5649
7243.4000 370 210 0.5676
7253.6000 370 211 0.5703
7255.0000 371 211 0.5687
7272.0000 372 211 0.5672
7290.8000 372 212 0.5699
7296.0000 373 212 0.5684
7305.1000 373 213 0.5710
7314.6000 373 214 0.5737
7315.8000 373 215 0.5764
7319.0000 374 215 0.5749
7333.2000 374 216 0.5775
7335.0000 375 216 0.5760
7358.0000 376 216 0.5745
7378.0000 377 216 0.5729
7394.0000 378 216 0.5714
7411.0000 379 216 0.5699
7412.9000 379 217 0.5726
7435.0000 380 217 0.5711
7436.5000 380 218 0.5737
7459.0000 381 218 0.5722
7480.0000 382 218 0.5707
7498.0000 383 218 0.5692
7498.8000 383 219 0.5718
7514.0000 384 219 0.5703
7536.0000 385 219 0.5688
7545.1000 385 220 0.5714
7549.9000 385 221 0.5740
7559.0000 386 221 0.5725
7566.1000 386 222 0.5751
7574.0000 387 222 0.5736
7583.5000 387 223 0.5762
7585.3000 387 224 0.5788
7589.5000 387 225 0.5814
7595.0000 388 225 0.5799
7610.5000 388 226 0.5825
7613.0000 389 226 0.5810
7621.5000 389 227 0.5835
7632.0000 390 227 0.5821
7650.2000 390 228 0.5846
7656.0000 391 228 0.5831
7673.0000 392 228 0.5816
7685.6000 392 229 0.5842
7696.0000 393 229 0.5827
7698.0000 393 230 0.5852
7713.0000 394 230 0.5838
7730.0000 395 230 0.5823
7745.0000 396 230 0.5808
7762.0000 397 230 0.5793
7769.2000 397 231 0.5819
7772.1000 397 232 0.5844
7784.0000 398 232 0.5829
7804.0000 399 232 0.5815
7822.0000 400 232 0.5800
7822.3000 400 233 0.5825
7823.0000 400 234 0.5850
7840.0000 401 234 0.5835
7858.0000 402 234 0.5821
7874.0000 403 234 0.5806
7878.2000 403 235 0.5831
7883.6000 403 236 0.5856
7895.0000 404 236 0.5842
7914.0000 405 236 0.5827
7922.2000 405 237 0.5852
7931.0000 406 237 0.5837
7935.3000 406 238 0.5862
7948.0000 407 238 0.5848
7963.0000 407 239 0.5872
7972.0000 408 239 0.5858
7987.0000 409 239 0.5844
7992.4000 409 240 0.5868
8002.0000 410 240 0.5854
8005.1000 410 241 0.5878
8024.0000 411 241 0.5864
8040.0000 412 241 0.5850
8041.7000 412 242 0.5874
8059.0000 413 242 0.5860
8082.0000 414 242 0.5845
8086.0000 414 243 0.5870
8099.0000 415 243 0.5855
8116.0000 416 243 0.5841
8137.0000 417 243 0.5827
8144.6000 417 244 0.5851
8158.0000 418 244 0.5837
8168.9000 418 245 0.5861
8173.0000 419 245 0.5847
8190.0000 420 245 0.5833
8205.0000 421 245 0.5819
8205.7000 421 246 0.5843
8227.0000 422 246 0.5829
8235.0000 422 247 0.5853
8251.0000 423 247 0.5839
8270.0000 423 248 0.5863
8271.7000 423 249 0.5887
8272.4000 423 250 0.5910
8272.4000 423 251 0.5934
8275.0000 424 251 0.5920
8284.1000 424 252 0.5943
8285.2000 424 253 0.5967
8286.5000 424 254 0.5991
8297.0000 425 254 0.5976
8317.0000 426 254 0.5962
8336.0000 427 254 0.5948
8354.3000 427 255 0.5972
8359.0000 428 255 0.5958
8375.0000 429 255 0.5944
8396.0000 430 255 0.5930
8399.8000 430 256 0.5953
8405.3000 430 257 0.5977
8408.0000 430 258 0.6000
8414.0000 431 258 0.5986
8417.9000 431 259 0.6009
8421.2000 431 260 0.6032
8427.0000 431 261 0.6056
8428.2000 431 262 0.6079
8437.0000 432 262 0.6065
8453.0000 433 262 0.6051
8457.4000 433 263 0.6074
8468.0000 434 263 0.6060
8492.0000 435 263 0.6046
8510.0000 436 263 0.6032
8525.0000 437 263 0.6018
8540.0000 437 264 0.6041
8544.0000 438 264 0.6027
8548.0000 438 265 0.6050
8556.0000 438 266 0.6073
8566.0000 439 266 0.6059
8567.6000 439 267 0.6082
8574.2000 439 268 0.6105
8578.2000 439 269 0.6128
8586.0000 440 269 0.6114
8609.0000 441 269 0.6100
8625.0000 442 269 0.6086
8630.5000 442 270 0.6109
8631.0000 442 271 0.6131
8642.9000 442 272 0.6154
8644.0000 443 272 0.6140
8663.0000 444 272 0.6126
8663.0000 444 273 0.6149
8681.0000 445 273 0.6135
8681.8000 445 274 0.6157
8697.0000 446 274 0.6143
8699.3000 446 275 0.6166
8705.9000 446 276 0.6188
8712.0000 446 277 0.6211
8719.0000 447 277 0.6197
8738.1000 447 278 0.6219
8743.0000 448 278 0.6205
8767.0000 449 278 0.6192
8778.0000 449 279 0.6214
8784.0000 450 279 0.6200
8793.6000 450 280 0.6222
8794.1000 450 281 0.6244
8800.0000 451 281 0.6231
8823.0000 452 281 0.6217
8824.9000 452 282 0.6239
8839.0000 453 282 0.6225
8854.0000 454 282 0.6211
8869.0000 455 282 0.6198
8888.6000 455 283 0.6220
8892.0000 456 283 0.6206
8897.5000 456 284 0.6228
8911.0000 457 284 0.6214
8929.0000 458 284 0.6201
8944.0000 459 284 0.6187
8955.3000 459 285 0.6209
8961.0000 460 285 0.6196
8968.9000 460 286 0.6217
8979.0000 461 286 0.6204
8996.6000 461 287 0.6226
8997.0000 462 287 0.6212
9011.3000 462 288 0.6234
9012.1000 462 289 0.6255
9013.0000 463 289 0.6242
9013.6000 463 290 0.6263
9026.4000 463 291 0.6285
9035.0000 464 291 0.6272
9058.0000 465 291 0.6258
9070.2000 465 292 0.6280
9071.2000 465 293 0.6301
9073.0000 466 293 0.6288
9075.4000 466 294 0.6309
9093.5000 466 295 0.6330
9095.0000 467 295 0.6317
9119.0000 468 295 0.6303
9138.9000 468 296 0.6325
9143.0000 469 296 0.6311
9162.0000 470 296 0.6298
9171.9000 470 297 0.6319
9174.0000 470 298 0.6340
9184.4000 470 299 0.6362
9186.0000 471 299 0.6348
9208.6000 471 300 0.6369
9209.0000 472 300 0.6356
9209.2000 472 301 0.6377
9224.0000 473 301 0.6364
9245.0000 474 301 0.6350
9253.4000 474 302 0.6371
9264.0000 475 302 0.6358
9265.6000 475 303 0.6379
9277.9000 475 304 0.6400
9288.0000 476 304 0.6387
9294.6000 476 305 0.6408
9306.5000 476 306 0.6429
9307.9000 476 307 0.6450
9310.0000 477 307 0.6436
9315.6000 477 308 0.6457
9326.0000 478 308 0.6444
9333.7000 478 309 0.6464
9338.9000 478 310 0.6485
9341.0000 479 310 0.6472
9365.0000 480 310 0.6458
9387.0000 481 310 0.6445
9392.3000 481 311 0.6466
9403.0000 482 311 0.6452
9426.0000 483 311 0.6439
9444.0000 484 311 0.6426
9455.8000 484 312 0.6446
9468.0000 485 312 0.6433
9485.0000 486 312 0.6420
9503.0000 487 312 0.6407
9527.0000 488 312 0.6393
9528.3000 488 313 0.6414
9550.0000 489 313 0.6401
9550.4000 489 314 0.6421
9570.6000 489 315 0.6442
9573.0000 490 315 0.6429
9591.0000 491 315 0.6415
9613.4000 491 316 0.6436
9614.0000 492 316 0.6423
9632.0000 493 316 0.6410
9633.7000 493 317 0.6430
9653.0000 494 317 0.6417
9664.9000 494 318 0.6437
9676.0000 495 318 0.6424
9689.9000 495 319 0.6444
9693.0000 496 319 0.6431
9715.0000 497 319 0.6419
9736.0000 498 319 0.6406
9738.5000 498 320 0.6426
9748.3000 498 321 0.6446
9748.5000 498 322 0.6466
9748.9000 498 323 0.6486
9750.0000 498 324 0.6506
9752.0000 499 324 0.6493
9761.5000 499 325 0.6513
9776.0000 500 325 0.6500
9799.0000 501 325 0.6487
9804.5000 501 326 0.6507
9817.1000 501 327 0.6527
9821.0000 502 327 0.6514
9837.0000 503 327 0.6501
9843.9000 503 328 0.6521
9846.7000 503 329 0.6541
9861.0000 504 329 0.6528
9879.0000 505 329 0.6515
9880.1000 505 330 0.6535
9894.0000 506 330 0.6522
9905.9000 506 331 0.6542
9907.1000 506 332 0.6561
9909.0000 507 332 0.6548
9927.0000 508 332 0.6535
9946.0000 509 332 0.6523
9969.0000 510 332 0.6510
9988.0000 511 332 0.6497
9995.7000 511 333 0.6517
10004.1000 511 334 0.6536
10007.0000 512 334 0.6523
10007.4000 512 335 0.6543
10010.3000 512 336 0.6563
10024.0000 513 336 0.6550
10026.8000 513 337 0.6569
10042.9000 513 338 0.6589
10044.0000 514 338 0.6576
10067.0000 515 338 0.6563
10087.0000 516 338 0.6550
10108.0000 516 339 0.6570
10111.0000 517 339 0.6557
10112.8000 517 340 0.6576
10113.7000 517 341 0.6596
10117.8000 517 342 0.6615
10123.9000 517 343 0.6634
10132.0000 518 343 0.6622
10154.0000 519 343 0.6609
10155.7000 519 344 0.6628
10175.8000 519 345 0.6647
10177.0000 520 345 0.6635
10184.3000 520 346 0.6654
10194.0000 521 346 0.6641
10207.2000 521 347 0.6660
10214.0000 521 348 0.6679
10216.0000 522 348 0.6667
10233.6000 522 349 0.6686
10235.0000 523 349 0.6673
10257.0000 524 349 0.6660
10265.1000 524 350 0.6679
10281.0000 525 350 0.6667
10292.1000 525 351 0.6686
10300.0000 526 351 0.6673
10320.0000 527 351 0.6660
10323.7000 527 352 0.6679
10343.0000 528 352 0.6667
10366.0000 529 352 0.6654
10379.4000 529 353 0.6673
10382.0000 530 353 0.6660
10402.0000 531 353 0.6648
10405.3000 531 354 0.6667
10422.8000 531 355 0.6685
10423.0000 532 355 0.6673
10424.8000 532 356 0.6692
10441.0000 533 356 0.6679
10441.0000 533 357 0.6698
10461.0000 534 357 0.6685
10468.3000 534 358 0.6704
10474.0000 534 359 0.6723
10480.0000 535 359 0.6710
10496.9000 535 360 0.6729
10497.0000 536 360 0.6716
10518.0000 537 360 0.6704
10524.1000 537 361 0.6723
10530.5000 537 362 0.6741
10532.3000 537 363 0.6760
10536.0000 537 364 0.6778
10537.0000 538 364 0.6766
10538.1000 538 365 0.6784
10551.1000 538 366 0.6803
10555.0000 539 366 0.6790
10571.0000 540 366 0.6778
10591.0000 541 366 0.6765
10597.1000 541 367 0.6784
10615.0000 542 367 0.6771
10637.0000 543 367 0.6759
10645.7000 543 368 0.6777
10648.9000 543 369 0.6796
10657.0000 544 369 0.6783
10665.2000 544 370 0.6801
10667.4000 544 371 0.6820
10681.0000 545 371 0.6807
10703.0000 546 371 0.6795
10716.2000 546 372 0.6813
10726.0000 547 372 0.6801
10748.0000 548 372 0.6788
10768.0000 549 372 0.6776
10787.7000 549 373 0.6794
10788.0000 550 373 0.6782
10799.3000 550 374 0.6800
10808.0000 551 374 0.6788
10808.2000 551 375 0.6806
10823.0000 552 375 0.6793
10842.0000 553 375 0.6781
10862.3000 553 376 0.6799
10866.0000 554 376 0.6787
10875.2000 554 377 0.6805
10882.0000 554 378 0.6823
10884.2000 554 379 0.6841
10885.0000 555 379 0.6829
10887.3000 555 380 0.6847
10889.1000 555 381 0.6865
10889.4000 555 382 0.6883
10907.0000 556 382 0.6871
10915.0000 556 383 0.6888
10925.0000 557 383 0.6876
10942.0000 558 383 0.6864
10966.0000 559 383 0.6852
10983.0000 560 383 0.6839
11006.0000 561 383 0.6827
11019.7000 561 384 0.6845
11021.3000 561 385 0.6863
11023.0000 562 385 0.6851
11039.2000 562 386 0.6868
11046.0000 563 386 0.6856
11058.5000 563 387 0.6874
11058.8000 563 388 0.6892
11059.1000 563 389 0.6909
11068.0000 564 389 0.6897
11084.0000 565 389 0.6885
11085.2000 565 390 0.6903
11089.0000 565 391 0.6920
11098.4000 565 392 0.6938
11102.0000 566 392 0.6926
11116.8000 566 393 0.6943
11120.0000 567 393 0.6931
11127.8000 567 394 0.6949
11128.4000 567 395 0.6966
11137.9000 567 396 0.6984
11143.0000 568 396 0.6972
11144.0000 568 397 0.6989
11166.0000 569 397 0.6977
11182.0000 570 397 0.6965
11191.1000 570 398 0.6982
11201.0000 571 398 0.6970
11207.5000 571 399 0.6988
11210.6000 571 400 0.7005
11218.0000 572 400 0.6993
11238.0000 573 400 0.6981
11251.1000 573 401 0.6998
11251.7000 573 402 0.7016
11260.0000 574 402 0.7003
11265.5000 574 403 0.7021
11280.0000 575 403 0.7009
11291.4000 575 404 0.7026
11298.0000 576 404 0.7014
11308.0000 576 405 0.7031
11308.0000 576 406 0.7049
11315.7000 576 407 0.7066
11319.0000 577 407 0.7054
11320.7000 577 408 0.7071
11343.0000 578 408 0.7059
11363.0000 579 408 0.7047
11381.0000 580 408 0.7034
11394.7000 580 409 0.7052
11405.0000 581 409 0.7040
11424.0000 582 409 0.7027
11432.5000 582 410 0.7045
11443.0000 583 410 0.7033
11443.2000 583 411 0.7050
11459.6000 583 412 0.7067
11467.0000 584 412 0.7055
11486.4000 584 413 0.7072
11491.0000 585 413 0.7060
11511.0000 586 413 0.7048
11513.2000 586 414 0.7065
11529.0000 587 414 0.7053
11534.4000 587 415 0.7070
11547.0000 588 415 0.7058
11562.9000 588 416 0.7075
11566.0000 589 416 0.7063
11586.0000 590 416 0.7051
11600.1000 590 417 0.7068
11610.0000 591 417 0.7056
11611.8000 591 418 0.7073
11626.0000 592 418 0.7061
11640.2000 592 419 0.7078
11646.4000 592 420 0.7095
11650.0000 593 420 0.7083
11665.0000 594 420 0.7071
11669.1000 594 421 0.7088
11680.0000 595 421 0.7076
11696.0000 596 421 0.7064
11711.0000 597 421 0.7052
11731.0000 598 421 0.7040
11755.0000 599 421 0.7028
11771.0000 600 421 0.7017
11774.2000 600 422 0.7033
11781.7000 600 423 0.7050
11790.0000 601 423 0.7038
11805.5000 601 424 0.7055
11809.0000 602 424 0.7043
11811.3000 602 425 0.7060
11827.0000 603 425 0.7048
11827.1000 603 426 0.7065
11831.1000 603 427 0.7081
11851.0000 604 427 0.7070
11867.0000 605 427 0.7058
11872.0000 605 428 0.7074
11885.0000 606 428 0.7063
11907.0000 607 428 0.7051
11929.0000 608 428 0.7039
11935.8000 608 429 0.7056
11940.3000 608 430 0.7072
11948.0000 609 430 0.7061
11948.1000 609 431 0.7077
11951.7000 609 432 0.7094
11953.4000 609 433 0.7110
11959.7000 609 434 0.7126
11971.0000 610 434 0.7115
11980.9000 610 435 0.7131
11989.6000 610 436 0.7148
11995.0000 611 436 0.7136
12012.0000 612 436 0.7124
12033.0000 613 436 0.7113
12042.0000 613 437 0.7129
12048.0000 614 437 0.7117
12051.8000 614 438 0.7134
12070.0000 615 438 0.7122
12073.0000 615 439 0.7138
12074.0000 615 440 0.7154
12079.6000 615 441 0.7171
12088.0000 616 441 0.7159
12091.1000 616 442 0.7175
12092.1000 616 443 0.7192
12094.3000 616 444 0.7208
12104.0000 617 444 0.7196
12124.0000 618 444 0.7184
12131.8000 618 445 0.7201
12135.5000 618 446 0.7217
12145.0000 619 446 0.7205
12146.4000 619 447 0.7221
12153.5000 619 448 0.7237
12165.0000 620 448 0.7226
12189.0000 621 448 0.7214
12209.0000 622 448 0.7203
12211.8000 622 449 0.7219
12216.4000 622 450 0.7235
12217.1000 622 451 0.7251
12218.2000 622 452 0.7267
12220.5000 622 453 0.7283
12226.0000 623 453 0.7271
12243.7000 623 454 0.7287
12249.0000 624 454 0.7276
12262.5000 624 455 0.7292
12263.0000 624 456 0.7308
12270.0000 625 456 0.7296
12281.4000 625 457 0.7312
12286.7000 625 458 0.7328
12287.0000 626 458 0.7316
12289.8000 626 459 0.7332
12293.1000 626 460 0.7348
12305.0000 627 460 0.7337
12306.9000 627 461 0.7352
12309.7000 627 462 0.7368
12323.0000 628 462 0.7357
12329.5000 628 463 0.7373
12330.1000 628 464 0.7389
12332.7000 628 465 0.7404
12339.0000 629 465 0.7393
12358.0000 630 465 0.7381
12375.1000 630 466 0.7397
12377.0000 631 466 0.7385
12389.5000 631 467 0.7401
12399.0000 632 467 0.7389
12412.9000 632 468 0.7405
12414.6000 632 469 0.7421
12416.9000 632 470 0.7437
12421.0000 633 470 0.7425
12444.0000 634 470 0.7413
12444.7000 634 471 0.7429
12457.4000 634 472 0.7445
12463.0000 635 472 0.7433
12479.0000 636 472 0.7421
12483.1000 636 473 0.7437
12484.2000 636 474 0.7453
12497.0000 637 474 0.7441
12518.0000 638 474 0.7429
12537.8000 638 475 0.7445
12538.0000 639 475 0.7433
12556.0000 640 475 0.7422
12566.4000 640 476 0.7438
12569.2000 640 477 0.7453
12575.0000 641 477 0.7441
12587.1000 641 478 0.7457
12596.0000 642 478 0.7445
12611.0000 643 478 0.7434
12615.7000 643 479 0.7449
12627.6000 643 480 0.7465
12635.0000 644 480 0.7453
12642.9000 644 481 0.7469
12655.0000 645 481 0.7457
12672.0000 646 481 0.7446
12680.9000 646 482 0.7461
12691.0000 647 482 0.7450
12703.1000 647 483 0.7465
12707.9000 647 484 0.7481
12713.0000 648 484 0.7469
12726.0000 648 485 0.7485
12727.4000 648 486 0.7500
12737.0000 649 486 0.7488
12761.0000 650 486 0.7477
12772.9000 650 487 0.7492
12781.0000 651 487 0.7481
12784.8000 651 488 0.7496
12798.0000 652 488 0.7485
12818.0000 653 488 0.7473
12830.3000 653 489 0.7489
12836.3000 653 490 0.7504
12839.0000 654 490 0.7492
12855.5000 654 491 0.7508
12858.1000 654 492 0.7523
12863.0000 655 492 0.7511
12868.3000 655 493 0.7527
12879.5000 655 494 0.7542
12884.0000 656 494 0.7530
12901.0000 657 494 0.7519
12919.0000 658 494 0.7508
12936.0000 659 494 0.7496
12954.0000 660 494 0.7485
12971.0000 661 494 0.7474
12976.7000 661 495 0.7489
12986.0000 662 495 0.7477
12995.2000 662 496 0.7492
13009.0000 663 496 0.7481
13021.9000 663 497 0.7496
13025.2000 663 498 0.7511
13029.0000 664 498 0.7500
13042.8000 664 499 0.7515
13048.0000 665 499 0.7504
13049.7000 665 500 0.7519
13069.0000 666 500 0.7508
13080.5000 666 501 0.7523
13081.1000 666 502 0.7538
13090.0000 667 502 0.7526
13102.7000 667 503 0.7541
13112.0000 668 503 0.7530
13132.3000 668 504 0.7545
13135.0000 669 504 0.7534
13137.1000 669 505 0.7549
13138.0000 669 506 0.7564
13146.6000 669 507 0.7578
13149.3000 669 508 0.7593
13157.0000 670 508 0.7582
13172.9000 670 509 0.7597
13175.0000 671 509 0.7586
13181.1000 671 510 0.7601
13183.7000 671 511 0.7615
13198.0000 672 511 0.7604
13203.1000 672 512 0.7619
13222.0000 673 512 0.7608
13235.4000 673 513 0.7623
13237.0000 674 513 0.7611
13238.8000 674 514 0.7626
13242.9000 674 515 0.7641
13261.0000 675 515 0.7630
13279.0000 676 515 0.7618
13288.8000 676 516 0.7633
13290.7000 676 517 0.7648
13303.0000 677 517 0.7637
13307.9000 677 518 0.7651
13309.4000 677 519 0.7666
13327.0000 678 519 0.7655
13344.0000 679 519 0.7644
13360.6000 679 520 0.7658
13367.0000 680 520 0.7647
13370.8000 680 521 0.7662
13382.6000 680 522 0.7676
13385.0000 681 522 0.7665
13387.8000 681 523 0.7680
13400.0000 682 523 0.7669
13404.1000 682 524 0.7683
13422.0000 683 524 0.7672
13439.0000 684 524 0.7661
13455.7000 684 525 0.7675
13463.0000 685 525 0.7664
13485.0000 686 525 0.7653
13500.8000 686 526 0.7668
13501.0000 687 526 0.7656
13522.0000 688 526 0.7645
13534.7000 688 527 0.7660
13543.0000 689 527 0.7649
13558.0000 690 527 0.7638
13578.0000 691 527 0.7627
13582.3000 691 528 0.7641
13597.0000 692 528 0.7630
13601.2000 692 529 0.7645
13605.2000 692 530 0.7659
13605.9000 692 531 0.7673
13612.0000 693 531 0.7662
13622.2000 693 532 0.7677
13633.0000 694 532 0.7666
13654.0000 695 532 0.7655
13662.9000 695 533 0.7669
13663.4000 695 534 0.7683
13669.7000 695 535 0.7698
13674.0000 696 535 0.7687
13689.0000 697 535 0.7676
13701.0000 697 536 0.7690
13701.7000 697 537 0.7704
13713.0000 698 537 0.7693
13732.6000 698 538 0.7708
13733.0000 699 538 0.7697
13735.7000 699 539 0.7711
13743.2000 699 540 0.7725
13750.0000 700 540 0.7714
13751.3000 700 541 0.7729
13770.6000 700 542 0.7743
13771.0000 701 542 0.7732
13787.0000 702 542 0.7721
13808.0000 703 542 0.7710
13808.1000 703 543 0.7724
13814.5000 703 544 0.7738
13831.0000 704 544 0.7727
13836.3000 704 545 0.7741
13853.0000 705 545 0.7730
13868.2000 705 546 0.7745
13874.0000 706 546 0.7734
13894.0000 707 546 0.7723
13915.0000 708 546 0.7712
13932.6000 708 547 0.7726
13937.0000 709 547 0.7715
13952.0000 710 547 0.7704
13976.0000 711 547 0.7693
13986.7000 711 548 0.7707
13990.1000 711 549 0.7722
13994.0000 712 549 0.7711
14006.6000 712 550 0.7725
14007.7000 712 551 0.7739
14011.0000 713 551 0.7728
14028.3000 713 552 0.7742
14032.0000 714 552 0.7731
14039.9000 714 553 0.7745
14056.0000 715 553 0.7734
14071.0000 715 554 0.7748
14077.0000 716 554 0.7737
14092.0000 717 554 0.7727
14101.6000 717 555 0.7741
14107.0000 718 555 0.7730
14123.0000 719 555 0.7719
14143.5000 719 556 0.7733
14147.0000 720 556 0.7722
14167.0000 721 556 0.7712
14186.0000 722 556 0.7701
14204.0000 723 556 0.7690
14225.0000 724 556 0.7680
14240.1000 724 557 0.7693
14242.6000 724 558 0.7707
14245.0000 725 558 0.7697
14267.0000 726 558 0.7686
14283.7000 726 559 0.7700
14286.0000 727 559 0.7689
14304.0000 728 559 0.7679
14313.7000 728 560 0.7692
14315.5000 728 561 0.7706
14316.2000 728 562 0.7720
14323.0000 729 562 0.7709
14343.0000 730 562 0.7699
14363.0000 731 562 0.7688
14369.6000 731 563 0.7702
14385.0000 732 563 0.7691
14404.0000 733 563 0.7681
14420.0000 734 563 0.7670
14421.8000 734 564 0.7684
14433.2000 734 565 0.7698
14434.2000 734 566 0.7711
14441.0000 735 566 0.7701
14456.0000 736 566 0.7690
14466.4000 736 567 0.7704
14475.0000 737 567 0.7693
14489.1000 737 568 0.7707
14499.0000 738 568 0.7696
14508.8000 738 569 0.7710
14523.0000 739 569 0.7700
14534.5000 739 570 0.7713
14544.0000 740 570 0.7703
14568.0000 741 570 0.7692
14569.4000 741 571 0.7706
14573.2000 741 572 0.7719
14588.0000 742 572 0.7709
14603.0000 743 572 0.7699
14605.8000 743 573 0.7712
14618.0000 744 573 0.7702
14618.9000 744 574 0.7715
14630.9000 744 575 0.7728
14631.9000 744 576 0.7742
14639.0000 745 576 0.7732
14655.0000 746 576 0.7721
14676.0000 747 576 0.7711
14696.0000 748 576 0.7701
14701.7000 748 577 0.7714
14705.3000 748 578 0.7727
14718.0000 749 578 0.7717
14724.4000 749 579 0.7730
14736.0000 750 579 0.7720
14746.0000 750 580 0.7733
14753.9000 750 581 0.7747
14756.0000 751 581 0.7736
14773.0000 752 581 0.7726
14790.0000 753 581 0.7716
14797.1000 753 582 0.7729
14809.0000 754 582 0.7719
14825.4000 754 583 0.7732
14830.5000 754 584 0.7745
14831.0000 755 584 0.7735
14847.9000 755 585 0.7748
14848.0000 756 585 0.7738
14867.0000 757 585 0.7728
14887.9000 757 586 0.7741
14889.0000 758 586 0.7731
14905.0000 759 586 0.7721
14911.4000 759 587 0.7734
14921.8000 759 588 0.7747
14923.3000 759 589 0.7760
14926.9000 759 590 0.7773
14927.0000 760 590 0.7763
14942.0000 761 590 0.7753
14958.9000 761 591 0.7766
14959.9000 761 592 0.7779
14961.0000 762 592 0.7769
14965.6000 762 593 0.7782
14984.0000 763 593 0.7772
14999.0000 764 593 0.7762
15001.4000 764 594 0.7775
15002.1000 764 595 0.7788
15016.3000 764 596 0.7801
15021.0000 765 596 0.7791
15031.8000 765 597 0.7804
15034.7000 765 598 0.7817
15041.0000 766 598 0.7807
15058.0000 767 598 0.7797
15074.0000 768 598 0.7786
15093.0000 769 598 0.7776
15114.0000 770 598 0.7766
15125.1000 770 599 0.7779
15132.0000 771 599 0.7769
15149.0000 772 599 0.7759
15159.2000 772 600 0.7772
15170.3000 772 601 0.7785
15172.0000 773 601 0.7775
15190.0000 774 601 0.7765
15212.0000 775 601 0.7755
15235.0000 776 601 0.7745
15256.0000 777 601 0.7735
15266.0000 777 602 0.7748
15275.3000 777 603 0.7761
15275.4000 777 604 0.7773
15280.0000 778 604 0.7763
15290.0000 778 605 0.7776
15297.0000 779 605 0.7766
15318.0000 780 605 0.7756
15336.0000 781 605 0.7746
15360.0000 782 605 0.7737
15381.0000 783 605 0.7727
15388.5000 783 606 0.7739
15389.1000 783 607 0.7752
15395.7000 783 608 0.7765
15399.0000 784 608 0.7755
15407.7000 784 609 0.7768
15419.0000 785 609 0.7758
15439.2000 785 610 0.7771
15441.0000 786 610 0.7761
15442.1000 786 611 0.7774
15465.0000 787 611 0.7764
15482.0000 788 611 0.7754
15500.8000 788 612 0.7766
15504.0000 789 612 0.7757
15517.2000 789 613 0.7769
15526.0000 790 613 0.7759
15538.7000 790 614 0.7772
15547.0000 791 614 0.7762
15569.0000 792 614 0.7753
15583.0000 792 615 0.7765
15591.0000 793 615 0.7755
15602.7000 793 616 0.7768
15615.0000 794 616 0.7758
15632.0000 795 616 0.7748
15651.0000 796 616 0.7739
15662.6000 796 617 0.7751
15666.0000 797 617 0.7742
15679.6000 797 618 0.7754
15684.0000 798 618 0.7744
15708.0000 799 618 0.7735
15724.0000 800 618 0.7725
15740.1000 800 619 0.7738
15741.2000 800 620 0.7750
15744.5000 800 621 0.7763
15746.0000 801 621 0.7753
15755.2000 801 622 0.7765
15764.0000 802 622 0.7756
15772.1000 802 623 0.7768
15780.2000 802 624 0.7781
15782.0000 803 624 0.7771
15793.3000 803 625 0.7783
15795.4000 803 626 0.7796
15799.0000 804 626 0.7786
15815.0000 805 626 0.7776
15825.5000 805 627 0.7789
15838.0000 806 627 0.7779
15854.0000 807 627 0.7770
15873.0000 808 627 0.7760
15880.0000 808 628 0.7772
15891.0000 808 629 0.7785
15894.0000 809 629 0.7775
15909.0000 810 629 0.7765
15927.0000 811 629 0.7756
15948.0000 812 629 0.7746
15953.1000 812 630 0.7759
15956.3000 812 631 0.7771
15967.0000 813 631 0.7761
15981.4000 813 632 0.7774
15990.0000 814 632 0.7764
15991.3000 814 633 0.7776
16004.6000 814 634 0.7789
16006.3000 814 635 0.7801
16010.0000 815 635 0.7791
16027.0000 816 635 0.7782
16042.0000 817 635 0.7772
16048.6000 817 636 0.7785
16056.0000 817 637 0.7797
16060.9000 817 638 0.7809
16061.0000 818 638 0.7800
16064.0000 818 639 0.7812
16080.0000 819 639 0.7802
16104.0000 820 639 0.7793
16124.0000 821 639 0.7783
16129.4000 821 640 0.7795
16139.0000 822 640 0.7786
16155.0000 823 640 0.7776
16175.0000 824 640 0.7767
16196.0000 825 640 0.7758
16212.0000 826 640 0.7748
16220.0000 826 641 0.7760
16230.0000 827 641 0.7751
16232.1000 827 642 0.7763
16245.0000 828 642 0.7754
16250.6000 828 643 0.7766
16251.0000 828 644 0.7778
16261.0000 829 644 0.7768
16281.0000 830 644 0.7759
16295.8000 830 645 0.7771
16301.0000 831 645 0.7762
16322.0000 832 645 0.7752
16332.8000 832 646 0.7764
16333.8000 832 647 0.7776
16338.0000 833 647 0.7767
16346.4000 833 648 0.7779
16357.0000 834 648 0.7770
16365.8000 834 649 0.7782
16380.0000 835 649 0.7772
16389.6000 835 650 0.7784
16399.0000 836 650 0.7775
16405.7000 836 651 0.7787
16410.7000 836 652 0.7799
16416.0000 837 652 0.7790
16433.0000 838 652 0.7780
16437.6000 838 653 0.7792
16455.0000 839 653 0.7783
16458.4000 839 654 0.7795
16479.0000 840 654 0.7786
16491.8000 840 655 0.7798
16503.0000 841 655 0.7788
16520.1000 841 656 0.7800
16526.0000 842 656 0.7791
16547.0000 843 656 0.7782
16568.0000 844 656 0.7773
16589.0000 845 656 0.7763
16604.1000 845 657 0.7775
16605.1000 845 658 0.7787
16610.0000 846 658 0.7778
16628.0000 847 658 0.7769
16646.0000 848 658 0.7759
16662.0000 849 658 0.7750
16666.9000 849 659 0.7762
16668.2000 849 660 0.7774
16682.0000 850 660 0.7765
16699.0000 851 660 0.7756
16721.7000 851 661 0.7767
16723.0000 852 661 0.7758
16745.0000 853 661 0.7749
16760.0000 854 661 0.7740
16783.0000 855 661 0.7731
16784.2000 855 662 0.7743
16800.0000 856 662 0.7734
16818.0000 857 662 0.7725
16835.0000 858 662 0.7716
16849.4000 858 663 0.7727
16852.1000 858 664 0.7739
16858.0000 859 664 0.7730
16873.9000 859 665 0.7742
16881.0000 860 665 0.7733
16901.0000 861 665 0.7724
16917.0000 862 665 0.7715
16923.8000 862 666 0.7726
16935.0000 863 666 0.7717
16937.1000 863 667 0.7729
16959.0000 864 667 0.7720
16980.0000 865 667 0.7711
16988.1000 865 668 0.7723
16997.0000 866 668 0.7714
17021.0000 867 668 0.7705
17031.9000 867 669 0.7716
17040.0000 868 669 0.7707
17063.0000 869 669 0.7699
17082.0000 870 669 0.7690
17105.0000 871 669 0.7681
17126.0000 872 669 0.7672
17135.1000 872 670 0.7683
17143.0000 873 670 0.7675
17151.8000 873 671 0.7686
17152.3000 873 672 0.7698
17162.0000 874 672 0.7689
17181.0000 875 672 0.7680
17202.0000 876 672 0.7671
17225.0000 877 672 0.7662
17234.6000 877 673 0.7674
17238.1000 877 674 0.7685
17239.6000 877 675 0.7697
17240.0000 878 675 0.7688
17259.0000 879 675 0.7679
17267.7000 879 676 0.7691
17278.0000 880 676 0.7682
17279.7000 880 677 0.7693
17299.0000 881 677 0.7684
17318.0000 882 677 0.7676
17336.0000 883 677 0.7667
17338.6000 883 678 0.7678
17341.6000 883 679 0.7690
17341.8000 883 680 0.7701
17353.0000 884 680 0.7692
17354.6000 884 681 0.7704
17357.6000 884 682 0.7715
17367.6000 884 683 0.7726
17368.5000 884 684 0.7738
17370.0000 885 684 0.7729
17371.3000 885 685 0.7740
17393.6000 885 686 0.7751
17394.0000 886 686 0.7743
17416.0000 887 686 0.7734
17427.9000 887 687 0.7745
17439.0000 888 687 0.7736
17454.0000 889 687 0.7728
17469.2000 889 688 0.7739
17472.7000 889 689 0.7750
17477.0000 890 689 0.7742
17497.0000 891 689 0.7733
17515.0000 892 689 0.7724
17515.9000 892 690 0.7735
17535.0000 893 690 0.7727
17558.0000 894 690 0.7718
17574.0000 895 690 0.7709
17598.0000 896 690 0.7701
17619.0000 897 690 0.7692
17632.9000 897 691 0.7703
17639.0000 898 691 0.7695
17654.0000 899 691 0.7686
17672.0000 900 691 0.7678
17690.0000 901 691 0.7669
17710.0000 902 691 0.7661
17730.2000 902 692 0.7672
17734.0000 903 692 0.7663
17747.0000 903 693 0.7674
17751.0000 904 693 0.7666
17758.4000 904 694 0.7677
17773.8000 904 695 0.7688
17774.0000 905 695 0.7680
17785.2000 905 696 0.7691
17793.0000 906 696 0.7682
17808.0000 907 696 0.7674
17813.6000 907 697 0.7685
17816.7000 907 698 0.7696
17826.0000 908 698 0.7687
17835.5000 908 699 0.7698
17846.0000 909 699 0.7690
17864.0000 910 699 0.7681
17884.0000 911 699 0.7673
17899.0000 912 699 0.7664
17917.0000 913 699 0.7656
17931.3000 913 700 0.7667
17934.5000 913 701 0.7678
17936.0000 914 701 0.7670
17958.0000 915 701 0.7661
17960.0000 915 702 0.7672
17976.0000 916 702 0.7664
17976.3000 916 703 0.7675
17979.6000 916 704 0.7686
18000.0000 917 704 0.7677
18020.6000 917 705 0.7688
18021.0000 918 705 0.7680
18040.0000 919 705 0.7671
18048.3000 919 706 0.7682
18057.4000 919 707 0.7693
18059.0000 920 707 0.7685
18071.9000 920 708 0.7696
18077.0000 921 708 0.7687
18077.2000 921 709 0.7698
18091.7000 921 710 0.7709
18092.0000 922 710 0.7701
18093.2000 922 711 0.7711
18107.7000 922 712 0.7722
18112.1000 922 713 0.7733
18113.0000 923 713 0.7725
18124.5000 923 714 0.7736
18132.0000 924 714 0.7727
18135.2000 924 715 0.7738
18147.7000 924 716 0.7749
18151.7000 924 717 0.7760
18155.0000 925 717 0.7751
18170.8000 925 718 0.7762
18171.2000 925 719 0.7773
18177.0000 926 719 0.7765
18190.3000 926 720 0.7775
18192.0000 927 720 0.7767
18206.3000 927 721 0.7778
18214.0000 928 721 0.7769
18221.6000 928 722 0.7780
18226.2000 928 723 0.7791
18236.0000 929 723 0.7783
18259.0000 930 723 0.7774
18275.0000 931 723 0.7766
18298.0000 932 723 0.7758
18321.0000 933 723 0.7749
18340.0000 934 723 0.7741
18342.8000 934 724 0.7752
18353.1000 934 725 0.7762
18364.0000 935 725 0.7754
18383.0000 936 725 0.7746
18402.0000 937 725 0.7737
18425.0000 938 725 0.7729
18446.6000 938 726 0.7740
18449.0000 939 726 0.7732
18471.3000 939 727 0.7742
18471.8000 939 728 0.7753
18473.0000 940 728 0.7745
18488.0000 941 728 0.7736
18512.0000 942 728 0.7728
18517.2000 942 729 0.7739
18534.0000 943 729 0.7731
18536.1000 943 730 0.7741
18549.0000 944 730 0.7733
18561.5000 944 731 0.7744
18570.0000 945 731 0.7735
18574.1000 945 732 0.7746
18576.3000 945 733 0.7757
18587.2000 945 734 0.7767
18590.0000 946 734 0.7759
18613.0000 947 734 0.7751
18624.6000 947 735 0.7761
18626.0000 947 736 0.7772
18632.0000 948 736 0.7764
18653.0000 949 736 0.7756
18677.0000 950 736 0.7747
18696.0000 951 736 0.7739
18704.5000 951 737 0.7750
18714.5000 951 738 0.7760
18715.0000 952 738 0.7752
18720.1000 952 739 0.7763
18723.6000 952 740 0.7773
18738.0000 953 740 0.7765
18753.0000 954 740 0.7757
18768.0000 955 740 0.7749
18784.0000 955 741 0.7759
18786.0000 956 741 0.7751
18792.1000 956 742 0.7762
18799.2000 956 743 0.7772
18805.7000 956 744 0.7782
18809.0000 957 744 0.7774
18828.0000 958 744 0.7766
18841.6000 958 745 0.7777
18845.0000 959 745 0.7769
18851.3000 959 746 0.7779
18862.0000 960 746 0.7771
18884.0000 961 746 0.7763
18894.4000 961 747 0.7773
18894.4000 961 748 0.7784
18895.2000 961 749 0.7794
18899.0000 962 749 0.7786
18922.0000 963 749 0.7778
18939.0000 964 749 0.7770
18956.0000 965 749 0.7762
18964.9000 965 750 0.7772
18977.0000 966 750 0.7764
18990.3000 966 751 0.7774
18993.0000 967 751 0.7766
19015.0000 968 751 0.7758
19020.1000 968 752 0.7769
19037.0000 969 752 0.7761
19037.8000 969 753 0.7771
19055.0000 970 753 0.7763
19072.0000 971 753 0.7755
19087.0000 972 753 0.7747
19095.5000 972 754 0.7757
19108.0000 973 754 0.7749
19129.0000 974 754 0.7741
19151.0000 975 754 0.7733
19154.3000 975 755 0.7744
19161.8000 975 756 0.7754
19173.0000 976 756 0.7746
19192.0000 977 756 0.7738
19211.0000 978 756 0.7730
19217.5000 978 757 0.7740
19231.0000 979 757 0.7732
19236.7000 979 758 0.7743
19244.1000 979 759 0.7753
19253.8000 979 760 0.7763
19254.0000 980 760 0.7755
19277.0000 981 760 0.7747
19300.0000 981 761 0.7757
19301.0000 982 761 0.7749
19304.1000 982 762 0.7760
19307.5000 982 763 0.7770
19313.4000 982 764 0.7780
19316.0000 983 764 0.7772
19316.6000 983 765 0.7782
19340.0000 984 765 0.7774
19355.0000 985 765 0.7766
19363.7000 985 766 0.7777
19370.6000 985 767 0.7787
19373.0000 986 767 0.7779
19374.5000 986 768 0.7789
19391.0000 987 768 0.7781
19403.7000 987 769 0.7791
19406.0000 988 769 0.7783
19418.6000 988 770 0.7794
19423.0000 989 770 0.7786
19431.0000 989 771 0.7796
19438.5000 989 772 0.7806
19439.0000 990 772 0.7798
19455.0000 991 772 0.7790
19479.0000 992 772 0.7782
19497.0000 993 772 0.7774
19502.9000 993 773 0.7784
19518.9000 993 774 0.7795
19521.0000 994 774 0.7787
19527.5000 994 775 0.7797
19542.0000 995 775 0.7789
19547.1000 995 776 0.7799
19562.0000 995 777 0.7809
19562.6000 995 778 0.7819
19565.0000 996 778 0.7811
19586.0000 997 778 0.7803
19601.0000 998 778 0.7796
19621.8000 998 779 0.7806
19622.0000 999 779 0.7798
19623.5000 999 780 0.7808
19627.0000 999 781 0.7818
19641.0000 1000 781 0.7810
19660.0000 1001 781 0.7802
19669.0000 1001 782 0.7812
19677.0000 1002 782 0.7804
19692.0000 1003 782 0.7797
19716.0000 1004 782 0.7789
19739.0000 1005 782 0.7781
19755.0000 1006 782 0.7773
19767.6000 1006 783 0.7783
19770.0000 1007 783 0.7776
19778.0000 1007 784 0.7786
19781.8000 1007 785 0.7795
19782.4000 1007 786 0.7805
19783.2000 1007 787 0.7815
19792.0000 1008 787 0.7808
19815.0000 1009 787 0.7800
19815.7000 1009 788 0.7810
19816.7000 1009 789 0.7820
19826.5000 1009 790 0.7830
19830.6000 1009 791 0.7839
19833.0000 1010 791 0.7832
19848.3000 1010 792 0.7842
19848.4000 1010 793 0.7851
19852.0000 1011 793 0.7844
19872.9000 1011 794 0.7854
19876.0000 1012 794 0.7846
19891.0000 1013 794 0.7838
19894.8000 1013 795 0.7848
19908.0000 1014 795 0.7840
19924.7000 1014 796 0.7850
19924.9000 1014 797 0.7860
19932.0000 1015 797 0.7852
19956.0000 1016 797 0.7844
19968.8000 1016 798 0.7854
19970.9000 1016 799 0.7864
19975.0000 1016 800 0.7874
19976.0000 1017 800 0.7866
19987.9000 1017 801 0.7876
19996.6000 1017 802 0.7886
19998.0000 1018 802 0.7878
20019.0000 1019 802 0.7870
20027.8000 1019 803 0.7880
20034.0000 1020 803 0.7873
20039.7000 1020 804 0.7882
20041.7000 1020 805 0.7892
20054.8000 1020 806 0.7902
20054.9000 1020 807 0.7912
20057.0000 1021 807 0.7904
20075.0000 1022 807 0.7896
20088.8000 1022 808 0.7906
20094.0000 1023 808 0.7898
20097.3000 1023 809 0.7908
20118.0000 1024 809 0.7900
20128.4000 1024 810 0.7910
20135.0000 1025 810 0.7902
20141.0000 1025 811 0.7912
20157.0000 1026 811 0.7904
20167.4000 1026 812 0.7914
20179.0000 1027 812 0.7907
20179.3000 1027 813 0.7916
20196.4000 1027 814 0.7926
20197.0000 1028 814 0.7918
20204.0000 1028 815 0.7928
20204.5000 1028 816 0.7938
20221.0000 1029 816 0.7930
20237.0000 1030 816 0.7922
20259.0000 1031 816 0.7915
20276.0000 1032 816 0.7907
20293.0000 1033 816 0.7899
20307.2000 1033 817 0.7909
20308.0000 1034 817 0.7901
20309.0000 1034 818 0.7911
20327.0000 1035 818 0.7903
20345.9000 1035 819 0.7913
20349.5000 1035 820 0.7923
20350.0000 1036 820 0.7915
20366.0000 1037 820 0.7907
20372.7000 1037 821 0.7917
20373.6000 1037 822 0.7927
20385.0000 1038 822 0.7919
20399.1000 1038 823 0.7929
20401.0000 1039 823 0.7921
20421.0000 1040 823 0.7913
20427.4000 1040 824 0.7923
20437.0000 1041 824 0.7915
20447.0000 1041 825 0.7925
20461.0000 1042 825 0.7917
20477.3000 1042 826 0.7927
20485.0000 1043 826 0.7919
20504.8000 1043 827 0.7929
20508.0000 1044 827 0.7921
20515.1000 1044 828 0.7931
20523.1000 1044 829 0.7941
20532.0000 1045 829 0.7933
20533.4000 1045 830 0.7943
20550.5000 1045 831 0.7952
20554.0000 1046 831 0.7945
20576.0000 1047 831 0.7937
20588.3000 1047 832 0.7947
20594.0000 1048 832 0.7939
20611.0000 1049 832 0.7931
20612.0000 1049 833 0.7941
20613.4000 1049 834 0.7950
20635.0000 1050 834 0.7943
20655.0000 1051 834 0.7935
20673.0000 1052 834 0.7928
20691.0000 1053 834 0.7920
20706.0000 1054 834 0.7913
20724.0000 1055 834 0.7905
20734.8000 1055 835 0.7915
20744.0000 1056 835 0.7907
20746.4000 1056 836 0.7917
20753.9000 1056 837 0.7926
20756.1000 1056 838 0.7936
20756.8000 1056 839 0.7945
20766.0000 1056 840 0.7955
20766.0000 1057 840 0.7947
20776.2000 1057 841 0.7956
20782.0000 1058 841 0.7949
20797.6000 1058 842 0.7958
20800.0000 1059 842 0.7951
20801.3000 1059 843 0.7960
20817.3000 1059 844 0.7970
20821.0000 1060 844 0.7962
20840.9000 1060 845 0.7972
20842.1000 1060 846 0.7981
20844.0000 1061 846 0.7974
20855.4000 1061 847 0.7983
20855.6000 1061 848 0.7992
20857.6000 1061 849 0.8002
20864.0000 1062 849 0.7994
20888.0000 1063 849 0.7987
20889.0000 1063 850 0.7996
20911.0000 1064 850 0.7989
20931.0000 1065 850 0.7981
20948.8000 1065 851 0.7991
20952.0000 1066 851 0.7983
20965.5000 1066 852 0.7992
20968.0000 1067 852 0.7985
20968.5000 1067 853 0.7994
20987.6000 1067 854 0.8004
20990.0000 1068 854 0.7996
20991.1000 1068 855 0.8006
21003.6000 1068 856 0.8015
21005.7000 1068 857 0.8024
21007.0000 1069 857 0.8017
21008.6000 1069 858 0.8026
21031.0000 1070 858 0.8019
21034.6000 1070 859 0.8028
21055.0000 1071 859 0.8021
21066.1000 1071 860 0.8030
21068.2000 1071 861 0.8039
21077.0000 1072 861 0.8032
21078.1000 1072 862 0.8041
21092.0000 1073 862 0.8034
21097.4000 1073 863 0.8043
21098.1000 1073 864 0.8052
21116.0000 1074 864 0.8045
21125.4000 1074 865 0.8054
21128.7000 1074 866 0.8063
21132.0000 1075 866 0.8056
21148.0000 1076 866 0.8048
21166.0000 1077 866 0.8041
21169.4000 1077 867 0.8050
21184.0000 1078 867 0.8043
21189.3000 1078 868 0.8052
21189.4000 1078 869 0.8061
21189.9000 1078 870 0.8071
21190.0000 1078 871 0.8080
21204.0000 1079 871 0.8072
21223.0000 1080 871 0.8065
21225.8000 1080 872 0.8074
21235.3000 1080 873 0.8083
21239.3000 1080 874 0.8093
21247.0000 1081 874 0.8085
21271.0000 1082 874 0.8078
21273.2000 1082 875 0.8087
21292.0000 1083 875 0.8079
21309.0000 1084 875 0.8072
21325.4000 1084 876 0.8081
21327.0000 1085 876 0.8074
21331.3000 1085 877 0.8083
21350.8000 1085 878 0.8092
21351.0000 1086 878 0.8085
21352.7000 1086 879 0.8094
21353.7000 1086 880 0.8103
21357.0000 1086 881 0.8112
21367.7000 1086 882 0.8122
21368.0000 1087 882 0.8114
21369.9000 1087 883 0.8123
21370.7000 1087 884 0.8132
21374.2000 1087 885 0.8142
21375.1000 1087 886 0.8151
21387.0000 1088 886 0.8143
21407.0000 1089 886 0.8136
21424.0000 1090 886 0.8128
21444.0000 1091 886 0.8121
21459.5000 1091 887 0.8130
21460.9000 1091 888 0.8139
21463.0000 1092 888 0.8132
21475.0000 1092 889 0.8141
21477.3000 1092 890 0.8150
21483.0000 1093 890 0.8143
21505.0000 1094 890 0.8135
21523.0000 1095 890 0.8128
21539.0000 1096 890 0.8120
21553.0000 1096 891 0.8130
21556.0000 1097 891 0.8122
21575.0000 1097 892 0.8131
21577.0000 1098 892 0.8124
21595.6000 1098 893 0.8133
21599.0000 1099 893 0.8126
21615.0000 1100 893 0.8118
21632.0000 1101 893 0.8111
21648.0000 1102 893 0.8103
21651.4000 1102 894 0.8113
21665.0000 1103 894 0.8105
21665.4000 1103 895 0.8114
21667.0000 1103 896 0.8123
21689.0000 1104 896 0.8116
21707.0000 1105 896 0.8109
21713.3000 1105 897 0.8118
21721.0000 1105 898 0.8127
21731.0000 1106 898 0.8119
21740.1000 1106 899 0.8128
21741.0000 1106 900 0.8137
21755.0000 1107 900 0.8130
21755.7000 1107 901 0.8139
21763.7000 1107 902 0.8148
21771.7000 1107 903 0.8157
21777.0000 1108 903 0.8150
21794.0000 1109 903 0.8142
21799.1000 1109 904 0.8151
21814.0000 1109 905 0.8161
21818.0000 1110 905 0.8153
21837.0000 1111 905 0.8146
21860.0000 1112 905 0.8138
21861.0000 1112 906 0.8147
21883.0000 1113 906 0.8140
21897.8000 1113 907 0.8149
21898.0000 1114 907 0.8142
21901.2000 1114 908 0.8151
21916.0000 1115 908 0.8143
21923.1000 1115 909 0.8152
21939.0000 1116 909 0.8145
21941.3000 1116 910 0.8154
21949.4000 1116 911 0.8163
21952.6000 1116 912 0.8172
21960.0000 1117 912 0.8165
21971.6000 1117 913 0.8174
21976.0000 1118 913 0.8166
21985.3000 1118 914 0.8175
21993.9000 1118 915 0.8184
21999.0000 1119 915 0.8177
22022.0000 1120 915 0.8170
22041.0000 1121 915 0.8162
22051.3000 1121 916 0.8171
22052.4000 1121 917 0.8180
22061.0000 1122 917 0.8173
22078.0000 1123 917 0.8166
22101.0000 1124 917 0.8158
22106.6000 1124 918 0.8167
22121.0000 1125 918 0.8160
22124.3000 1125 919 0.8169
22135.6000 1125 920 0.8178
22140.0000 1126 920 0.8171
22143.1000 1126 921 0.8179
22159.0000 1127 921 0.8172
22165.8000 1127 922 0.8181
22167.0000 1127 923 0.8190
22183.0000 1128 923 0.8183
22199.0000 1129 923 0.8175
22212.7000 1129 924 0.8184
22218.0000 1130 924 0.8177
22228.1000 1130 925 0.8186
22234.9000 1130 926 0.8195
22242.0000 1131 926 0.8187
22263.0000 1132 926 0.8180
22266.1000 1132 927 0.8189
22281.0000 1133 927 0.8182
22287.1000 1133 928 0.8191
22304.0000 1134 928 0.8183
22310.8000 1134 929 0.8192
22322.0000 1135 929 0.8185
22335.9000 1135 930 0.8194
22338.8000 1135 931 0.8203
22346.0000 1136 931 0.8195
22356.6000 1136 932 0.8204
22360.7000 1136 933 0.8213
22363.0000 1137 933 0.8206
22376.5000 1137 934 0.8215
22385.0000 1138 934 0.8207
22400.2000 1138 935 0.8216
22405.0000 1139 935 0.8209
22420.0000 1140 935 0.8202
22444.0000 1141 935 0.8195
22445.7000 1141 936 0.8203
22464.0000 1142 936 0.8196
22482.0000 1143 936 0.8189
22500.0000 1144 936 0.8182
22502.1000 1144 937 0.8191
22521.0000 1145 937 0.8183
22543.6000 1145 938 0.8192
22544.0000 1146 938 0.8185
22546.3000 1146 939 0.8194
22560.0000 1147 939 0.8187
22571.5000 1147 940 0.8195
22574.7000 1147 941 0.8204
22578.0000 1148 941 0.8197
22595.0000 1149 941 0.8190
22613.0000 1150 941 0.8183
22628.0000 1151 941 0.8175
22644.9000 1151 942 0.8184
22648.0000 1152 942 0.8177
22657.4000 1152 943 0.8186
22660.7000 1152 944 0.8194
22666.0000 1153 944 0.8187
22677.3000 1153 945 0.8196
22681.8000 1153 946 0.8205
22682.0000 1154 946 0.8198
22691.8000 1154 947 0.8206
22698.0000 1155 947 0.8199
22713.0000 1156 947 0.8192
22717.4000 1156 948 0.8201
22735.0000 1157 948 0.8194
22744.0000 1157 949 0.8202
22751.7000 1157 950 0.8211
22758.0000 1158 950 0.8204
22771.2000 1158 951 0.8212
22779.0000 1159 951 0.8205
22781.5000 1159 952 0.8214
22781.6000 1159 953 0.8223
22799.0000 1160 953 0.8216
22803.2000 1160 954 0.8224
22805.2000 1160 955 0.8233
22808.1000 1160 956 0.8241
22820.0000 1161 956 0.8234
22823.3000 1161 957 0.8243
22826.2000 1161 958 0.8252
22835.0000 1162 958 0.8244
22850.0000 1163 958 0.8237
22860.0000 1163 959 0.8246
22860.3000 1163 960 0.8255
22869.0000 1164 960 0.8247
22891.0000 1165 960 0.8240
22913.0000 1166 960 0.8233
22914.7000 1166 961 0.8242
22916.7000 1166 962 0.8250
22931.0000 1167 962 0.8243
22954.0000 1168 962 0.8236
22971.0000 1169 962 0.8229
22978.7000 1169 963 0.8238
22991.0000 1170 963 0.8231
23007.0000 1171 963 0.8224
23031.0000 1172 963 0.8217
23039.4000 1172 964 0.8225
23047.0000 1173 964 0.8218
23047.9000 1173 965 0.8227
23066.8000 1173 966 0.8235
23070.0000 1174 966 0.8228
23085.0000 1175 966 0.8221
23106.0000 1176 966 0.8214
23114.0000 1176 967 0.8223
23118.3000 1176 968 0.8231
23122.5000 1176 969 0.8240
23127.0000 1177 969 0.8233
23142.0000 1177 970 0.8241
23149.0000 1178 970 0.8234
23154.9000 1178 971 0.8243
23155.4000 1178 972 0.8251
23165.0000 1179 972 0.8244
23179.9000 1179 973 0.8253
23180.0000 1180 973 0.8246
23183.0000 1180 974 0.8254
23183.5000 1180 975 0.8263
23186.2000 1180 976 0.8271
23198.0000 1181 976 0.8264
23214.0000 1182 976 0.8257
23220.9000 1182 977 0.8266
23238.0000 1183 977 0.8259
23252.6000 1183 978 0.8267
23258.0000 1184 978 0.8260
23260.4000 1184 979 0.8269
23276.0000 1184 980 0.8277
23280.0000 1185 980 0.8270
23288.7000 1185 981 0.8278
23295.0000 1186 981 0.8272
23303.3000 1186 982 0.8280
23304.8000 1186 983 0.8288
23306.9000 1186 984 0.8297
23319.0000 1187 984 0.8290
23339.0000 1188 984 0.8283
23354.2000 1188 985 0.8291
23360.0000 1189 985 0.8284
23370.5000 1189 986 0.8293
23377.0000 1190 986 0.8286
23393.0000 1191 986 0.8279
23394.4000 1191 987 0.8287
23409.0000 1192 987 0.8280
23428.0000 1193 987 0.8273
23435.6000 1193 988 0.8282
23445.0000 1194 988 0.8275
23455.5000 1194 989 0.8283
23455.9000 1194 990 0.8291
23463.8000 1194 991 0.8300
23464.0000 1195 991 0.8293
23466.7000 1195 992 0.8301
23482.0000 1196 992 0.8294
23498.0000 1197 992 0.8287
23499.9000 1197 993 0.8296
23504.5000 1197 994 0.8304
23516.0000 1198 994 0.8297
23528.8000 1198 995 0.8306
23532.0000 1199 995 0.8299
23547.0000 1200 995 0.8292
23558.7000 1200 996 0.8300
23565.9000 1200 997 0.8308
23568.0000 1201 997 0.8301
23589.0000 1202 997 0.8295
23613.0000 1203 997 0.8288
23629.0000 1204 997 0.8281
23647.0000 1205 997 0.8274
23653.6000 1205 998 0.8282
23662.0000 1206 998 0.8275
23678.4000 1206 999 0.8284
23681.0000 1207 999 0.8277
23694.8000 1207 1000 0.8285
23702.0000 1208 1000 0.8278
23709.0000 1208 1001 0.8286
23710.9000 1208 1002 0.8295
23713.1000 1208 1003 0.8303
23723.2000 1208 1004 0.8311
23726.0000 1209 1004 0.8304
23726.3000 1209 1005 0.8313
23733.7000 1209 1006 0.8321
23741.0000 1210 1006 0.8314
23746.9000 1210 1007 0.8322
23759.5000 1210 1008 0.8331
23760.0000 1211 1008 0.8324
23771.5000 1211 1009 0.8332
23776.0000 1211 1010 0.8340
23778.0000 1212 1010 0.8333
23782.4000 1212 1011 0.8342
23785.5000 1212 1012 0.8350
23798.0000 1213 1012 0.8343
23817.0000 1214 1012 0.8336
23823.0000 1214 1013 0.8344
23837.0000 1215 1013 0.8337
23843.7000 1215 1014 0.8346
23846.7000 1215 1015 0.8354
23859.0000 1216 1015 0.8347
23874.0000 1217 1015 0.8340
23895.0000 1217 1016 0.8348
23895.0000 1218 1016 0.8342
23909.0000 1218 1017 0.8350
23916.0000 1219 1017 0.8343
23937.0000 1220 1017 0.8336
23961.0000 1221 1017 0.8329
23978.4000 1221 1018 0.8337
23981.0000 1222 1018 0.8331
23985.1000 1222 1019 0.8339
24004.0000 1223 1019 0.8332
24026.0000 1224 1019 0.8325
24037.1000 1224 1020 0.8333
24037.4000 1224 1021 0.8342
24043.0000 1225 1021 0.8335
24046.5000 1225 1022 0.8343
24062.0000 1226 1022 0.8336
24077.5000 1226 1023 0.8344
24079.0000 1227 1023 0.8337
24089.4000 1227 1024 0.8346
24095.0000 1228 1024 0.8339
24110.0000 1229 1024 0.8332
24134.0000 1230 1024 0.8325
24157.0000 1231 1024 0.8318
24179.0000 1232 1024 0.8312
24192.1000 1232 1025 0.8320
24196.3000 1232 1026 0.8328
24203.0000 1233 1026 0.8321
24222.0000 1234 1026 0.8314
24225.8000 1234 1027 0.8323
24242.4000 1234 1028 0.8331
24245.0000 1235 1028 0.8324
24251.5000 1235 1029 0.8332
24262.0000 1236 1029 0.8325
24267.4000 1236 1030 0.8333
24272.3000 1236 1031 0.8341
24286.0000 1237 1031 0.8335
24293.0000 1237 1032 0.8343
24305.0000 1238 1032 0.8336
24314.2000 1238 1033 0.8344
24326.0000 1239 1033 0.8337
24334.4000 1239 1034 0.8345
24336.0000 1239 1035 0.8354
24349.0000 1240 1035 0.8347
24361.5000 1240 1036 0.8355
24364.6000 1240 1037 0.8363
24368.0000 1241 1037 0.8356
24379.5000 1241 1038 0.8364
24380.6000 1241 1039 0.8372
24383.0000 1242 1039 0.8366
24396.6000 1242 1040 0.8374
24407.0000 1243 1040 0.8367
24422.4000 1243 1041 0.8375
24427.0000 1244 1041 0.8368
24445.2000 1244 1042 0.8376
24447.0000 1245 1042 0.8369
24468.0000 1246 1042 0.8363
24468.8000 1246 1043 0.8371
24473.7000 1246 1044 0.8379
24483.1000 1246 1045 0.8387
24490.0000 1247 1045 0.8380
24490.3000 1247 1046 0.8388
24493.5000 1247 1047 0.8396
24495.4000 1247 1048 0.8404
24510.4000 1247 1049 0.8412
24514.0000 1248 1049 0.8405
24530.0000 1249 1049 0.8399
24550.0000 1249 1050 0.8407
24553.0000 1250 1050 0.8400
24568.0000 1251 1050 0.8393
24591.0000 1252 1050 0.8387
24594.1000 1252 1051 0.8395
24607.0000 1253 1051 0.8388
24624.0000 1254 1051 0.8381
24641.0000 1255 1051 0.8375
24652.9000 1255 1052 0.8382
24653.7000 1255 1053 0.8390
24656.0000 1256 1053 0.8384
24656.4000 1256 1054 0.8392
24661.9000 1256 1055 0.8400
24677.0000 1257 1055 0.8393
24693.0000 1258 1055 0.8386
24702.5000 1258 1056 0.8394
24712.0000 1259 1056 0.8388
24736.0000 1260 1056 0.8381
24751.0000 1261 1056 0.8374
24752.6000 1261 1057 0.8382
24768.0000 1262 1057 0.8376
24773.9000 1262 1058 0.8384
24780.2000 1262 1059 0.8391
24790.0000 1263 1059 0.8385
24809.0000 1264 1059 0.8378
24824.0000 1265 1059 0.8372
24828.3000 1265 1060 0.8379
24844.0000 1266 1060 0.8373
24857.9000 1266 1061 0.8381
24867.0000 1267 1061 0.8374
24870.4000 1267 1062 0.8382
24883.0000 1268 1062 0.8375
24894.8000 1268 1063 0.8383
24903.8000 1268 1064 0.8391
24905.0000 1268 1065 0.8399
24906.0000 1269 1065 0.8392
24921.0000 1270 1065 0.8386
24945.0000 1271 1065 0.8379
24963.0000 1272 1065 0.8373
24980.0000 1273 1065 0.8366
24999.0000 1274 1065 0.8359
25015.0000 1275 1065 0.8353
25023.4000 1275 1066 0.8361
25026.2000 1275 1067 0.8369
25029.2000 1275 1068 0.8376
25034.0000 1276 1068 0.8370
25055.0000 1277 1068 0.8363
25069.5000 1277 1069 0.8371
25072.0000 1277 1070 0.8379
25074.0000 1278 1070 0.8372
25078.3000 1278 1071 0.8380
25095.0000 1279 1071 0.8374
25106.8000 1279 1072 0.8382
25107.0000 1279 1073 0.8389
25116.1000 1279 1074 0.8397
25119.0000 1280 1074 0.8391
25130.1000 1280 1075 0.8398
25138.0000 1281 1075 0.8392
25146.7000 1281 1076 0.8400
25162.0000 1282 1076 0.8393
25169.4000 1282 1077 0.8401
25183.0000 1283 1077 0.8394
