# time  created  delivered  delivered/created
22.0000 1 0 0.0000
38.0000 2 0 0.0000
54.0000 3 0 0.0000
72.0000 4 0 0.0000
94.0000 5 0 0.0000
110.0000 6 0 0.0000
133.0000 7 0 0.0000
153.0000 8 0 0.0000
175.0000 9 0 0.0000
191.0000 10 0 0.0000
210.0000 11 0 0.0000
225.0000 12 0 0.0000
249.0000 13 0 0.0000
265.0000 14 0 0.0000
281.0000 15 0 0.0000
304.0000 16 0 0.0000
328.0000 17 0 0.0000
343.0000 18 0 0.0000
367.0000 19 0 0.0000
382.0000 20 0 0.0000
399.0000 21 0 0.0000
420.0000 22 0 0.0000
439.0000 23 0 0.0000
458.0000 24 0 0.0000
480.0000 25 0 0.0000
497.0000 26 0 0.0000
515.0000 27 0 0.0000
538.0000 28 0 0.0000
562.0000 29 0 0.0000
581.0000 30 0 0.0000
581.2000 30 1 0.0333
603.0000 31 1 0.0323
625.0000 32 1 0.0313
641.2000 32 2 0.0625
646.0000 33 2 0.0606
661.6000 33 3 0.0909
667.0000 34 3 0.0882
685.0000 35 3 0.0857
691.0000 35 4 0.1143
700.0000 36 4 0.1111
714.8000 36 5 0.1389
722.0000 37 5 0.1351
741.0000 38 5 0.1316
764.0000 39 5 0.1282
784.0000 40 5 0.1250
786.4000 40 6 0.1500
806.0000 41 6 0.1463
829.0000 42 6 0.1429
851.0000 43 6 0.1395
873.0000 44 6 0.1364
895.0000 45 6 0.1333
904.3000 45 7 0.1556
918.0000 46 7 0.1522
941.0000 47 7 0.1489
957.0000 48 7 0.1458
975.0000 49 7 0.1429
998.0000 50 7 0.1400
1018.0000 51 7 0.1373
1040.0000 52 7 0.1346
1056.0000 53 7 0.1321
1077.0000 54 7 0.1296
1096.0000 55 7 0.1273
1117.0000 56 7 0.1250
1137.0000 57 7 0.1228
1159.0000 58 7 0.1207
1179.0000 59 7 0.1186
1193.3000 59 8 0.1356
1201.0000 60 8 0.1333
1216.0000 61 8 0.1311
1225.2000 61 9 0.1475
1226.1000 61 10 0.1639
1232.0000 62 10 0.1613
1251.0000 63 10 0.1587
1268.0000 64 10 0.1563
1287.0000 65 10 0.1538
1308.0000 66 10 0.1515
1327.0000 67 10 0.1493
1342.0000 68 10 0.1471
1364.0000 69 10 0.1449
1381.1000 69 11 0.1594
1388.0000 70 11 0.1571
1397.1000 70 12 0.1714
1407.0000 70 13 0.1857
1407.0000 71 13 0.1831
1422.0000 72 13 0.1806
1442.0000 73 13 0.1781
1464.0000 74 13 0.1757
1475.9000 74 14 0.1892
1478.4000 74 15 0.2027
1479.0000 75 15 0.2000
1483.1000 75 16 0.2133
1500.0000 76 16 0.2105
1518.0000 77 16 0.2078
1542.0000 78 16 0.2051
1560.8000 78 17 0.2179
1562.0000 79 17 0.2152
1577.0000 80 17 0.2125
1600.0000 81 17 0.2099
1620.0000 82 17 0.2073
1637.0000 83 17 0.2048
1652.0000 84 17 0.2024
1673.0000 85 17 0.2000
1695.0000 86 17 0.1977
1706.4000 86 18 0.2093
1713.0000 87 18 0.2069
1736.2000 87 19 0.2184
1736.7000 87 20 0.2299
1737.0000 88 20 0.2273
1739.8000 88 21 0.2386
1760.0000 89 21 0.2360
1781.0000 90 21 0.2333
1804.0000 91 21 0.2308
1826.0000 92 21 0.2283
1849.0000 93 21 0.2258
1870.0000 94 21 0.2234
1880.0000 94 22 0.2340
1890.0000 95 22 0.2316
1911.0000 96 22 0.2292
1929.0000 97 22 0.2268
1948.0000 98 22 0.2245
1965.0000 99 22 0.2222
1980.0000 100 22 0.2200
1991.1000 100 23 0.2300
2002.0000 101 23 0.2277
2024.0000 102 23 0.2255
2035.6000 102 24 0.2353
2041.0000 103 24 0.2330
2064.0000 104 24 0.2308
2080.0000 105 24 0.2286
2095.0000 106 24 0.2264
2119.0000 107 24 0.2243
2139.0000 108 24 0.2222
2144.0000 108 25 0.2315
2161.0000 109 25 0.2294
2178.0000 110 25 0.2273
2199.0000 111 25 0.2252
2217.0000 111 26 0.2342
2222.0000 112 26 0.2321
2240.0000 113 26 0.2301
2259.0000 114 26 0.2281
2275.0000 115 26 0.2261
2295.0000 116 26 0.2241
2314.0000 117 26 0.2222
2324.2000 117 27 0.2308
2335.0000 118 27 0.2288
2348.0000 118 28 0.2373
2354.0000 119 28 0.2353
2377.0000 120 28 0.2333
2396.0000 121 28 0.2314
2411.0000 122 28 0.2295
2412.0000 122 29 0.2377
2433.0000 123 29 0.2358
2452.0000 124 29 0.2339
2460.7000 124 30 0.2419
2464.9000 124 31 0.2500
2470.9000 124 32 0.2581
2474.0000 125 32 0.2560
2496.0000 126 32 0.2540
2511.0000 127 32 0.2520
2526.0000 128 32 0.2500
2546.0000 129 32 0.2481
2555.1000 129 33 0.2558
2563.0000 130 33 0.2538
2586.0000 131 33 0.2519
2601.0000 132 33 0.2500
2621.0000 133 33 0.2481
2641.0000 134 33 0.2463
2662.0000 135 33 0.2444
2678.0000 136 33 0.2426
2689.6000 136 34 0.2500
2690.9000 136 35 0.2574
2693.0000 137 35 0.2555
2716.0000 138 35 0.2536
2735.0000 139 35 0.2518
2741.3000 139 36 0.2590
2742.9000 139 37 0.2662
2754.0000 140 37 0.2643
2771.0000 141 37 0.2624
2788.0000 142 37 0.2606
2800.0000 142 38 0.2676
2807.0000 143 38 0.2657
2823.3000 143 39 0.2727
2826.1000 143 40 0.2797
2831.0000 144 40 0.2778
2853.0000 145 40 0.2759
2868.0000 146 40 0.2740
2891.0000 147 40 0.2721
2911.0000 148 40 0.2703
2926.0000 149 40 0.2685
2942.0000 150 40 0.2667
2946.7000 150 41 0.2733
2954.4000 150 42 0.2800
2962.0000 151 42 0.2781
2979.0000 152 42 0.2763
3003.0000 153 42 0.2745
3022.9000 153 43 0.2810
3024.0000 154 43 0.2792
3040.0000 155 43 0.2774
3064.0000 156 43 0.2756
3065.8000 156 44 0.2821
3086.0000 157 44 0.2803
3087.2000 157 45 0.2866
3090.5000 157 46 0.2930
3110.0000 158 46 0.2911
3118.8000 158 47 0.2975
3129.0000 159 47 0.2956
3129.9000 159 48 0.3019
3147.0000 160 48 0.3000
3166.0000 161 48 0.2981
3166.7000 161 49 0.3043
3190.0000 162 49 0.3025
3210.0000 163 49 0.3006
3225.0000 164 49 0.2988
3243.0000 165 49 0.2970
3260.0000 166 49 0.2952
3261.2000 166 50 0.3012
3271.8000 166 51 0.3072
3283.0000 167 51 0.3054
3305.0000 168 51 0.3036
3321.0000 169 51 0.3018
3344.0000 170 51 0.3000
3365.0000 171 51 0.2982
3365.1000 171 52 0.3041
3385.0000 172 52 0.3023
3408.0000 173 52 0.3006
3420.8000 173 53 0.3064
3423.8000 173 54 0.3121
3428.0000 174 54 0.3103
3449.0000 175 54 0.3086
3472.0000 176 54 0.3068
3488.0000 177 54 0.3051
3510.8000 177 55 0.3107
3511.0000 178 55 0.3090
3527.3000 178 56 0.3146
3532.4000 178 57 0.3202
3533.2000 178 58 0.3258
3535.0000 179 58 0.3240
3546.4000 179 59 0.3296
3548.5000 179 60 0.3352
3551.5000 179 61 0.3408
3552.0000 180 61 0.3389
3570.0000 181 61 0.3370
3576.7000 181 62 0.3425
3589.0000 182 62 0.3407
3604.0000 183 62 0.3388
3619.0000 184 62 0.3370
3638.0000 185 62 0.3351
3653.0000 186 62 0.3333
3669.0000 187 62 0.3316
3689.0000 188 62 0.3298
3712.0000 189 62 0.3280
3730.0000 190 62 0.3263
3754.0000 191 62 0.3246
3771.0000 192 62 0.3229
3787.0000 193 62 0.3212
3809.0000 194 62 0.3196
3832.0000 195 62 0.3179
3854.0000 196 62 0.3163
3873.0000 197 62 0.3147
3881.8000 197 63 0.3198
3895.0000 198 63 0.3182
3919.0000 199 63 0.3166
3938.0000 200 63 0.3150
3946.3000 200 64 0.3200
3946.9000 200 65 0.3250
3953.0000 200 66 0.3300
3955.0000 201 66 0.3284
3975.0000 202 66 0.3267
3996.0000 203 66 0.3251
4012.0000 204 66 0.3235
4031.0000 205 66 0.3220
4052.0000 206 66 0.3204
4059.0000 206 67 0.3252
4060.3000 206 68 0.3301
4061.2000 206 69 0.3350
4070.0000 207 69 0.3333
4094.0000 208 69 0.3317
4115.0000 209 69 0.3301
4134.0000 210 69 0.3286
4153.0000 211 69 0.3270
4171.0000 212 69 0.3255
4187.1000 212 70 0.3302
4194.0000 213 70 0.3286
4208.3000 213 71 0.3333
4214.0000 214 71 0.3318
4235.0000 215 71 0.3302
4251.0000 216 71 0.3287
4268.6000 216 72 0.3333
4272.0000 217 72 0.3318
4287.3000 217 73 0.3364
4288.3000 217 74 0.3410
4290.0000 218 74 0.3394
4314.0000 219 74 0.3379
4338.0000 220 74 0.3364
4360.0000 221 74 0.3348
4381.0000 222 74 0.3333
4400.0000 223 74 0.3318
4419.0000 224 74 0.3304
4419.1000 224 75 0.3348
4428.4000 224 76 0.3393
4434.0000 225 76 0.3378
4451.0000 225 77 0.3422
4451.4000 225 78 0.3467
4453.5000 225 79 0.3511
4458.0000 226 79 0.3496
4463.0000 226 80 0.3540
4476.0000 227 80 0.3524
4497.0000 228 80 0.3509
4515.0000 229 80 0.3493
4537.0000 230 80 0.3478
4556.0000 231 80 0.3463
4565.2000 231 81 0.3506
4578.4000 231 82 0.3550
4580.0000 232 82 0.3534
4597.0000 233 82 0.3519
4614.0000 234 82 0.3504
4634.0000 235 82 0.3489
4655.0000 236 82 0.3475
4665.1000 236 83 0.3517
4672.0000 237 83 0.3502
4689.0000 238 83 0.3487
4699.4000 238 84 0.3529
4706.0000 239 84 0.3515
4729.0000 240 84 0.3500
4741.9000 240 85 0.3542
4747.0000 241 85 0.3527
4751.3000 241 86 0.3568
4751.9000 241 87 0.3610
4762.0000 242 87 0.3595
4764.8000 242 88 0.3636
4783.0000 243 88 0.3621
4807.0000 244 88 0.3607
4824.0000 245 88 0.3592
4848.0000 246 88 0.3577
4867.0000 247 88 0.3563
4886.0000 248 88 0.3548
4909.0000 249 88 0.3534
4928.0000 250 88 0.3520
4951.0000 251 88 0.3506
4966.0000 252 88 0.3492
4986.0000 253 88 0.3478
5010.0000 254 88 0.3465
5033.0000 255 88 0.3451
5048.0000 256 88 0.3438
5062.6000 256 89 0.3477
5072.0000 257 89 0.3463
5089.0000 258 89 0.3450
5089.5000 258 90 0.3488
5112.0000 259 90 0.3475
5131.0000 260 90 0.3462
5151.0000 261 90 0.3448
5175.0000 262 90 0.3435
5194.0000 263 90 0.3422
5215.0000 264 90 0.3409
5237.0000 265 90 0.3396
5254.0000 266 90 0.3383
5269.0000 267 90 0.3371
5281.0000 267 91 0.3408
5291.0000 268 91 0.3396
5307.0000 269 91 0.3383
5323.5000 269 92 0.3420
5324.0000 270 92 0.3407
5339.0000 271 92 0.3395
5355.3000 271 93 0.3432
5356.0000 272 93 0.3419
5371.0000 273 93 0.3407
5387.0000 274 93 0.3394
5395.6000 274 94 0.3431
5410.0000 275 94 0.3418
5426.0000 276 94 0.3406
5447.0000 277 94 0.3394
5470.0000 278 94 0.3381
5490.0000 279 94 0.3369
5504.6000 279 95 0.3405
5507.0000 280 95 0.3393
5517.3000 280 96 0.3429
5528.0000 281 96 0.3416
5546.0000 282 96 0.3404
5561.4000 282 97 0.3440
5564.0000 283 97 0.3428
5569.3000 283 98 0.3463
5584.0000 284 98 0.3451
5607.0000 285 98 0.3439
5625.0000 286 98 0.3427
5643.0000 287 98 0.3415
5665.0000 288 98 0.3403
5685.0000 289 98 0.3391
5704.0000 290 98 0.3379
5724.0000 291 98 0.3368
5745.0000 292 98 0.3356
5745.2000 292 99 0.3390
5760.0000 293 99 0.3379
5784.0000 294 99 0.3367
5805.0000 295 99 0.3356
5822.0000 296 99 0.3345
5830.4000 296 100 0.3378
5841.0000 297 100 0.3367
5859.0000 298 100 0.3356
5860.3000 298 101 0.3389
5869.1000 298 102 0.3423
5874.0000 299 102 0.3411
5893.0000 300 102 0.3400
5914.0000 301 102 0.3389
5914.3000 301 103 0.3422
5932.0000 302 103 0.3411
5953.0000 303 103 0.3399
5959.1000 303 104 0.3432
5971.0000 304 104 0.3421
5986.0000 305 104 0.3410
5996.8000 305 105 0.3443
6003.8000 305 106 0.3475
6008.0000 306 106 0.3464
6024.0000 307 106 0.3453
6029.0000 307 107 0.3485
6037.2000 307 108 0.3518
6041.0000 308 108 0.3506
6063.0000 309 108 0.3495
6069.1000 309 109 0.3528
6087.0000 310 109 0.3516
6105.0000 311 109 0.3505
6124.0000 312 109 0.3494
6145.0000 313 109 0.3482
6166.0000 314 109 0.3471
6182.0000 315 109 0.3460
6201.0000 316 109 0.3449
6216.0000 317 109 0.3438
6231.0000 318 109 0.3428
6245.2000 318 110 0.3459
6248.0000 319 110 0.3448
6261.7000 319 111 0.3480
6267.0000 320 111 0.3469
6276.8000 320 112 0.3500
6289.0000 321 112 0.3489
6308.0000 322 112 0.3478
6332.0000 323 112 0.3467
6355.0000 324 112 0.3457
6372.0000 325 112 0.3446
6393.0000 326 112 0.3436
6417.0000 327 112 0.3425
6424.2000 327 113 0.3456
6435.6000 327 114 0.3486
6441.0000 328 114 0.3476
6457.1000 328 115 0.3506
6465.0000 329 115 0.3495
6467.3000 329 116 0.3526
6486.0000 330 116 0.3515
6502.0000 331 116 0.3505
6518.0000 332 116 0.3494
6536.0000 333 116 0.3483
6548.1000 333 117 0.3514
6555.0000 334 117 0.3503
6572.0000 335 117 0.3493
6591.0000 336 117 0.3482
6608.0000 337 117 0.3472
6631.0000 338 117 0.3462
6646.0000 339 117 0.3451
6665.0000 340 117 0.3441
6684.0000 341 117 0.3431
6687.9000 341 118 0.3460
6696.4000 341 119 0.3490
6708.0000 342 119 0.3480
6725.0000 343 119 0.3469
6733.4000 343 120 0.3499
6745.0000 344 120 0.3488
6760.0000 345 120 0.3478
6767.3000 345 121 0.3507
6781.0000 346 121 0.3497
6793.5000 346 122 0.3526
6800.0000 347 122 0.3516
6816.0000 348 122 0.3506
6839.0000 349 122 0.3496
6854.0000 350 122 0.3486
6874.0000 351 122 0.3476
6889.0000 352 122 0.3466
6893.6000 352 123 0.3494
6909.0000 353 123 0.3484
6928.4000 353 124 0.3513
6930.0000 354 124 0.3503
6951.0000 355 124 0.3493
6971.0000 356 124 0.3483
6978.5000 356 125 0.3511
6980.2000 356 126 0.3539
6995.0000 357 126 0.3529
7010.0000 358 126 0.3520
7029.0000 359 126 0.3510
7045.6000 359 127 0.3538
7048.0000 360 127 0.3528
7071.0000 361 127 0.3518
7091.8000 361 128 0.3546
7093.0000 362 128 0.3536
7093.3000 362 129 0.3564
7108.0000 363 129 0.3554
7111.5000 363 130 0.3581
7130.0000 364 130 0.3571
7147.0000 365 130 0.3562
7163.0000 366 130 0.3552
7176.4000 366 131 0.3579
7180.0000 367 131 0.3569
7182.6000 367 132 0.3597
7196.1000 367 133 0.3624
7197.0000 368 133 0.3614
7221.0000 369 133 0.3604
7240.0000 370 133 0.3595
7253.6000 370 134 0.3622
7255.0000 371 134 0.3612
7255.2000 371 135 0.3639
7261.2000 371 136 0.3666
7272.0000 372 136 0.3656
7296.0000 373 136 0.3646
7319.0000 374 136 0.3636
7333.2000 374 137 0.3663
7335.0000 375 137 0.3653
7354.1000 375 138 0.3680
7358.0000 376 138 0.3670
7367.4000 376 139 0.3697
7378.0000 377 139 0.3687
7394.0000 378 139 0.3677
7406.7000 378 140 0.3704
7411.0000 379 140 0.3694
7435.0000 380 140 0.3684
7459.0000 381 140 0.3675
7480.0000 382 140 0.3665
7498.0000 383 140 0.3655
7498.1000 383 141 0.3681
7514.0000 384 141 0.3672
7535.4000 384 142 0.3698
7536.0000 385 142 0.3688
7559.0000 386 142 0.3679
7574.0000 387 142 0.3669
7583.5000 387 143 0.3695
7595.0000 388 143 0.3686
7597.1000 388 144 0.3711
7613.0000 389 144 0.3702
7620.2000 389 145 0.3728
7632.0000 390 145 0.3718
7650.2000 390 146 0.3744
7656.0000 391 146 0.3734
7673.0000 392 146 0.3724
7696.0000 393 146 0.3715
7713.0000 394 146 0.3706
7730.0000 395 146 0.3696
7745.0000 396 146 0.3687
7749.4000 396 147 0.3712
7762.0000 397 147 0.3703
7784.0000 398 147 0.3693
7804.0000 399 147 0.3684
7811.4000 399 148 0.3709
7822.0000 400 148 0.3700
7823.5000 400 149 0.3725
7840.0000 401 149 0.3716
7858.0000 402 149 0.3706
7874.0000 403 149 0.3697
7891.2000 403 150 0.3722
7895.0000 404 150 0.3713
7914.0000 405 150 0.3704
7931.0000 406 150 0.3695
7948.0000 407 150 0.3686
7960.8000 407 151 0.3710
7972.0000 408 151 0.3701
7987.0000 409 151 0.3692
7992.4000 409 152 0.3716
8002.0000 410 152 0.3707
8024.0000 411 152 0.3698
8040.0000 412 152 0.3689
8041.7000 412 153 0.3714
8046.6000 412 154 0.3738
8059.0000 413 154 0.3729
8082.0000 414 154 0.3720
8082.3000 414 155 0.3744
8099.0000 415 155 0.3735
8116.0000 416 155 0.3726
8137.0000 417 155 0.3717
8144.0000 417 156 0.3741
8158.0000 418 156 0.3732
8173.0000 419 156 0.3723
8190.0000 420 156 0.3714
8205.0000 421 156 0.3705
8205.7000 421 157 0.3729
8227.0000 422 157 0.3720
8235.0000 422 158 0.3744
8251.0000 423 158 0.3735
8270.0000 423 159 0.3759
8270.3000 423 160 0.3783
8275.0000 424 160 0.3774
8297.0000 425 160 0.3765
8305.1000 425 161 0.3788
8317.0000 426 161 0.3779
8336.0000 427 161 0.3770
8354.3000 427 162 0.3794
8359.0000 428 162 0.3785
8375.0000 429 162 0.3776
8396.0000 430 162 0.3767
8399.8000 430 163 0.3791
8414.0000 431 163 0.3782
8428.2000 431 164 0.3805
8431.2000 431 165 0.3828
8437.0000 432 165 0.3819
8453.0000 433 165 0.3811
8468.0000 434 165 0.3802
8492.0000 435 165 0.3793
8505.9000 435 166 0.3816
8510.0000 436 166 0.3807
8525.0000 437 166 0.3799
8540.6000 437 167 0.3822
8544.0000 438 167 0.3813
8566.0000 439 167 0.3804
8578.2000 439 168 0.3827
8586.0000 440 168 0.3818
8609.0000 441 168 0.3810
8625.0000 442 168 0.3801
8629.1000 442 169 0.3824
8641.0000 442 170 0.3846
8644.0000 443 170 0.3837
8663.0000 444 170 0.3829
8681.0000 445 170 0.3820
8697.0000 446 170 0.3812
8704.5000 446 171 0.3834
8719.0000 447 171 0.3826
8743.0000 448 171 0.3817
8767.0000 449 171 0.3808
8784.0000 450 171 0.3800
8800.0000 451 171 0.3792
8807.6000 451 172 0.3814
8822.7000 451 173 0.3836
8823.0000 452 173 0.3827
8828.3000 452 174 0.3850
8839.0000 453 174 0.3841
8849.0000 453 175 0.3863
8854.0000 454 175 0.3855
8869.0000 455 175 0.3846
8888.6000 455 176 0.3868
8892.0000 456 176 0.3860
8911.0000 457 176 0.3851
8929.0000 458 176 0.3843
8944.0000 459 176 0.3834
8955.3000 459 177 0.3856
8961.0000 460 177 0.3848
8979.0000 461 177 0.3839
8997.0000 462 177 0.3831
9011.3000 462 178 0.3853
9013.0000 463 178 0.3844
9035.0000 464 178 0.3836
9058.0000 465 178 0.3828
9065.9000 465 179 0.3849
9073.0000 466 179 0.3841
9092.4000 466 180 0.3863
9095.0000 467 180 0.3854
9099.9000 467 181 0.3876
9119.0000 468 181 0.3868
9142.8000 468 182 0.3889
9143.0000 469 182 0.3881
9162.0000 470 182 0.3872
9186.0000 471 182 0.3864
9196.5000 471 183 0.3885
9209.0000 472 183 0.3877
9224.0000 473 183 0.3869
9245.0000 474 183 0.3861
9254.4000 474 184 0.3882
9264.0000 475 184 0.3874
9288.0000 476 184 0.3866
9294.6000 476 185 0.3887
9306.5000 476 186 0.3908
9310.0000 477 186 0.3899
9315.3000 477 187 0.3920
9326.0000 478 187 0.3912
9338.1000 478 188 0.3933
9341.0000 479 188 0.3925
9365.0000 480 188 0.3917
9387.0000 481 188 0.3909
9397.7000 481 189 0.3929
9403.0000 482 189 0.3921
9426.0000 483 189 0.3913
9444.0000 484 189 0.3905
9453.1000 484 190 0.3926
9468.0000 485 190 0.3918
9485.0000 486 190 0.3909
9503.0000 487 190 0.3901
9527.0000 488 190 0.3893
9550.0000 489 190 0.3885
9573.0000 490 190 0.3878
9591.0000 491 190 0.3870
9614.0000 492 190 0.3862
9632.0000 493 190 0.3854
9653.0000 494 190 0.3846
9676.0000 495 190 0.3838
9693.0000 496 190 0.3831
9715.0000 497 190 0.3823
9736.0000 498 190 0.3815
9750.0000 498 191 0.3835
9752.0000 499 191 0.3828
9757.2000 499 192 0.3848
9776.0000 500 192 0.3840
9799.0000 501 192 0.3832
9805.6000 501 193 0.3852
9821.0000 502 193 0.3845
9837.0000 503 193 0.3837
9861.0000 504 193 0.3829
9879.0000 505 193 0.3822
9894.0000 506 193 0.3814
9909.0000 507 193 0.3807
9927.0000 508 193 0.3799
9946.0000 509 193 0.3792
9952.0000 509 194 0.3811
9969.0000 510 194 0.3804
9970.5000 510 195 0.3824
9988.0000 511 195 0.3816
10007.0000 512 195 0.3809
10024.0000 513 195 0.3801
10044.0000 514 195 0.3794
10067.0000 515 195 0.3786
10087.0000 516 195 0.3779
10111.0000 517 195 0.3772
10118.2000 517 196 0.3791
10132.0000 518 196 0.3784
10154.0000 519 196 0.3776
10174.9000 519 197 0.3796
10177.0000 520 197 0.3788
10186.3000 520 198 0.3808
10194.0000 521 198 0.3800
10216.0000 522 198 0.3793
10235.0000 523 198 0.3786
10257.0000 524 198 0.3779
10281.0000 525 198 0.3771
10300.0000 526 198 0.3764
10320.0000 527 198 0.3757
10343.0000 528 198 0.3750
10366.0000 529 198 0.3743
10374.1000 529 199 0.3762
10382.0000 530 199 0.3755
10402.0000 531 199 0.3748
10403.6000 531 200 0.3766
10416.0000 531 201 0.3785
10423.0000 532 201 0.3778
10441.0000 533 201 0.3771
10461.0000 534 201 0.3764
10480.0000 535 201 0.3757
10483.4000 535 202 0.3776
10497.0000 536 202 0.3769
10518.0000 537 202 0.3762
10537.0000 538 202 0.3755
10555.0000 539 202 0.3748
10571.0000 540 202 0.3741
10591.0000 541 202 0.3734
10615.0000 542 202 0.3727
10637.0000 543 202 0.3720
10644.4000 543 203 0.3738
10645.7000 543 204 0.3757
10657.0000 544 204 0.3750
10680.1000 544 205 0.3768
10681.0000 545 205 0.3761
10693.1000 545 206 0.3780
10703.0000 546 206 0.3773
10726.0000 547 206 0.3766
10748.0000 548 206 0.3759
10768.0000 549 206 0.3752
10781.7000 549 207 0.3770
10788.0000 550 207 0.3764
10808.0000 551 207 0.3757
10823.0000 552 207 0.3750
10842.0000 553 207 0.3743
10866.0000 554 207 0.3736
10875.0000 554 208 0.3755
10884.1000 554 209 0.3773
10885.0000 555 209 0.3766
10896.9000 555 210 0.3784
10907.0000 556 210 0.3777
10925.0000 557 210 0.3770
10942.0000 558 210 0.3763
10966.0000 559 210 0.3757
10983.0000 560 210 0.3750
11006.0000 561 210 0.3743
11023.0000 562 210 0.3737
11040.6000 562 211 0.3754
11046.0000 563 211 0.3748
11068.0000 564 211 0.3741
11084.0000 565 211 0.3735
11098.0000 565 212 0.3752
11102.0000 566 212 0.3746
11105.7000 566 213 0.3763
11120.0000 567 213 0.3757
11131.8000 567 214 0.3774
11143.0000 568 214 0.3768
11143.6000 568 215 0.3785
11148.6000 568 216 0.3803
11166.0000 569 216 0.3796
11182.0000 570 216 0.3789
11198.8000 570 217 0.3807
11201.0000 571 217 0.3800
11218.0000 572 217 0.3794
11238.0000 573 217 0.3787
11250.8000 573 218 0.3805
11252.1000 573 219 0.3822
11253.5000 573 220 0.3839
11260.0000 574 220 0.3833
11280.0000 575 220 0.3826
11290.4000 575 221 0.3843
11293.2000 575 222 0.3861
11298.0000 576 222 0.3854
11308.0000 576 223 0.3872
11319.0000 577 223 0.3865
11343.0000 578 223 0.3858
11363.0000 579 223 0.3851
11381.0000 580 223 0.3845
11405.0000 581 223 0.3838
11424.0000 582 223 0.3832
11433.0000 582 224 0.3849
11436.7000 582 225 0.3866
11443.0000 583 225 0.3859
11450.2000 583 226 0.3877
11467.0000 584 226 0.3870
11491.0000 585 226 0.3863
11511.0000 586 226 0.3857
11525.6000 586 227 0.3874
11529.0000 587 227 0.3867
11540.0000 587 228 0.3884
11547.0000 588 228 0.3878
11566.0000 589 228 0.3871
11586.0000 590 228 0.3864
11610.0000 591 228 0.3858
11613.6000 591 229 0.3875
11618.2000 591 230 0.3892
11626.0000 592 230 0.3885
11640.2000 592 231 0.3902
11650.0000 593 231 0.3895
11665.0000 594 231 0.3889
11680.0000 595 231 0.3882
11696.0000 596 231 0.3876
11711.0000 597 231 0.3869
11731.0000 598 231 0.3863
11755.0000 599 231 0.3856
11771.0000 600 231 0.3850
11790.0000 601 231 0.3844
11790.6000 601 232 0.3860
11805.5000 601 233 0.3877
11809.0000 602 233 0.3870
11810.9000 602 234 0.3887
11827.0000 603 234 0.3881
11828.3000 603 235 0.3897
11851.0000 604 235 0.3891
11858.7000 604 236 0.3907
11867.0000 605 236 0.3901
11885.0000 606 236 0.3894
11885.6000 606 237 0.3911
11907.0000 607 237 0.3904
11929.0000 608 237 0.3898
11940.3000 608 238 0.3914
11948.0000 609 238 0.3908
11971.0000 610 238 0.3902
11995.0000 611 238 0.3895
12005.8000 611 239 0.3912
12012.0000 612 239 0.3905
12033.0000 613 239 0.3899
12048.0000 614 239 0.3893
12070.0000 615 239 0.3886
12073.0000 615 240 0.3902
12075.7000 615 241 0.3919
12088.0000 616 241 0.3912
12101.1000 616 242 0.3929
12104.0000 617 242 0.3922
12124.0000 618 242 0.3916
12135.5000 618 243 0.3932
12145.0000 619 243 0.3926
12153.5000 619 244 0.3942
12165.0000 620 244 0.3935
12189.0000 621 244 0.3929
12209.0000 622 244 0.3923
12210.0000 622 245 0.3939
12218.2000 622 246 0.3955
12226.0000 623 246 0.3949
12249.0000 624 246 0.3942
12270.0000 625 246 0.3936
12287.0000 626 246 0.3930
12304.8000 626 247 0.3946
12305.0000 627 247 0.3939
12323.0000 628 247 0.3933
12329.4000 628 248 0.3949
12339.0000 629 248 0.3943
12341.9000 629 249 0.3959
12358.0000 630 249 0.3952
12377.0000 631 249 0.3946
12399.0000 632 249 0.3940
12421.0000 633 249 0.3934
12444.0000 634 249 0.3927
12462.0000 634 250 0.3943
12463.0000 635 250 0.3937
12472.7000 635 251 0.3953
12479.0000 636 251 0.3947
12497.0000 637 251 0.3940
12513.2000 637 252 0.3956
12518.0000 638 252 0.3950
12538.0000 639 252 0.3944
12556.0000 640 252 0.3938
12575.0000 641 252 0.3931
12582.2000 641 253 0.3947
12591.0000 641 254 0.3963
12596.0000 642 254 0.3956
12611.0000 643 254 0.3950
12635.0000 644 254 0.3944
12643.2000 644 255 0.3960
12655.0000 645 255 0.3953
12669.4000 645 256 0.3969
12672.0000 646 256 0.3963
12689.5000 646 257 0.3978
12691.0000 647 257 0.3972
12703.5000 647 258 0.3988
12713.0000 648 258 0.3981
12726.0000 648 259 0.3997
12727.4000 648 260 0.4012
12737.0000 649 260 0.4006
12761.0000 650 260 0.4000
12781.0000 651 260 0.3994
12798.0000 652 260 0.3988
12818.0000 653 260 0.3982
12831.1000 653 261 0.3997
12836.3000 653 262 0.4012
12839.0000 654 262 0.4006
12863.0000 655 262 0.4000
12876.8000 655 263 0.4015
12884.0000 656 263 0.4009
12896.9000 656 264 0.4024
12901.0000 657 264 0.4018
12919.0000 658 264 0.4012
12936.0000 659 264 0.4006
12954.0000 660 264 0.4000
12971.0000 661 264 0.3994
12976.2000 661 265 0.4009
12986.0000 662 265 0.4003
12987.9000 662 266 0.4018
13009.0000 663 266 0.4012
13029.0000 664 266 0.4006
13047.0000 664 267 0.4021
13048.0000 665 267 0.4015
13069.0000 666 267 0.4009
13080.5000 666 268 0.4024
13090.0000 667 268 0.4018
13109.1000 667 269 0.4033
13112.0000 668 269 0.4027
13133.3000 668 270 0.4042
13135.0000 669 270 0.4036
13146.6000 669 271 0.4051
13157.0000 670 271 0.4045
13175.0000 671 271 0.4039
13181.4000 671 272 0.4054
13198.0000 672 272 0.4048
13200.6000 672 273 0.4063
13222.0000 673 273 0.4056
13237.0000 674 273 0.4050
13238.1000 674 274 0.4065
13238.8000 674 275 0.4080
13261.0000 675 275 0.4074
13279.0000 676 275 0.4068
13290.8000 676 276 0.4083
13303.0000 677 276 0.4077
13316.7000 677 277 0.4092
13327.0000 678 277 0.4086
13333.4000 678 278 0.4100
13344.0000 679 278 0.4094
13361.8000 679 279 0.4109
13361.9000 679 280 0.4124
13363.4000 679 281 0.4138
13367.0000 680 281 0.4132
13384.0000 680 282 0.4147
13385.0000 681 282 0.4141
13387.8000 681 283 0.4156
13400.0000 682 283 0.4150
13422.0000 683 283 0.4143
13431.5000 683 284 0.4158
13439.0000 684 284 0.4152
13463.0000 685 284 0.4146
13485.0000 686 284 0.4140
13501.0000 687 284 0.4134
13522.0000 688 284 0.4128
13543.0000 689 284 0.4122
13558.0000 690 284 0.4116
13578.0000 691 284 0.4110
13597.0000 692 284 0.4104
13601.2000 692 285 0.4118
13605.2000 692 286 0.4133
13612.0000 693 286 0.4127
13622.2000 693 287 0.4141
13633.0000 694 287 0.4135
13649.5000 694 288 0.4150
13654.0000 695 288 0.4144
13674.0000 696 288 0.4138
13689.0000 697 288 0.4132
13701.0000 697 289 0.4146
13713.0000 698 289 0.4140
13733.0000 699 289 0.4134
13750.0000 700 289 0.4129
13770.6000 700 290 0.4143
13771.0000 701 290 0.4137
13787.0000 702 290 0.4131
13808.0000 703 290 0.4125
13831.0000 704 290 0.4119
13840.2000 704 291 0.4134
13853.0000 705 291 0.4128
13874.0000 706 291 0.4122
13894.0000 707 291 0.4116
13915.0000 708 291 0.4110
13929.7000 708 292 0.4124
13937.0000 709 292 0.4118
13952.0000 710 292 0.4113
13955.8000 710 293 0.4127
13956.7000 710 294 0.4141
13976.0000 711 294 0.4135
13994.0000 712 294 0.4129
14011.0000 713 294 0.4123
14032.0000 714 294 0.4118
14046.8000 714 295 0.4132
14048.6000 714 296 0.4146
14056.0000 715 296 0.4140
14077.0000 716 296 0.4134
14092.0000 717 296 0.4128
14092.2000 717 297 0.4142
14107.0000 718 297 0.4136
14108.3000 718 298 0.4150
14123.0000 719 298 0.4145
14147.0000 720 298 0.4139
14167.0000 721 298 0.4133
14186.0000 722 298 0.4127
14204.0000 723 298 0.4122
14225.0000 724 298 0.4116
14239.1000 724 299 0.4130
14245.0000 725 299 0.4124
14267.0000 726 299 0.4118
14286.0000 727 299 0.4113
14304.0000 728 299 0.4107
14314.6000 728 300 0.4121
14323.0000 729 300 0.4115
14343.0000 730 300 0.4110
14363.0000 731 300 0.4104
14385.0000 732 300 0.4098
14392.5000 732 301 0.4112
14404.0000 733 301 0.4106
14420.0000 734 301 0.4101
14433.2000 734 302 0.4114
14441.0000 735 302 0.4109
14456.0000 736 302 0.4103
14466.4000 736 303 0.4117
14475.0000 737 303 0.4111
14499.0000 738 303 0.4106
14507.7000 738 304 0.4119
14519.7000 738 305 0.4133
14523.0000 739 305 0.4127
14544.0000 740 305 0.4122
14568.0000 741 305 0.4116
14588.0000 742 305 0.4111
14603.0000 743 305 0.4105
14618.0000 744 305 0.4099
14629.4000 744 306 0.4113
14638.0000 744 307 0.4126
14639.0000 745 307 0.4121
14655.0000 746 307 0.4115
14676.0000 747 307 0.4110
14696.0000 748 307 0.4104
14718.0000 749 307 0.4099
14733.2000 749 308 0.4112
14736.0000 750 308 0.4107
14746.0000 750 309 0.4120
14756.0000 751 309 0.4115
14773.0000 752 309 0.4109
14790.0000 753 309 0.4104
14809.0000 754 309 0.4098
14829.6000 754 310 0.4111
14831.0000 755 310 0.4106
14848.0000 756 310 0.4101
14867.0000 757 310 0.4095
14887.9000 757 311 0.4108
14889.0000 758 311 0.4103
14905.0000 759 311 0.4097
14927.0000 760 311 0.4092
14942.0000 761 311 0.4087
14961.0000 762 311 0.4081
14975.8000 762 312 0.4094
14984.0000 763 312 0.4089
14999.0000 764 312 0.4084
15001.4000 764 313 0.4097
15021.0000 765 313 0.4092
15041.0000 766 313 0.4086
15058.0000 767 313 0.4081
15074.0000 768 313 0.4076
15083.4000 768 314 0.4089
15089.2000 768 315 0.4102
15093.0000 769 315 0.4096
15101.5000 769 316 0.4109
15114.0000 770 316 0.4104
15132.0000 771 316 0.4099
15149.0000 772 316 0.4093
15157.1000 772 317 0.4106
15172.0000 773 317 0.4101
15190.0000 774 317 0.4096
15212.0000 775 317 0.4090
15232.1000 775 318 0.4103
15235.0000 776 318 0.4098
15256.0000 777 318 0.4093
15280.0000 778 318 0.4087
15297.0000 779 318 0.4082
15318.0000 780 318 0.4077
15336.0000 781 318 0.4072
15360.0000 782 318 0.4066
15381.0000 783 318 0.4061
15399.0000 784 318 0.4056
15419.0000 785 318 0.4051
15439.2000 785 319 0.4064
15441.0000 786 319 0.4059
15457.4000 786 320 0.4071
15460.6000 786 321 0.4084
15465.0000 787 321 0.4079
15482.0000 788 321 0.4074
15504.0000 789 321 0.4068
15517.2000 789 322 0.4081
15526.0000 790 322 0.4076
15547.0000 791 322 0.4071
15566.9000 791 323 0.4083
15569.0000 792 323 0.4078
15583.0000 792 324 0.4091
15591.0000 793 324 0.4086
15615.0000 794 324 0.4081
15632.0000 795 324 0.4075
15651.0000 796 324 0.4070
15662.6000 796 325 0.4083
15666.0000 797 325 0.4078
15684.0000 798 325 0.4073
15703.6000 798 326 0.4085
15708.0000 799 326 0.4080
15724.0000 800 326 0.4075
15746.0000 801 326 0.4070
15762.4000 801 327 0.4082
15764.0000 802 327 0.4077
15780.2000 802 328 0.4090
15782.0000 803 328 0.4085
15793.3000 803 329 0.4097
15799.0000 804 329 0.4092
15815.0000 805 329 0.4087
15838.0000 806 329 0.4082
15854.0000 807 329 0.4077
15873.0000 808 329 0.4072
15894.0000 809 329 0.4067
15909.0000 810 329 0.4062
15924.6000 810 330 0.4074
15927.0000 811 330 0.4069
15948.0000 812 330 0.4064
15953.1000 812 331 0.4076
15967.0000 813 331 0.4071
15971.8000 813 332 0.4084
15981.4000 813 333 0.4096
15990.0000 814 333 0.4091
16005.7000 814 334 0.4103
16010.0000 815 334 0.4098
16027.0000 816 334 0.4093
16042.0000 817 334 0.4088
16061.0000 818 334 0.4083
16080.0000 819 334 0.4078
16100.6000 819 335 0.4090
16104.0000 820 335 0.4085
16124.0000 821 335 0.4080
16139.0000 822 335 0.4075
16155.0000 823 335 0.4070
16156.9000 823 336 0.4083
16175.0000 824 336 0.4078
16180.3000 824 337 0.4090
16185.2000 824 338 0.4102
16196.0000 825 338 0.4097
16201.2000 825 339 0.4109
16204.5000 825 340 0.4121
16212.0000 826 340 0.4116
16220.0000 826 341 0.4128
16230.0000 827 341 0.4123
16245.0000 828 341 0.4118
16261.0000 829 341 0.4113
16281.0000 830 341 0.4108
16301.0000 831 341 0.4103
16322.0000 832 341 0.4099
16338.0000 833 341 0.4094
16357.0000 834 341 0.4089
16380.0000 835 341 0.4084
16390.4000 835 342 0.4096
16399.0000 836 342 0.4091
16416.0000 837 342 0.4086
16433.0000 838 342 0.4081
16455.0000 839 342 0.4076
16479.0000 840 342 0.4071
16503.0000 841 342 0.4067
16520.1000 841 343 0.4078
16526.0000 842 343 0.4074
16547.0000 843 343 0.4069
16568.0000 844 343 0.4064
16588.9000 844 344 0.4076
16589.0000 845 344 0.4071
16596.6000 845 345 0.4083
16610.0000 846 345 0.4078
16628.0000 847 345 0.4073
16646.0000 848 345 0.4068
16662.0000 849 345 0.4064
16682.0000 850 345 0.4059
16699.0000 851 345 0.4054
16721.7000 851 346 0.4066
16723.0000 852 346 0.4061
16745.0000 853 346 0.4056
16760.0000 854 346 0.4052
16783.0000 855 346 0.4047
16800.0000 856 346 0.4042
16806.4000 856 347 0.4054
16818.0000 857 347 0.4049
16835.0000 858 347 0.4044
16835.1000 858 348 0.4056
16849.4000 858 349 0.4068
16852.1000 858 350 0.4079
16858.0000 859 350 0.4075
16881.0000 860 350 0.4070
16901.0000 861 350 0.4065
16917.0000 862 350 0.4060
16933.9000 862 351 0.4072
16935.0000 863 351 0.4067
16959.0000 864 351 0.4063
16964.7000 864 352 0.4074
16975.0000 864 353 0.4086
16977.0000 864 354 0.4097
16980.0000 865 354 0.4092
16997.0000 866 354 0.4088
17021.0000 867 354 0.4083
17040.0000 868 354 0.4078
17040.1000 868 355 0.4090
17063.0000 869 355 0.4085
17077.3000 869 356 0.4097
17082.0000 870 356 0.4092
17105.0000 871 356 0.4087
17126.0000 872 356 0.4083
17143.0000 873 356 0.4078
17162.0000 874 356 0.4073
17181.0000 875 356 0.4069
17202.0000 876 356 0.4064
17225.0000 877 356 0.4059
17234.6000 877 357 0.4071
17240.0000 878 357 0.4066
17259.0000 879 357 0.4061
17277.3000 879 358 0.4073
17278.0000 880 358 0.4068
17299.0000 881 358 0.4064
17318.0000 882 358 0.4059
17336.0000 883 358 0.4054
17353.0000 884 358 0.4050
17357.6000 884 359 0.4061
17370.0000 885 359 0.4056
17371.3000 885 360 0.4068
17376.0000 885 361 0.4079
17394.0000 886 361 0.4074
17394.5000 886 362 0.4086
17404.8000 886 363 0.4097
17416.0000 887 363 0.4092
17430.8000 887 364 0.4104
17439.0000 888 364 0.4099
17454.0000 889 364 0.4094
17469.2000 889 365 0.4106
17477.0000 890 365 0.4101
17497.0000 891 365 0.4097
17515.0000 892 365 0.4092
17535.0000 893 365 0.4087
17558.0000 894 365 0.4083
17574.0000 895 365 0.4078
17598.0000 896 365 0.4074
17619.0000 897 365 0.4069
17639.0000 898 365 0.4065
17654.0000 899 365 0.4060
17672.0000 900 365 0.4056
17690.0000 901 365 0.4051
17710.0000 902 365 0.4047
17734.0000 903 365 0.4042
17751.0000 904 365 0.4038
17773.8000 904 366 0.4049
17774.0000 905 366 0.4044
17793.0000 906 366 0.4040
17808.0000 907 366 0.4035
17816.2000 907 367 0.4046
17826.0000 908 367 0.4042
17846.0000 909 367 0.4037
17864.0000 910 367 0.4033
17884.0000 911 367 0.4029
17894.3000 911 368 0.4040
17899.0000 912 368 0.4035
17917.0000 913 368 0.4031
17934.5000 913 369 0.4042
17934.7000 913 370 0.4053
17936.0000 914 370 0.4048
17943.2000 914 371 0.4059
17951.1000 914 372 0.4070
17958.0000 915 372 0.4066
17976.0000 916 372 0.4061
18000.0000 917 372 0.4057
18021.0000 918 372 0.4052
18040.0000 919 372 0.4048
18048.3000 919 373 0.4059
18057.4000 919 374 0.4070
18059.0000 920 374 0.4065
18077.0000 921 374 0.4061
18084.5000 921 375 0.4072
18092.0000 922 375 0.4067
18112.1000 922 376 0.4078
18113.0000 923 376 0.4074
18132.0000 924 376 0.4069
18155.0000 925 376 0.4065
18177.0000 926 376 0.4060
18192.0000 927 376 0.4056
18214.0000 928 376 0.4052
18221.6000 928 377 0.4063
18224.3000 928 378 0.4073
18236.0000 929 378 0.4069
18259.0000 930 378 0.4065
18275.0000 931 378 0.4060
18298.0000 932 378 0.4056
18321.0000 933 378 0.4051
18340.0000 934 378 0.4047
18353.1000 934 379 0.4058
18364.0000 935 379 0.4053
18374.5000 935 380 0.4064
18383.0000 936 380 0.4060
18391.6000 936 381 0.4071
18402.0000 937 381 0.4066
18425.0000 938 381 0.4062
18449.0000 939 381 0.4058
18473.0000 940 381 0.4053
18488.0000 941 381 0.4049
18512.0000 942 381 0.4045
18534.0000 943 381 0.4040
18549.0000 944 381 0.4036
18570.0000 945 381 0.4032
18574.7000 945 382 0.4042
18590.0000 946 382 0.4038
18613.0000 947 382 0.4034
18632.0000 948 382 0.4030
18644.9000 948 383 0.4040
18653.0000 949 383 0.4036
18661.2000 949 384 0.4046
18677.0000 950 384 0.4042
18696.0000 951 384 0.4038
18712.1000 951 385 0.4048
18715.0000 952 385 0.4044
18729.8000 952 386 0.4055
18737.0000 952 387 0.4065
18738.0000 953 387 0.4061
18753.0000 954 387 0.4057
18768.0000 955 387 0.4052
18784.0000 955 388 0.4063
18786.0000 956 388 0.4059
18809.0000 957 388 0.4054
18826.4000 957 389 0.4065
18828.0000 958 389 0.4061
18841.2000 958 390 0.4071
18845.0000 959 390 0.4067
18862.0000 960 390 0.4063
18884.0000 961 390 0.4058
18894.5000 961 391 0.4069
18899.0000 962 391 0.4064
18922.0000 963 391 0.4060
18939.0000 964 391 0.4056
18956.0000 965 391 0.4052
18977.0000 966 391 0.4048
18993.0000 967 391 0.4043
19015.0000 968 391 0.4039
19037.0000 969 391 0.4035
19055.0000 970 391 0.4031
19072.0000 971 391 0.4027
19087.0000 972 391 0.4023
19095.5000 972 392 0.4033
19096.5000 972 393 0.4043
19108.0000 973 393 0.4039
19129.0000 974 393 0.4035
19151.0000 975 393 0.4031
19164.1000 975 394 0.4041
19173.0000 976 394 0.4037
19192.0000 977 394 0.4033
19211.0000 978 394 0.4029
19231.0000 979 394 0.4025
19236.7000 979 395 0.4035
19254.0000 980 395 0.4031
19277.0000 981 395 0.4027
19301.0000 982 395 0.4022
19313.4000 982 396 0.4033
19316.0000 983 396 0.4028
19340.0000 984 396 0.4024
19355.0000 985 396 0.4020
19373.0000 986 396 0.4016
19374.5000 986 397 0.4026
19391.0000 987 397 0.4022
19406.0000 988 397 0.4018
19418.6000 988 398 0.4028
19423.0000 989 398 0.4024
19439.0000 990 398 0.4020
19455.0000 991 398 0.4016
19475.2000 991 399 0.4026
19479.0000 992 399 0.4022
19495.4000 992 400 0.4032
19497.0000 993 400 0.4028
19521.0000 994 400 0.4024
19524.5000 994 401 0.4034
19542.0000 995 401 0.4030
19565.0000 996 401 0.4026
19569.4000 996 402 0.4036
19586.0000 997 402 0.4032
19601.0000 998 402 0.4028
19622.0000 999 402 0.4024
19624.8000 999 403 0.4034
19641.0000 1000 403 0.4030
19657.0000 1000 404 0.4040
19657.8000 1000 405 0.4050
19660.0000 1001 405 0.4046
19677.0000 1002 405 0.4042
19692.0000 1003 405 0.4038
19716.0000 1004 405 0.4034
19731.4000 1004 406 0.4044
19739.0000 1005 406 0.4040
19745.9000 1005 407 0.4050
19755.0000 1006 407 0.4046
19770.0000 1007 407 0.4042
19783.2000 1007 408 0.4052
19792.0000 1008 408 0.4048
19815.0000 1009 408 0.4044
19816.1000 1009 409 0.4054
19826.0000 1009 410 0.4063
19826.8000 1009 411 0.4073
19833.0000 1010 411 0.4069
19852.0000 1011 411 0.4065
19868.1000 1011 412 0.4075
19876.0000 1012 412 0.4071
19891.0000 1013 412 0.4067
19908.0000 1014 412 0.4063
19924.5000 1014 413 0.4073
19924.9000 1014 414 0.4083
19932.0000 1015 414 0.4079
19938.8000 1015 415 0.4089
19956.0000 1016 415 0.4085
19968.8000 1016 416 0.4094
19970.9000 1016 417 0.4104
19976.0000 1017 417 0.4100
19998.0000 1018 417 0.4096
20019.0000 1019 417 0.4092
20034.0000 1020 417 0.4088
20039.7000 1020 418 0.4098
20054.8000 1020 419 0.4108
20057.0000 1021 419 0.4104
20075.0000 1022 419 0.4100
20094.0000 1023 419 0.4096
20095.1000 1023 420 0.4106
20118.0000 1024 420 0.4102
20132.1000 1024 421 0.4111
20135.0000 1025 421 0.4107
20157.0000 1026 421 0.4103
20179.0000 1027 421 0.4099
20186.0000 1027 422 0.4109
20197.0000 1028 422 0.4105
20201.3000 1028 423 0.4115
20207.4000 1028 424 0.4125
20221.0000 1029 424 0.4121
20231.0000 1029 425 0.4130
20237.0000 1030 425 0.4126
20259.0000 1031 425 0.4122
20276.0000 1032 425 0.4118
20293.0000 1033 425 0.4114
20308.0000 1034 425 0.4110
20327.0000 1035 425 0.4106
20333.9000 1035 426 0.4116
20350.0000 1036 426 0.4112
20366.0000 1037 426 0.4108
20373.6000 1037 427 0.4118
20381.9000 1037 428 0.4127
20385.0000 1038 428 0.4123
20390.5000 1038 429 0.4133
20394.6000 1038 430 0.4143
20399.0000 1038 431 0.4152
20401.0000 1039 431 0.4148
20421.0000 1040 431 0.4144
20437.0000 1041 431 0.4140
20461.0000 1042 431 0.4136
20464.9000 1042 432 0.4146
20485.0000 1043 432 0.4142
20508.0000 1044 432 0.4138
20532.0000 1045 432 0.4134
20554.0000 1046 432 0.4130
20576.0000 1047 432 0.4126
20594.0000 1048 432 0.4122
20611.0000 1049 432 0.4118
20635.0000 1050 432 0.4114
20655.0000 1051 432 0.4110
20673.0000 1052 432 0.4106
20690.9000 1052 433 0.4116
20691.0000 1053 433 0.4112
20706.0000 1054 433 0.4108
20724.0000 1055 433 0.4104
20741.6000 1055 434 0.4114
20744.0000 1056 434 0.4110
20753.9000 1056 435 0.4119
20760.3000 1056 436 0.4129
20766.0000 1057 436 0.4125
20766.3000 1057 437 0.4134
20782.0000 1058 437 0.4130
20800.0000 1059 437 0.4127
20801.3000 1059 438 0.4136
20821.0000 1060 438 0.4132
20839.1000 1060 439 0.4142
20844.0000 1061 439 0.4138
20857.6000 1061 440 0.4147
20864.0000 1062 440 0.4143
20888.0000 1063 440 0.4139
20890.4000 1063 441 0.4149
20901.9000 1063 442 0.4158
20911.0000 1064 442 0.4154
20922.6000 1064 443 0.4164
20931.0000 1065 443 0.4160
20950.5000 1065 444 0.4169
20952.0000 1066 444 0.4165
20956.7000 1066 445 0.4174
20968.0000 1067 445 0.4171
20977.2000 1067 446 0.4180
20982.3000 1067 447 0.4189
20987.6000 1067 448 0.4199
20990.0000 1068 448 0.4195
21007.0000 1069 448 0.4191
21008.6000 1069 449 0.4200
21021.5000 1069 450 0.4210
21031.0000 1070 450 0.4206
21055.0000 1071 450 0.4202
21077.0000 1072 450 0.4198
21092.0000 1073 450 0.4194
21116.0000 1074 450 0.4190
21132.0000 1075 450 0.4186
21136.9000 1075 451 0.4195
21148.0000 1076 451 0.4191
21160.0000 1076 452 0.4201
21166.0000 1077 452 0.4197
21184.0000 1078 452 0.4193
21189.4000 1078 453 0.4202
21190.1000 1078 454 0.4212
21204.0000 1079 454 0.4208
21214.0000 1079 455 0.4217
21223.0000 1080 455 0.4213
21226.4000 1080 456 0.4222
21228.8000 1080 457 0.4231
21235.3000 1080 458 0.4241
21236.2000 1080 459 0.4250
21247.0000 1081 459 0.4246
21271.0000 1082 459 0.4242
21275.3000 1082 460 0.4251
21292.0000 1083 460 0.4247
21309.0000 1084 460 0.4244
21327.0000 1085 460 0.4240
21331.3000 1085 461 0.4249
21351.0000 1085 462 0.4258
21351.0000 1086 462 0.4254
21358.9000 1086 463 0.4263
21367.7000 1086 464 0.4273
21368.0000 1087 464 0.4269
21370.7000 1087 465 0.4278
21387.0000 1088 465 0.4274
21407.0000 1089 465 0.4270
21418.8000 1089 466 0.4279
21424.0000 1090 466 0.4275
21432.3000 1090 467 0.4284
21444.0000 1091 467 0.4280
21460.9000 1091 468 0.4290
21463.0000 1092 468 0.4286
21465.1000 1092 469 0.4295
21483.0000 1093 469 0.4291
21486.6000 1093 470 0.4300
21491.1000 1093 471 0.4309
21495.7000 1093 472 0.4318
21498.1000 1093 473 0.4328
21501.7000 1093 474 0.4337
21504.5000 1093 475 0.4346
21505.0000 1094 475 0.4342
21523.0000 1095 475 0.4338
21539.0000 1096 475 0.4334
21556.0000 1097 475 0.4330
21565.6000 1097 476 0.4339
21575.3000 1097 477 0.4348
21577.0000 1098 477 0.4344
21582.0000 1098 478 0.4353
21599.0000 1099 478 0.4349
21611.8000 1099 479 0.4359
21615.0000 1100 479 0.4355
21624.6000 1100 480 0.4364
21632.0000 1101 480 0.4360
21648.0000 1102 480 0.4356
21665.0000 1103 480 0.4352
21667.0000 1103 481 0.4361
21689.0000 1104 481 0.4357
21707.0000 1105 481 0.4353
21713.3000 1105 482 0.4362
21714.3000 1105 483 0.4371
21729.0000 1105 484 0.4380
21731.0000 1106 484 0.4376
21732.0000 1106 485 0.4385
21755.0000 1107 485 0.4381
21777.0000 1108 485 0.4377
21794.0000 1109 485 0.4373
21797.5000 1109 486 0.4382
21818.0000 1110 486 0.4378
21836.4000 1110 487 0.4387
21837.0000 1111 487 0.4383
21847.6000 1111 488 0.4392
21860.0000 1112 488 0.4388
21883.0000 1113 488 0.4385
21898.0000 1114 488 0.4381
21901.6000 1114 489 0.4390
21916.0000 1115 489 0.4386
21925.9000 1115 490 0.4395
21939.0000 1116 490 0.4391
21941.3000 1116 491 0.4400
21949.4000 1116 492 0.4409
21960.0000 1117 492 0.4405
21971.3000 1117 493 0.4414
21976.0000 1118 493 0.4410
21983.4000 1118 494 0.4419
21988.3000 1118 495 0.4428
21999.0000 1119 495 0.4424
22022.0000 1120 495 0.4420
22039.6000 1120 496 0.4429
22041.0000 1121 496 0.4425
22050.4000 1121 497 0.4434
22061.0000 1122 497 0.4430
22071.8000 1122 498 0.4439
22078.0000 1123 498 0.4435
22101.0000 1124 498 0.4431
22106.6000 1124 499 0.4440
22114.7000 1124 500 0.4448
22121.0000 1125 500 0.4444
22140.0000 1126 500 0.4440
22143.1000 1126 501 0.4449
22159.0000 1127 501 0.4445
22165.8000 1127 502 0.4454
22173.2000 1127 503 0.4463
22180.1000 1127 504 0.4472
22183.0000 1128 504 0.4468
22183.9000 1128 505 0.4477
22199.0000 1129 505 0.4473
22217.2000 1129 506 0.4482
22218.0000 1130 506 0.4478
22242.0000 1131 506 0.4474
22259.1000 1131 507 0.4483
22261.6000 1131 508 0.4492
22262.1000 1131 509 0.4500
22263.0000 1132 509 0.4496
22281.0000 1133 509 0.4492
22291.9000 1133 510 0.4501
22302.7000 1133 511 0.4510
22304.0000 1134 511 0.4506
22322.0000 1135 511 0.4502
22342.6000 1135 512 0.4511
22344.1000 1135 513 0.4520
22345.0000 1135 514 0.4529
22345.2000 1135 515 0.4537
22346.0000 1136 515 0.4533
22354.8000 1136 516 0.4542
22363.0000 1137 516 0.4538
22385.0000 1138 516 0.4534
22405.0000 1139 516 0.4530
22420.0000 1140 516 0.4526
22444.0000 1141 516 0.4522
22445.9000 1141 517 0.4531
22461.0000 1141 518 0.4540
22464.0000 1142 518 0.4536
22482.0000 1143 518 0.4532
22500.0000 1144 518 0.4528
22521.0000 1145 518 0.4524
22521.9000 1145 519 0.4533
22522.9000 1145 520 0.4541
22543.6000 1145 521 0.4550
22544.0000 1146 521 0.4546
22560.0000 1147 521 0.4542
22578.0000 1148 521 0.4538
22595.0000 1149 521 0.4534
22613.0000 1150 521 0.4530
22620.0000 1150 522 0.4539
22628.0000 1151 522 0.4535
22648.0000 1152 522 0.4531
22648.2000 1152 523 0.4540
22666.0000 1153 523 0.4536
22682.0000 1154 523 0.4532
22698.0000 1155 523 0.4528
22713.0000 1156 523 0.4524
22717.4000 1156 524 0.4533
22724.9000 1156 525 0.4542
22735.0000 1157 525 0.4538
22742.7000 1157 526 0.4546
22751.7000 1157 527 0.4555
22758.0000 1158 527 0.4551
22779.0000 1159 527 0.4547
22785.5000 1159 528 0.4556
22799.0000 1160 528 0.4552
22816.7000 1160 529 0.4560
22820.0000 1161 529 0.4556
22822.4000 1161 530 0.4565
22829.3000 1161 531 0.4574
22835.0000 1162 531 0.4570
22850.0000 1163 531 0.4566
22869.0000 1164 531 0.4562
22891.0000 1165 531 0.4558
22893.0000 1165 532 0.4567
22896.1000 1165 533 0.4575
22913.0000 1166 533 0.4571
22914.7000 1166 534 0.4580
22916.7000 1166 535 0.4588
22917.7000 1166 536 0.4597
22918.3000 1166 537 0.4605
22931.0000 1167 537 0.4602
22954.0000 1168 537 0.4598
22959.4000 1168 538 0.4606
22971.0000 1169 538 0.4602
22991.0000 1170 538 0.4598
23007.0000 1171 538 0.4594
23021.8000 1171 539 0.4603
23031.0000 1172 539 0.4599
23040.5000 1172 540 0.4608
23047.0000 1173 540 0.4604
23047.9000 1173 541 0.4612
23049.3000 1173 542 0.4621
23070.0000 1174 542 0.4617
23072.4000 1174 543 0.4625
23085.0000 1175 543 0.4621
23106.0000 1176 543 0.4617
23127.0000 1177 543 0.4613
23149.0000 1178 543 0.4610
23154.4000 1178 544 0.4618
23165.0000 1179 544 0.4614
23179.9000 1179 545 0.4623
23180.0000 1180 545 0.4619
23183.0000 1180 546 0.4627
23198.0000 1181 546 0.4623
23214.0000 1182 546 0.4619
23220.3000 1182 547 0.4628
23238.0000 1183 547 0.4624
23248.0000 1183 548 0.4632
23252.6000 1183 549 0.4641
23254.1000 1183 550 0.4649
23258.0000 1184 550 0.4645
23268.5000 1184 551 0.4654
23272.1000 1184 552 0.4662
23277.7000 1184 553 0.4671
23280.0000 1185 553 0.4667
23295.0000 1186 553 0.4663
23304.1000 1186 554 0.4671
23319.0000 1187 554 0.4667
23338.9000 1187 555 0.4676
23339.0000 1188 555 0.4672
23360.0000 1189 555 0.4668
23375.0000 1189 556 0.4676
23377.0000 1190 556 0.4672
23390.6000 1190 557 0.4681
23393.0000 1191 557 0.4677
23409.0000 1192 557 0.4673
23428.0000 1193 557 0.4669
23428.9000 1193 558 0.4677
23432.2000 1193 559 0.4686
23445.0000 1194 559 0.4682
23463.8000 1194 560 0.4690
23464.0000 1195 560 0.4686
23466.7000 1195 561 0.4695
23482.0000 1196 561 0.4691
23498.0000 1197 561 0.4687
23513.6000 1197 562 0.4695
23516.0000 1198 562 0.4691
23532.0000 1199 562 0.4687
23547.0000 1200 562 0.4683
23558.7000 1200 563 0.4692
23565.9000 1200 564 0.4700
23568.0000 1201 564 0.4696
23589.0000 1202 564 0.4692
23594.7000 1202 565 0.4700
23613.0000 1203 565 0.4697
23629.0000 1204 565 0.4693
23643.4000 1204 566 0.4701
23647.0000 1205 566 0.4697
23662.0000 1206 566 0.4693
23681.0000 1207 566 0.4689
23691.8000 1207 567 0.4698
23695.8000 1207 568 0.4706
23702.0000 1208 568 0.4702
23710.9000 1208 569 0.4710
23726.0000 1209 569 0.4706
23741.0000 1210 569 0.4702
23753.4000 1210 570 0.4711
23759.3000 1210 571 0.4719
23760.0000 1211 571 0.4715
23769.0000 1211 572 0.4723
23770.6000 1211 573 0.4732
23778.0000 1212 573 0.4728
23798.0000 1213 573 0.4724
23809.5000 1213 574 0.4732
23817.0000 1214 574 0.4728
23837.0000 1215 574 0.4724
23842.4000 1215 575 0.4733
23843.7000 1215 576 0.4741
23846.2000 1215 577 0.4749
23859.0000 1216 577 0.4745
23874.0000 1217 577 0.4741
23895.0000 1218 577 0.4737
23916.0000 1219 577 0.4733
23927.6000 1219 578 0.4742
23937.0000 1220 578 0.4738
23961.0000 1221 578 0.4734
23971.9000 1221 579 0.4742
23978.4000 1221 580 0.4750
23981.0000 1222 580 0.4746
23985.1000 1222 581 0.4755
24004.0000 1223 581 0.4751
24010.9000 1223 582 0.4759
24013.9000 1223 583 0.4767
24026.0000 1224 583 0.4763
24037.4000 1224 584 0.4771
24043.0000 1225 584 0.4767
24062.0000 1226 584 0.4763
24064.2000 1226 585 0.4772
24077.5000 1226 586 0.4780
24079.0000 1227 586 0.4776
24095.0000 1228 586 0.4772
24110.0000 1229 586 0.4768
24134.0000 1230 586 0.4764
24140.3000 1230 587 0.4772
24143.2000 1230 588 0.4780
24157.0000 1231 588 0.4777
24162.2000 1231 589 0.4785
24179.0000 1232 589 0.4781
24189.8000 1232 590 0.4789
24198.2000 1232 591 0.4797
24203.0000 1233 591 0.4793
24210.7000 1233 592 0.4801
24222.0000 1234 592 0.4797
24223.7000 1234 593 0.4806
24245.0000 1235 593 0.4802
24251.5000 1235 594 0.4810
24262.0000 1236 594 0.4806
24267.4000 1236 595 0.4814
24282.6000 1236 596 0.4822
24286.0000 1237 596 0.4818
24295.2000 1237 597 0.4826
24305.0000 1238 597 0.4822
24314.2000 1238 598 0.4830
24326.0000 1239 598 0.4826
24341.7000 1239 599 0.4835
24349.0000 1240 599 0.4831
24361.5000 1240 600 0.4839
24364.6000 1240 601 0.4847
24368.0000 1241 601 0.4843
24369.3000 1241 602 0.4851
24379.5000 1241 603 0.4859
24383.0000 1242 603 0.4855
24407.0000 1243 603 0.4851
24427.0000 1244 603 0.4847
24444.1000 1244 604 0.4855
24445.2000 1244 605 0.4863
24447.0000 1245 605 0.4859
24468.0000 1246 605 0.4856
24474.0000 1246 606 0.4864
24490.0000 1247 606 0.4860
24490.3000 1247 607 0.4868
24514.0000 1248 607 0.4864
24515.6000 1248 608 0.4872
24530.0000 1249 608 0.4868
24553.0000 1250 608 0.4864
24568.0000 1251 608 0.4860
24591.0000 1252 608 0.4856
24594.1000 1252 609 0.4864
24607.0000 1253 609 0.4860
24624.0000 1254 609 0.4856
24641.0000 1255 609 0.4853
24656.0000 1256 609 0.4849
24677.0000 1257 609 0.4845
24693.0000 1258 609 0.4841
24695.3000 1258 610 0.4849
24699.7000 1258 611 0.4857
24712.0000 1259 611 0.4853
24736.0000 1260 611 0.4849
24744.6000 1260 612 0.4857
24751.0000 1261 612 0.4853
24752.8000 1261 613 0.4861
24759.4000 1261 614 0.4869
24768.0000 1262 614 0.4865
24790.0000 1263 614 0.4861
24809.0000 1264 614 0.4858
24824.0000 1265 614 0.4854
24844.0000 1266 614 0.4850
24858.1000 1266 615 0.4858
24867.0000 1267 615 0.4854
24870.4000 1267 616 0.4862
24883.0000 1268 616 0.4858
24906.0000 1269 616 0.4854
24921.0000 1270 616 0.4850
24945.0000 1271 616 0.4847
24963.0000 1272 616 0.4843
24980.0000 1273 616 0.4839
24999.0000 1274 616 0.4835
25015.0000 1275 616 0.4831
25027.0000 1275 617 0.4839
25034.0000 1276 617 0.4835
25035.8000 1276 618 0.4843
25055.0000 1277 618 0.4839
25074.0000 1278 618 0.4836
25094.1000 1278 619 0.4844
25095.0000 1279 619 0.4840
25106.8000 1279 620 0.4848
25107.0000 1279 621 0.4855
25116.1000 1279 622 0.4863
25116.7000 1279 623 0.4871
25119.0000 1280 623 0.4867
25130.1000 1280 624 0.4875
25138.0000 1281 624 0.4871
25162.0000 1282 624 0.4867
25183.0000 1283 624 0.4864
