# time  created  delivered  delivered/created
22.0000 1 0 0.0000
38.0000 2 0 0.0000
54.0000 3 0 0.0000
72.0000 4 0 0.0000
94.0000 5 0 0.0000
110.0000 6 0 0.0000
133.0000 7 0 0.0000
153.0000 8 0 0.0000
175.0000 9 0 0.0000
191.0000 10 0 0.0000
210.0000 11 0 0.0000
225.0000 12 0 0.0000
249.0000 13 0 0.0000
265.0000 14 0 0.0000
281.0000 15 0 0.0000
304.0000 16 0 0.0000
328.0000 17 0 0.0000
343.0000 18 0 0.0000
367.0000 19 0 0.0000
382.0000 20 0 0.0000
399.0000 21 0 0.0000
420.0000 22 0 0.0000
439.0000 23 0 0.0000
458.0000 24 0 0.0000
480.0000 25 0 0.0000
497.0000 26 0 0.0000
515.0000 27 0 0.0000
538.0000 28 0 0.0000
562.0000 29 0 0.0000
581.0000 30 0 0.0000
581.2000 30 1 0.0333
603.0000 31 1 0.0323
625.0000 32 1 0.0313
640.9000 32 2 0.0625
646.0000 33 2 0.0606
658.2000 33 3 0.0909
661.6000 33 4 0.1212
667.0000 34 4 0.1176
685.0000 35 4 0.1143
691.0000 35 5 0.1429
700.0000 36 5 0.1389
722.0000 37 5 0.1351
741.0000 38 5 0.1316
764.0000 39 5 0.1282
773.6000 39 6 0.1538
784.0000 40 6 0.1500
806.0000 41 6 0.1463
829.0000 42 6 0.1429
851.0000 43 6 0.1395
873.0000 44 6 0.1364
895.0000 45 6 0.1333
903.5000 45 7 0.1556
918.0000 46 7 0.1522
941.0000 47 7 0.1489
957.0000 48 7 0.1458
975.0000 49 7 0.1429
998.0000 50 7 0.1400
1018.0000 51 7 0.1373
1040.0000 52 7 0.1346
1056.0000 53 7 0.1321
1077.0000 54 7 0.1296
1096.0000 55 7 0.1273
1117.0000 56 7 0.1250
1137.0000 57 7 0.1228
1159.0000 58 7 0.1207
1179.0000 59 7 0.1186
1193.3000 59 8 0.1356
1201.0000 60 8 0.1333
1216.0000 61 8 0.1311
1225.1000 61 9 0.1475
1226.1000 61 10 0.1639
1232.0000 62 10 0.1613
1251.0000 63 10 0.1587
1268.0000 64 10 0.1563
1287.0000 65 10 0.1538
1308.0000 66 10 0.1515
1327.0000 67 10 0.1493
1342.0000 68 10 0.1471
1364.0000 69 10 0.1449
1382.3000 69 11 0.1594
1388.0000 70 11 0.1571
1397.1000 70 12 0.1714
1407.0000 71 12 0.1690
1408.4000 71 13 0.1831
1422.0000 72 13 0.1806
1442.0000 73 13 0.1781
1464.0000 74 13 0.1757
1477.4000 74 14 0.1892
1479.0000 75 14 0.1867
1483.1000 75 15 0.2000
1500.0000 76 15 0.1974
1518.0000 77 15 0.1948
1542.0000 78 15 0.1923
1560.8000 78 16 0.2051
1562.0000 79 16 0.2025
1577.0000 80 16 0.2000
1594.5000 80 17 0.2125
1600.0000 81 17 0.2099
1620.0000 82 17 0.2073
1637.0000 83 17 0.2048
1652.0000 84 17 0.2024
1673.0000 85 17 0.2000
1695.0000 86 17 0.1977
1707.0000 86 18 0.2093
1709.8000 86 19 0.2209
1713.0000 87 19 0.2184
1736.2000 87 20 0.2299
1736.8000 87 21 0.2414
1737.0000 88 21 0.2386
1739.4000 88 22 0.2500
1739.8000 88 23 0.2614
1760.0000 89 23 0.2584
1781.0000 90 23 0.2556
1804.0000 91 23 0.2527
1826.0000 92 23 0.2500
1849.0000 93 23 0.2473
1870.0000 94 23 0.2447
1880.0000 94 24 0.2553
1882.8000 94 25 0.2660
1890.0000 95 25 0.2632
1911.0000 96 25 0.2604
1929.0000 97 25 0.2577
1948.0000 98 25 0.2551
1965.0000 99 25 0.2525
1980.0000 100 25 0.2500
2002.0000 101 25 0.2475
2024.0000 102 25 0.2451
2035.6000 102 26 0.2549
2041.0000 103 26 0.2524
2064.0000 104 26 0.2500
2075.1000 104 27 0.2596
2080.0000 105 27 0.2571
2095.0000 106 27 0.2547
2115.7000 106 28 0.2642
2119.0000 107 28 0.2617
2139.0000 108 28 0.2593
2142.8000 108 29 0.2685
2161.0000 109 29 0.2661
2178.0000 110 29 0.2636
2199.0000 111 29 0.2613
2222.0000 112 29 0.2589
2240.0000 113 29 0.2566
2256.4000 113 30 0.2655
2259.0000 114 30 0.2632
2275.0000 115 30 0.2609
2295.0000 116 30 0.2586
2314.0000 117 30 0.2564
2327.7000 117 31 0.2650
2335.0000 118 31 0.2627
2354.0000 119 31 0.2605
2377.0000 120 31 0.2583
2396.0000 121 31 0.2562
2405.9000 121 32 0.2645
2411.0000 122 32 0.2623
2412.0000 122 33 0.2705
2433.0000 123 33 0.2683
2452.0000 124 33 0.2661
2460.7000 124 34 0.2742
2464.9000 124 35 0.2823
2470.3000 124 36 0.2903
2474.0000 125 36 0.2880
2490.0000 125 37 0.2960
2496.0000 126 37 0.2937
2511.0000 127 37 0.2913
2512.1000 127 38 0.2992
2526.0000 128 38 0.2969
2546.0000 129 38 0.2946
2555.5000 129 39 0.3023
2556.0000 129 40 0.3101
2563.0000 130 40 0.3077
2586.0000 131 40 0.3053
2601.0000 132 40 0.3030
2621.0000 133 40 0.3008
2641.0000 134 40 0.2985
2662.0000 135 40 0.2963
2678.0000 136 40 0.2941
2679.8000 136 41 0.3015
2689.6000 136 42 0.3088
2693.0000 137 42 0.3066
2716.0000 138 42 0.3043
2735.0000 139 42 0.3022
2741.3000 139 43 0.3094
2754.0000 140 43 0.3071
2771.0000 141 43 0.3050
2773.0000 141 44 0.3121
2788.0000 142 44 0.3099
2800.0000 142 45 0.3169
2807.0000 143 45 0.3147
2823.1000 143 46 0.3217
2831.0000 144 46 0.3194
2838.0000 144 47 0.3264
2853.0000 145 47 0.3241
2868.0000 146 47 0.3219
2891.0000 147 47 0.3197
2899.2000 147 48 0.3265
2911.0000 148 48 0.3243
2911.3000 148 49 0.3311
2926.0000 149 49 0.3289
2942.0000 150 49 0.3267
2954.4000 150 50 0.3333
2962.0000 151 50 0.3311
2979.0000 152 50 0.3289
3003.0000 153 50 0.3268
3024.0000 154 50 0.3247
3040.0000 155 50 0.3226
3064.0000 156 50 0.3205
3065.8000 156 51 0.3269
3085.5000 156 52 0.3333
3086.0000 157 52 0.3312
3110.0000 158 52 0.3291
3120.5000 158 53 0.3354
3129.0000 159 53 0.3333
3147.0000 160 53 0.3313
3166.0000 161 53 0.3292
3168.6000 161 54 0.3354
3190.0000 162 54 0.3333
3210.0000 163 54 0.3313
3225.0000 164 54 0.3293
3243.0000 165 54 0.3273
3260.0000 166 54 0.3253
3261.2000 166 55 0.3313
3274.1000 166 56 0.3373
3283.0000 167 56 0.3353
3305.0000 168 56 0.3333
3321.0000 169 56 0.3314
3344.0000 170 56 0.3294
3362.8000 170 57 0.3353
3365.0000 171 57 0.3333
3385.0000 172 57 0.3314
3408.0000 173 57 0.3295
3412.4000 173 58 0.3353
3414.1000 173 59 0.3410
3414.4000 173 60 0.3468
3415.4000 173 61 0.3526
3428.0000 174 61 0.3506
3449.0000 175 61 0.3486
3472.0000 176 61 0.3466
3488.0000 177 61 0.3446
3503.5000 177 62 0.3503
3511.0000 178 62 0.3483
3528.3000 178 63 0.3539
3535.0000 179 63 0.3520
3549.0000 179 64 0.3575
3552.0000 179 65 0.3631
3552.0000 180 65 0.3611
3563.1000 180 66 0.3667
3570.0000 181 66 0.3646
3575.8000 181 67 0.3702
3589.0000 182 67 0.3681
3604.0000 183 67 0.3661
3619.0000 184 67 0.3641
3638.0000 185 67 0.3622
3653.0000 186 67 0.3602
3667.7000 186 68 0.3656
3669.0000 187 68 0.3636
3689.0000 188 68 0.3617
3712.0000 189 68 0.3598
3730.0000 190 68 0.3579
3754.0000 191 68 0.3560
3771.0000 192 68 0.3542
3787.0000 193 68 0.3523
3809.0000 194 68 0.3505
3832.0000 195 68 0.3487
3852.4000 195 69 0.3538
3854.0000 196 69 0.3520
3873.0000 197 69 0.3503
3895.0000 198 69 0.3485
3919.0000 199 69 0.3467
3927.7000 199 70 0.3518
3938.0000 200 70 0.3500
3946.3000 200 71 0.3550
3946.9000 200 72 0.3600
3953.0000 200 73 0.3650
3955.0000 201 73 0.3632
3975.0000 202 73 0.3614
3996.0000 203 73 0.3596
4012.0000 204 73 0.3578
4031.0000 205 73 0.3561
4052.0000 206 73 0.3544
4054.9000 206 74 0.3592
4060.8000 206 75 0.3641
4061.8000 206 76 0.3689
4070.0000 207 76 0.3671
4094.0000 208 76 0.3654
4115.0000 209 76 0.3636
4134.0000 210 76 0.3619
4153.0000 211 76 0.3602
4171.0000 212 76 0.3585
4194.0000 213 76 0.3568
4214.0000 214 76 0.3551
4235.0000 215 76 0.3535
4244.9000 215 77 0.3581
4248.0000 215 78 0.3628
4251.0000 216 78 0.3611
4268.6000 216 79 0.3657
4272.0000 217 79 0.3641
4280.2000 217 80 0.3687
4287.3000 217 81 0.3733
4288.3000 217 82 0.3779
4290.0000 218 82 0.3761
4291.5000 218 83 0.3807
4314.0000 219 83 0.3790
4338.0000 220 83 0.3773
4360.0000 221 83 0.3756
4373.8000 221 84 0.3801
4381.0000 222 84 0.3784
4400.0000 223 84 0.3767
4406.0000 223 85 0.3812
4419.0000 224 85 0.3795
4419.1000 224 86 0.3839
4434.0000 225 86 0.3822
4435.5000 225 87 0.3867
4451.0000 225 88 0.3911
4452.4000 225 89 0.3956
4458.0000 226 89 0.3938
4463.0000 226 90 0.3982
4476.0000 227 90 0.3965
4497.0000 228 90 0.3947
4505.4000 228 91 0.3991
4515.0000 229 91 0.3974
4537.0000 230 91 0.3957
4556.0000 231 91 0.3939
4580.0000 232 91 0.3922
4597.0000 233 91 0.3906
4610.6000 233 92 0.3948
4614.0000 234 92 0.3932
4617.8000 234 93 0.3974
4634.0000 235 93 0.3957
4655.0000 236 93 0.3941
4665.1000 236 94 0.3983
4671.6000 236 95 0.4025
4672.0000 237 95 0.4008
4689.0000 238 95 0.3992
4699.4000 238 96 0.4034
4706.0000 239 96 0.4017
4728.7000 239 97 0.4059
4729.0000 240 97 0.4042
4747.0000 241 97 0.4025
4762.0000 242 97 0.4008
4783.0000 243 97 0.3992
4795.2000 243 98 0.4033
4796.3000 243 99 0.4074
4807.0000 244 99 0.4057
4824.0000 245 99 0.4041
4848.0000 246 99 0.4024
4867.0000 247 99 0.4008
4883.5000 247 100 0.4049
4886.0000 248 100 0.4032
4909.0000 249 100 0.4016
4928.0000 250 100 0.4000
4951.0000 251 100 0.3984
4966.0000 252 100 0.3968
4986.0000 253 100 0.3953
4993.9000 253 101 0.3992
5010.0000 254 101 0.3976
5033.0000 255 101 0.3961
5048.0000 256 101 0.3945
5072.0000 257 101 0.3930
5086.0000 257 102 0.3969
5089.0000 258 102 0.3953
5112.0000 259 102 0.3938
5131.0000 260 102 0.3923
5151.0000 261 102 0.3908
5172.0000 261 103 0.3946
5175.0000 262 103 0.3931
5194.0000 263 103 0.3916
5215.0000 264 103 0.3902
5237.0000 265 103 0.3887
5254.0000 266 103 0.3872
5265.5000 266 104 0.3910
5269.0000 267 104 0.3895
5291.0000 268 104 0.3881
5292.0000 268 105 0.3918
5307.0000 269 105 0.3903
5324.0000 270 105 0.3889
5339.0000 271 105 0.3875
5355.3000 271 106 0.3911
5356.0000 272 106 0.3897
5371.0000 273 106 0.3883
5387.0000 274 106 0.3869
5410.0000 275 106 0.3855
5426.0000 276 106 0.3841
5430.4000 276 107 0.3877
5447.0000 277 107 0.3863
5470.0000 278 107 0.3849
5490.0000 279 107 0.3835
5507.0000 280 107 0.3821
5517.0000 280 108 0.3857
5528.0000 281 108 0.3843
5546.0000 282 108 0.3830
5564.0000 283 108 0.3816
5565.1000 283 109 0.3852
5568.1000 283 110 0.3887
5584.0000 284 110 0.3873
5607.0000 285 110 0.3860
5620.5000 285 111 0.3895
5625.0000 286 111 0.3881
5643.0000 287 111 0.3868
5665.0000 288 111 0.3854
5685.0000 289 111 0.3841
5704.0000 290 111 0.3828
5724.0000 291 111 0.3814
5740.8000 291 112 0.3849
5745.0000 292 112 0.3836
5745.2000 292 113 0.3870
5760.0000 293 113 0.3857
5770.4000 293 114 0.3891
5771.8000 293 115 0.3925
5784.0000 294 115 0.3912
5805.0000 295 115 0.3898
5813.1000 295 116 0.3932
5822.0000 296 116 0.3919
5829.5000 296 117 0.3953
5841.0000 297 117 0.3939
5859.0000 298 117 0.3926
5869.1000 298 118 0.3960
5873.7000 298 119 0.3993
5874.0000 299 119 0.3980
5893.0000 300 119 0.3967
5895.4000 300 120 0.4000
5914.0000 301 120 0.3987
5914.2000 301 121 0.4020
5932.0000 302 121 0.4007
5953.0000 303 121 0.3993
5971.0000 304 121 0.3980
5971.0000 304 122 0.4013
5986.0000 305 122 0.4000
5996.8000 305 123 0.4033
6003.8000 305 124 0.4066
6007.7000 305 125 0.4098
6008.0000 306 125 0.4085
6010.3000 306 126 0.4118
6024.0000 307 126 0.4104
6029.0000 307 127 0.4137
6041.0000 308 127 0.4123
6063.0000 309 127 0.4110
6074.6000 309 128 0.4142
6087.0000 310 128 0.4129
6105.0000 311 128 0.4116
6114.3000 311 129 0.4148
6124.0000 312 129 0.4135
6126.7000 312 130 0.4167
6130.4000 312 131 0.4199
6145.0000 313 131 0.4185
6152.6000 313 132 0.4217
6166.0000 314 132 0.4204
6182.0000 315 132 0.4190
6186.7000 315 133 0.4222
6201.0000 316 133 0.4209
6216.0000 317 133 0.4196
6231.0000 318 133 0.4182
6248.0000 319 133 0.4169
6261.7000 319 134 0.4201
6267.0000 320 134 0.4188
6285.7000 320 135 0.4219
6289.0000 321 135 0.4206
6308.0000 322 135 0.4193
6332.0000 323 135 0.4180
6337.7000 323 136 0.4211
6340.3000 323 137 0.4241
6355.0000 324 137 0.4228
6372.0000 325 137 0.4215
6374.8000 325 138 0.4246
6384.7000 325 139 0.4277
6390.2000 325 140 0.4308
6393.0000 326 140 0.4294
6417.0000 327 140 0.4281
6424.2000 327 141 0.4312
6425.4000 327 142 0.4343
6431.8000 327 143 0.4373
6441.0000 328 143 0.4360
6460.3000 328 144 0.4390
6465.0000 329 144 0.4377
6467.3000 329 145 0.4407
6486.0000 330 145 0.4394
6502.0000 331 145 0.4381
6506.5000 331 146 0.4411
6518.0000 332 146 0.4398
6536.0000 333 146 0.4384
6548.1000 333 147 0.4414
6552.5000 333 148 0.4444
6555.0000 334 148 0.4431
6566.8000 334 149 0.4461
6572.0000 335 149 0.4448
6591.0000 336 149 0.4435
6601.2000 336 150 0.4464
6608.0000 337 150 0.4451
6631.0000 338 150 0.4438
6646.0000 339 150 0.4425
6665.0000 340 150 0.4412
6669.7000 340 151 0.4441
6684.0000 341 151 0.4428
6687.9000 341 152 0.4457
6696.4000 341 153 0.4487
6708.0000 342 153 0.4474
6725.0000 343 153 0.4461
6727.2000 343 154 0.4490
6745.0000 344 154 0.4477
6760.0000 345 154 0.4464
6770.7000 345 155 0.4493
6779.3000 345 156 0.4522
6781.0000 346 156 0.4509
6793.2000 346 157 0.4538
6800.0000 347 157 0.4524
6816.0000 348 157 0.4511
6827.4000 348 158 0.4540
6839.0000 349 158 0.4527
6852.7000 349 159 0.4556
6854.0000 350 159 0.4543
6874.0000 351 159 0.4530
6889.0000 352 159 0.4517
6893.6000 352 160 0.4545
6909.0000 353 160 0.4533
6930.0000 354 160 0.4520
6951.0000 355 160 0.4507
6971.0000 356 160 0.4494
6978.5000 356 161 0.4522
6995.0000 357 161 0.4510
7010.0000 358 161 0.4497
7019.8000 358 162 0.4525
7021.3000 358 163 0.4553
7029.0000 359 163 0.4540
7045.6000 359 164 0.4568
7048.0000 360 164 0.4556
7071.0000 361 164 0.4543
7093.0000 362 164 0.4530
7093.3000 362 165 0.4558
7108.0000 363 165 0.4545
7109.5000 363 166 0.4573
7111.4000 363 167 0.4601
7120.6000 363 168 0.4628
7130.0000 364 168 0.4615
7147.0000 365 168 0.4603
7163.0000 366 168 0.4590
7172.3000 366 169 0.4617
7176.4000 366 170 0.4645
7180.0000 367 170 0.4632
7182.6000 367 171 0.4659
7189.3000 367 172 0.4687
7197.0000 368 172 0.4674
7205.5000 368 173 0.4701
7218.3000 368 174 0.4728
7220.8000 368 175 0.4755
7221.0000 369 175 0.4743
7240.0000 370 175 0.4730
7255.0000 371 175 0.4717
7272.0000 372 175 0.4704
7290.8000 372 176 0.4731
7296.0000 373 176 0.4718
7303.8000 373 177 0.4745
7314.2000 373 178 0.4772
7319.0000 374 178 0.4759
7333.2000 374 179 0.4786
7335.0000 375 179 0.4773
7342.7000 375 180 0.4800
7358.0000 376 180 0.4787
7378.0000 377 180 0.4775
7394.0000 378 180 0.4762
7411.0000 379 180 0.4749
7412.7000 379 181 0.4776
7435.0000 380 181 0.4763
7436.5000 380 182 0.4789
7459.0000 381 182 0.4777
7480.0000 382 182 0.4764
7493.2000 382 183 0.4791
7498.0000 383 183 0.4778
7514.0000 384 183 0.4766
7533.8000 384 184 0.4792
7535.2000 384 185 0.4818
7536.0000 385 185 0.4805
7559.0000 386 185 0.4793
7574.0000 387 185 0.4780
7583.5000 387 186 0.4806
7589.8000 387 187 0.4832
7595.0000 388 187 0.4820
7613.0000 389 187 0.4807
7620.7000 389 188 0.4833
7632.0000 390 188 0.4821
7656.0000 391 188 0.4808
7673.0000 392 188 0.4796
7680.1000 392 189 0.4821
7685.6000 392 190 0.4847
7696.0000 393 190 0.4835
7710.0000 393 191 0.4860
7713.0000 394 191 0.4848
7730.0000 395 191 0.4835
7745.0000 396 191 0.4823
7762.0000 397 191 0.4811
7784.0000 398 191 0.4799
7804.0000 399 191 0.4787
7822.0000 400 191 0.4775
7840.0000 401 191 0.4763
7858.0000 402 191 0.4751
7874.0000 403 191 0.4739
7878.2000 403 192 0.4764
7890.1000 403 193 0.4789
7891.0000 403 194 0.4814
7895.0000 404 194 0.4802
7907.7000 404 195 0.4827
7914.0000 405 195 0.4815
7931.0000 406 195 0.4803
7935.8000 406 196 0.4828
7948.0000 407 196 0.4816
7960.8000 407 197 0.4840
7972.0000 408 197 0.4828
7987.0000 409 197 0.4817
7992.4000 409 198 0.4841
8002.0000 410 198 0.4829
8022.8000 410 199 0.4854
8024.0000 411 199 0.4842
8040.0000 412 199 0.4830
8041.7000 412 200 0.4854
8059.0000 413 200 0.4843
8066.2000 413 201 0.4867
8082.0000 414 201 0.4855
8099.0000 415 201 0.4843
8116.0000 416 201 0.4832
8137.0000 417 201 0.4820
8156.9000 417 202 0.4844
8158.0000 418 202 0.4833
8158.0000 418 203 0.4856
8173.0000 419 203 0.4845
8190.0000 420 203 0.4833
8197.2000 420 204 0.4857
8204.4000 420 205 0.4881
8205.0000 421 205 0.4869
8205.7000 421 206 0.4893
8227.0000 422 206 0.4882
8251.0000 423 206 0.4870
8270.0000 423 207 0.4894
8274.8000 423 208 0.4917
8275.0000 424 208 0.4906
8297.0000 425 208 0.4894
8305.5000 425 209 0.4918
8317.0000 426 209 0.4906
8336.0000 427 209 0.4895
8354.0000 427 210 0.4918
8359.0000 428 210 0.4907
8375.0000 429 210 0.4895
8396.0000 430 210 0.4884
8414.0000 431 210 0.4872
8434.5000 431 211 0.4896
8437.0000 432 211 0.4884
8445.8000 432 212 0.4907
8453.0000 433 212 0.4896
8468.0000 434 212 0.4885
8492.0000 435 212 0.4874
8510.0000 436 212 0.4862
8519.6000 436 213 0.4885
8525.0000 437 213 0.4874
8531.4000 437 214 0.4897
8540.0000 437 215 0.4920
8544.0000 438 215 0.4909
8566.0000 439 215 0.4897
8569.2000 439 216 0.4920
8578.2000 439 217 0.4943
8586.0000 440 217 0.4932
8609.0000 441 217 0.4921
8625.0000 442 217 0.4910
8629.5000 442 218 0.4932
8630.3000 442 219 0.4955
8640.1000 442 220 0.4977
8642.0000 442 221 0.5000
8644.0000 443 221 0.4989
8663.0000 444 221 0.4977
8664.0000 444 222 0.5000
8681.0000 445 222 0.4989
8697.0000 446 222 0.4978
8711.9000 446 223 0.5000
8719.0000 447 223 0.4989
8743.0000 448 223 0.4978
8767.0000 449 223 0.4967
8778.0000 449 224 0.4989
8784.0000 450 224 0.4978
8794.1000 450 225 0.5000
8800.0000 451 225 0.4989
8807.7000 451 226 0.5011
8822.7000 451 227 0.5033
8823.0000 452 227 0.5022
8839.0000 453 227 0.5011
8854.0000 454 227 0.5000
8863.2000 454 228 0.5022
8869.0000 455 228 0.5011
8888.6000 455 229 0.5033
8892.0000 456 229 0.5022
8911.0000 457 229 0.5011
8929.0000 458 229 0.5000
8941.6000 458 230 0.5022
8944.0000 459 230 0.5011
8955.3000 459 231 0.5033
8961.0000 460 231 0.5022
8979.0000 461 231 0.5011
8997.0000 462 231 0.5000
8997.9000 462 232 0.5022
9006.5000 462 233 0.5043
9011.3000 462 234 0.5065
9013.0000 463 234 0.5054
9027.8000 463 235 0.5076
9035.0000 464 235 0.5065
9054.6000 464 236 0.5086
9058.0000 465 236 0.5075
9065.9000 465 237 0.5097
9066.3000 465 238 0.5118
9073.0000 466 238 0.5107
9091.8000 466 239 0.5129
9092.8000 466 240 0.5150
9093.5000 466 241 0.5172
9095.0000 467 241 0.5161
9119.0000 468 241 0.5150
9143.0000 469 241 0.5139
9162.0000 470 241 0.5128
9172.6000 470 242 0.5149
9186.0000 471 242 0.5138
9196.5000 471 243 0.5159
9209.0000 472 243 0.5148
9224.0000 473 243 0.5137
9245.0000 474 243 0.5127
9264.0000 475 243 0.5116
9288.0000 476 243 0.5105
9306.5000 476 244 0.5126
9310.0000 477 244 0.5115
9315.8000 477 245 0.5136
9326.0000 478 245 0.5126
9338.1000 478 246 0.5146
9341.0000 479 246 0.5136
9365.0000 480 246 0.5125
9378.3000 480 247 0.5146
9387.0000 481 247 0.5135
9393.2000 481 248 0.5156
9403.0000 482 248 0.5145
9426.0000 483 248 0.5135
9434.3000 483 249 0.5155
9444.0000 484 249 0.5145
9468.0000 485 249 0.5134
9485.0000 486 249 0.5123
9503.0000 487 249 0.5113
9511.6000 487 250 0.5133
9527.0000 488 250 0.5123
9542.6000 488 251 0.5143
9550.0000 489 251 0.5133
9558.5000 489 252 0.5153
9568.4000 489 253 0.5174
9570.6000 489 254 0.5194
9573.0000 490 254 0.5184
9581.4000 490 255 0.5204
9591.0000 491 255 0.5193
9614.0000 492 255 0.5183
9614.9000 492 256 0.5203
9632.0000 493 256 0.5193
9653.0000 494 256 0.5182
9673.6000 494 257 0.5202
9676.0000 495 257 0.5192
9693.0000 496 257 0.5181
9707.3000 496 258 0.5202
9715.0000 497 258 0.5191
9736.0000 498 258 0.5181
9750.0000 498 259 0.5201
9752.0000 499 259 0.5190
9776.0000 500 259 0.5180
9793.6000 500 260 0.5200
9796.7000 500 261 0.5220
9799.0000 501 261 0.5210
9821.0000 502 261 0.5199
9837.0000 503 261 0.5189
9861.0000 504 261 0.5179
9879.0000 505 261 0.5168
9894.0000 506 261 0.5158
9903.7000 506 262 0.5178
9909.0000 507 262 0.5168
9927.0000 508 262 0.5157
9946.0000 509 262 0.5147
9952.0000 509 263 0.5167
9969.0000 510 263 0.5157
9988.0000 511 263 0.5147
9995.7000 511 264 0.5166
10007.0000 512 264 0.5156
10024.0000 513 264 0.5146
10044.0000 514 264 0.5136
10067.0000 515 264 0.5126
10087.0000 516 264 0.5116
10111.0000 517 264 0.5106
10132.0000 518 264 0.5097
10154.0000 519 264 0.5087
10177.0000 520 264 0.5077
10194.0000 521 264 0.5067
10216.0000 522 264 0.5057
10235.0000 523 264 0.5048
10257.0000 524 264 0.5038
10281.0000 525 264 0.5029
10285.3000 525 265 0.5048
10300.0000 526 265 0.5038
10320.0000 527 265 0.5028
10343.0000 528 265 0.5019
10366.0000 529 265 0.5009
10382.0000 530 265 0.5000
10402.0000 531 265 0.4991
10402.7000 531 266 0.5009
10403.9000 531 267 0.5028
10423.0000 532 267 0.5019
10424.8000 532 268 0.5038
10440.0000 532 269 0.5056
10441.0000 533 269 0.5047
10461.0000 534 269 0.5037
10476.7000 534 270 0.5056
10480.0000 535 270 0.5047
10487.0000 535 271 0.5065
10496.9000 535 272 0.5084
10497.0000 536 272 0.5075
10499.1000 536 273 0.5093
10518.0000 537 273 0.5084
10524.1000 537 274 0.5102
10530.0000 537 275 0.5121
10537.0000 538 275 0.5112
10555.0000 539 275 0.5102
10571.0000 540 275 0.5093
10591.0000 541 275 0.5083
10615.0000 542 275 0.5074
10637.0000 543 275 0.5064
10641.2000 543 276 0.5083
10645.7000 543 277 0.5101
10652.2000 543 278 0.5120
10657.0000 544 278 0.5110
10680.5000 544 279 0.5129
10681.0000 545 279 0.5119
10703.0000 546 279 0.5110
10726.0000 547 279 0.5101
10748.0000 548 279 0.5091
10768.0000 549 279 0.5082
10768.1000 549 280 0.5100
10781.7000 549 281 0.5118
10788.0000 550 281 0.5109
10808.0000 551 281 0.5100
10823.0000 552 281 0.5091
10842.0000 553 281 0.5081
10866.0000 554 281 0.5072
10875.2000 554 282 0.5090
10879.7000 554 283 0.5108
10885.0000 555 283 0.5099
10887.3000 555 284 0.5117
10889.1000 555 285 0.5135
10907.0000 556 285 0.5126
10921.7000 556 286 0.5144
10925.0000 557 286 0.5135
10942.0000 558 286 0.5125
10958.6000 558 287 0.5143
10966.0000 559 287 0.5134
10983.0000 560 287 0.5125
11006.0000 561 287 0.5116
11019.7000 561 288 0.5134
11021.3000 561 289 0.5152
11023.0000 562 289 0.5142
11043.2000 562 290 0.5160
11046.0000 563 290 0.5151
11063.6000 563 291 0.5169
11067.1000 563 292 0.5187
11068.0000 564 292 0.5177
11084.0000 565 292 0.5168
11102.0000 566 292 0.5159
11120.0000 567 292 0.5150
11121.3000 567 293 0.5168
11143.0000 568 293 0.5158
11158.5000 568 294 0.5176
11166.0000 569 294 0.5167
11182.0000 570 294 0.5158
11182.2000 570 295 0.5175
11197.9000 570 296 0.5193
11201.0000 571 296 0.5184
11207.5000 571 297 0.5201
11218.0000 572 297 0.5192
11238.0000 573 297 0.5183
11252.6000 573 298 0.5201
11260.0000 574 298 0.5192
11265.5000 574 299 0.5209
11280.0000 575 299 0.5200
11298.0000 576 299 0.5191
11302.4000 576 300 0.5208
11308.0000 576 301 0.5226
11311.9000 576 302 0.5243
11319.0000 577 302 0.5234
11343.0000 578 302 0.5225
11363.0000 579 302 0.5216
11381.0000 580 302 0.5207
11405.0000 581 302 0.5198
11407.6000 581 303 0.5215
11424.0000 582 303 0.5206
11432.3000 582 304 0.5223
11442.3000 582 305 0.5241
11443.0000 583 305 0.5232
11443.5000 583 306 0.5249
11453.9000 583 307 0.5266
11467.0000 584 307 0.5257
11491.0000 585 307 0.5248
11511.0000 586 307 0.5239
11513.2000 586 308 0.5256
11515.6000 586 309 0.5273
11529.0000 587 309 0.5264
11540.0000 587 310 0.5281
11542.1000 587 311 0.5298
11547.0000 588 311 0.5289
11560.8000 588 312 0.5306
11566.0000 589 312 0.5297
11586.0000 590 312 0.5288
11610.0000 591 312 0.5279
11611.3000 591 313 0.5296
11622.0000 591 314 0.5313
11626.0000 592 314 0.5304
11633.4000 592 315 0.5321
11640.2000 592 316 0.5338
11650.0000 593 316 0.5329
11665.0000 594 316 0.5320
11678.5000 594 317 0.5337
11680.0000 595 317 0.5328
11696.0000 596 317 0.5319
11711.0000 597 317 0.5310
11731.0000 598 317 0.5301
11734.7000 598 318 0.5318
11755.0000 599 318 0.5309
11771.0000 600 318 0.5300
11773.2000 600 319 0.5317
11790.0000 601 319 0.5308
11790.1000 601 320 0.5324
11805.5000 601 321 0.5341
11809.0000 602 321 0.5332
11809.2000 602 322 0.5349
11809.8000 602 323 0.5365
11810.9000 602 324 0.5382
11826.4000 602 325 0.5399
11827.0000 603 325 0.5390
11851.0000 604 325 0.5381
11867.0000 605 325 0.5372
11885.0000 606 325 0.5363
11885.6000 606 326 0.5380
11907.0000 607 326 0.5371
11926.7000 607 327 0.5387
11929.0000 608 327 0.5378
11940.3000 608 328 0.5395
11948.0000 609 328 0.5386
11971.0000 610 328 0.5377
11995.0000 611 328 0.5368
12005.8000 611 329 0.5385
12012.0000 612 329 0.5376
12033.0000 613 329 0.5367
12048.0000 614 329 0.5358
12051.8000 614 330 0.5375
12066.6000 614 331 0.5391
12070.0000 615 331 0.5382
12073.0000 615 332 0.5398
12075.7000 615 333 0.5415
12088.0000 616 333 0.5406
12104.0000 617 333 0.5397
12124.0000 618 333 0.5388
12145.0000 619 333 0.5380
12153.5000 619 334 0.5396
12165.0000 620 334 0.5387
12167.6000 620 335 0.5403
12189.0000 621 335 0.5395
12209.0000 622 335 0.5386
12210.0000 622 336 0.5402
12218.2000 622 337 0.5418
12226.0000 623 337 0.5409
12242.7000 623 338 0.5425
12243.7000 623 339 0.5441
12249.0000 624 339 0.5433
12263.3000 624 340 0.5449
12270.0000 625 340 0.5440
12287.0000 626 340 0.5431
12288.8000 626 341 0.5447
12304.8000 626 342 0.5463
12305.0000 627 342 0.5455
12305.2000 627 343 0.5470
12309.2000 627 344 0.5486
12314.5000 627 345 0.5502
12322.6000 627 346 0.5518
12323.0000 628 346 0.5510
12330.6000 628 347 0.5525
12332.7000 628 348 0.5541
12337.1000 628 349 0.5557
12339.0000 629 349 0.5548
12358.0000 630 349 0.5540
12377.0000 631 349 0.5531
12399.0000 632 349 0.5522
12421.0000 633 349 0.5513
12437.3000 633 350 0.5529
12444.0000 634 350 0.5521
12463.0000 635 350 0.5512
12479.0000 636 350 0.5503
12483.1000 636 351 0.5519
12497.0000 637 351 0.5510
12518.0000 638 351 0.5502
12535.5000 638 352 0.5517
12538.0000 639 352 0.5509
12541.9000 639 353 0.5524
12556.0000 640 353 0.5516
12568.7000 640 354 0.5531
12575.0000 641 354 0.5523
12585.3000 641 355 0.5538
12586.1000 641 356 0.5554
12596.0000 642 356 0.5545
12611.0000 643 356 0.5537
12635.0000 644 356 0.5528
12650.0000 644 357 0.5543
12655.0000 645 357 0.5535
12659.4000 645 358 0.5550
12672.0000 646 358 0.5542
12689.5000 646 359 0.5557
12691.0000 647 359 0.5549
12692.2000 647 360 0.5564
12713.0000 648 360 0.5556
12725.8000 648 361 0.5571
12727.4000 648 362 0.5586
12737.0000 649 362 0.5578
12761.0000 650 362 0.5569
12781.0000 651 362 0.5561
12784.8000 651 363 0.5576
12787.7000 651 364 0.5591
12798.0000 652 364 0.5583
12818.0000 653 364 0.5574
12830.3000 653 365 0.5590
12836.6000 653 366 0.5605
12839.0000 654 366 0.5596
12863.0000 655 366 0.5588
12867.5000 655 367 0.5603
12884.0000 656 367 0.5595
12896.9000 656 368 0.5610
12901.0000 657 368 0.5601
12918.5000 657 369 0.5616
12919.0000 658 369 0.5608
12936.0000 659 369 0.5599
12954.0000 660 369 0.5591
12968.6000 660 370 0.5606
12971.0000 661 370 0.5598
12986.0000 662 370 0.5589
12993.5000 662 371 0.5604
13009.0000 663 371 0.5596
13029.0000 664 371 0.5587
13048.0000 665 371 0.5579
13069.0000 666 371 0.5571
13080.5000 666 372 0.5586
13090.0000 667 372 0.5577
13092.7000 667 373 0.5592
13112.0000 668 373 0.5584
13124.6000 668 374 0.5599
13135.0000 669 374 0.5590
13146.6000 669 375 0.5605
13148.3000 669 376 0.5620
13157.0000 670 376 0.5612
13175.0000 671 376 0.5604
13188.6000 671 377 0.5618
13191.3000 671 378 0.5633
13198.0000 672 378 0.5625
13222.0000 673 378 0.5617
13237.0000 674 378 0.5608
13261.0000 675 378 0.5600
13262.9000 675 379 0.5615
13279.0000 676 379 0.5607
13303.0000 677 379 0.5598
13308.5000 677 380 0.5613
13327.0000 678 380 0.5605
13344.0000 679 380 0.5596
13346.8000 679 381 0.5611
13367.0000 680 381 0.5603
13382.6000 680 382 0.5618
13385.0000 681 382 0.5609
13400.0000 682 382 0.5601
13422.0000 683 382 0.5593
13432.3000 683 383 0.5608
13439.0000 684 383 0.5599
13458.1000 684 384 0.5614
13463.0000 685 384 0.5606
13485.0000 686 384 0.5598
13501.0000 687 384 0.5590
13519.4000 687 385 0.5604
13522.0000 688 385 0.5596
13543.0000 689 385 0.5588
13558.0000 690 385 0.5580
13578.0000 691 385 0.5572
13597.0000 692 385 0.5564
13601.2000 692 386 0.5578
13605.2000 692 387 0.5592
13612.0000 693 387 0.5584
13622.2000 693 388 0.5599
13622.9000 693 389 0.5613
13633.0000 694 389 0.5605
13641.9000 694 390 0.5620
13654.0000 695 390 0.5612
13671.0000 695 391 0.5626
13674.0000 696 391 0.5618
13689.0000 697 391 0.5610
13694.0000 697 392 0.5624
13705.5000 697 393 0.5638
13713.0000 698 393 0.5630
13733.0000 699 393 0.5622
13750.0000 700 393 0.5614
13771.0000 701 393 0.5606
13772.8000 701 394 0.5621
13787.0000 702 394 0.5613
13808.0000 703 394 0.5605
13831.0000 704 394 0.5597
13853.0000 705 394 0.5589
13874.0000 706 394 0.5581
13876.7000 706 395 0.5595
13878.0000 706 396 0.5609
13894.0000 707 396 0.5601
13915.0000 708 396 0.5593
13929.4000 708 397 0.5607
13932.8000 708 398 0.5621
13936.6000 708 399 0.5636
13937.0000 709 399 0.5628
13952.0000 710 399 0.5620
13955.8000 710 400 0.5634
13957.4000 710 401 0.5648
13976.0000 711 401 0.5640
13994.0000 712 401 0.5632
14011.0000 713 401 0.5624
14031.7000 713 402 0.5638
14032.0000 714 402 0.5630
14046.8000 714 403 0.5644
14056.0000 715 403 0.5636
14077.0000 716 403 0.5628
14086.0000 716 404 0.5642
14092.0000 717 404 0.5635
14107.0000 718 404 0.5627
14108.3000 718 405 0.5641
14123.0000 719 405 0.5633
14141.4000 719 406 0.5647
14147.0000 720 406 0.5639
14157.0000 720 407 0.5653
14167.0000 721 407 0.5645
14186.0000 722 407 0.5637
14204.0000 723 407 0.5629
14220.8000 723 408 0.5643
14224.3000 723 409 0.5657
14225.0000 724 409 0.5649
14232.1000 724 410 0.5663
14240.9000 724 411 0.5677
14245.0000 725 411 0.5669
14267.0000 726 411 0.5661
14286.0000 727 411 0.5653
14304.0000 728 411 0.5646
14323.0000 729 411 0.5638
14326.8000 729 412 0.5652
14343.0000 730 412 0.5644
14363.0000 731 412 0.5636
14385.0000 732 412 0.5628
14404.0000 733 412 0.5621
14406.1000 733 413 0.5634
14420.0000 734 413 0.5627
14441.0000 735 413 0.5619
14445.2000 735 414 0.5633
14456.0000 736 414 0.5625
14466.4000 736 415 0.5639
14475.0000 737 415 0.5631
14499.0000 738 415 0.5623
14523.0000 739 415 0.5616
14528.5000 739 416 0.5629
14544.0000 740 416 0.5622
14547.2000 740 417 0.5635
14549.7000 740 418 0.5649
14568.0000 741 418 0.5641
14588.0000 742 418 0.5633
14603.0000 743 418 0.5626
14618.0000 744 418 0.5618
14629.4000 744 419 0.5632
14629.8000 744 420 0.5645
14638.0000 744 421 0.5659
14639.0000 745 421 0.5651
14655.0000 746 421 0.5643
14676.0000 747 421 0.5636
14685.7000 747 422 0.5649
14696.0000 748 422 0.5642
14718.0000 749 422 0.5634
14733.2000 749 423 0.5648
14736.0000 750 423 0.5640
14746.0000 750 424 0.5653
14756.0000 751 424 0.5646
14757.4000 751 425 0.5659
14773.0000 752 425 0.5652
14774.0000 752 426 0.5665
14790.0000 753 426 0.5657
14809.0000 754 426 0.5650
14831.0000 755 426 0.5642
14848.0000 756 426 0.5635
14857.6000 756 427 0.5648
14859.9000 756 428 0.5661
14867.0000 757 428 0.5654
14889.0000 758 428 0.5646
14905.0000 759 428 0.5639
14927.0000 760 428 0.5632
14942.0000 761 428 0.5624
14961.0000 762 428 0.5617
14974.2000 762 429 0.5630
14984.0000 763 429 0.5623
14999.0000 764 429 0.5615
15001.4000 764 430 0.5628
15021.0000 765 430 0.5621
15041.0000 766 430 0.5614
15058.0000 767 430 0.5606
15063.2000 767 431 0.5619
15074.0000 768 431 0.5612
15093.0000 769 431 0.5605
15101.5000 769 432 0.5618
15114.0000 770 432 0.5610
15132.0000 771 432 0.5603
15149.0000 772 432 0.5596
15156.2000 772 433 0.5609
15168.2000 772 434 0.5622
15172.0000 773 434 0.5614
15182.2000 773 435 0.5627
15190.0000 774 435 0.5620
15209.7000 774 436 0.5633
15212.0000 775 436 0.5626
15235.0000 776 436 0.5619
15256.0000 777 436 0.5611
15266.0000 777 437 0.5624
15280.0000 778 437 0.5617
15297.0000 779 437 0.5610
15318.0000 780 437 0.5603
15336.0000 781 437 0.5595
15360.0000 782 437 0.5588
15381.0000 783 437 0.5581
15389.7000 783 438 0.5594
15395.7000 783 439 0.5607
15399.0000 784 439 0.5599
15418.2000 784 440 0.5612
15419.0000 785 440 0.5605
15439.2000 785 441 0.5618
15441.0000 786 441 0.5611
15459.3000 786 442 0.5623
15465.0000 787 442 0.5616
15482.0000 788 442 0.5609
15504.0000 789 442 0.5602
15526.0000 790 442 0.5595
15538.7000 790 443 0.5608
15539.7000 790 444 0.5620
15547.0000 791 444 0.5613
15549.0000 791 445 0.5626
15569.0000 792 445 0.5619
15580.5000 792 446 0.5631
15591.0000 793 446 0.5624
15615.0000 794 446 0.5617
15632.0000 795 446 0.5610
15651.0000 796 446 0.5603
15666.0000 797 446 0.5596
15684.0000 798 446 0.5589
15708.0000 799 446 0.5582
15724.0000 800 446 0.5575
15741.7000 800 447 0.5588
15744.5000 800 448 0.5600
15746.0000 801 448 0.5593
15764.0000 802 448 0.5586
15780.2000 802 449 0.5599
15782.0000 803 449 0.5592
15793.3000 803 450 0.5604
15799.0000 804 450 0.5597
15815.0000 805 450 0.5590
15838.0000 806 450 0.5583
15841.7000 806 451 0.5596
15854.0000 807 451 0.5589
15873.0000 808 451 0.5582
15891.0000 808 452 0.5594
15894.0000 809 452 0.5587
15909.0000 810 452 0.5580
15920.9000 810 453 0.5593
15927.0000 811 453 0.5586
15948.0000 812 453 0.5579
15953.1000 812 454 0.5591
15956.3000 812 455 0.5603
15967.0000 813 455 0.5597
15990.0000 814 455 0.5590
15997.7000 814 456 0.5602
16003.4000 814 457 0.5614
16005.5000 814 458 0.5627
16005.7000 814 459 0.5639
16007.0000 814 460 0.5651
16010.0000 815 460 0.5644
16027.0000 816 460 0.5637
16028.7000 816 461 0.5650
16042.0000 817 461 0.5643
16061.0000 818 461 0.5636
16061.0000 818 462 0.5648
16080.0000 819 462 0.5641
16083.5000 819 463 0.5653
16089.7000 819 464 0.5665
16104.0000 820 464 0.5659
16124.0000 821 464 0.5652
16139.0000 822 464 0.5645
16155.0000 823 464 0.5638
16175.0000 824 464 0.5631
16196.0000 825 464 0.5624
16199.9000 825 465 0.5636
16212.0000 826 465 0.5630
16220.0000 826 466 0.5642
16230.0000 827 466 0.5635
16245.0000 828 466 0.5628
16261.0000 829 466 0.5621
16281.0000 830 466 0.5614
16301.0000 831 466 0.5608
16305.1000 831 467 0.5620
16322.0000 832 467 0.5613
16338.0000 833 467 0.5606
16338.9000 833 468 0.5618
16357.0000 834 468 0.5612
16371.6000 834 469 0.5624
16380.0000 835 469 0.5617
16399.0000 836 469 0.5610
16410.7000 836 470 0.5622
16416.0000 837 470 0.5615
16433.0000 838 470 0.5609
16436.0000 838 471 0.5621
16455.0000 839 471 0.5614
16479.0000 840 471 0.5607
16491.8000 840 472 0.5619
16494.0000 840 473 0.5631
16503.0000 841 473 0.5624
16520.1000 841 474 0.5636
16526.0000 842 474 0.5629
16547.0000 843 474 0.5623
16568.0000 844 474 0.5616
16588.9000 844 475 0.5628
16589.0000 845 475 0.5621
16610.0000 846 475 0.5615
16627.8000 846 476 0.5626
16627.9000 846 477 0.5638
16628.0000 847 477 0.5632
16630.2000 847 478 0.5643
16644.9000 847 479 0.5655
16646.0000 848 479 0.5649
16662.0000 849 479 0.5642
16682.0000 850 479 0.5635
16699.0000 851 479 0.5629
16721.7000 851 480 0.5640
16723.0000 852 480 0.5634
16723.9000 852 481 0.5646
16745.0000 853 481 0.5639
16760.0000 854 481 0.5632
16783.0000 855 481 0.5626
16787.3000 855 482 0.5637
16790.2000 855 483 0.5649
16800.0000 856 483 0.5643
16805.5000 856 484 0.5654
16818.0000 857 484 0.5648
16835.0000 858 484 0.5641
16852.1000 858 485 0.5653
16858.0000 859 485 0.5646
16870.7000 859 486 0.5658
16881.0000 860 486 0.5651
16901.0000 861 486 0.5645
16917.0000 862 486 0.5638
16935.0000 863 486 0.5632
16959.0000 864 486 0.5625
16959.6000 864 487 0.5637
16979.0000 864 488 0.5648
16980.0000 865 488 0.5642
16997.0000 866 488 0.5635
17021.0000 867 488 0.5629
17029.4000 867 489 0.5640
17040.0000 868 489 0.5634
17049.0000 868 490 0.5645
17063.0000 869 490 0.5639
17082.0000 870 490 0.5632
17105.0000 871 490 0.5626
17119.1000 871 491 0.5637
17126.0000 872 491 0.5631
17137.7000 872 492 0.5642
17143.0000 873 492 0.5636
17162.0000 874 492 0.5629
17181.0000 875 492 0.5623
17202.0000 876 492 0.5616
17225.0000 877 492 0.5610
17240.0000 878 492 0.5604
17259.0000 879 492 0.5597
17278.0000 880 492 0.5591
17299.0000 881 492 0.5585
17305.8000 881 493 0.5596
17318.0000 882 493 0.5590
17336.0000 883 493 0.5583
17353.0000 884 493 0.5577
17357.6000 884 494 0.5588
17368.0000 884 495 0.5600
17370.0000 885 495 0.5593
17371.3000 885 496 0.5605
17393.6000 885 497 0.5616
17394.0000 886 497 0.5609
17416.0000 887 497 0.5603
17429.2000 887 498 0.5614
17439.0000 888 498 0.5608
17454.0000 889 498 0.5602
17469.2000 889 499 0.5613
17471.9000 889 500 0.5624
17477.0000 890 500 0.5618
17497.0000 891 500 0.5612
17515.0000 892 500 0.5605
17535.0000 893 500 0.5599
17547.8000 893 501 0.5610
17558.0000 894 501 0.5604
17574.0000 895 501 0.5598
17598.0000 896 501 0.5592
17610.1000 896 502 0.5603
17619.0000 897 502 0.5596
17639.0000 898 502 0.5590
17654.0000 899 502 0.5584
17672.0000 900 502 0.5578
17673.3000 900 503 0.5589
17690.0000 901 503 0.5583
17710.0000 902 503 0.5576
17731.0000 902 504 0.5588
17734.0000 903 504 0.5581
17736.5000 903 505 0.5592
17747.3000 903 506 0.5604
17751.0000 904 506 0.5597
17771.3000 904 507 0.5608
17773.8000 904 508 0.5619
17774.0000 905 508 0.5613
17793.0000 906 508 0.5607
17808.0000 907 508 0.5601
17813.7000 907 509 0.5612
17816.8000 907 510 0.5623
17826.0000 908 510 0.5617
17846.0000 909 510 0.5611
17864.0000 910 510 0.5604
17865.2000 910 511 0.5615
17884.0000 911 511 0.5609
17899.0000 912 511 0.5603
17917.0000 913 511 0.5597
17934.5000 913 512 0.5608
17934.7000 913 513 0.5619
17936.0000 914 513 0.5613
17947.6000 914 514 0.5624
17951.3000 914 515 0.5635
17958.0000 915 515 0.5628
17960.0000 915 516 0.5639
17974.3000 915 517 0.5650
17976.0000 916 517 0.5644
18000.0000 917 517 0.5638
