# time  created  delivered  delivered/created
22.0000 1 0 0.0000
38.0000 2 0 0.0000
54.0000 3 0 0.0000
72.0000 4 0 0.0000
94.0000 5 0 0.0000
110.0000 6 0 0.0000
133.0000 7 0 0.0000
153.0000 8 0 0.0000
175.0000 9 0 0.0000
191.0000 10 0 0.0000
210.0000 11 0 0.0000
225.0000 12 0 0.0000
249.0000 13 0 0.0000
265.0000 14 0 0.0000
281.0000 15 0 0.0000
304.0000 16 0 0.0000
328.0000 17 0 0.0000
343.0000 18 0 0.0000
367.0000 19 0 0.0000
382.0000 20 0 0.0000
399.0000 21 0 0.0000
420.0000 22 0 0.0000
439.0000 23 0 0.0000
458.0000 24 0 0.0000
480.0000 25 0 0.0000
497.0000 26 0 0.0000
515.0000 27 0 0.0000
538.0000 28 0 0.0000
562.0000 29 0 0.0000
581.0000 30 0 0.0000
582.6000 30 1 0.0333
603.0000 31 1 0.0323
625.0000 32 1 0.0313
640.9000 32 2 0.0625
646.0000 33 2 0.0606
661.6000 33 3 0.0909
667.0000 34 3 0.0882
685.0000 35 3 0.0857
691.0000 35 4 0.1143
700.0000 36 4 0.1111
713.8000 36 5 0.1389
722.0000 37 5 0.1351
741.0000 38 5 0.1316
764.0000 39 5 0.1282
775.8000 39 6 0.1538
784.0000 40 6 0.1500
806.0000 41 6 0.1463
829.0000 42 6 0.1429
851.0000 43 6 0.1395
873.0000 44 6 0.1364
895.0000 45 6 0.1333
903.5000 45 7 0.1556
918.0000 46 7 0.1522
941.0000 47 7 0.1489
957.0000 48 7 0.1458
975.0000 49 7 0.1429
998.0000 50 7 0.1400
1018.0000 51 7 0.1373
1040.0000 52 7 0.1346
1056.0000 53 7 0.1321
1077.0000 54 7 0.1296
1096.0000 55 7 0.1273
1117.0000 56 7 0.1250
1137.0000 57 7 0.1228
1159.0000 58 7 0.1207
1179.0000 59 7 0.1186
1193.3000 59 8 0.1356
1201.0000 60 8 0.1333
1216.0000 61 8 0.1311
1225.1000 61 9 0.1475
1226.1000 61 10 0.1639
1232.0000 62 10 0.1613
1251.0000 63 10 0.1587
1268.0000 64 10 0.1563
1287.0000 65 10 0.1538
1308.0000 66 10 0.1515
1327.0000 67 10 0.1493
1342.0000 68 10 0.1471
1364.0000 69 10 0.1449
1381.8000 69 11 0.1594
1388.0000 70 11 0.1571
1397.1000 70 12 0.1714
1407.0000 71 12 0.1690
1422.0000 72 12 0.1667
1442.0000 73 12 0.1644
1464.0000 74 12 0.1622
1476.0000 74 13 0.1757
1479.0000 75 13 0.1733
1483.1000 75 14 0.1867
1500.0000 76 14 0.1842
1518.0000 77 14 0.1818
1542.0000 78 14 0.1795
1562.0000 79 14 0.1772
1577.0000 80 14 0.1750
1595.4000 80 15 0.1875
1600.0000 81 15 0.1852
1620.0000 82 15 0.1829
1637.0000 83 15 0.1807
1652.0000 84 15 0.1786
1673.0000 85 15 0.1765
1695.0000 86 15 0.1744
1706.4000 86 16 0.1860
1713.0000 87 16 0.1839
1736.2000 87 17 0.1954
1737.0000 88 17 0.1932
1760.0000 89 17 0.1910
1768.1000 89 18 0.2022
1781.0000 90 18 0.2000
1804.0000 91 18 0.1978
1826.0000 92 18 0.1957
1849.0000 93 18 0.1935
1870.0000 94 18 0.1915
1890.0000 95 18 0.1895
1896.4000 95 19 0.2000
1911.0000 96 19 0.1979
1929.0000 97 19 0.1959
1948.0000 98 19 0.1939
1965.0000 99 19 0.1919
1980.0000 100 19 0.1900
2002.0000 101 19 0.1881
2024.0000 102 19 0.1863
2035.6000 102 20 0.1961
2041.0000 103 20 0.1942
2064.0000 104 20 0.1923
2080.0000 105 20 0.1905
2095.0000 106 20 0.1887
2113.2000 106 21 0.1981
2119.0000 107 21 0.1963
2139.0000 108 21 0.1944
2142.8000 108 22 0.2037
2161.0000 109 22 0.2018
2178.0000 110 22 0.2000
2199.0000 111 22 0.1982
2215.0000 111 23 0.2072
2222.0000 112 23 0.2054
2228.6000 112 24 0.2143
2240.0000 113 24 0.2124
2259.0000 114 24 0.2105
2275.0000 115 24 0.2087
2295.0000 116 24 0.2069
2314.0000 117 24 0.2051
2324.6000 117 25 0.2137
2335.0000 118 25 0.2119
2354.0000 119 25 0.2101
2377.0000 120 25 0.2083
2396.0000 121 25 0.2066
2411.0000 122 25 0.2049
2412.0000 122 26 0.2131
2433.0000 123 26 0.2114
2452.0000 124 26 0.2097
2474.0000 125 26 0.2080
2494.6000 125 27 0.2160
2496.0000 126 27 0.2143
2511.0000 127 27 0.2126
2512.1000 127 28 0.2205
2526.0000 128 28 0.2188
2546.0000 129 28 0.2171
2563.0000 130 28 0.2154
2586.0000 131 28 0.2137
2601.0000 132 28 0.2121
2621.0000 133 28 0.2105
2641.0000 134 28 0.2090
2648.6000 134 29 0.2164
2662.0000 135 29 0.2148
2678.0000 136 29 0.2132
2689.6000 136 30 0.2206
2693.0000 137 30 0.2190
2716.0000 138 30 0.2174
2735.0000 139 30 0.2158
2754.0000 140 30 0.2143
2771.0000 141 30 0.2128
2788.0000 142 30 0.2113
2807.0000 143 30 0.2098
2824.2000 143 31 0.2168
2831.0000 144 31 0.2153
2832.2000 144 32 0.2222
2853.0000 145 32 0.2207
2868.0000 146 32 0.2192
2891.0000 147 32 0.2177
2911.0000 148 32 0.2162
2926.0000 149 32 0.2148
2942.0000 150 32 0.2133
2962.0000 151 32 0.2119
2979.0000 152 32 0.2105
3003.0000 153 32 0.2092
3024.0000 154 32 0.2078
3040.0000 155 32 0.2065
3064.0000 156 32 0.2051
3086.0000 157 32 0.2038
3110.0000 158 32 0.2025
3129.0000 159 32 0.2013
3147.0000 160 32 0.2000
3165.7000 160 33 0.2063
3166.0000 161 33 0.2050
3190.0000 162 33 0.2037
3210.0000 163 33 0.2025
3225.0000 164 33 0.2012
3234.2000 164 34 0.2073
3243.0000 165 34 0.2061
3260.0000 166 34 0.2048
3261.2000 166 35 0.2108
3283.0000 167 35 0.2096
3305.0000 168 35 0.2083
3321.0000 169 35 0.2071
3344.0000 170 35 0.2059
3365.0000 171 35 0.2047
3385.0000 172 35 0.2035
3408.0000 173 35 0.2023
3428.0000 174 35 0.2011
3449.0000 175 35 0.2000
3454.7000 175 36 0.2057
3461.0000 175 37 0.2114
3472.0000 176 37 0.2102
3488.0000 177 37 0.2090
3511.0000 178 37 0.2079
3530.6000 178 38 0.2135
3535.0000 179 38 0.2123
3552.0000 180 38 0.2111
3570.0000 181 38 0.2099
3570.6000 181 39 0.2155
3589.0000 182 39 0.2143
3604.0000 183 39 0.2131
3619.0000 184 39 0.2120
3638.0000 185 39 0.2108
3653.0000 186 39 0.2097
3669.0000 187 39 0.2086
3689.0000 188 39 0.2074
3712.0000 189 39 0.2063
3730.0000 190 39 0.2053
3754.0000 191 39 0.2042
3771.0000 192 39 0.2031
3787.0000 193 39 0.2021
3809.0000 194 39 0.2010
3832.0000 195 39 0.2000
3854.0000 196 39 0.1990
3873.0000 197 39 0.1980
3895.0000 198 39 0.1970
3919.0000 199 39 0.1960
3938.0000 200 39 0.1950
3955.0000 201 39 0.1940
3975.0000 202 39 0.1931
3996.0000 203 39 0.1921
4012.0000 204 39 0.1912
4031.0000 205 39 0.1902
4052.0000 206 39 0.1893
4070.0000 207 39 0.1884
4094.0000 208 39 0.1875
4115.0000 209 39 0.1866
4130.0000 209 40 0.1914
4134.0000 210 40 0.1905
4153.0000 211 40 0.1896
4171.0000 212 40 0.1887
4194.0000 213 40 0.1878
4208.3000 213 41 0.1925
4214.0000 214 41 0.1916
4235.0000 215 41 0.1907
4251.0000 216 41 0.1898
4260.2000 216 42 0.1944
4265.7000 216 43 0.1991
4272.0000 217 43 0.1982
4290.0000 218 43 0.1972
4314.0000 219 43 0.1963
4324.2000 219 44 0.2009
4325.3000 219 45 0.2055
4338.0000 220 45 0.2045
4360.0000 221 45 0.2036
4373.8000 221 46 0.2081
4381.0000 222 46 0.2072
4400.0000 223 46 0.2063
4419.0000 224 46 0.2054
4419.1000 224 47 0.2098
4434.0000 225 47 0.2089
4452.4000 225 48 0.2133
4458.0000 226 48 0.2124
4476.0000 227 48 0.2115
4497.0000 228 48 0.2105
4515.0000 229 48 0.2096
4537.0000 230 48 0.2087
4556.0000 231 48 0.2078
4580.0000 232 48 0.2069
4597.0000 233 48 0.2060
4610.6000 233 49 0.2103
4614.0000 234 49 0.2094
4634.0000 235 49 0.2085
4655.0000 236 49 0.2076
4665.1000 236 50 0.2119
4672.0000 237 50 0.2110
4689.0000 238 50 0.2101
4701.3000 238 51 0.2143
4706.0000 239 51 0.2134
4729.0000 240 51 0.2125
4747.0000 241 51 0.2116
4762.0000 242 51 0.2107
4783.0000 243 51 0.2099
4795.2000 243 52 0.2140
4807.0000 244 52 0.2131
4824.0000 245 52 0.2122
4848.0000 246 52 0.2114
4859.7000 246 53 0.2154
4867.0000 247 53 0.2146
4886.0000 248 53 0.2137
4909.0000 249 53 0.2129
4928.0000 250 53 0.2120
4951.0000 251 53 0.2112
4966.0000 252 53 0.2103
4977.1000 252 54 0.2143
4986.0000 253 54 0.2134
5010.0000 254 54 0.2126
5033.0000 255 54 0.2118
5048.0000 256 54 0.2109
5052.1000 256 55 0.2148
5072.0000 257 55 0.2140
5089.0000 258 55 0.2132
5112.0000 259 55 0.2124
5130.5000 259 56 0.2162
5131.0000 260 56 0.2154
5151.0000 261 56 0.2146
5175.0000 262 56 0.2137
5194.0000 263 56 0.2129
5209.0000 263 57 0.2167
5215.0000 264 57 0.2159
5237.0000 265 57 0.2151
5254.0000 266 57 0.2143
5269.0000 267 57 0.2135
5291.0000 268 57 0.2127
5307.0000 269 57 0.2119
5324.0000 270 57 0.2111
5339.0000 271 57 0.2103
5356.0000 272 57 0.2096
5371.0000 273 57 0.2088
5387.0000 274 57 0.2080
5410.0000 275 57 0.2073
5426.0000 276 57 0.2065
5447.0000 277 57 0.2058
5470.0000 278 57 0.2050
5490.0000 279 57 0.2043
5507.0000 280 57 0.2036
5517.4000 280 58 0.2071
5528.0000 281 58 0.2064
5546.0000 282 58 0.2057
5564.0000 283 58 0.2049
5584.0000 284 58 0.2042
5591.2000 284 59 0.2077
5594.1000 284 60 0.2113
5594.7000 284 61 0.2148
5607.0000 285 61 0.2140
5625.0000 286 61 0.2133
5643.0000 287 61 0.2125
5665.0000 288 61 0.2118
5685.0000 289 61 0.2111
5704.0000 290 61 0.2103
5724.0000 291 61 0.2096
5745.0000 292 61 0.2089
5760.0000 293 61 0.2082
5784.0000 294 61 0.2075
5805.0000 295 61 0.2068
5822.0000 296 61 0.2061
5841.0000 297 61 0.2054
5859.0000 298 61 0.2047
5874.0000 299 61 0.2040
5893.0000 300 61 0.2033
5904.4000 300 62 0.2067
5907.3000 300 63 0.2100
5914.0000 301 63 0.2093
5927.5000 301 64 0.2126
5932.0000 302 64 0.2119
5932.2000 302 65 0.2152
5953.0000 303 65 0.2145
5969.4000 303 66 0.2178
5971.0000 304 66 0.2171
5972.6000 304 67 0.2204
5982.3000 304 68 0.2237
5986.0000 305 68 0.2230
5995.7000 305 69 0.2262
6008.0000 306 69 0.2255
6024.0000 307 69 0.2248
6029.0000 307 70 0.2280
6035.0000 307 71 0.2313
6041.0000 308 71 0.2305
6063.0000 309 71 0.2298
6087.0000 310 71 0.2290
6105.0000 311 71 0.2283
6124.0000 312 71 0.2276
6145.0000 313 71 0.2268
6166.0000 314 71 0.2261
6182.0000 315 71 0.2254
6192.4000 315 72 0.2286
6201.0000 316 72 0.2278
6216.0000 317 72 0.2271
6231.0000 318 72 0.2264
6242.9000 318 73 0.2296
6248.0000 319 73 0.2288
6261.7000 319 74 0.2320
6267.0000 320 74 0.2313
6282.7000 320 75 0.2344
6289.0000 321 75 0.2336
6308.0000 322 75 0.2329
6332.0000 323 75 0.2322
6355.0000 324 75 0.2315
6372.0000 325 75 0.2308
6375.5000 325 76 0.2338
6376.7000 325 77 0.2369
6393.0000 326 77 0.2362
6417.0000 327 77 0.2355
6441.0000 328 77 0.2348
6465.0000 329 77 0.2340
6466.2000 329 78 0.2371
6486.0000 330 78 0.2364
6502.0000 331 78 0.2356
6518.0000 332 78 0.2349
6536.0000 333 78 0.2342
6555.0000 334 78 0.2335
6572.0000 335 78 0.2328
6591.0000 336 78 0.2321
6606.1000 336 79 0.2351
6608.0000 337 79 0.2344
6631.0000 338 79 0.2337
6646.0000 339 79 0.2330
6649.1000 339 80 0.2360
6665.0000 340 80 0.2353
6684.0000 341 80 0.2346
6708.0000 342 80 0.2339
6725.0000 343 80 0.2332
6745.0000 344 80 0.2326
6760.0000 345 80 0.2319
6781.0000 346 80 0.2312
6793.2000 346 81 0.2341
6800.0000 347 81 0.2334
6816.0000 348 81 0.2328
6839.0000 349 81 0.2321
6854.0000 350 81 0.2314
6868.5000 350 82 0.2343
6874.0000 351 82 0.2336
6889.0000 352 82 0.2330
6909.0000 353 82 0.2323
6925.4000 353 83 0.2351
6930.0000 354 83 0.2345
6951.0000 355 83 0.2338
6951.3000 355 84 0.2366
6971.0000 356 84 0.2360
6995.0000 357 84 0.2353
7010.0000 358 84 0.2346
7011.0000 358 85 0.2374
7019.9000 358 86 0.2402
7029.0000 359 86 0.2396
7048.0000 360 86 0.2389
7054.7000 360 87 0.2417
7071.0000 361 87 0.2410
7090.9000 361 88 0.2438
7093.0000 362 88 0.2431
7097.8000 362 89 0.2459
7108.0000 363 89 0.2452
7130.0000 364 89 0.2445
7147.0000 365 89 0.2438
7163.0000 366 89 0.2432
7171.9000 366 90 0.2459
7175.4000 366 91 0.2486
7176.4000 366 92 0.2514
7180.0000 367 92 0.2507
7197.0000 368 92 0.2500
7221.0000 369 92 0.2493
7240.0000 370 92 0.2486
7255.0000 371 92 0.2480
7272.0000 372 92 0.2473
7274.6000 372 93 0.2500
7296.0000 373 93 0.2493
7319.0000 374 93 0.2487
7333.2000 374 94 0.2513
7335.0000 375 94 0.2507
7358.0000 376 94 0.2500
7378.0000 377 94 0.2493
7382.2000 377 95 0.2520
7394.0000 378 95 0.2513
7411.0000 379 95 0.2507
7435.0000 380 95 0.2500
7459.0000 381 95 0.2493
7480.0000 382 95 0.2487
7498.0000 383 95 0.2480
7514.0000 384 95 0.2474
7536.0000 385 95 0.2468
7549.9000 385 96 0.2494
7559.0000 386 96 0.2487
7574.0000 387 96 0.2481
7589.1000 387 97 0.2506
7595.0000 388 97 0.2500
7613.0000 389 97 0.2494
7632.0000 390 97 0.2487
7656.0000 391 97 0.2481
7673.0000 392 97 0.2474
7696.0000 393 97 0.2468
7713.0000 394 97 0.2462
7726.0000 394 98 0.2487
7730.0000 395 98 0.2481
7745.0000 396 98 0.2475
7762.0000 397 98 0.2469
7784.0000 398 98 0.2462
7804.0000 399 98 0.2456
7811.0000 399 99 0.2481
7822.0000 400 99 0.2475
7840.0000 401 99 0.2469
7858.0000 402 99 0.2463
7874.0000 403 99 0.2457
7895.0000 404 99 0.2450
7914.0000 405 99 0.2444
7931.0000 406 99 0.2438
7948.0000 407 99 0.2432
7972.0000 408 99 0.2426
7987.0000 409 99 0.2421
8002.0000 410 99 0.2415
8024.0000 411 99 0.2409
8040.0000 412 99 0.2403
8041.7000 412 100 0.2427
8059.0000 413 100 0.2421
8059.3000 413 101 0.2446
8082.0000 414 101 0.2440
8099.0000 415 101 0.2434
8116.0000 416 101 0.2428
8132.0000 416 102 0.2452
8137.0000 417 102 0.2446
8158.0000 418 102 0.2440
8164.2000 418 103 0.2464
8173.0000 419 103 0.2458
8190.0000 420 103 0.2452
8205.0000 421 103 0.2447
8205.7000 421 104 0.2470
8227.0000 422 104 0.2464
8236.3000 422 105 0.2488
8251.0000 423 105 0.2482
8275.0000 424 105 0.2476
8284.1000 424 106 0.2500
8297.0000 425 106 0.2494
8304.7000 425 107 0.2518
8310.1000 425 108 0.2541
8317.0000 426 108 0.2535
8336.0000 427 108 0.2529
8359.0000 428 108 0.2523
8371.2000 428 109 0.2547
8375.0000 429 109 0.2541
8394.9000 429 110 0.2564
8396.0000 430 110 0.2558
8414.0000 431 110 0.2552
8427.0000 431 111 0.2575
8437.0000 432 111 0.2569
8453.0000 433 111 0.2564
8460.7000 433 112 0.2587
8462.3000 433 113 0.2610
8468.0000 434 113 0.2604
8492.0000 435 113 0.2598
8510.0000 436 113 0.2592
8525.0000 437 113 0.2586
8544.0000 438 113 0.2580
8566.0000 439 113 0.2574
8586.0000 440 113 0.2568
8609.0000 441 113 0.2562
8625.0000 442 113 0.2557
8640.4000 442 114 0.2579
8642.3000 442 115 0.2602
8644.0000 443 115 0.2596
8663.0000 444 115 0.2590
8681.0000 445 115 0.2584
8697.0000 446 115 0.2578
8719.0000 447 115 0.2573
8737.7000 447 116 0.2595
8743.0000 448 116 0.2589
8763.1000 448 117 0.2612
8767.0000 449 117 0.2606
8784.0000 450 117 0.2600
8800.0000 451 117 0.2594
8821.2000 451 118 0.2616
8823.0000 452 118 0.2611
8829.0000 452 119 0.2633
8839.0000 453 119 0.2627
8854.0000 454 119 0.2621
8855.2000 454 120 0.2643
8869.0000 455 120 0.2637
8874.6000 455 121 0.2659
8892.0000 456 121 0.2654
8911.0000 457 121 0.2648
8929.0000 458 121 0.2642
8944.0000 459 121 0.2636
8955.3000 459 122 0.2658
8961.0000 460 122 0.2652
8979.0000 461 122 0.2646
8997.0000 462 122 0.2641
9011.3000 462 123 0.2662
9013.0000 463 123 0.2657
9035.0000 464 123 0.2651
9056.5000 464 124 0.2672
9058.0000 465 124 0.2667
9073.0000 466 124 0.2661
9095.0000 467 124 0.2655
9119.0000 468 124 0.2650
9143.0000 469 124 0.2644
9151.8000 469 125 0.2665
9159.0000 469 126 0.2687
9162.0000 470 126 0.2681
9176.7000 470 127 0.2702
9186.0000 471 127 0.2696
9209.0000 472 127 0.2691
9224.0000 473 127 0.2685
9245.0000 474 127 0.2679
9253.4000 474 128 0.2700
9264.0000 475 128 0.2695
9288.0000 476 128 0.2689
9300.8000 476 129 0.2710
9310.0000 477 129 0.2704
9326.0000 478 129 0.2699
9341.0000 479 129 0.2693
9342.7000 479 130 0.2714
9365.0000 480 130 0.2708
9387.0000 481 130 0.2703
9403.0000 482 130 0.2697
9426.0000 483 130 0.2692
9444.0000 484 130 0.2686
9468.0000 485 130 0.2680
9485.0000 486 130 0.2675
9491.1000 486 131 0.2695
9503.0000 487 131 0.2690
9506.3000 487 132 0.2710
9526.4000 487 133 0.2731
9527.0000 488 133 0.2725
9550.0000 489 133 0.2720
9573.0000 490 133 0.2714
9573.5000 490 134 0.2735
9591.0000 491 134 0.2729
9614.0000 492 134 0.2724
9614.9000 492 135 0.2744
9632.0000 493 135 0.2738
9653.0000 494 135 0.2733
9676.0000 495 135 0.2727
9687.5000 495 136 0.2747
9693.0000 496 136 0.2742
9695.1000 496 137 0.2762
9715.0000 497 137 0.2757
9736.0000 498 137 0.2751
9748.3000 498 138 0.2771
9750.0000 498 139 0.2791
9752.0000 499 139 0.2786
9776.0000 500 139 0.2780
9799.0000 501 139 0.2774
9805.0000 501 140 0.2794
9821.0000 502 140 0.2789
9837.0000 503 140 0.2783
9846.7000 503 141 0.2803
9861.0000 504 141 0.2798
9879.0000 505 141 0.2792
9884.3000 505 142 0.2812
9894.0000 506 142 0.2806
9909.0000 507 142 0.2801
9927.0000 508 142 0.2795
9946.0000 509 142 0.2790
9969.0000 510 142 0.2784
9988.0000 511 142 0.2779
10007.0000 512 142 0.2773
10009.2000 512 143 0.2793
10024.0000 513 143 0.2788
10044.0000 514 143 0.2782
10067.0000 515 143 0.2777
10087.0000 516 143 0.2771
10111.0000 517 143 0.2766
10117.5000 517 144 0.2785
10132.0000 518 144 0.2780
10154.0000 519 144 0.2775
10177.0000 520 144 0.2769
10186.8000 520 145 0.2788
10194.0000 521 145 0.2783
10216.0000 522 145 0.2778
10235.0000 523 145 0.2772
10253.9000 523 146 0.2792
10257.0000 524 146 0.2786
10281.0000 525 146 0.2781
10288.5000 525 147 0.2800
10300.0000 526 147 0.2795
10303.9000 526 148 0.2814
10320.0000 527 148 0.2808
10343.0000 528 148 0.2803
10366.0000 529 148 0.2798
10382.0000 530 148 0.2792
10402.0000 531 148 0.2787
10423.0000 532 148 0.2782
10441.0000 533 148 0.2777
10443.4000 533 149 0.2795
10461.0000 534 149 0.2790
10480.0000 535 149 0.2785
10497.0000 536 149 0.2780
10518.0000 537 149 0.2775
10530.5000 537 150 0.2793
10536.8000 537 151 0.2812
10537.0000 538 151 0.2807
10555.0000 539 151 0.2801
10571.0000 540 151 0.2796
10587.4000 540 152 0.2815
10591.0000 541 152 0.2810
10615.0000 542 152 0.2804
10623.3000 542 153 0.2823
10625.7000 542 154 0.2841
10637.0000 543 154 0.2836
10657.0000 544 154 0.2831
10667.6000 544 155 0.2849
10681.0000 545 155 0.2844
10693.1000 545 156 0.2862
10703.0000 546 156 0.2857
10726.0000 547 156 0.2852
10748.0000 548 156 0.2847
10768.0000 549 156 0.2842
10788.0000 550 156 0.2836
10808.0000 551 156 0.2831
10823.0000 552 156 0.2826
10842.0000 553 156 0.2821
10866.0000 554 156 0.2816
10875.3000 554 157 0.2834
10885.0000 555 157 0.2829
10907.0000 556 157 0.2824
10925.0000 557 157 0.2819
10942.0000 558 157 0.2814
10966.0000 559 157 0.2809
10983.0000 560 157 0.2804
11006.0000 561 157 0.2799
11023.0000 562 157 0.2794
11046.0000 563 157 0.2789
11068.0000 564 157 0.2784
11084.0000 565 157 0.2779
11102.0000 566 157 0.2774
11120.0000 567 157 0.2769
11120.5000 567 158 0.2787
11142.8000 567 159 0.2804
11143.0000 568 159 0.2799
11166.0000 569 159 0.2794
11182.0000 570 159 0.2789
11191.1000 570 160 0.2807
11201.0000 571 160 0.2802
11207.5000 571 161 0.2820
11218.0000 572 161 0.2815
11238.0000 573 161 0.2810
11250.4000 573 162 0.2827
11260.0000 574 162 0.2822
11280.0000 575 162 0.2817
11291.9000 575 163 0.2835
11298.0000 576 163 0.2830
11319.0000 577 163 0.2825
11340.4000 577 164 0.2842
11343.0000 578 164 0.2837
11360.7000 578 165 0.2855
11363.0000 579 165 0.2850
11381.0000 580 165 0.2845
11405.0000 581 165 0.2840
11424.0000 582 165 0.2835
11443.0000 583 165 0.2830
11467.0000 584 165 0.2825
11491.0000 585 165 0.2821
11511.0000 586 165 0.2816
11527.1000 586 166 0.2833
11529.0000 587 166 0.2828
11533.6000 587 167 0.2845
11541.7000 587 168 0.2862
11547.0000 588 168 0.2857
11566.0000 589 168 0.2852
11586.0000 590 168 0.2847
11610.0000 591 168 0.2843
11626.0000 592 168 0.2838
11640.2000 592 169 0.2855
11640.6000 592 170 0.2872
11650.0000 593 170 0.2867
11665.0000 594 170 0.2862
11669.6000 594 171 0.2879
11680.0000 595 171 0.2874
11696.0000 596 171 0.2869
11711.0000 597 171 0.2864
11731.0000 598 171 0.2860
11755.0000 599 171 0.2855
11771.0000 600 171 0.2850
11790.0000 601 171 0.2845
11794.9000 601 172 0.2862
11795.8000 601 173 0.2879
11809.0000 602 173 0.2874
11827.0000 603 173 0.2869
11851.0000 604 173 0.2864
11867.0000 605 173 0.2860
11885.0000 606 173 0.2855
11886.5000 606 174 0.2871
11907.0000 607 174 0.2867
11929.0000 608 174 0.2862
11948.0000 609 174 0.2857
11971.0000 610 174 0.2852
11989.6000 610 175 0.2869
11995.0000 611 175 0.2864
12006.7000 611 176 0.2881
12012.0000 612 176 0.2876
12033.0000 613 176 0.2871
12048.0000 614 176 0.2866
12070.0000 615 176 0.2862
12073.0000 615 177 0.2878
12088.0000 616 177 0.2873
12104.0000 617 177 0.2869
12124.0000 618 177 0.2864
12135.0000 618 178 0.2880
12141.2000 618 179 0.2896
12144.3000 618 180 0.2913
12145.0000 619 180 0.2908
12154.3000 619 181 0.2924
12165.0000 620 181 0.2919
12189.0000 621 181 0.2915
12198.1000 621 182 0.2931
12209.0000 622 182 0.2926
12218.2000 622 183 0.2942
12226.0000 623 183 0.2937
12249.0000 624 183 0.2933
12262.2000 624 184 0.2949
12263.0000 624 185 0.2965
12270.0000 625 185 0.2960
12287.0000 626 185 0.2955
12305.0000 627 185 0.2951
12312.8000 627 186 0.2967
12323.0000 628 186 0.2962
12329.4000 628 187 0.2978
12339.0000 629 187 0.2973
12358.0000 630 187 0.2968
12372.2000 630 188 0.2984
12377.0000 631 188 0.2979
12380.5000 631 189 0.2995
12399.0000 632 189 0.2991
12421.0000 633 189 0.2986
12444.0000 634 189 0.2981
12463.0000 635 189 0.2976
12473.7000 635 190 0.2992
12479.0000 636 190 0.2987
12483.1000 636 191 0.3003
12496.1000 636 192 0.3019
12497.0000 637 192 0.3014
12518.0000 638 192 0.3009
12538.0000 639 192 0.3005
12542.1000 639 193 0.3020
12556.0000 640 193 0.3016
12575.0000 641 193 0.3011
12596.0000 642 193 0.3006
12611.0000 643 193 0.3002
12615.2000 643 194 0.3017
12635.0000 644 194 0.3012
12640.5000 644 195 0.3028
12655.0000 645 195 0.3023
12672.0000 646 195 0.3019
12691.0000 647 195 0.3014
12713.0000 648 195 0.3009
12725.8000 648 196 0.3025
12737.0000 649 196 0.3020
12761.0000 650 196 0.3015
12781.0000 651 196 0.3011
12784.8000 651 197 0.3026
12798.0000 652 197 0.3021
12818.0000 653 197 0.3017
12839.0000 654 197 0.3012
12863.0000 655 197 0.3008
12884.0000 656 197 0.3003
12901.0000 657 197 0.2998
12919.0000 658 197 0.2994
12936.0000 659 197 0.2989
12936.0000 659 198 0.3005
12945.9000 659 199 0.3020
12954.0000 660 199 0.3015
12971.0000 661 199 0.3011
12986.0000 662 199 0.3006
13009.0000 663 199 0.3002
13029.0000 664 199 0.2997
13048.0000 665 199 0.2992
13069.0000 666 199 0.2988
13079.4000 666 200 0.3003
13090.0000 667 200 0.2999
13098.1000 667 201 0.3013
13112.0000 668 201 0.3009
13135.0000 669 201 0.3004
13146.6000 669 202 0.3019
13157.0000 670 202 0.3015
13175.0000 671 202 0.3010
13198.0000 672 202 0.3006
13222.0000 673 202 0.3001
13237.0000 674 202 0.2997
13261.0000 675 202 0.2993
13279.0000 676 202 0.2988
13303.0000 677 202 0.2984
13327.0000 678 202 0.2979
13344.0000 679 202 0.2975
13367.0000 680 202 0.2971
13385.0000 681 202 0.2966
13400.0000 682 202 0.2962
13422.0000 683 202 0.2958
13439.0000 684 202 0.2953
13463.0000 685 202 0.2949
13466.9000 685 203 0.2964
13485.0000 686 203 0.2959
13501.0000 687 203 0.2955
13514.3000 687 204 0.2969
13517.9000 687 205 0.2984
13522.0000 688 205 0.2980
13537.7000 688 206 0.2994
13543.0000 689 206 0.2990
13558.0000 690 206 0.2986
13578.0000 691 206 0.2981
13597.0000 692 206 0.2977
13601.2000 692 207 0.2991
13605.2000 692 208 0.3006
13612.0000 693 208 0.3001
13633.0000 694 208 0.2997
13654.0000 695 208 0.2993
13674.0000 696 208 0.2989
13689.0000 697 208 0.2984
13692.6000 697 209 0.2999
13713.0000 698 209 0.2994
13733.0000 699 209 0.2990
13749.7000 699 210 0.3004
13750.0000 700 210 0.3000
13771.0000 701 210 0.2996
13787.0000 702 210 0.2991
13808.0000 703 210 0.2987
13831.0000 704 210 0.2983
13853.0000 705 210 0.2979
13870.8000 705 211 0.2993
13874.0000 706 211 0.2989
13894.0000 707 211 0.2984
13915.0000 708 211 0.2980
13937.0000 709 211 0.2976
13939.9000 709 212 0.2990
13952.0000 710 212 0.2986
13976.0000 711 212 0.2982
13985.2000 711 213 0.2996
13994.0000 712 213 0.2992
14011.0000 713 213 0.2987
14032.0000 714 213 0.2983
14056.0000 715 213 0.2979
14071.0000 715 214 0.2993
14071.5000 715 215 0.3007
14072.1000 715 216 0.3021
14077.0000 716 216 0.3017
14092.0000 717 216 0.3013
14107.0000 718 216 0.3008
14123.0000 719 216 0.3004
14144.8000 719 217 0.3018
14147.0000 720 217 0.3014
14167.0000 721 217 0.3010
14186.0000 722 217 0.3006
14204.0000 723 217 0.3001
14225.0000 724 217 0.2997
14230.9000 724 218 0.3011
14233.8000 724 219 0.3025
14245.0000 725 219 0.3021
14249.7000 725 220 0.3034
14267.0000 726 220 0.3030
14286.0000 727 220 0.3026
14304.0000 728 220 0.3022
14323.0000 729 220 0.3018
14343.0000 730 220 0.3014
14351.2000 730 221 0.3027
14363.0000 731 221 0.3023
14385.0000 732 221 0.3019
14404.0000 733 221 0.3015
14410.2000 733 222 0.3029
14420.0000 734 222 0.3025
14441.0000 735 222 0.3020
14456.0000 736 222 0.3016
14466.4000 736 223 0.3030
14475.0000 737 223 0.3026
14499.0000 738 223 0.3022
14523.0000 739 223 0.3018
14544.0000 740 223 0.3014
14568.0000 741 223 0.3009
14570.6000 741 224 0.3023
14588.0000 742 224 0.3019
14603.0000 743 224 0.3015
14618.0000 744 224 0.3011
14630.3000 744 225 0.3024
14630.5000 744 226 0.3038
14639.0000 745 226 0.3034
14655.0000 746 226 0.3029
14676.0000 747 226 0.3025
14696.0000 748 226 0.3021
14718.0000 749 226 0.3017
14736.0000 750 226 0.3013
14746.0000 750 227 0.3027
14756.0000 751 227 0.3023
14773.0000 752 227 0.3019
14790.0000 753 227 0.3015
14809.0000 754 227 0.3011
14831.0000 755 227 0.3007
14848.0000 756 227 0.3003
14867.0000 757 227 0.2999
14889.0000 758 227 0.2995
14905.0000 759 227 0.2991
14915.3000 759 228 0.3004
14927.0000 760 228 0.3000
14942.0000 761 228 0.2996
14961.0000 762 228 0.2992
14984.0000 763 228 0.2988
14999.0000 764 228 0.2984
15021.0000 765 228 0.2980
15036.9000 765 229 0.2993
15041.0000 766 229 0.2990
15058.0000 767 229 0.2986
15074.0000 768 229 0.2982
15093.0000 769 229 0.2978
15114.0000 770 229 0.2974
15132.0000 771 229 0.2970
15149.0000 772 229 0.2966
15159.2000 772 230 0.2979
15172.0000 773 230 0.2975
15190.0000 774 230 0.2972
15212.0000 775 230 0.2968
15235.0000 776 230 0.2964
15256.0000 777 230 0.2960
15280.0000 778 230 0.2956
15297.0000 779 230 0.2953
15318.0000 780 230 0.2949
15336.0000 781 230 0.2945
15360.0000 782 230 0.2941
15381.0000 783 230 0.2937
15399.0000 784 230 0.2934
15406.3000 784 231 0.2946
15419.0000 785 231 0.2943
15439.2000 785 232 0.2955
15441.0000 786 232 0.2952
15442.1000 786 233 0.2964
15458.5000 786 234 0.2977
15465.0000 787 234 0.2973
15482.0000 788 234 0.2970
15502.9000 788 235 0.2982
15504.0000 789 235 0.2978
15526.0000 790 235 0.2975
15537.9000 790 236 0.2987
15547.0000 791 236 0.2984
15569.0000 792 236 0.2980
15591.0000 793 236 0.2976
15615.0000 794 236 0.2972
15632.0000 795 236 0.2969
15635.3000 795 237 0.2981
15651.0000 796 237 0.2977
15666.0000 797 237 0.2974
15684.0000 798 237 0.2970
15708.0000 799 237 0.2966
15724.0000 800 237 0.2963
15746.0000 801 237 0.2959
15764.0000 802 237 0.2955
15782.0000 803 237 0.2951
15782.2000 803 238 0.2964
15793.3000 803 239 0.2976
15799.0000 804 239 0.2973
15815.0000 805 239 0.2969
15838.0000 806 239 0.2965
15854.0000 807 239 0.2962
15873.0000 808 239 0.2958
15894.0000 809 239 0.2954
15909.0000 810 239 0.2951
15927.0000 811 239 0.2947
15948.0000 812 239 0.2943
15954.8000 812 240 0.2956
15967.0000 813 240 0.2952
15990.0000 814 240 0.2948
15990.1000 814 241 0.2961
15990.8000 814 242 0.2973
15996.6000 814 243 0.2985
16004.6000 814 244 0.2998
16010.0000 815 244 0.2994
16027.0000 816 244 0.2990
16042.0000 817 244 0.2987
16060.9000 817 245 0.2999
16061.0000 818 245 0.2995
16062.5000 818 246 0.3007
16080.0000 819 246 0.3004
16104.0000 820 246 0.3000
16124.0000 821 246 0.2996
16139.0000 822 246 0.2993
16155.0000 823 246 0.2989
16175.0000 824 246 0.2985
16185.4000 824 247 0.2998
16196.0000 825 247 0.2994
16212.0000 826 247 0.2990
16230.0000 827 247 0.2987
16245.0000 828 247 0.2983
16261.0000 829 247 0.2979
16281.0000 830 247 0.2976
16301.0000 831 247 0.2972
16304.0000 831 248 0.2984
16305.1000 831 249 0.2996
16322.0000 832 249 0.2993
16338.0000 833 249 0.2989
16357.0000 834 249 0.2986
16371.2000 834 250 0.2998
16380.0000 835 250 0.2994
16399.0000 836 250 0.2990
16410.7000 836 251 0.3002
16416.0000 837 251 0.2999
16433.0000 838 251 0.2995
16455.0000 839 251 0.2992
16479.0000 840 251 0.2988
16491.8000 840 252 0.3000
16503.0000 841 252 0.2996
16505.2000 841 253 0.3008
16520.1000 841 254 0.3020
16526.0000 842 254 0.3017
16547.0000 843 254 0.3013
16568.0000 844 254 0.3009
16589.0000 845 254 0.3006
16610.0000 846 254 0.3002
16613.5000 846 255 0.3014
16621.5000 846 256 0.3026
16628.0000 847 256 0.3022
16646.0000 848 256 0.3019
16662.0000 849 256 0.3015
16662.2000 849 257 0.3027
16682.0000 850 257 0.3024
16699.0000 851 257 0.3020
16721.8000 851 258 0.3032
16723.0000 852 258 0.3028
16745.0000 853 258 0.3025
16760.0000 854 258 0.3021
16783.0000 855 258 0.3018
16800.0000 856 258 0.3014
16818.0000 857 258 0.3011
16835.0000 858 258 0.3007
16849.2000 858 259 0.3019
16858.0000 859 259 0.3015
16881.0000 860 259 0.3012
16901.0000 861 259 0.3008
16917.0000 862 259 0.3005
16935.0000 863 259 0.3001
16959.0000 864 259 0.2998
16980.0000 865 259 0.2994
16997.0000 866 259 0.2991
17021.0000 867 259 0.2987
17040.0000 868 259 0.2984
17063.0000 869 259 0.2980
17082.0000 870 259 0.2977
17105.0000 871 259 0.2974
17126.0000 872 259 0.2970
17143.0000 873 259 0.2967
17162.0000 874 259 0.2963
17181.0000 875 259 0.2960
17202.0000 876 259 0.2957
17225.0000 877 259 0.2953
17238.1000 877 260 0.2965
17240.0000 878 260 0.2961
17259.0000 879 260 0.2958
17278.0000 880 260 0.2955
17278.7000 880 261 0.2966
17299.0000 881 261 0.2963
17318.0000 882 261 0.2959
17336.0000 883 261 0.2956
17353.0000 884 261 0.2952
17357.6000 884 262 0.2964
17370.0000 885 262 0.2960
17393.6000 885 263 0.2972
17394.0000 886 263 0.2968
17399.4000 886 264 0.2980
17416.0000 887 264 0.2976
17439.0000 888 264 0.2973
17454.0000 889 264 0.2970
17459.0000 889 265 0.2981
17469.2000 889 266 0.2992
17477.0000 890 266 0.2989
17497.0000 891 266 0.2985
17515.0000 892 266 0.2982
17535.0000 893 266 0.2979
17558.0000 894 266 0.2975
17574.0000 895 266 0.2972
17598.0000 896 266 0.2969
17609.0000 896 267 0.2980
17619.0000 897 267 0.2977
17639.0000 898 267 0.2973
17654.0000 899 267 0.2970
17672.0000 900 267 0.2967
17690.0000 901 267 0.2963
17710.0000 902 267 0.2960
17734.0000 903 267 0.2957
17751.0000 904 267 0.2954
17758.4000 904 268 0.2965
17774.0000 905 268 0.2961
17793.0000 906 268 0.2958
17808.0000 907 268 0.2955
17813.5000 907 269 0.2966
17825.8000 907 270 0.2977
17826.0000 908 270 0.2974
17846.0000 909 270 0.2970
17864.0000 910 270 0.2967
17884.0000 911 270 0.2964
17899.0000 912 270 0.2961
17917.0000 913 270 0.2957
17936.0000 914 270 0.2954
17958.0000 915 270 0.2951
17959.8000 915 271 0.2962
17976.0000 916 271 0.2959
18000.0000 917 271 0.2955
