# time  created  delivered  delivered/created
22.0000 1 0 0.0000
38.0000 2 0 0.0000
54.0000 3 0 0.0000
72.0000 4 0 0.0000
94.0000 5 0 0.0000
110.0000 6 0 0.0000
133.0000 7 0 0.0000
153.0000 8 0 0.0000
175.0000 9 0 0.0000
191.0000 10 0 0.0000
210.0000 11 0 0.0000
225.0000 12 0 0.0000
249.0000 13 0 0.0000
265.0000 14 0 0.0000
281.0000 15 0 0.0000
304.0000 16 0 0.0000
328.0000 17 0 0.0000
343.0000 18 0 0.0000
367.0000 19 0 0.0000
382.0000 20 0 0.0000
399.0000 21 0 0.0000
420.0000 22 0 0.0000
439.0000 23 0 0.0000
458.0000 24 0 0.0000
480.0000 25 0 0.0000
497.0000 26 0 0.0000
515.0000 27 0 0.0000
538.0000 28 0 0.0000
562.0000 29 0 0.0000
581.0000 30 0 0.0000
581.2000 30 1 0.0333
603.0000 31 1 0.0323
625.0000 32 1 0.0313
642.8000 32 2 0.0625
646.0000 33 2 0.0606
661.6000 33 3 0.0909
667.0000 34 3 0.0882
685.0000 35 3 0.0857
691.0000 35 4 0.1143
700.0000 36 4 0.1111
714.8000 36 5 0.1389
722.0000 37 5 0.1351
741.0000 38 5 0.1316
764.0000 39 5 0.1282
773.6000 39 6 0.1538
784.0000 40 6 0.1500
806.0000 41 6 0.1463
829.0000 42 6 0.1429
851.0000 43 6 0.1395
873.0000 44 6 0.1364
895.0000 45 6 0.1333
918.0000 46 6 0.1304
935.7000 46 7 0.1522
941.0000 47 7 0.1489
957.0000 48 7 0.1458
975.0000 49 7 0.1429
998.0000 50 7 0.1400
1018.0000 51 7 0.1373
1040.0000 52 7 0.1346
1056.0000 53 7 0.1321
1077.0000 54 7 0.1296
1096.0000 55 7 0.1273
1117.0000 56 7 0.1250
1137.0000 57 7 0.1228
1159.0000 58 7 0.1207
1179.0000 59 7 0.1186
1193.3000 59 8 0.1356
1201.0000 60 8 0.1333
1216.0000 61 8 0.1311
1225.2000 61 9 0.1475
1226.1000 61 10 0.1639
1232.0000 62 10 0.1613
1251.0000 63 10 0.1587
1268.0000 64 10 0.1563
1287.0000 65 10 0.1538
1308.0000 66 10 0.1515
1327.0000 67 10 0.1493
1342.0000 68 10 0.1471
1364.0000 69 10 0.1449
1381.1000 69 11 0.1594
1388.0000 70 11 0.1571
1397.1000 70 12 0.1714
1407.0000 71 12 0.1690
1422.0000 72 12 0.1667
1442.0000 73 12 0.1644
1464.0000 74 12 0.1622
1475.3000 74 13 0.1757
1478.6000 74 14 0.1892
1479.0000 75 14 0.1867
1483.1000 75 15 0.2000
1500.0000 76 15 0.1974
1518.0000 77 15 0.1948
1542.0000 78 15 0.1923
1562.0000 79 15 0.1899
1577.0000 80 15 0.1875
1595.4000 80 16 0.2000
1600.0000 81 16 0.1975
1620.0000 82 16 0.1951
1637.0000 83 16 0.1928
1652.0000 84 16 0.1905
1673.0000 85 16 0.1882
1695.0000 86 16 0.1860
1706.4000 86 17 0.1977
1713.0000 87 17 0.1954
1736.2000 87 18 0.2069
1737.0000 88 18 0.2045
1739.4000 88 19 0.2159
1739.8000 88 20 0.2273
1760.0000 89 20 0.2247
1770.8000 89 21 0.2360
1781.0000 90 21 0.2333
1804.0000 91 21 0.2308
1826.0000 92 21 0.2283
1849.0000 93 21 0.2258
1870.0000 94 21 0.2234
1880.0000 94 22 0.2340
1890.0000 95 22 0.2316
1911.0000 96 22 0.2292
1929.0000 97 22 0.2268
1948.0000 98 22 0.2245
1965.0000 99 22 0.2222
1980.0000 100 22 0.2200
1989.9000 100 23 0.2300
2002.0000 101 23 0.2277
2019.9000 101 24 0.2376
2024.0000 102 24 0.2353
2035.6000 102 25 0.2451
2041.0000 103 25 0.2427
2064.0000 104 25 0.2404
2080.0000 105 25 0.2381
2095.0000 106 25 0.2358
2119.0000 107 25 0.2336
2139.0000 108 25 0.2315
2143.7000 108 26 0.2407
2161.0000 109 26 0.2385
2178.0000 110 26 0.2364
2199.0000 111 26 0.2342
2217.0000 111 27 0.2432
2222.0000 112 27 0.2411
2240.0000 113 27 0.2389
2259.0000 114 27 0.2368
2275.0000 115 27 0.2348
2295.0000 116 27 0.2328
2314.0000 117 27 0.2308
2324.2000 117 28 0.2393
2335.0000 118 28 0.2373
2354.0000 119 28 0.2353
2373.1000 119 29 0.2437
2377.0000 120 29 0.2417
2396.0000 121 29 0.2397
2411.0000 122 29 0.2377
2412.0000 122 30 0.2459
2433.0000 123 30 0.2439
2452.0000 124 30 0.2419
2460.7000 124 31 0.2500
2464.9000 124 32 0.2581
2470.3000 124 33 0.2661
2474.0000 125 33 0.2640
2496.0000 126 33 0.2619
2511.0000 127 33 0.2598
2526.0000 128 33 0.2578
2546.0000 129 33 0.2558
2553.5000 129 34 0.2636
2556.4000 129 35 0.2713
2563.0000 130 35 0.2692
2586.0000 131 35 0.2672
2592.3000 131 36 0.2748
2601.0000 132 36 0.2727
2621.0000 133 36 0.2707
2641.0000 134 36 0.2687
2662.0000 135 36 0.2667
2678.0000 136 36 0.2647
2679.8000 136 37 0.2721
2689.6000 136 38 0.2794
2693.0000 137 38 0.2774
2716.0000 138 38 0.2754
2735.0000 139 38 0.2734
2740.4000 139 39 0.2806
2754.0000 140 39 0.2786
2771.0000 141 39 0.2766
2788.0000 142 39 0.2746
2800.0000 142 40 0.2817
2807.0000 143 40 0.2797
2823.6000 143 41 0.2867
2831.0000 144 41 0.2847
2853.0000 145 41 0.2828
2868.0000 146 41 0.2808
2891.0000 147 41 0.2789
2911.0000 148 41 0.2770
2926.0000 149 41 0.2752
2942.0000 150 41 0.2733
2947.3000 150 42 0.2800
2954.4000 150 43 0.2867
2955.6000 150 44 0.2933
2962.0000 151 44 0.2914
2979.0000 152 44 0.2895
3003.0000 153 44 0.2876
3004.4000 153 45 0.2941
3023.1000 153 46 0.3007
3024.0000 154 46 0.2987
3040.0000 155 46 0.2968
3064.0000 156 46 0.2949
3065.8000 156 47 0.3013
3084.5000 156 48 0.3077
3086.0000 157 48 0.3057
3110.0000 158 48 0.3038
3118.8000 158 49 0.3101
3129.0000 159 49 0.3082
3129.3000 159 50 0.3145
3147.0000 160 50 0.3125
3166.0000 161 50 0.3106
3190.0000 162 50 0.3086
3210.0000 163 50 0.3067
3225.0000 164 50 0.3049
3243.0000 165 50 0.3030
3260.0000 166 50 0.3012
3261.2000 166 51 0.3072
3271.8000 166 52 0.3133
3273.6000 166 53 0.3193
3283.0000 167 53 0.3174
3289.8000 167 54 0.3234
3305.0000 168 54 0.3214
3321.0000 169 54 0.3195
3329.5000 169 55 0.3254
3344.0000 170 55 0.3235
3363.2000 170 56 0.3294
3365.0000 171 56 0.3275
3385.0000 172 56 0.3256
3408.0000 173 56 0.3237
3420.8000 173 57 0.3295
3423.8000 173 58 0.3353
3426.2000 173 59 0.3410
3428.0000 174 59 0.3391
3444.7000 174 60 0.3448
3447.8000 174 61 0.3506
3449.0000 175 61 0.3486
3472.0000 176 61 0.3466
3488.0000 177 61 0.3446
3505.5000 177 62 0.3503
3510.8000 177 63 0.3559
3511.0000 178 63 0.3539
3530.6000 178 64 0.3596
3535.0000 179 64 0.3575
3550.1000 179 65 0.3631
3552.0000 180 65 0.3611
3570.0000 181 65 0.3591
3570.8000 181 66 0.3646
3575.8000 181 67 0.3702
3589.0000 182 67 0.3681
3604.0000 183 67 0.3661
3619.0000 184 67 0.3641
3638.0000 185 67 0.3622
3653.0000 186 67 0.3602
3669.0000 187 67 0.3583
3689.0000 188 67 0.3564
3712.0000 189 67 0.3545
3730.0000 190 67 0.3526
3754.0000 191 67 0.3508
3771.0000 192 67 0.3490
3787.0000 193 67 0.3472
3809.0000 194 67 0.3454
3822.2000 194 68 0.3505
3831.8000 194 69 0.3557
3832.0000 195 69 0.3538
3848.6000 195 70 0.3590
3854.0000 196 70 0.3571
3873.0000 197 70 0.3553
3895.0000 198 70 0.3535
3919.0000 199 70 0.3518
3927.7000 199 71 0.3568
3938.0000 200 71 0.3550
3944.4000 200 72 0.3600
3951.0000 200 73 0.3650
3953.0000 200 74 0.3700
3955.0000 201 74 0.3682
3975.0000 202 74 0.3663
3985.7000 202 75 0.3713
3996.0000 203 75 0.3695
4012.0000 204 75 0.3676
4031.0000 205 75 0.3659
4052.0000 206 75 0.3641
4054.9000 206 76 0.3689
4059.3000 206 77 0.3738
4060.6000 206 78 0.3786
4070.0000 207 78 0.3768
4094.0000 208 78 0.3750
4115.0000 209 78 0.3732
4134.0000 210 78 0.3714
4153.0000 211 78 0.3697
4171.0000 212 78 0.3679
4194.0000 213 78 0.3662
4206.4000 213 79 0.3709
4214.0000 214 79 0.3692
4221.9000 214 80 0.3738
4232.3000 214 81 0.3785
4232.7000 214 82 0.3832
4235.0000 215 82 0.3814
4245.6000 215 83 0.3860
4251.0000 216 83 0.3843
4256.7000 216 84 0.3889
4268.6000 216 85 0.3935
4272.0000 217 85 0.3917
4287.3000 217 86 0.3963
4290.0000 218 86 0.3945
4297.6000 218 87 0.3991
4314.0000 219 87 0.3973
4325.0000 219 88 0.4018
4338.0000 220 88 0.4000
4360.0000 221 88 0.3982
4381.0000 222 88 0.3964
4400.0000 223 88 0.3946
4419.0000 224 88 0.3929
4419.1000 224 89 0.3973
4434.0000 225 89 0.3956
4435.5000 225 90 0.4000
4451.0000 225 91 0.4044
4452.4000 225 92 0.4089
4454.5000 225 93 0.4133
4458.0000 226 93 0.4115
4463.0000 226 94 0.4159
4475.9000 226 95 0.4204
4476.0000 227 95 0.4185
4497.0000 228 95 0.4167
4505.4000 228 96 0.4211
4515.0000 229 96 0.4192
4537.0000 230 96 0.4174
4556.0000 231 96 0.4156
4562.1000 231 97 0.4199
4580.0000 232 97 0.4181
4597.0000 233 97 0.4163
4610.6000 233 98 0.4206
4614.0000 234 98 0.4188
4634.0000 235 98 0.4170
4655.0000 236 98 0.4153
4665.1000 236 99 0.4195
4668.8000 236 100 0.4237
4672.0000 237 100 0.4219
4689.0000 238 100 0.4202
4699.4000 238 101 0.4244
4706.0000 239 101 0.4226
4729.0000 240 101 0.4208
4742.5000 240 102 0.4250
4745.0000 240 103 0.4292
4747.0000 241 103 0.4274
4747.5000 241 104 0.4315
4750.7000 241 105 0.4357
4762.0000 242 105 0.4339
4764.8000 242 106 0.4380
4783.0000 243 106 0.4362
4795.2000 243 107 0.4403
4807.0000 244 107 0.4385
4824.0000 245 107 0.4367
4848.0000 246 107 0.4350
4867.0000 247 107 0.4332
4886.0000 248 107 0.4315
4895.7000 248 108 0.4355
4909.0000 249 108 0.4337
4914.5000 249 109 0.4378
4928.0000 250 109 0.4360
4951.0000 251 109 0.4343
4966.0000 252 109 0.4325
4986.0000 253 109 0.4308
4995.1000 253 110 0.4348
5010.0000 254 110 0.4331
5033.0000 255 110 0.4314
5048.0000 256 110 0.4297
5072.0000 257 110 0.4280
5089.0000 258 110 0.4264
5112.0000 259 110 0.4247
5131.0000 260 110 0.4231
5151.0000 261 110 0.4215
5170.2000 261 111 0.4253
5171.0000 261 112 0.4291
5175.0000 262 112 0.4275
5194.0000 263 112 0.4259
5215.0000 264 112 0.4242
5237.0000 265 112 0.4226
5254.0000 266 112 0.4211
5269.0000 267 112 0.4195
5291.0000 268 112 0.4179
5307.0000 269 112 0.4164
5324.0000 270 112 0.4148
5339.0000 271 112 0.4133
5355.3000 271 113 0.4170
5356.0000 272 113 0.4154
5371.0000 273 113 0.4139
5387.0000 274 113 0.4124
5395.6000 274 114 0.4161
5410.0000 275 114 0.4145
5410.3000 275 115 0.4182
5426.0000 276 115 0.4167
5430.3000 276 116 0.4203
5447.0000 277 116 0.4188
5470.0000 278 116 0.4173
5490.0000 279 116 0.4158
5507.0000 280 116 0.4143
5517.0000 280 117 0.4179
5528.0000 281 117 0.4164
5542.9000 281 118 0.4199
5546.0000 282 118 0.4184
5564.0000 283 118 0.4170
5584.0000 284 118 0.4155
5590.2000 284 119 0.4190
5592.1000 284 120 0.4225
5607.0000 285 120 0.4211
5625.0000 286 120 0.4196
5643.0000 287 120 0.4181
5665.0000 288 120 0.4167
5685.0000 289 120 0.4152
5686.2000 289 121 0.4187
5699.0000 289 122 0.4221
5704.0000 290 122 0.4207
5724.0000 291 122 0.4192
5744.0000 291 123 0.4227
5745.0000 292 123 0.4212
5745.2000 292 124 0.4247
5747.9000 292 125 0.4281
5760.0000 293 125 0.4266
5770.4000 293 126 0.4300
5771.8000 293 127 0.4334
5778.7000 293 128 0.4369
5784.0000 294 128 0.4354
5805.0000 295 128 0.4339
5807.1000 295 129 0.4373
5822.0000 296 129 0.4358
5841.0000 297 129 0.4343
5855.7000 297 130 0.4377
5859.0000 298 130 0.4362
5860.0000 298 131 0.4396
5874.0000 299 131 0.4381
5893.0000 300 131 0.4367
5914.0000 301 131 0.4352
5914.2000 301 132 0.4385
5932.0000 302 132 0.4371
5953.0000 303 132 0.4356
5969.7000 303 133 0.4389
5971.0000 304 133 0.4375
5986.0000 305 133 0.4361
5996.8000 305 134 0.4393
6003.8000 305 135 0.4426
6008.0000 306 135 0.4412
6010.3000 306 136 0.4444
6024.0000 307 136 0.4430
6029.0000 307 137 0.4463
6041.0000 308 137 0.4448
6063.0000 309 137 0.4434
6068.1000 309 138 0.4466
6074.6000 309 139 0.4498
6087.0000 310 139 0.4484
6105.0000 311 139 0.4469
6124.0000 312 139 0.4455
6129.8000 312 140 0.4487
6132.6000 312 141 0.4519
6145.0000 313 141 0.4505
6166.0000 314 141 0.4490
6177.5000 314 142 0.4522
6182.0000 315 142 0.4508
6201.0000 316 142 0.4494
6211.5000 316 143 0.4525
6216.0000 317 143 0.4511
6231.0000 318 143 0.4497
6237.4000 318 144 0.4528
6245.2000 318 145 0.4560
6248.0000 319 145 0.4545
6261.7000 319 146 0.4577
6267.0000 320 146 0.4563
6289.0000 321 146 0.4548
6289.3000 321 147 0.4579
6308.0000 322 147 0.4565
6332.0000 323 147 0.4551
6355.0000 324 147 0.4537
6372.0000 325 147 0.4523
6390.2000 325 148 0.4554
6391.9000 325 149 0.4585
6393.0000 326 149 0.4571
6417.0000 327 149 0.4557
6424.2000 327 150 0.4587
6425.4000 327 151 0.4618
6431.8000 327 152 0.4648
6441.0000 328 152 0.4634
6460.0000 328 153 0.4665
6464.7000 328 154 0.4695
6465.0000 329 154 0.4681
6467.3000 329 155 0.4711
6486.0000 330 155 0.4697
6502.0000 331 155 0.4683
6518.0000 332 155 0.4669
6536.0000 333 155 0.4655
6548.1000 333 156 0.4685
6553.5000 333 157 0.4715
6554.1000 333 158 0.4745
6555.0000 334 158 0.4731
6572.0000 335 158 0.4716
6591.0000 336 158 0.4702
6607.4000 336 159 0.4732
6608.0000 337 159 0.4718
6631.0000 338 159 0.4704
6646.0000 339 159 0.4690
6665.0000 340 159 0.4676
6684.0000 341 159 0.4663
6696.4000 341 160 0.4692
6708.0000 342 160 0.4678
6725.0000 343 160 0.4665
6733.4000 343 161 0.4694
6745.0000 344 161 0.4680
6752.4000 344 162 0.4709
6760.0000 345 162 0.4696
6771.6000 345 163 0.4725
6773.1000 345 164 0.4754
6777.8000 345 165 0.4783
6781.0000 346 165 0.4769
6793.4000 346 166 0.4798
6800.0000 347 166 0.4784
6816.0000 348 166 0.4770
6839.0000 349 166 0.4756
6854.0000 350 166 0.4743
6874.0000 351 166 0.4729
6889.0000 352 166 0.4716
6893.6000 352 167 0.4744
6900.1000 352 168 0.4773
6909.0000 353 168 0.4759
6917.2000 353 169 0.4788
6919.8000 353 170 0.4816
6930.0000 354 170 0.4802
6950.0000 354 171 0.4831
6951.0000 355 171 0.4817
6971.0000 356 171 0.4803
6995.0000 357 171 0.4790
7010.0000 358 171 0.4777
7016.2000 358 172 0.4804
7029.0000 359 172 0.4791
7043.1000 359 173 0.4819
7048.0000 360 173 0.4806
7061.9000 360 174 0.4833
7071.0000 361 174 0.4820
7093.0000 362 174 0.4807
7093.3000 362 175 0.4834
7108.0000 363 175 0.4821
7111.5000 363 176 0.4848
7130.0000 364 176 0.4835
7147.0000 365 176 0.4822
7163.0000 366 176 0.4809
7176.4000 366 177 0.4836
7180.0000 367 177 0.4823
7189.3000 367 178 0.4850
7197.0000 368 178 0.4837
7205.6000 368 179 0.4864
7221.0000 369 179 0.4851
7240.0000 370 179 0.4838
7255.0000 371 179 0.4825
7272.0000 372 179 0.4812
7296.0000 373 179 0.4799
7304.4000 373 180 0.4826
7314.6000 373 181 0.4853
7319.0000 374 181 0.4840
7333.2000 374 182 0.4866
7335.0000 375 182 0.4853
7352.1000 375 183 0.4880
7358.0000 376 183 0.4867
7378.0000 377 183 0.4854
7394.0000 378 183 0.4841
7406.7000 378 184 0.4868
7411.0000 379 184 0.4855
7435.0000 380 184 0.4842
7436.5000 380 185 0.4868
7459.0000 381 185 0.4856
7480.0000 382 185 0.4843
7493.2000 382 186 0.4869
7498.0000 383 186 0.4856
7514.0000 384 186 0.4844
7532.9000 384 187 0.4870
7536.0000 385 187 0.4857
7550.6000 385 188 0.4883
7559.0000 386 188 0.4870
7574.0000 387 188 0.4858
7593.0000 387 189 0.4884
7595.0000 388 189 0.4871
7596.8000 388 190 0.4897
7600.5000 388 191 0.4923
7613.0000 389 191 0.4910
7621.5000 389 192 0.4936
7632.0000 390 192 0.4923
7648.2000 390 193 0.4949
7650.6000 390 194 0.4974
7653.8000 390 195 0.5000
7656.0000 391 195 0.4987
7673.0000 392 195 0.4974
7696.0000 393 195 0.4962
7710.0000 393 196 0.4987
7713.0000 394 196 0.4975
7723.9000 394 197 0.5000
7730.0000 395 197 0.4987
7745.0000 396 197 0.4975
7762.0000 397 197 0.4962
7784.0000 398 197 0.4950
7804.0000 399 197 0.4937
7809.4000 399 198 0.4962
7819.3000 399 199 0.4987
7822.0000 400 199 0.4975
7831.2000 400 200 0.5000
7840.0000 401 200 0.4988
7858.0000 402 200 0.4975
7874.0000 403 200 0.4963
7883.6000 403 201 0.4988
7891.0000 403 202 0.5012
7891.9000 403 203 0.5037
7895.0000 404 203 0.5025
7914.0000 405 203 0.5012
7931.0000 406 203 0.5000
7948.0000 407 203 0.4988
7960.8000 407 204 0.5012
7972.0000 408 204 0.5000
7987.0000 409 204 0.4988
7992.4000 409 205 0.5012
8002.0000 410 205 0.5000
8018.9000 410 206 0.5024
8024.0000 411 206 0.5012
8040.0000 412 206 0.5000
8041.7000 412 207 0.5024
8059.0000 413 207 0.5012
8059.2000 413 208 0.5036
8082.0000 414 208 0.5024
8099.0000 415 208 0.5012
8116.0000 416 208 0.5000
8123.5000 416 209 0.5024
8137.0000 417 209 0.5012
8144.6000 417 210 0.5036
8158.0000 418 210 0.5024
8171.9000 418 211 0.5048
8173.0000 419 211 0.5036
8190.0000 420 211 0.5024
8205.0000 421 211 0.5012
8205.7000 421 212 0.5036
8227.0000 422 212 0.5024
8235.0000 422 213 0.5047
8237.1000 422 214 0.5071
8251.0000 423 214 0.5059
8269.7000 423 215 0.5083
8270.0000 423 216 0.5106
8271.1000 423 217 0.5130
8274.5000 423 218 0.5154
8275.0000 424 218 0.5142
8297.0000 425 218 0.5129
8317.0000 426 218 0.5117
8336.0000 427 218 0.5105
8359.0000 428 218 0.5093
8375.0000 429 218 0.5082
8396.0000 430 218 0.5070
8407.3000 430 219 0.5093
8414.0000 431 219 0.5081
8437.0000 432 219 0.5069
8444.8000 432 220 0.5093
8453.0000 433 220 0.5081
8468.0000 434 220 0.5069
8492.0000 435 220 0.5057
8510.0000 436 220 0.5046
8525.0000 437 220 0.5034
8530.9000 437 221 0.5057
8544.0000 438 221 0.5046
8566.0000 439 221 0.5034
8578.2000 439 222 0.5057
8586.0000 440 222 0.5045
8609.0000 441 222 0.5034
8610.7000 441 223 0.5057
8625.0000 442 223 0.5045
8641.0000 442 224 0.5068
8641.6000 442 225 0.5090
8644.0000 443 225 0.5079
8651.0000 443 226 0.5102
8663.0000 444 226 0.5090
8681.0000 445 226 0.5079
8697.0000 446 226 0.5067
8705.9000 446 227 0.5090
8712.7000 446 228 0.5112
8719.0000 447 228 0.5101
8725.4000 447 229 0.5123
8730.3000 447 230 0.5145
8743.0000 448 230 0.5134
8767.0000 449 230 0.5122
8784.0000 450 230 0.5111
8790.7000 450 231 0.5133
8791.6000 450 232 0.5156
8800.0000 451 232 0.5144
8807.3000 451 233 0.5166
8823.0000 452 233 0.5155
8839.0000 453 233 0.5143
8854.0000 454 233 0.5132
8862.7000 454 234 0.5154
8869.0000 455 234 0.5143
8875.4000 455 235 0.5165
8888.6000 455 236 0.5187
8892.0000 456 236 0.5175
8911.0000 457 236 0.5164
8929.0000 458 236 0.5153
8944.0000 459 236 0.5142
8955.3000 459 237 0.5163
8961.0000 460 237 0.5152
8979.0000 461 237 0.5141
8997.0000 462 237 0.5130
9006.3000 462 238 0.5152
9011.3000 462 239 0.5173
9013.0000 463 239 0.5162
9026.4000 463 240 0.5184
9035.0000 464 240 0.5172
9058.0000 465 240 0.5161
9065.9000 465 241 0.5183
9073.0000 466 241 0.5172
9093.5000 466 242 0.5193
9095.0000 467 242 0.5182
9098.0000 467 243 0.5203
9119.0000 468 243 0.5192
9143.0000 469 243 0.5181
9151.6000 469 244 0.5203
9162.0000 470 244 0.5191
9167.1000 470 245 0.5213
9186.0000 471 245 0.5202
9196.5000 471 246 0.5223
9209.0000 472 246 0.5212
9209.2000 472 247 0.5233
9224.0000 473 247 0.5222
9225.7000 473 248 0.5243
9245.0000 474 248 0.5232
9264.0000 475 248 0.5221
9280.0000 475 249 0.5242
9288.0000 476 249 0.5231
9306.5000 476 250 0.5252
9310.0000 477 250 0.5241
9315.6000 477 251 0.5262
9326.0000 478 251 0.5251
9338.9000 478 252 0.5272
9341.0000 479 252 0.5261
9365.0000 480 252 0.5250
9387.0000 481 252 0.5239
9395.3000 481 253 0.5260
9403.0000 482 253 0.5249
9424.3000 482 254 0.5270
9426.0000 483 254 0.5259
9444.0000 484 254 0.5248
9468.0000 485 254 0.5237
9485.0000 486 254 0.5226
9502.7000 486 255 0.5247
9503.0000 487 255 0.5236
9527.0000 488 255 0.5225
9550.0000 489 255 0.5215
9550.4000 489 256 0.5235
9557.3000 489 257 0.5256
9566.1000 489 258 0.5276
9573.0000 490 258 0.5265
9591.0000 491 258 0.5255
9614.0000 492 258 0.5244
9632.0000 493 258 0.5233
9653.0000 494 258 0.5223
9669.5000 494 259 0.5243
9676.0000 495 259 0.5232
9693.0000 496 259 0.5222
9695.2000 496 260 0.5242
9715.0000 497 260 0.5231
9736.0000 498 260 0.5221
9750.0000 498 261 0.5241
9752.0000 499 261 0.5230
9755.7000 499 262 0.5251
9776.0000 500 262 0.5240
9796.7000 500 263 0.5260
9799.0000 501 263 0.5250
9821.0000 502 263 0.5239
9837.0000 503 263 0.5229
9837.6000 503 264 0.5249
9848.0000 503 265 0.5268
9861.0000 504 265 0.5258
9879.0000 505 265 0.5248
9885.1000 505 266 0.5267
9894.0000 506 266 0.5257
9903.7000 506 267 0.5277
9906.3000 506 268 0.5296
9909.0000 507 268 0.5286
9927.0000 508 268 0.5276
9946.0000 509 268 0.5265
9969.0000 510 268 0.5255
9988.0000 511 268 0.5245
10004.1000 511 269 0.5264
10007.0000 512 269 0.5254
10024.0000 513 269 0.5244
10026.8000 513 270 0.5263
10027.2000 513 271 0.5283
10043.8000 513 272 0.5302
10044.0000 514 272 0.5292
10050.2000 514 273 0.5311
10067.0000 515 273 0.5301
10087.0000 516 273 0.5291
10108.0000 516 274 0.5310
10109.9000 516 275 0.5329
10111.0000 517 275 0.5319
10123.9000 517 276 0.5338
10132.0000 518 276 0.5328
10154.0000 519 276 0.5318
10155.1000 519 277 0.5337
10177.0000 520 277 0.5327
10194.0000 521 277 0.5317
10216.0000 522 277 0.5307
10235.0000 523 277 0.5296
10257.0000 524 277 0.5286
10281.0000 525 277 0.5276
10300.0000 526 277 0.5266
10305.3000 526 278 0.5285
10315.5000 526 279 0.5304
10320.0000 527 279 0.5294
10334.5000 527 280 0.5313
10343.0000 528 280 0.5303
10366.0000 529 280 0.5293
10374.1000 529 281 0.5312
10382.0000 530 281 0.5302
10402.0000 531 281 0.5292
10404.7000 531 282 0.5311
10423.0000 532 282 0.5301
10440.2000 532 283 0.5320
10441.0000 533 283 0.5310
10461.0000 534 283 0.5300
10480.0000 535 283 0.5290
10496.9000 535 284 0.5308
10497.0000 536 284 0.5299
10518.0000 537 284 0.5289
10526.2000 537 285 0.5307
10530.5000 537 286 0.5326
10536.0000 537 287 0.5345
10537.0000 538 287 0.5335
10538.4000 538 288 0.5353
10552.3000 538 289 0.5372
10555.0000 539 289 0.5362
10571.0000 540 289 0.5352
10591.0000 541 289 0.5342
10615.0000 542 289 0.5332
10637.0000 543 289 0.5322
10641.2000 543 290 0.5341
10644.4000 543 291 0.5359
10645.7000 543 292 0.5378
10657.0000 544 292 0.5368
10665.1000 544 293 0.5386
10681.0000 545 293 0.5376
10691.9000 545 294 0.5394
10703.0000 546 294 0.5385
10726.0000 547 294 0.5375
10748.0000 548 294 0.5365
10768.0000 549 294 0.5355
10781.7000 549 295 0.5373
10788.0000 550 295 0.5364
10788.0000 550 296 0.5382
10808.0000 551 296 0.5372
10823.0000 552 296 0.5362
10823.6000 552 297 0.5380
10842.0000 553 297 0.5371
10866.0000 554 297 0.5361
10876.9000 554 298 0.5379
10885.0000 555 298 0.5369
10887.3000 555 299 0.5387
10907.0000 556 299 0.5378
10915.1000 556 300 0.5396
10925.0000 557 300 0.5386
10942.0000 558 300 0.5376
10966.0000 559 300 0.5367
10983.0000 560 300 0.5357
11006.0000 561 300 0.5348
11019.4000 561 301 0.5365
11021.3000 561 302 0.5383
11023.0000 562 302 0.5374
11041.0000 562 303 0.5391
11041.7000 562 304 0.5409
11046.0000 563 304 0.5400
11058.8000 563 305 0.5417
11068.0000 564 305 0.5408
11084.0000 565 305 0.5398
11089.0000 565 306 0.5416
11102.0000 566 306 0.5406
11120.0000 567 306 0.5397
11121.4000 567 307 0.5414
11143.0000 568 307 0.5405
11166.0000 569 307 0.5395
11173.0000 569 308 0.5413
11181.4000 569 309 0.5431
11182.0000 570 309 0.5421
11182.9000 570 310 0.5439
11200.5000 570 311 0.5456
11201.0000 571 311 0.5447
11205.6000 571 312 0.5464
11210.6000 571 313 0.5482
11216.8000 571 314 0.5499
11218.0000 572 314 0.5490
11220.6000 572 315 0.5507
11238.0000 573 315 0.5497
11250.8000 573 316 0.5515
11253.8000 573 317 0.5532
11254.8000 573 318 0.5550
11260.0000 574 318 0.5540
11280.0000 575 318 0.5530
11290.4000 575 319 0.5548
11291.4000 575 320 0.5565
11298.0000 576 320 0.5556
11306.9000 576 321 0.5573
11308.0000 576 322 0.5590
11319.0000 577 322 0.5581
11343.0000 578 322 0.5571
11363.0000 579 322 0.5561
11381.0000 580 322 0.5552
11394.7000 580 323 0.5569
11405.0000 581 323 0.5559
11405.0000 581 324 0.5577
11424.0000 582 324 0.5567
11432.5000 582 325 0.5584
11441.2000 582 326 0.5601
11443.0000 583 326 0.5592
11450.2000 583 327 0.5609
11459.6000 583 328 0.5626
11467.0000 584 328 0.5616
11491.0000 585 328 0.5607
11504.5000 585 329 0.5624
11511.0000 586 329 0.5614
11514.3000 586 330 0.5631
11529.0000 587 330 0.5622
11534.0000 587 331 0.5639
11540.0000 587 332 0.5656
11547.0000 588 332 0.5646
11566.0000 589 332 0.5637
11586.0000 590 332 0.5627
11610.0000 591 332 0.5618
11626.0000 592 332 0.5608
11641.7000 592 333 0.5625
11642.7000 592 334 0.5642
11643.6000 592 335 0.5659
11650.0000 593 335 0.5649
11665.0000 594 335 0.5640
11680.0000 595 335 0.5630
11696.0000 596 335 0.5621
11711.0000 597 335 0.5611
11731.0000 598 335 0.5602
11755.0000 599 335 0.5593
11771.0000 600 335 0.5583
11790.0000 601 335 0.5574
11805.5000 601 336 0.5591
11809.0000 602 336 0.5581
11809.4000 602 337 0.5598
11812.4000 602 338 0.5615
11827.0000 603 338 0.5605
11851.0000 604 338 0.5596
11867.0000 605 338 0.5587
11872.0000 605 339 0.5603
11885.0000 606 339 0.5594
11888.7000 606 340 0.5611
11907.0000 607 340 0.5601
11929.0000 608 340 0.5592
11940.3000 608 341 0.5609
11948.0000 609 341 0.5599
11953.7000 609 342 0.5616
11959.7000 609 343 0.5632
11971.0000 610 343 0.5623
11990.1000 610 344 0.5639
11995.0000 611 344 0.5630
12005.8000 611 345 0.5646
12012.0000 612 345 0.5637
12033.0000 613 345 0.5628
12048.0000 614 345 0.5619
12070.0000 615 345 0.5610
12070.6000 615 346 0.5626
12073.0000 615 347 0.5642
12075.7000 615 348 0.5659
12077.1000 615 349 0.5675
12088.0000 616 349 0.5666
12104.0000 617 349 0.5656
12124.0000 618 349 0.5647
12144.3000 618 350 0.5663
12145.0000 619 350 0.5654
12152.3000 619 351 0.5670
12153.5000 619 352 0.5687
12165.0000 620 352 0.5677
12189.0000 621 352 0.5668
12209.0000 622 352 0.5659
12210.0000 622 353 0.5675
12218.2000 622 354 0.5691
12220.5000 622 355 0.5707
12226.0000 623 355 0.5698
12249.0000 624 355 0.5689
12261.4000 624 356 0.5705
12270.0000 625 356 0.5696
12287.0000 626 356 0.5687
12301.1000 626 357 0.5703
12304.8000 626 358 0.5719
12305.0000 627 358 0.5710
12313.4000 627 359 0.5726
12315.6000 627 360 0.5742
12323.0000 628 360 0.5732
12329.7000 628 361 0.5748
12330.1000 628 362 0.5764
12332.7000 628 363 0.5780
12335.4000 628 364 0.5796
12339.0000 629 364 0.5787
12343.6000 629 365 0.5803
12358.0000 630 365 0.5794
12377.0000 631 365 0.5784
12399.0000 632 365 0.5775
12416.9000 632 366 0.5791
12421.0000 633 366 0.5782
12435.4000 633 367 0.5798
12441.2000 633 368 0.5814
12444.0000 634 368 0.5804
12444.7000 634 369 0.5820
12463.0000 635 369 0.5811
12479.0000 636 369 0.5802
12497.0000 637 369 0.5793
12513.4000 637 370 0.5808
12518.0000 638 370 0.5799
12533.8000 638 371 0.5815
12538.0000 639 371 0.5806
12539.5000 639 372 0.5822
12556.0000 640 372 0.5813
12575.0000 641 372 0.5803
12596.0000 642 372 0.5794
12598.2000 642 373 0.5810
12611.0000 643 373 0.5801
12635.0000 644 373 0.5792
12640.5000 644 374 0.5807
12648.9000 644 375 0.5823
12651.6000 644 376 0.5839
12655.0000 645 376 0.5829
12670.3000 645 377 0.5845
12672.0000 646 377 0.5836
12689.5000 646 378 0.5851
12691.0000 647 378 0.5842
12706.5000 647 379 0.5858
12713.0000 648 379 0.5849
12725.8000 648 380 0.5864
12727.4000 648 381 0.5880
12737.0000 649 381 0.5871
12748.2000 649 382 0.5886
12761.0000 650 382 0.5877
12781.0000 651 382 0.5868
12784.8000 651 383 0.5883
12798.0000 652 383 0.5874
12818.0000 653 383 0.5865
12830.3000 653 384 0.5881
12836.3000 653 385 0.5896
12839.0000 654 385 0.5887
12850.0000 654 386 0.5902
12855.5000 654 387 0.5917
12863.0000 655 387 0.5908
12866.0000 655 388 0.5924
12868.0000 655 389 0.5939
12884.0000 656 389 0.5930
12901.0000 657 389 0.5921
12919.0000 658 389 0.5912
12935.3000 658 390 0.5927
12936.0000 659 390 0.5918
12954.0000 660 390 0.5909
12971.0000 661 390 0.5900
12986.0000 662 390 0.5891
13009.0000 663 390 0.5882
13021.9000 663 391 0.5897
13029.0000 664 391 0.5889
13041.1000 664 392 0.5904
13047.0000 664 393 0.5919
13048.0000 665 393 0.5910
13069.0000 666 393 0.5901
13080.5000 666 394 0.5916
13081.1000 666 395 0.5931
13090.0000 667 395 0.5922
13112.0000 668 395 0.5913
13132.3000 668 396 0.5928
13135.0000 669 396 0.5919
13137.7000 669 397 0.5934
13146.6000 669 398 0.5949
13157.0000 670 398 0.5940
13175.0000 671 398 0.5931
13182.3000 671 399 0.5946
13198.0000 672 399 0.5938
13222.0000 673 399 0.5929
13237.0000 674 399 0.5920
13261.0000 675 399 0.5911
13262.9000 675 400 0.5926
13279.0000 676 400 0.5917
13303.0000 677 400 0.5908
13309.8000 677 401 0.5923
13327.0000 678 401 0.5914
13344.0000 679 401 0.5906
13360.6000 679 402 0.5920
13367.0000 680 402 0.5912
13385.0000 681 402 0.5903
13400.0000 682 402 0.5894
13422.0000 683 402 0.5886
13439.0000 684 402 0.5877
13463.0000 685 402 0.5869
13484.7000 685 403 0.5883
13485.0000 686 403 0.5875
13501.0000 687 403 0.5866
13512.8000 687 404 0.5881
13522.0000 688 404 0.5872
13530.5000 688 405 0.5887
13543.0000 689 405 0.5878
13558.0000 690 405 0.5870
13578.0000 691 405 0.5861
13581.9000 691 406 0.5876
13597.0000 692 406 0.5867
13601.2000 692 407 0.5882
13606.1000 692 408 0.5896
13606.8000 692 409 0.5910
13612.0000 693 409 0.5902
13622.2000 693 410 0.5916
13622.7000 693 411 0.5931
13633.0000 694 411 0.5922
13654.0000 695 411 0.5914
13674.0000 696 411 0.5905
13679.2000 696 412 0.5920
13689.0000 697 412 0.5911
13705.5000 697 413 0.5925
13713.0000 698 413 0.5917
13733.0000 699 413 0.5908
13750.0000 700 413 0.5900
13771.0000 701 413 0.5892
13787.0000 702 413 0.5883
13795.1000 702 414 0.5897
13808.0000 703 414 0.5889
13808.7000 703 415 0.5903
13831.0000 704 415 0.5895
13836.3000 704 416 0.5909
13853.0000 705 416 0.5901
13874.0000 706 416 0.5892
13876.3000 706 417 0.5907
13894.0000 707 417 0.5898
13915.0000 708 417 0.5890
13929.2000 708 418 0.5904
13932.5000 708 419 0.5918
13937.0000 709 419 0.5910
13952.0000 710 419 0.5901
13955.3000 710 420 0.5915
13955.8000 710 421 0.5930
13976.0000 711 421 0.5921
13994.0000 712 421 0.5913
14011.0000 713 421 0.5905
14032.0000 714 421 0.5896
14037.1000 714 422 0.5910
14056.0000 715 422 0.5902
14069.2000 715 423 0.5916
14077.0000 716 423 0.5908
14086.0000 716 424 0.5922
14092.0000 717 424 0.5914
14101.6000 717 425 0.5927
14107.0000 718 425 0.5919
14108.3000 718 426 0.5933
14123.0000 719 426 0.5925
14147.0000 720 426 0.5917
14157.5000 720 427 0.5931
14167.0000 721 427 0.5922
14186.0000 722 427 0.5914
14204.0000 723 427 0.5906
14208.3000 723 428 0.5920
14220.7000 723 429 0.5934
14225.0000 724 429 0.5925
14245.0000 725 429 0.5917
14267.0000 726 429 0.5909
14283.7000 726 430 0.5923
14286.0000 727 430 0.5915
14304.0000 728 430 0.5907
14313.7000 728 431 0.5920
14314.6000 728 432 0.5934
14323.0000 729 432 0.5926
14343.0000 730 432 0.5918
14363.0000 731 432 0.5910
14385.0000 732 432 0.5902
14404.0000 733 432 0.5894
14417.5000 733 433 0.5907
14420.0000 734 433 0.5899
14441.0000 735 433 0.5891
14456.0000 736 433 0.5883
14466.4000 736 434 0.5897
14475.0000 737 434 0.5889
14475.8000 737 435 0.5902
14499.0000 738 435 0.5894
14504.4000 738 436 0.5908
14507.7000 738 437 0.5921
14520.6000 738 438 0.5935
14523.0000 739 438 0.5927
14544.0000 740 438 0.5919
14568.0000 741 438 0.5911
14569.8000 741 439 0.5924
14588.0000 742 439 0.5916
14603.0000 743 439 0.5908
14618.0000 744 439 0.5901
14630.3000 744 440 0.5914
14638.0000 744 441 0.5927
14639.0000 745 441 0.5919
14655.0000 746 441 0.5912
14657.4000 746 442 0.5925
14676.0000 747 442 0.5917
14696.0000 748 442 0.5909
14718.0000 749 442 0.5901
14721.5000 749 443 0.5915
14725.3000 749 444 0.5928
14733.2000 749 445 0.5941
14736.0000 750 445 0.5933
14746.0000 750 446 0.5947
14756.0000 751 446 0.5939
14773.0000 752 446 0.5931
14774.0000 752 447 0.5944
14790.0000 753 447 0.5936
14809.0000 754 447 0.5928
14826.7000 754 448 0.5942
14831.0000 755 448 0.5934
14848.0000 756 448 0.5926
14867.0000 757 448 0.5918
14889.0000 758 448 0.5910
14895.9000 758 449 0.5923
14899.2000 758 450 0.5937
14905.0000 759 450 0.5929
14912.1000 759 451 0.5942
14927.0000 760 451 0.5934
14942.0000 761 451 0.5926
14958.9000 761 452 0.5940
14961.0000 762 452 0.5932
14975.8000 762 453 0.5945
14984.0000 763 453 0.5937
14999.0000 764 453 0.5929
15016.0000 764 454 0.5942
15018.4000 764 455 0.5955
15021.0000 765 455 0.5948
15032.7000 765 456 0.5961
15041.0000 766 456 0.5953
15051.5000 766 457 0.5966
15058.0000 767 457 0.5958
15074.0000 768 457 0.5951
15083.0000 768 458 0.5964
15093.0000 769 458 0.5956
15114.0000 770 458 0.5948
15132.0000 771 458 0.5940
15149.0000 772 458 0.5933
15172.0000 773 458 0.5925
15182.2000 773 459 0.5938
15190.0000 774 459 0.5930
15212.0000 775 459 0.5923
15212.9000 775 460 0.5935
15225.0000 775 461 0.5948
15235.0000 776 461 0.5941
15256.0000 777 461 0.5933
15280.0000 778 461 0.5925
15297.0000 779 461 0.5918
15318.0000 780 461 0.5910
15336.0000 781 461 0.5903
15360.0000 782 461 0.5895
15381.0000 783 461 0.5888
15389.7000 783 462 0.5900
15397.1000 783 463 0.5913
15399.0000 784 463 0.5906
15399.3000 784 464 0.5918
15419.0000 785 464 0.5911
15438.0000 785 465 0.5924
15439.2000 785 466 0.5936
15441.0000 786 466 0.5929
15461.0000 786 467 0.5941
15461.5000 786 468 0.5954
15465.0000 787 468 0.5947
15482.0000 788 468 0.5939
15494.7000 788 469 0.5952
15504.0000 789 469 0.5944
15517.2000 789 470 0.5957
15526.0000 790 470 0.5949
15537.7000 790 471 0.5962
15538.8000 790 472 0.5975
15539.3000 790 473 0.5987
15547.0000 791 473 0.5980
15569.0000 792 473 0.5972
15591.0000 793 473 0.5965
15615.0000 794 473 0.5957
15632.0000 795 473 0.5950
15647.4000 795 474 0.5962
15650.0000 795 475 0.5975
15651.0000 796 475 0.5967
15660.9000 796 476 0.5980
15666.0000 797 476 0.5972
15680.6000 797 477 0.5985
15684.0000 798 477 0.5977
15708.0000 799 477 0.5970
15724.0000 800 477 0.5963
15744.5000 800 478 0.5975
15746.0000 801 478 0.5968
15755.2000 801 479 0.5980
15764.0000 802 479 0.5973
15764.5000 802 480 0.5985
15782.0000 803 480 0.5978
15793.3000 803 481 0.5990
15795.2000 803 482 0.6002
15799.0000 804 482 0.5995
15815.0000 805 482 0.5988
15838.0000 806 482 0.5980
15854.0000 807 482 0.5973
15873.0000 808 482 0.5965
15891.0000 808 483 0.5978
15894.0000 809 483 0.5970
15909.0000 810 483 0.5963
15927.0000 811 483 0.5956
15948.0000 812 483 0.5948
15953.1000 812 484 0.5961
15956.3000 812 485 0.5973
15967.0000 813 485 0.5966
15990.0000 814 485 0.5958
16006.3000 814 486 0.5971
16008.1000 814 487 0.5983
16009.2000 814 488 0.5995
16010.0000 815 488 0.5988
16014.2000 815 489 0.6000
16027.0000 816 489 0.5993
16028.1000 816 490 0.6005
16042.0000 817 490 0.5998
16061.0000 818 490 0.5990
16080.0000 819 490 0.5983
16104.0000 820 490 0.5976
16124.0000 821 490 0.5968
16139.0000 822 490 0.5961
16155.0000 823 490 0.5954
16175.0000 824 490 0.5947
16185.4000 824 491 0.5959
16196.0000 825 491 0.5952
16200.7000 825 492 0.5964
16212.0000 826 492 0.5956
16220.0000 826 493 0.5969
16230.0000 827 493 0.5961
16245.0000 828 493 0.5954
16261.0000 829 493 0.5947
16281.0000 830 493 0.5940
16301.0000 831 493 0.5933
16322.0000 832 493 0.5925
16338.0000 833 493 0.5918
16338.9000 833 494 0.5930
16357.0000 834 494 0.5923
16380.0000 835 494 0.5916
16388.4000 835 495 0.5928
16399.0000 836 495 0.5921
16412.4000 836 496 0.5933
16416.0000 837 496 0.5926
16433.0000 838 496 0.5919
16455.0000 839 496 0.5912
16479.0000 840 496 0.5905
16503.0000 841 496 0.5898
16520.1000 841 497 0.5910
16526.0000 842 497 0.5903
16547.0000 843 497 0.5896
16568.0000 844 497 0.5889
16588.9000 844 498 0.5900
16589.0000 845 498 0.5893
16594.7000 845 499 0.5905
16603.9000 845 500 0.5917
16604.7000 845 501 0.5929
16610.0000 846 501 0.5922
16619.8000 846 502 0.5934
16628.0000 847 502 0.5927
16646.0000 848 502 0.5920
16662.0000 849 502 0.5913
16682.0000 850 502 0.5906
16699.0000 851 502 0.5899
16721.7000 851 503 0.5911
16723.0000 852 503 0.5904
16745.0000 853 503 0.5897
16760.0000 854 503 0.5890
16783.0000 855 503 0.5883
16798.0000 855 504 0.5895
16800.0000 856 504 0.5888
16802.4000 856 505 0.5900
16818.0000 857 505 0.5893
16835.0000 858 505 0.5886
16852.1000 858 506 0.5897
16858.0000 859 506 0.5891
16881.0000 860 506 0.5884
16895.6000 860 507 0.5895
16901.0000 861 507 0.5889
16917.0000 862 507 0.5882
16935.0000 863 507 0.5875
16959.0000 864 507 0.5868
16979.0000 864 508 0.5880
16980.0000 865 508 0.5873
16988.1000 865 509 0.5884
16997.0000 866 509 0.5878
17019.2000 866 510 0.5889
17021.0000 867 510 0.5882
17040.0000 868 510 0.5876
17063.0000 869 510 0.5869
17075.7000 869 511 0.5880
17082.0000 870 511 0.5874
17105.0000 871 511 0.5867
17112.2000 871 512 0.5878
17123.3000 871 513 0.5890
17126.0000 872 513 0.5883
17135.9000 872 514 0.5894
17136.4000 872 515 0.5906
17143.0000 873 515 0.5899
17162.0000 874 515 0.5892
17177.6000 874 516 0.5904
17181.0000 875 516 0.5897
17202.0000 876 516 0.5890
17225.0000 877 516 0.5884
17240.0000 878 516 0.5877
17259.0000 879 516 0.5870
17278.0000 880 516 0.5864
17279.1000 880 517 0.5875
17288.5000 880 518 0.5886
17299.0000 881 518 0.5880
17318.0000 882 518 0.5873
17322.2000 882 519 0.5884
17336.0000 883 519 0.5878
17344.1000 883 520 0.5889
17345.0000 883 521 0.5900
17350.6000 883 522 0.5912
17353.0000 884 522 0.5905
17357.6000 884 523 0.5916
17370.0000 885 523 0.5910
17371.3000 885 524 0.5921
17393.6000 885 525 0.5932
17394.0000 886 525 0.5926
17406.8000 886 526 0.5937
17416.0000 887 526 0.5930
17439.0000 888 526 0.5923
17454.0000 889 526 0.5917
17458.4000 889 527 0.5928
17469.2000 889 528 0.5939
17472.7000 889 529 0.5951
17477.0000 890 529 0.5944
17497.0000 891 529 0.5937
17503.4000 891 530 0.5948
17515.0000 892 530 0.5942
17535.0000 893 530 0.5935
17558.0000 894 530 0.5928
17568.6000 894 531 0.5940
17574.0000 895 531 0.5933
17598.0000 896 531 0.5926
17619.0000 897 531 0.5920
17639.0000 898 531 0.5913
17654.0000 899 531 0.5907
17672.0000 900 531 0.5900
17690.0000 901 531 0.5893
17710.0000 902 531 0.5887
17734.0000 903 531 0.5880
17751.0000 904 531 0.5874
17773.8000 904 532 0.5885
17774.0000 905 532 0.5878
17775.8000 905 533 0.5890
17793.0000 906 533 0.5883
17808.0000 907 533 0.5877
17813.6000 907 534 0.5888
17814.5000 907 535 0.5899
17817.6000 907 536 0.5910
17825.4000 907 537 0.5921
17826.0000 908 537 0.5914
17846.0000 909 537 0.5908
17864.0000 910 537 0.5901
17865.2000 910 538 0.5912
17868.6000 910 539 0.5923
17884.0000 911 539 0.5917
17899.0000 912 539 0.5910
17917.0000 913 539 0.5904
17934.7000 913 540 0.5915
17936.0000 914 540 0.5908
17943.3000 914 541 0.5919
17951.1000 914 542 0.5930
17958.0000 915 542 0.5923
17976.0000 916 542 0.5917
17976.3000 916 543 0.5928
17977.6000 916 544 0.5939
17981.2000 916 545 0.5950
18000.0000 917 545 0.5943
18021.0000 918 545 0.5937
18040.0000 919 545 0.5930
18044.5000 919 546 0.5941
18045.9000 919 547 0.5952
18057.4000 919 548 0.5963
18059.0000 920 548 0.5957
18077.0000 921 548 0.5950
18092.0000 922 548 0.5944
18112.1000 922 549 0.5954
18113.0000 923 549 0.5948
18124.5000 923 550 0.5959
18132.0000 924 550 0.5952
18147.7000 924 551 0.5963
18155.0000 925 551 0.5957
18169.3000 925 552 0.5968
18177.0000 926 552 0.5961
18192.0000 927 552 0.5955
18207.8000 927 553 0.5965
18214.0000 928 553 0.5959
18221.6000 928 554 0.5970
18225.3000 928 555 0.5981
18236.0000 929 555 0.5974
18259.0000 930 555 0.5968
18275.0000 931 555 0.5961
18298.0000 932 555 0.5955
18316.7000 932 556 0.5966
18321.0000 933 556 0.5959
18340.0000 934 556 0.5953
18342.8000 934 557 0.5964
18353.1000 934 558 0.5974
18364.0000 935 558 0.5968
18374.6000 935 559 0.5979
18383.0000 936 559 0.5972
18402.0000 937 559 0.5966
18425.0000 938 559 0.5959
18449.0000 939 559 0.5953
18471.3000 939 560 0.5964
18473.0000 940 560 0.5957
18488.0000 941 560 0.5951
18512.0000 942 560 0.5945
18534.0000 943 560 0.5938
18549.0000 944 560 0.5932
18570.0000 945 560 0.5926
18574.1000 945 561 0.5937
18586.6000 945 562 0.5947
18590.0000 946 562 0.5941
18613.0000 947 562 0.5935
18632.0000 948 562 0.5928
18653.0000 949 562 0.5922
18677.0000 950 562 0.5916
18696.0000 951 562 0.5910
18704.5000 951 563 0.5920
18709.3000 951 564 0.5931
18715.0000 952 564 0.5924
18719.9000 952 565 0.5935
18721.5000 952 566 0.5945
18723.6000 952 567 0.5956
18735.6000 952 568 0.5966
18738.0000 953 568 0.5960
18753.0000 954 568 0.5954
18768.0000 955 568 0.5948
18784.0000 955 569 0.5958
18786.0000 956 569 0.5952
18809.0000 957 569 0.5946
18828.0000 958 569 0.5939
18842.5000 958 570 0.5950
18845.0000 959 570 0.5944
18862.0000 960 570 0.5938
18884.0000 961 570 0.5931
18893.4000 961 571 0.5942
18894.5000 961 572 0.5952
18899.0000 962 572 0.5946
18922.0000 963 572 0.5940
18939.0000 964 572 0.5934
18949.4000 964 573 0.5944
18956.0000 965 573 0.5938
18963.6000 965 574 0.5948
18977.0000 966 574 0.5942
18991.1000 966 575 0.5952
18993.0000 967 575 0.5946
19015.0000 968 575 0.5940
19019.9000 968 576 0.5950
19037.0000 969 576 0.5944
19055.0000 970 576 0.5938
19072.0000 971 576 0.5932
19087.0000 972 576 0.5926
19095.5000 972 577 0.5936
19108.0000 973 577 0.5930
19129.0000 974 577 0.5924
19151.0000 975 577 0.5918
19161.8000 975 578 0.5928
19173.0000 976 578 0.5922
19192.0000 977 578 0.5916
19210.3000 977 579 0.5926
19211.0000 978 579 0.5920
19231.0000 979 579 0.5914
19236.7000 979 580 0.5924
19251.4000 979 581 0.5935
19254.0000 980 581 0.5929
19254.4000 980 582 0.5939
19259.7000 980 583 0.5949
19277.0000 981 583 0.5943
19301.0000 982 583 0.5937
19310.2000 982 584 0.5947
19313.4000 982 585 0.5957
19316.0000 983 585 0.5951
19325.9000 983 586 0.5961
19340.0000 984 586 0.5955
19355.0000 985 586 0.5949
19373.0000 986 586 0.5943
19374.3000 986 587 0.5953
19391.0000 987 587 0.5947
19406.0000 988 587 0.5941
19415.8000 988 588 0.5951
19418.6000 988 589 0.5962
19423.0000 989 589 0.5956
19433.1000 989 590 0.5966
19438.5000 989 591 0.5976
19439.0000 990 591 0.5970
19455.0000 991 591 0.5964
19479.0000 992 591 0.5958
19497.0000 993 591 0.5952
19521.0000 994 591 0.5946
19524.5000 994 592 0.5956
19530.6000 994 593 0.5966
19542.0000 995 593 0.5960
19559.2000 995 594 0.5970
19565.0000 996 594 0.5964
19586.0000 997 594 0.5958
19595.7000 997 595 0.5968
19601.0000 998 595 0.5962
19615.6000 998 596 0.5972
19621.8000 998 597 0.5982
19622.0000 999 597 0.5976
19623.5000 999 598 0.5986
19641.0000 1000 598 0.5980
19660.0000 1001 598 0.5974
19677.0000 1002 598 0.5968
19692.0000 1003 598 0.5962
19703.0000 1003 599 0.5972
19716.0000 1004 599 0.5966
19731.4000 1004 600 0.5976
19739.0000 1005 600 0.5970
19755.0000 1006 600 0.5964
19770.0000 1007 600 0.5958
19783.2000 1007 601 0.5968
19792.0000 1008 601 0.5962
19795.2000 1008 602 0.5972
19815.0000 1009 602 0.5966
19816.1000 1009 603 0.5976
19826.5000 1009 604 0.5986
19833.0000 1010 604 0.5980
19846.9000 1010 605 0.5990
19848.3000 1010 606 0.6000
19852.0000 1011 606 0.5994
19871.9000 1011 607 0.6004
19876.0000 1012 607 0.5998
19891.0000 1013 607 0.5992
19908.0000 1014 607 0.5986
19909.4000 1014 608 0.5996
19924.9000 1014 609 0.6006
19927.1000 1014 610 0.6016
19932.0000 1015 610 0.6010
19945.0000 1015 611 0.6020
19947.9000 1015 612 0.6030
19956.0000 1016 612 0.6024
19968.8000 1016 613 0.6033
19970.9000 1016 614 0.6043
19976.0000 1017 614 0.6037
19986.0000 1017 615 0.6047
19998.0000 1018 615 0.6041
20019.0000 1019 615 0.6035
20034.0000 1020 615 0.6029
20039.7000 1020 616 0.6039
20054.8000 1020 617 0.6049
20054.9000 1020 618 0.6059
20057.0000 1021 618 0.6053
20071.2000 1021 619 0.6063
20075.0000 1022 619 0.6057
20075.8000 1022 620 0.6067
20088.8000 1022 621 0.6076
20094.0000 1023 621 0.6070
20095.3000 1023 622 0.6080
20118.0000 1024 622 0.6074
20135.0000 1025 622 0.6068
20141.0000 1025 623 0.6078
20149.6000 1025 624 0.6088
20157.0000 1026 624 0.6082
20179.0000 1027 624 0.6076
20197.0000 1028 624 0.6070
20201.3000 1028 625 0.6080
20221.0000 1029 625 0.6074
20237.0000 1030 625 0.6068
20259.0000 1031 625 0.6062
20276.0000 1032 625 0.6056
20293.0000 1033 625 0.6050
20308.0000 1034 625 0.6044
20327.0000 1035 625 0.6039
20340.1000 1035 626 0.6048
20343.0000 1035 627 0.6058
20349.2000 1035 628 0.6068
20350.0000 1036 628 0.6062
20366.0000 1037 628 0.6056
20373.6000 1037 629 0.6066
20385.0000 1038 629 0.6060
20401.0000 1039 629 0.6054
20420.6000 1039 630 0.6064
20421.0000 1040 630 0.6058
20437.0000 1041 630 0.6052
20455.0000 1041 631 0.6061
20456.8000 1041 632 0.6071
20461.0000 1042 632 0.6065
20475.4000 1042 633 0.6075
20485.0000 1043 633 0.6069
20499.0000 1043 634 0.6079
20508.0000 1044 634 0.6073
20513.2000 1044 635 0.6082
20532.0000 1045 635 0.6077
20554.0000 1046 635 0.6071
20576.0000 1047 635 0.6065
20589.8000 1047 636 0.6074
20594.0000 1048 636 0.6069
20611.0000 1049 636 0.6063
20611.6000 1049 637 0.6072
20613.0000 1049 638 0.6082
20635.0000 1050 638 0.6076
20635.8000 1050 639 0.6086
20655.0000 1051 639 0.6080
20673.0000 1052 639 0.6074
20691.0000 1053 639 0.6068
20706.0000 1054 639 0.6063
20724.0000 1055 639 0.6057
20744.0000 1056 639 0.6051
20755.2000 1056 640 0.6061
20766.0000 1057 640 0.6055
20777.2000 1057 641 0.6064
20782.0000 1058 641 0.6059
20800.0000 1059 641 0.6053
20821.0000 1060 641 0.6047
20837.1000 1060 642 0.6057
20839.1000 1060 643 0.6066
20844.0000 1061 643 0.6060
20855.4000 1061 644 0.6070
20857.6000 1061 645 0.6079
20864.0000 1062 645 0.6073
20888.0000 1063 645 0.6068
20897.8000 1063 646 0.6077
20911.0000 1064 646 0.6071
20931.0000 1065 646 0.6066
20952.0000 1066 646 0.6060
20968.0000 1067 646 0.6054
20977.3000 1067 647 0.6064
20987.6000 1067 648 0.6073
20990.0000 1068 648 0.6067
21007.0000 1069 648 0.6062
21008.6000 1069 649 0.6071
21021.5000 1069 650 0.6080
21031.0000 1070 650 0.6075
21033.3000 1070 651 0.6084
21052.7000 1070 652 0.6093
21055.0000 1071 652 0.6088
21055.8000 1071 653 0.6097
21077.0000 1072 653 0.6091
21081.9000 1072 654 0.6101
21092.0000 1073 654 0.6095
21094.8000 1073 655 0.6104
21097.1000 1073 656 0.6114
21097.5000 1073 657 0.6123
21116.0000 1074 657 0.6117
21127.3000 1074 658 0.6127
21132.0000 1075 658 0.6121
21148.0000 1076 658 0.6115
21158.2000 1076 659 0.6125
21166.0000 1077 659 0.6119
21184.0000 1078 659 0.6113
21184.8000 1078 660 0.6122
21189.4000 1078 661 0.6132
21204.0000 1079 661 0.6126
21223.0000 1080 661 0.6120
21225.8000 1080 662 0.6130
21235.3000 1080 663 0.6139
21247.0000 1081 663 0.6133
21262.3000 1081 664 0.6142
21269.7000 1081 665 0.6152
21271.0000 1082 665 0.6146
21273.2000 1082 666 0.6155
21280.7000 1082 667 0.6165
21292.0000 1083 667 0.6159
21309.0000 1084 667 0.6153
21327.0000 1085 667 0.6147
21351.0000 1086 667 0.6142
21352.7000 1086 668 0.6151
21367.7000 1086 669 0.6160
21368.0000 1087 669 0.6155
21369.5000 1087 670 0.6164
21370.7000 1087 671 0.6173
21375.1000 1087 672 0.6182
21387.0000 1088 672 0.6176
21388.8000 1088 673 0.6186
21407.0000 1089 673 0.6180
21410.8000 1089 674 0.6189
21424.0000 1090 674 0.6183
21444.0000 1091 674 0.6178
21460.9000 1091 675 0.6187
21463.0000 1092 675 0.6181
21483.0000 1093 675 0.6176
21505.0000 1094 675 0.6170
21511.1000 1094 676 0.6179
21523.0000 1095 676 0.6174
21539.0000 1096 676 0.6168
21540.6000 1096 677 0.6177
21551.4000 1096 678 0.6186
21556.0000 1097 678 0.6180
21575.0000 1097 679 0.6190
21577.0000 1098 679 0.6184
21582.6000 1098 680 0.6193
21595.6000 1098 681 0.6202
21599.0000 1099 681 0.6197
21615.0000 1100 681 0.6191
21632.0000 1101 681 0.6185
21648.0000 1102 681 0.6180
21651.4000 1102 682 0.6189
21665.0000 1103 682 0.6183
21665.4000 1103 683 0.6192
21689.0000 1104 683 0.6187
21707.0000 1105 683 0.6181
21713.3000 1105 684 0.6190
21727.0000 1105 685 0.6199
21731.0000 1106 685 0.6193
21755.0000 1107 685 0.6188
21777.0000 1108 685 0.6182
21783.5000 1108 686 0.6191
21794.0000 1109 686 0.6186
21807.1000 1109 687 0.6195
21818.0000 1110 687 0.6189
21837.0000 1111 687 0.6184
21860.0000 1112 687 0.6178
21872.6000 1112 688 0.6187
21883.0000 1113 688 0.6181
21890.0000 1113 689 0.6190
21898.0000 1114 689 0.6185
21915.3000 1114 690 0.6194
21916.0000 1115 690 0.6188
21936.5000 1115 691 0.6197
21938.5000 1115 692 0.6206
21939.0000 1116 692 0.6201
21941.3000 1116 693 0.6210
21949.4000 1116 694 0.6219
21951.7000 1116 695 0.6228
21952.6000 1116 696 0.6237
21960.0000 1117 696 0.6231
21971.6000 1117 697 0.6240
21976.0000 1118 697 0.6234
21999.0000 1119 697 0.6229
22018.1000 1119 698 0.6238
22022.0000 1120 698 0.6232
22039.6000 1120 699 0.6241
22041.0000 1121 699 0.6236
22052.4000 1121 700 0.6244
22061.0000 1122 700 0.6239
22078.0000 1123 700 0.6233
22101.0000 1124 700 0.6228
22121.0000 1125 700 0.6222
22124.3000 1125 701 0.6231
22140.0000 1126 701 0.6226
22159.0000 1127 701 0.6220
22165.8000 1127 702 0.6229
22173.4000 1127 703 0.6238
22181.8000 1127 704 0.6247
22183.0000 1128 704 0.6241
22199.0000 1129 704 0.6236
22217.2000 1129 705 0.6244
22218.0000 1130 705 0.6239
22234.9000 1130 706 0.6248
22242.0000 1131 706 0.6242
22259.1000 1131 707 0.6251
22263.0000 1132 707 0.6246
22281.0000 1133 707 0.6240
22304.0000 1134 707 0.6235
22322.0000 1135 707 0.6229
22329.9000 1135 708 0.6238
22346.0000 1136 708 0.6232
22363.0000 1137 708 0.6227
22375.7000 1137 709 0.6236
22385.0000 1138 709 0.6230
22405.0000 1139 709 0.6225
22420.0000 1140 709 0.6219
22444.0000 1141 709 0.6214
22445.7000 1141 710 0.6223
22464.0000 1142 710 0.6217
22471.7000 1142 711 0.6226
22482.0000 1143 711 0.6220
22500.0000 1144 711 0.6215
22518.1000 1144 712 0.6224
22521.0000 1145 712 0.6218
22543.6000 1145 713 0.6227
22544.0000 1146 713 0.6222
22560.0000 1147 713 0.6216
22578.0000 1148 713 0.6211
22595.0000 1149 713 0.6205
22613.0000 1150 713 0.6200
22628.0000 1151 713 0.6195
22648.0000 1152 713 0.6189
22655.0000 1152 714 0.6198
22666.0000 1153 714 0.6193
22677.3000 1153 715 0.6201
22681.4000 1153 716 0.6210
22682.0000 1154 716 0.6205
22698.0000 1155 716 0.6199
22713.0000 1156 716 0.6194
22717.4000 1156 717 0.6202
22722.1000 1156 718 0.6211
22724.9000 1156 719 0.6220
22735.0000 1157 719 0.6214
22751.7000 1157 720 0.6223
22752.3000 1157 721 0.6232
22758.0000 1158 721 0.6226
22763.5000 1158 722 0.6235
22779.0000 1159 722 0.6230
22781.5000 1159 723 0.6238
22785.0000 1159 724 0.6247
22799.0000 1160 724 0.6241
22802.8000 1160 725 0.6250
22808.9000 1160 726 0.6259
22820.0000 1161 726 0.6253
22822.7000 1161 727 0.6262
22835.0000 1162 727 0.6256
22850.0000 1163 727 0.6251
22852.5000 1163 728 0.6260
22869.0000 1164 728 0.6254
22891.0000 1165 728 0.6249
22913.0000 1166 728 0.6244
22914.8000 1166 729 0.6252
22918.0000 1166 730 0.6261
22919.6000 1166 731 0.6269
22931.0000 1167 731 0.6264
22943.1000 1167 732 0.6272
22954.0000 1168 732 0.6267
22971.0000 1169 732 0.6262
22978.7000 1169 733 0.6270
22991.0000 1170 733 0.6265
23007.0000 1171 733 0.6260
23031.0000 1172 733 0.6254
23047.0000 1173 733 0.6249
23047.9000 1173 734 0.6257
23049.3000 1173 735 0.6266
23054.0000 1173 736 0.6275
23070.0000 1174 736 0.6269
23079.9000 1174 737 0.6278
23085.0000 1175 737 0.6272
23106.0000 1176 737 0.6267
23107.0000 1176 738 0.6276
23127.0000 1177 738 0.6270
23149.0000 1178 738 0.6265
23154.8000 1178 739 0.6273
23165.0000 1179 739 0.6268
23179.9000 1179 740 0.6277
23180.0000 1180 740 0.6271
23183.0000 1180 741 0.6280
23183.5000 1180 742 0.6288
23186.2000 1180 743 0.6297
23198.0000 1181 743 0.6291
23214.0000 1182 743 0.6286
23216.3000 1182 744 0.6294
23232.8000 1182 745 0.6303
23238.0000 1183 745 0.6298
23252.6000 1183 746 0.6306
23255.6000 1183 747 0.6314
23258.0000 1184 747 0.6309
23268.5000 1184 748 0.6318
23280.0000 1185 748 0.6312
23295.0000 1186 748 0.6307
23303.5000 1186 749 0.6315
23304.1000 1186 750 0.6324
23319.0000 1187 750 0.6318
23329.4000 1187 751 0.6327
23339.0000 1188 751 0.6322
23339.4000 1188 752 0.6330
23341.0000 1188 753 0.6338
23360.0000 1189 753 0.6333
23377.0000 1190 753 0.6328
23393.0000 1191 753 0.6322
23409.0000 1192 753 0.6317
23428.0000 1193 753 0.6312
23429.9000 1193 754 0.6320
23437.2000 1193 755 0.6329
23445.0000 1194 755 0.6323
23451.3000 1194 756 0.6332
23463.8000 1194 757 0.6340
23464.0000 1195 757 0.6335
23466.7000 1195 758 0.6343
23472.5000 1195 759 0.6351
23472.6000 1195 760 0.6360
23473.6000 1195 761 0.6368
23482.0000 1196 761 0.6363
23498.0000 1197 761 0.6358
23516.0000 1198 761 0.6352
23532.0000 1199 761 0.6347
23547.0000 1200 761 0.6342
23558.7000 1200 762 0.6350
23565.9000 1200 763 0.6358
23568.0000 1201 763 0.6353
23589.0000 1202 763 0.6348
23613.0000 1203 763 0.6342
23620.2000 1203 764 0.6351
23629.0000 1204 764 0.6346
23636.9000 1204 765 0.6354
23638.0000 1204 766 0.6362
23647.0000 1205 766 0.6357
23662.0000 1206 766 0.6352
23678.4000 1206 767 0.6360
23681.0000 1207 767 0.6355
23689.1000 1207 768 0.6363
23702.0000 1208 768 0.6358
23710.9000 1208 769 0.6366
23726.0000 1209 769 0.6361
23741.0000 1210 769 0.6355
23760.0000 1211 769 0.6350
23768.0000 1211 770 0.6358
23778.0000 1212 770 0.6353
23782.4000 1212 771 0.6361
23798.0000 1213 771 0.6356
23817.0000 1214 771 0.6351
23837.0000 1215 771 0.6346
23843.7000 1215 772 0.6354
23846.7000 1215 773 0.6362
23858.6000 1215 774 0.6370
23859.0000 1216 774 0.6365
23866.7000 1216 775 0.6373
23874.0000 1217 775 0.6368
23895.0000 1218 775 0.6363
23916.0000 1219 775 0.6358
23937.0000 1220 775 0.6352
23938.7000 1220 776 0.6361
23961.0000 1221 776 0.6355
23981.0000 1222 776 0.6350
23985.1000 1222 777 0.6358
24004.0000 1223 777 0.6353
24012.3000 1223 778 0.6361
24026.0000 1224 778 0.6356
24037.4000 1224 779 0.6364
24042.7000 1224 780 0.6373
24043.0000 1225 780 0.6367
24062.0000 1226 780 0.6362
24077.5000 1226 781 0.6370
24079.0000 1227 781 0.6365
24095.0000 1228 781 0.6360
24110.0000 1229 781 0.6355
24134.0000 1230 781 0.6350
24157.0000 1231 781 0.6344
24179.0000 1232 781 0.6339
24203.0000 1233 781 0.6334
24222.0000 1234 781 0.6329
24245.0000 1235 781 0.6324
24254.0000 1235 782 0.6332
24262.0000 1236 782 0.6327
24270.7000 1236 783 0.6335
24286.0000 1237 783 0.6330
24305.0000 1238 783 0.6325
24326.0000 1239 783 0.6320
24333.5000 1239 784 0.6328
24349.0000 1240 784 0.6323
24361.5000 1240 785 0.6331
24368.0000 1241 785 0.6326
24369.3000 1241 786 0.6334
24376.9000 1241 787 0.6342
24379.5000 1241 788 0.6350
24383.0000 1242 788 0.6345
24402.6000 1242 789 0.6353
24407.0000 1243 789 0.6348
24412.1000 1243 790 0.6356
24422.4000 1243 791 0.6364
24427.0000 1244 791 0.6359
24445.2000 1244 792 0.6367
24447.0000 1245 792 0.6361
24449.6000 1245 793 0.6369
24468.0000 1246 793 0.6364
24473.7000 1246 794 0.6372
24483.1000 1246 795 0.6380
24490.0000 1247 795 0.6375
24514.0000 1248 795 0.6370
24530.0000 1249 795 0.6365
24553.0000 1250 795 0.6360
24568.0000 1251 795 0.6355
24571.7000 1251 796 0.6363
24591.0000 1252 796 0.6358
24607.0000 1253 796 0.6353
24624.0000 1254 796 0.6348
24641.0000 1255 796 0.6343
24653.7000 1255 797 0.6351
24656.0000 1256 797 0.6346
24662.6000 1256 798 0.6354
24677.0000 1257 798 0.6348
24684.0000 1257 799 0.6356
24693.0000 1258 799 0.6351
24712.0000 1259 799 0.6346
24736.0000 1260 799 0.6341
24751.0000 1261 799 0.6336
24768.0000 1262 799 0.6331
24790.0000 1263 799 0.6326
24809.0000 1264 799 0.6321
24824.0000 1265 799 0.6316
24844.0000 1266 799 0.6311
24864.2000 1266 800 0.6319
24867.0000 1267 800 0.6314
24870.4000 1267 801 0.6322
24883.0000 1268 801 0.6317
24906.0000 1269 801 0.6312
24921.0000 1270 801 0.6307
24945.0000 1271 801 0.6302
24950.6000 1271 802 0.6310
24963.0000 1272 802 0.6305
24977.5000 1272 803 0.6313
24979.4000 1272 804 0.6321
24980.0000 1273 804 0.6316
24999.0000 1274 804 0.6311
25015.0000 1275 804 0.6306
25022.3000 1275 805 0.6314
25023.7000 1275 806 0.6322
25025.4000 1275 807 0.6329
25027.1000 1275 808 0.6337
25034.0000 1276 808 0.6332
25055.0000 1277 808 0.6327
25074.0000 1278 808 0.6322
25083.3000 1278 809 0.6330
25095.0000 1279 809 0.6325
25107.0000 1279 810 0.6333
25116.1000 1279 811 0.6341
25116.1000 1279 812 0.6349
25119.0000 1280 812 0.6344
25138.0000 1281 812 0.6339
25147.8000 1281 813 0.6347
25162.0000 1282 813 0.6342
25170.2000 1282 814 0.6349
25183.0000 1283 814 0.6345
