# time  created  delivered  delivered/created
22.0000 1 0 0.0000
38.0000 2 0 0.0000
54.0000 3 0 0.0000
72.0000 4 0 0.0000
94.0000 5 0 0.0000
110.0000 6 0 0.0000
133.0000 7 0 0.0000
153.0000 8 0 0.0000
175.0000 9 0 0.0000
191.0000 10 0 0.0000
210.0000 11 0 0.0000
225.0000 12 0 0.0000
249.0000 13 0 0.0000
265.0000 14 0 0.0000
281.0000 15 0 0.0000
304.0000 16 0 0.0000
328.0000 17 0 0.0000
343.0000 18 0 0.0000
367.0000 19 0 0.0000
382.0000 20 0 0.0000
399.0000 21 0 0.0000
420.0000 22 0 0.0000
439.0000 23 0 0.0000
458.0000 24 0 0.0000
480.0000 25 0 0.0000
497.0000 26 0 0.0000
515.0000 27 0 0.0000
538.0000 28 0 0.0000
562.0000 29 0 0.0000
581.0000 30 0 0.0000
581.2000 30 1 0.0333
603.0000 31 1 0.0323
625.0000 32 1 0.0313
641.2000 32 2 0.0625
646.0000 33 2 0.0606
661.6000 33 3 0.0909
667.0000 34 3 0.0882
685.0000 35 3 0.0857
691.0000 35 4 0.1143
700.0000 36 4 0.1111
713.7000 36 5 0.1389
722.0000 37 5 0.1351
741.0000 38 5 0.1316
764.0000 39 5 0.1282
773.6000 39 6 0.1538
784.0000 40 6 0.1500
806.0000 41 6 0.1463
829.0000 42 6 0.1429
851.0000 43 6 0.1395
873.0000 44 6 0.1364
895.0000 45 6 0.1333
918.0000 46 6 0.1304
935.7000 46 7 0.1522
941.0000 47 7 0.1489
957.0000 48 7 0.1458
975.0000 49 7 0.1429
998.0000 50 7 0.1400
1018.0000 51 7 0.1373
1040.0000 52 7 0.1346
1056.0000 53 7 0.1321
1077.0000 54 7 0.1296
1096.0000 55 7 0.1273
1117.0000 56 7 0.1250
1137.0000 57 7 0.1228
1159.0000 58 7 0.1207
1179.0000 59 7 0.1186
1193.3000 59 8 0.1356
1201.0000 60 8 0.1333
1216.0000 61 8 0.1311
1225.1000 61 9 0.1475
1226.1000 61 10 0.1639
1232.0000 62 10 0.1613
1251.0000 63 10 0.1587
1268.0000 64 10 0.1563
1287.0000 65 10 0.1538
1308.0000 66 10 0.1515
1327.0000 67 10 0.1493
1342.0000 68 10 0.1471
1364.0000 69 10 0.1449
1381.1000 69 11 0.1594
1388.0000 70 11 0.1571
1397.1000 70 12 0.1714
1407.0000 71 12 0.1690
1408.4000 71 13 0.1831
1422.0000 72 13 0.1806
1442.0000 73 13 0.1781
1464.0000 74 13 0.1757
1475.9000 74 14 0.1892
1478.4000 74 15 0.2027
1479.0000 75 15 0.2000
1483.1000 75 16 0.2133
1500.0000 76 16 0.2105
1518.0000 77 16 0.2078
1542.0000 78 16 0.2051
1562.0000 79 16 0.2025
1577.0000 80 16 0.2000
1594.5000 80 17 0.2125
1595.4000 80 18 0.2250
1600.0000 81 18 0.2222
1620.0000 82 18 0.2195
1637.0000 83 18 0.2169
1652.0000 84 18 0.2143
1673.0000 85 18 0.2118
1695.0000 86 18 0.2093
1706.4000 86 19 0.2209
1709.8000 86 20 0.2326
1713.0000 87 20 0.2299
1736.2000 87 21 0.2414
1737.0000 88 21 0.2386
1739.4000 88 22 0.2500
1739.8000 88 23 0.2614
1760.0000 89 23 0.2584
1781.0000 90 23 0.2556
1804.0000 91 23 0.2527
1826.0000 92 23 0.2500
1849.0000 93 23 0.2473
1870.0000 94 23 0.2447
1881.2000 94 24 0.2553
1882.8000 94 25 0.2660
1890.0000 95 25 0.2632
1911.0000 96 25 0.2604
1929.0000 97 25 0.2577
1948.0000 98 25 0.2551
1965.0000 99 25 0.2525
1980.0000 100 25 0.2500
2002.0000 101 25 0.2475
2024.0000 102 25 0.2451
2035.6000 102 26 0.2549
2041.0000 103 26 0.2524
2064.0000 104 26 0.2500
2080.0000 105 26 0.2476
2095.0000 106 26 0.2453
2119.0000 107 26 0.2430
2139.0000 108 26 0.2407
2144.3000 108 27 0.2500
2161.0000 109 27 0.2477
2178.0000 110 27 0.2455
2199.0000 111 27 0.2432
2217.0000 111 28 0.2523
2222.0000 112 28 0.2500
2240.0000 113 28 0.2478
2259.0000 114 28 0.2456
2275.0000 115 28 0.2435
2295.0000 116 28 0.2414
2314.0000 117 28 0.2393
2325.9000 117 29 0.2479
2335.0000 118 29 0.2458
2354.0000 119 29 0.2437
2377.0000 120 29 0.2417
2396.0000 121 29 0.2397
2411.0000 122 29 0.2377
2412.0000 122 30 0.2459
2433.0000 123 30 0.2439
2452.0000 124 30 0.2419
2460.7000 124 31 0.2500
2464.9000 124 32 0.2581
2470.7000 124 33 0.2661
2474.0000 125 33 0.2640
2494.6000 125 34 0.2720
2496.0000 126 34 0.2698
2511.0000 127 34 0.2677
2526.0000 128 34 0.2656
2546.0000 129 34 0.2636
2556.7000 129 35 0.2713
2563.0000 130 35 0.2692
2586.0000 131 35 0.2672
2601.0000 132 35 0.2652
2621.0000 133 35 0.2632
2641.0000 134 35 0.2612
2662.0000 135 35 0.2593
2678.0000 136 35 0.2574
2680.2000 136 36 0.2647
2689.6000 136 37 0.2721
2690.9000 136 38 0.2794
2693.0000 137 38 0.2774
2716.0000 138 38 0.2754
2735.0000 139 38 0.2734
2740.4000 139 39 0.2806
2754.0000 140 39 0.2786
2771.0000 141 39 0.2766
2788.0000 142 39 0.2746
2800.0000 142 40 0.2817
2807.0000 143 40 0.2797
2825.6000 143 41 0.2867
2831.0000 144 41 0.2847
2832.2000 144 42 0.2917
2839.1000 144 43 0.2986
2853.0000 145 43 0.2966
2868.0000 146 43 0.2945
2891.0000 147 43 0.2925
2911.0000 148 43 0.2905
2911.3000 148 44 0.2973
2926.0000 149 44 0.2953
2942.0000 150 44 0.2933
2947.3000 150 45 0.3000
2954.4000 150 46 0.3067
2962.0000 151 46 0.3046
2979.0000 152 46 0.3026
3000.8000 152 47 0.3092
3003.0000 153 47 0.3072
3024.0000 154 47 0.3052
3040.0000 155 47 0.3032
3064.0000 156 47 0.3013
3065.8000 156 48 0.3077
3084.5000 156 49 0.3141
3086.0000 157 49 0.3121
3110.0000 158 49 0.3101
3118.8000 158 50 0.3165
3129.0000 159 50 0.3145
3147.0000 160 50 0.3125
3166.0000 161 50 0.3106
3190.0000 162 50 0.3086
3204.1000 162 51 0.3148
3210.0000 163 51 0.3129
3225.0000 164 51 0.3110
3243.0000 165 51 0.3091
3260.0000 166 51 0.3072
3261.2000 166 52 0.3133
3271.5000 166 53 0.3193
3271.8000 166 54 0.3253
3273.6000 166 55 0.3313
3283.0000 167 55 0.3293
3305.0000 168 55 0.3274
3321.0000 169 55 0.3254
3329.5000 169 56 0.3314
3344.0000 170 56 0.3294
3365.0000 171 56 0.3275
3385.0000 172 56 0.3256
3404.4000 172 57 0.3314
3408.0000 173 57 0.3295
3414.1000 173 58 0.3353
3428.0000 174 58 0.3333
3429.2000 174 59 0.3391
3449.0000 175 59 0.3371
3472.0000 176 59 0.3352
3488.0000 177 59 0.3333
3510.8000 177 60 0.3390
3511.0000 178 60 0.3371
3535.0000 179 60 0.3352
3548.5000 179 61 0.3408
3551.5000 179 62 0.3464
3552.0000 180 62 0.3444
3570.0000 181 62 0.3425
3576.8000 181 63 0.3481
3589.0000 182 63 0.3462
3604.0000 183 63 0.3443
3619.0000 184 63 0.3424
3638.0000 185 63 0.3405
3653.0000 186 63 0.3387
3667.7000 186 64 0.3441
3669.0000 187 64 0.3422
3683.4000 187 65 0.3476
3689.0000 188 65 0.3457
3712.0000 189 65 0.3439
3730.0000 190 65 0.3421
3754.0000 191 65 0.3403
3771.0000 192 65 0.3385
3787.0000 193 65 0.3368
3809.0000 194 65 0.3351
3822.2000 194 66 0.3402
3831.8000 194 67 0.3454
3832.0000 195 67 0.3436
3848.6000 195 68 0.3487
3854.0000 196 68 0.3469
3867.6000 196 69 0.3520
3873.0000 197 69 0.3503
3895.0000 198 69 0.3485
3919.0000 199 69 0.3467
3938.0000 200 69 0.3450
3946.3000 200 70 0.3500
3953.0000 200 71 0.3550
3955.0000 201 71 0.3532
3975.0000 202 71 0.3515
3996.0000 203 71 0.3498
4012.0000 204 71 0.3480
4031.0000 205 71 0.3463
4052.0000 206 71 0.3447
4054.9000 206 72 0.3495
4059.3000 206 73 0.3544
4070.0000 207 73 0.3527
4094.0000 208 73 0.3510
4115.0000 209 73 0.3493
4128.1000 209 74 0.3541
4134.0000 210 74 0.3524
4153.0000 211 74 0.3507
4171.0000 212 74 0.3491
4194.0000 213 74 0.3474
4214.0000 214 74 0.3458
4223.6000 214 75 0.3505
4235.0000 215 75 0.3488
4245.4000 215 76 0.3535
4251.0000 216 76 0.3519
4256.7000 216 77 0.3565
4268.6000 216 78 0.3611
4272.0000 217 78 0.3594
4287.3000 217 79 0.3641
4290.0000 218 79 0.3624
4291.5000 218 80 0.3670
4297.6000 218 81 0.3716
4314.0000 219 81 0.3699
4325.0000 219 82 0.3744
4338.0000 220 82 0.3727
4360.0000 221 82 0.3710
4363.6000 221 83 0.3756
4381.0000 222 83 0.3739
4400.0000 223 83 0.3722
4406.0000 223 84 0.3767
4419.0000 224 84 0.3750
4419.1000 224 85 0.3795
4434.0000 225 85 0.3778
4452.4000 225 86 0.3822
4458.0000 226 86 0.3805
4463.0000 226 87 0.3850
4476.0000 227 87 0.3833
4497.0000 228 87 0.3816
4505.4000 228 88 0.3860
4515.0000 229 88 0.3843
4537.0000 230 88 0.3826
4548.0000 230 89 0.3870
4556.0000 231 89 0.3853
4580.0000 232 89 0.3836
4597.0000 233 89 0.3820
4604.8000 233 90 0.3863
4607.1000 233 91 0.3906
4614.0000 234 91 0.3889
4634.0000 235 91 0.3872
4655.0000 236 91 0.3856
4665.1000 236 92 0.3898
4672.0000 237 92 0.3882
4689.0000 238 92 0.3866
4699.4000 238 93 0.3908
4706.0000 239 93 0.3891
4729.0000 240 93 0.3875
4743.4000 240 94 0.3917
4747.0000 241 94 0.3900
4748.8000 241 95 0.3942
4762.0000 242 95 0.3926
4783.0000 243 95 0.3909
4795.2000 243 96 0.3951
4807.0000 244 96 0.3934
4824.0000 245 96 0.3918
4846.7000 245 97 0.3959
4848.0000 246 97 0.3943
4867.0000 247 97 0.3927
4883.5000 247 98 0.3968
4886.0000 248 98 0.3952
4909.0000 249 98 0.3936
4914.4000 249 99 0.3976
4928.0000 250 99 0.3960
4951.0000 251 99 0.3944
4966.0000 252 99 0.3929
4973.3000 252 100 0.3968
4986.0000 253 100 0.3953
4995.1000 253 101 0.3992
4995.5000 253 102 0.4032
5010.0000 254 102 0.4016
5011.9000 254 103 0.4055
5033.0000 255 103 0.4039
5048.0000 256 103 0.4023
5072.0000 257 103 0.4008
5089.0000 258 103 0.3992
5112.0000 259 103 0.3977
5131.0000 260 103 0.3962
5151.0000 261 103 0.3946
5175.0000 262 103 0.3931
5194.0000 263 103 0.3916
5208.4000 263 104 0.3954
5215.0000 264 104 0.3939
5232.8000 264 105 0.3977
5237.0000 265 105 0.3962
5238.4000 265 106 0.4000
5240.6000 265 107 0.4038
5254.0000 266 107 0.4023
5269.0000 267 107 0.4007
5291.0000 268 107 0.3993
5307.0000 269 107 0.3978
5324.0000 270 107 0.3963
5339.0000 271 107 0.3948
5355.3000 271 108 0.3985
5356.0000 272 108 0.3971
5371.0000 273 108 0.3956
5387.0000 274 108 0.3942
5395.6000 274 109 0.3978
5407.3000 274 110 0.4015
5410.0000 275 110 0.4000
5426.0000 276 110 0.3986
5430.3000 276 111 0.4022
5447.0000 277 111 0.4007
5470.0000 278 111 0.3993
5490.0000 279 111 0.3978
5507.0000 280 111 0.3964
5517.6000 280 112 0.4000
5528.0000 281 112 0.3986
5542.9000 281 113 0.4021
5546.0000 282 113 0.4007
5564.0000 283 113 0.3993
5566.2000 283 114 0.4028
5584.0000 284 114 0.4014
5607.0000 285 114 0.4000
5625.0000 286 114 0.3986
5643.0000 287 114 0.3972
5665.0000 288 114 0.3958
5673.7000 288 115 0.3993
5685.0000 289 115 0.3979
5698.6000 289 116 0.4014
5704.0000 290 116 0.4000
5724.0000 291 116 0.3986
5745.0000 292 116 0.3973
5745.2000 292 117 0.4007
5760.0000 293 117 0.3993
5771.8000 293 118 0.4027
5778.9000 293 119 0.4061
5784.0000 294 119 0.4048
5805.0000 295 119 0.4034
5820.0000 295 120 0.4068
5822.0000 296 120 0.4054
5841.0000 297 120 0.4040
5852.0000 297 121 0.4074
5859.0000 298 121 0.4060
5869.1000 298 122 0.4094
5873.7000 298 123 0.4128
5874.0000 299 123 0.4114
5883.6000 299 124 0.4147
5893.0000 300 124 0.4133
5895.4000 300 125 0.4167
5901.3000 300 126 0.4200
5914.0000 301 126 0.4186
5914.2000 301 127 0.4219
5916.2000 301 128 0.4252
5932.0000 302 128 0.4238
5953.0000 303 128 0.4224
5969.5000 303 129 0.4257
5971.0000 304 129 0.4243
5982.2000 304 130 0.4276
5986.0000 305 130 0.4262
5996.8000 305 131 0.4295
6003.8000 305 132 0.4328
6008.0000 306 132 0.4314
6011.5000 306 133 0.4346
6024.0000 307 133 0.4332
6041.0000 308 133 0.4318
6041.3000 308 134 0.4351
6063.0000 309 134 0.4337
6068.1000 309 135 0.4369
6076.5000 309 136 0.4401
6077.9000 309 137 0.4434
6087.0000 310 137 0.4419
6105.0000 311 137 0.4405
6124.0000 312 137 0.4391
6129.8000 312 138 0.4423
6145.0000 313 138 0.4409
6166.0000 314 138 0.4395
6182.0000 315 138 0.4381
6201.0000 316 138 0.4367
6211.5000 316 139 0.4399
6216.0000 317 139 0.4385
6231.0000 318 139 0.4371
6248.0000 319 139 0.4357
6261.7000 319 140 0.4389
6267.0000 320 140 0.4375
6285.7000 320 141 0.4406
6289.0000 321 141 0.4393
6289.3000 321 142 0.4424
6308.0000 322 142 0.4410
6332.0000 323 142 0.4396
6338.7000 323 143 0.4427
6340.0000 323 144 0.4458
6355.0000 324 144 0.4444
6372.0000 325 144 0.4431
6374.6000 325 145 0.4462
6391.9000 325 146 0.4492
6393.0000 326 146 0.4479
6403.3000 326 147 0.4509
6417.0000 327 147 0.4495
6425.4000 327 148 0.4526
6428.8000 327 149 0.4557
6431.8000 327 150 0.4587
6441.0000 328 150 0.4573
6465.0000 329 150 0.4559
6467.3000 329 151 0.4590
6486.0000 330 151 0.4576
6502.0000 331 151 0.4562
6518.0000 332 151 0.4548
6536.0000 333 151 0.4535
6548.1000 333 152 0.4565
6551.1000 333 153 0.4595
6553.5000 333 154 0.4625
6554.1000 333 155 0.4655
6555.0000 334 155 0.4641
6572.0000 335 155 0.4627
6591.0000 336 155 0.4613
6608.0000 337 155 0.4599
6631.0000 338 155 0.4586
6646.0000 339 155 0.4572
6665.0000 340 155 0.4559
6684.0000 341 155 0.4545
6696.4000 341 156 0.4575
6698.3000 341 157 0.4604
6708.0000 342 157 0.4591
6725.0000 343 157 0.4577
6733.4000 343 158 0.4606
6745.0000 344 158 0.4593
6760.0000 345 158 0.4580
6771.6000 345 159 0.4609
6773.1000 345 160 0.4638
6779.9000 345 161 0.4667
6781.0000 346 161 0.4653
6793.2000 346 162 0.4682
6800.0000 347 162 0.4669
6816.0000 348 162 0.4655
6827.4000 348 163 0.4684
6839.0000 349 163 0.4670
6854.0000 350 163 0.4657
6874.0000 351 163 0.4644
6889.0000 352 163 0.4631
6893.6000 352 164 0.4659
6900.6000 352 165 0.4688
6909.0000 353 165 0.4674
6918.0000 353 166 0.4703
6930.0000 354 166 0.4689
6950.0000 354 167 0.4718
6951.0000 355 167 0.4704
6952.1000 355 168 0.4732
6971.0000 356 168 0.4719
6978.5000 356 169 0.4747
6995.0000 357 169 0.4734
7010.0000 358 169 0.4721
7011.9000 358 170 0.4749
7013.2000 358 171 0.4777
7014.6000 358 172 0.4804
7019.3000 358 173 0.4832
7020.0000 358 174 0.4860
7029.0000 359 174 0.4847
7043.1000 359 175 0.4875
7048.0000 360 175 0.4861
7071.0000 361 175 0.4848
7084.0000 361 176 0.4875
7093.0000 362 176 0.4862
7093.3000 362 177 0.4890
7108.0000 363 177 0.4876
7111.5000 363 178 0.4904
7130.0000 364 178 0.4890
7147.0000 365 178 0.4877
7163.0000 366 178 0.4863
7175.0000 366 179 0.4891
7175.4000 366 180 0.4918
7177.4000 366 181 0.4945
7180.0000 367 181 0.4932
7197.0000 368 181 0.4918
7218.9000 368 182 0.4946
7221.0000 369 182 0.4932
7240.0000 370 182 0.4919
7255.0000 371 182 0.4906
7272.0000 372 182 0.4892
7290.8000 372 183 0.4919
7296.0000 373 183 0.4906
7302.0000 373 184 0.4933
7304.9000 373 185 0.4960
7313.7000 373 186 0.4987
7319.0000 374 186 0.4973
7333.2000 374 187 0.5000
7335.0000 375 187 0.4987
7351.9000 375 188 0.5013
7358.0000 376 188 0.5000
7367.4000 376 189 0.5027
7378.0000 377 189 0.5013
7381.1000 377 190 0.5040
7394.0000 378 190 0.5026
7411.0000 379 190 0.5013
7413.3000 379 191 0.5040
7415.2000 379 192 0.5066
7435.0000 380 192 0.5053
7436.5000 380 193 0.5079
7459.0000 381 193 0.5066
7480.0000 382 193 0.5052
7493.2000 382 194 0.5079
7498.0000 383 194 0.5065
7514.0000 384 194 0.5052
7536.0000 385 194 0.5039
7559.0000 386 194 0.5026
7574.0000 387 194 0.5013
7593.4000 387 195 0.5039
7595.0000 388 195 0.5026
7596.2000 388 196 0.5052
7600.5000 388 197 0.5077
7613.0000 389 197 0.5064
7632.0000 390 197 0.5051
7656.0000 391 197 0.5038
7673.0000 392 197 0.5026
7677.6000 392 198 0.5051
7696.0000 393 198 0.5038
7696.9000 393 199 0.5064
7710.0000 393 200 0.5089
7713.0000 394 200 0.5076
7730.0000 395 200 0.5063
7734.1000 395 201 0.5089
7745.0000 396 201 0.5076
7762.0000 397 201 0.5063
7775.4000 397 202 0.5088
7784.0000 398 202 0.5075
7804.0000 399 202 0.5063
7822.0000 400 202 0.5050
7840.0000 401 202 0.5037
7858.0000 402 202 0.5025
7874.0000 403 202 0.5012
7876.9000 403 203 0.5037
7882.6000 403 204 0.5062
7889.8000 403 205 0.5087
7895.0000 404 205 0.5074
7914.0000 405 205 0.5062
7931.0000 406 205 0.5049
7936.7000 406 206 0.5074
7948.0000 407 206 0.5061
7960.9000 407 207 0.5086
7972.0000 408 207 0.5074
7973.5000 408 208 0.5098
7987.0000 409 208 0.5086
7992.4000 409 209 0.5110
8002.0000 410 209 0.5098
8024.0000 411 209 0.5085
8040.0000 412 209 0.5073
8041.7000 412 210 0.5097
8059.0000 413 210 0.5085
8059.2000 413 211 0.5109
8082.0000 414 211 0.5097
8099.0000 415 211 0.5084
8116.0000 416 211 0.5072
8137.0000 417 211 0.5060
8158.0000 418 211 0.5048
8173.0000 419 211 0.5036
8190.0000 420 211 0.5024
8205.0000 421 211 0.5012
8205.7000 421 212 0.5036
8227.0000 422 212 0.5024
8236.3000 422 213 0.5047
8237.1000 422 214 0.5071
8251.0000 423 214 0.5059
8270.0000 423 215 0.5083
8271.7000 423 216 0.5106
8272.4000 423 217 0.5130
8272.6000 423 218 0.5154
8275.0000 424 218 0.5142
8297.0000 425 218 0.5129
8317.0000 426 218 0.5117
8336.0000 427 218 0.5105
8353.7000 427 219 0.5129
8359.0000 428 219 0.5117
8365.6000 428 220 0.5140
8375.0000 429 220 0.5128
8396.0000 430 220 0.5116
8404.7000 430 221 0.5140
8414.0000 431 221 0.5128
8428.2000 431 222 0.5151
8437.0000 432 222 0.5139
8445.8000 432 223 0.5162
8453.0000 433 223 0.5150
8468.0000 434 223 0.5138
8492.0000 435 223 0.5126
8508.6000 435 224 0.5149
8510.0000 436 224 0.5138
8525.0000 437 224 0.5126
8544.0000 438 224 0.5114
8566.0000 439 224 0.5103
8578.2000 439 225 0.5125
8586.0000 440 225 0.5114
8609.0000 441 225 0.5102
8625.0000 442 225 0.5090
8630.3000 442 226 0.5113
8630.8000 442 227 0.5136
8641.8000 442 228 0.5158
8643.7000 442 229 0.5181
8644.0000 443 229 0.5169
8663.0000 444 229 0.5158
8663.0000 444 230 0.5180
8681.0000 445 230 0.5169
8697.0000 446 230 0.5157
8712.0000 446 231 0.5179
8719.0000 447 231 0.5168
8743.0000 448 231 0.5156
8748.8000 448 232 0.5179
8752.1000 448 233 0.5201
8767.0000 449 233 0.5189
8778.0000 449 234 0.5212
8784.0000 450 234 0.5200
8800.0000 451 234 0.5188
8823.0000 452 234 0.5177
8829.6000 452 235 0.5199
8839.0000 453 235 0.5188
8854.0000 454 235 0.5176
8862.7000 454 236 0.5198
8869.0000 455 236 0.5187
8873.3000 455 237 0.5209
8888.6000 455 238 0.5231
8892.0000 456 238 0.5219
8911.0000 457 238 0.5208
8929.0000 458 238 0.5197
8943.7000 458 239 0.5218
8944.0000 459 239 0.5207
8955.3000 459 240 0.5229
8955.8000 459 241 0.5251
8961.0000 460 241 0.5239
8968.6000 460 242 0.5261
8979.0000 461 242 0.5249
8997.0000 462 242 0.5238
9006.3000 462 243 0.5260
9011.3000 462 244 0.5281
9013.0000 463 244 0.5270
9035.0000 464 244 0.5259
9058.0000 465 244 0.5247
9067.4000 465 245 0.5269
9073.0000 466 245 0.5258
9093.5000 466 246 0.5279
9095.0000 467 246 0.5268
9119.0000 468 246 0.5256
9124.0000 468 247 0.5278
9143.0000 469 247 0.5267
9162.0000 470 247 0.5255
9167.1000 470 248 0.5277
9186.0000 471 248 0.5265
9196.5000 471 249 0.5287
9209.0000 472 249 0.5275
9209.2000 472 250 0.5297
9224.0000 473 250 0.5285
9245.0000 474 250 0.5274
9264.0000 475 250 0.5263
9285.7000 475 251 0.5284
9288.0000 476 251 0.5273
9294.6000 476 252 0.5294
9304.2000 476 253 0.5315
9306.5000 476 254 0.5336
9310.0000 477 254 0.5325
9314.5000 477 255 0.5346
9326.0000 478 255 0.5335
9341.0000 479 255 0.5324
9342.7000 479 256 0.5344
9365.0000 480 256 0.5333
9382.6000 480 257 0.5354
9387.0000 481 257 0.5343
9403.0000 482 257 0.5332
9426.0000 483 257 0.5321
9444.0000 484 257 0.5310
9468.0000 485 257 0.5299
9485.0000 486 257 0.5288
9503.0000 487 257 0.5277
9527.0000 488 257 0.5266
9537.7000 488 258 0.5287
9542.6000 488 259 0.5307
9546.1000 488 260 0.5328
9550.0000 489 260 0.5317
9558.5000 489 261 0.5337
9566.1000 489 262 0.5358
9573.0000 490 262 0.5347
9589.2000 490 263 0.5367
9591.0000 491 263 0.5356
9614.0000 492 263 0.5346
9632.0000 493 263 0.5335
9653.0000 494 263 0.5324
9669.8000 494 264 0.5344
9670.2000 494 265 0.5364
9674.9000 494 266 0.5385
9676.0000 495 266 0.5374
9693.0000 496 266 0.5363
9715.0000 497 266 0.5352
9736.0000 498 266 0.5341
9738.5000 498 267 0.5361
9747.7000 498 268 0.5382
9748.3000 498 269 0.5402
9750.0000 498 270 0.5422
9752.0000 499 270 0.5411
9776.0000 500 270 0.5400
9791.4000 500 271 0.5420
9793.4000 500 272 0.5440
9799.0000 501 272 0.5429
9821.0000 502 272 0.5418
9837.0000 503 272 0.5408
9846.7000 503 273 0.5427
9861.0000 504 273 0.5417
9879.0000 505 273 0.5406
9884.5000 505 274 0.5426
9894.0000 506 274 0.5415
9909.0000 507 274 0.5404
9927.0000 508 274 0.5394
9946.0000 509 274 0.5383
9949.2000 509 275 0.5403
9951.6000 509 276 0.5422
9969.0000 510 276 0.5412
9988.0000 511 276 0.5401
9990.6000 511 277 0.5421
10007.0000 512 277 0.5410
10024.0000 513 277 0.5400
10026.8000 513 278 0.5419
10043.8000 513 279 0.5439
10044.0000 514 279 0.5428
10050.2000 514 280 0.5447
10067.0000 515 280 0.5437
10087.0000 516 280 0.5426
10111.0000 517 280 0.5416
10117.9000 517 281 0.5435
10132.0000 518 281 0.5425
10154.0000 519 281 0.5414
10177.0000 520 281 0.5404
10194.0000 521 281 0.5393
10216.0000 522 281 0.5383
10235.0000 523 281 0.5373
10257.0000 524 281 0.5363
10281.0000 525 281 0.5352
10300.0000 526 281 0.5342
10303.6000 526 282 0.5361
10304.8000 526 283 0.5380
10320.0000 527 283 0.5370
10343.0000 528 283 0.5360
10345.9000 528 284 0.5379
10366.0000 529 284 0.5369
10373.6000 529 285 0.5388
10382.0000 530 285 0.5377
10401.6000 530 286 0.5396
10402.0000 531 286 0.5386
10416.0000 531 287 0.5405
10423.0000 532 287 0.5395
10439.6000 532 288 0.5414
10441.0000 533 288 0.5403
10442.7000 533 289 0.5422
10461.0000 534 289 0.5412
10480.0000 535 289 0.5402
10496.9000 535 290 0.5421
10497.0000 536 290 0.5410
10518.0000 537 290 0.5400
10524.1000 537 291 0.5419
10537.0000 538 291 0.5409
10537.2000 538 292 0.5428
10552.3000 538 293 0.5446
10553.5000 538 294 0.5465
10555.0000 539 294 0.5455
10555.3000 539 295 0.5473
10571.0000 540 295 0.5463
10591.0000 541 295 0.5453
10615.0000 542 295 0.5443
10637.0000 543 295 0.5433
10645.7000 543 296 0.5451
10657.0000 544 296 0.5441
10666.1000 544 297 0.5460
10681.0000 545 297 0.5450
10703.0000 546 297 0.5440
10726.0000 547 297 0.5430
10748.0000 548 297 0.5420
10748.4000 548 298 0.5438
10768.0000 549 298 0.5428
10781.7000 549 299 0.5446
10788.0000 550 299 0.5436
10807.0000 550 300 0.5455
10807.6000 550 301 0.5473
10808.0000 551 301 0.5463
10823.0000 552 301 0.5453
10842.0000 553 301 0.5443
10866.0000 554 301 0.5433
10875.1000 554 302 0.5451
10877.9000 554 303 0.5469
10885.0000 555 303 0.5459
10907.0000 556 303 0.5450
10925.0000 557 303 0.5440
10942.0000 558 303 0.5430
10966.0000 559 303 0.5420
10967.7000 559 304 0.5438
10983.0000 560 304 0.5429
11006.0000 561 304 0.5419
11018.7000 561 305 0.5437
11019.7000 561 306 0.5455
11020.9000 561 307 0.5472
11021.3000 561 308 0.5490
11023.0000 562 308 0.5480
11046.0000 563 308 0.5471
11064.3000 563 309 0.5488
11068.0000 564 309 0.5479
11084.0000 565 309 0.5469
11102.0000 566 309 0.5459
11116.8000 566 310 0.5477
11120.0000 567 310 0.5467
11126.6000 567 311 0.5485
11143.0000 568 311 0.5475
11166.0000 569 311 0.5466
11171.9000 569 312 0.5483
11178.5000 569 313 0.5501
11182.0000 570 313 0.5491
11197.6000 570 314 0.5509
11201.0000 571 314 0.5499
11207.5000 571 315 0.5517
11210.6000 571 316 0.5534
11218.0000 572 316 0.5524
11238.0000 573 316 0.5515
11252.6000 573 317 0.5532
11253.1000 573 318 0.5550
11256.4000 573 319 0.5567
11260.0000 574 319 0.5557
11265.1000 574 320 0.5575
11272.2000 574 321 0.5592
11280.0000 575 321 0.5583
11298.0000 576 321 0.5573
11307.1000 576 322 0.5590
11308.0000 576 323 0.5608
11311.9000 576 324 0.5625
11319.0000 577 324 0.5615
11322.5000 577 325 0.5633
11343.0000 578 325 0.5623
11363.0000 579 325 0.5613
11381.0000 580 325 0.5603
11392.0000 580 326 0.5621
11394.7000 580 327 0.5638
11405.0000 581 327 0.5628
11424.0000 582 327 0.5619
11432.9000 582 328 0.5636
11443.0000 583 328 0.5626
11460.4000 583 329 0.5643
11461.2000 583 330 0.5660
11467.0000 584 330 0.5651
11491.0000 585 330 0.5641
11511.0000 586 330 0.5631
11529.0000 587 330 0.5622
11534.3000 587 331 0.5639
11547.0000 588 331 0.5629
11562.9000 588 332 0.5646
11566.0000 589 332 0.5637
11586.0000 590 332 0.5627
11610.0000 591 332 0.5618
11611.8000 591 333 0.5635
11621.7000 591 334 0.5651
11626.0000 592 334 0.5642
11640.2000 592 335 0.5659
11650.0000 593 335 0.5649
11665.0000 594 335 0.5640
11668.9000 594 336 0.5657
11680.0000 595 336 0.5647
11685.7000 595 337 0.5664
11688.0000 595 338 0.5681
11696.0000 596 338 0.5671
11700.3000 596 339 0.5688
11711.0000 597 339 0.5678
11731.0000 598 339 0.5669
11745.3000 598 340 0.5686
11755.0000 599 340 0.5676
11769.2000 599 341 0.5693
11771.0000 600 341 0.5683
11789.8000 600 342 0.5700
11790.0000 601 342 0.5691
11805.5000 601 343 0.5707
11809.0000 602 343 0.5698
11809.6000 602 344 0.5714
11827.0000 603 344 0.5705
11851.0000 604 344 0.5695
11867.0000 605 344 0.5686
11885.0000 606 344 0.5677
11907.0000 607 344 0.5667
11921.2000 607 345 0.5684
11925.2000 607 346 0.5700
11929.0000 608 346 0.5691
11948.0000 609 346 0.5681
11959.7000 609 347 0.5698
11971.0000 610 347 0.5689
11990.1000 610 348 0.5705
11995.0000 611 348 0.5696
12012.0000 612 348 0.5686
12033.0000 613 348 0.5677
12042.0000 613 349 0.5693
12048.0000 614 349 0.5684
12050.3000 614 350 0.5700
12070.0000 615 350 0.5691
12070.6000 615 351 0.5707
12073.0000 615 352 0.5724
12075.7000 615 353 0.5740
12088.0000 616 353 0.5731
12104.0000 617 353 0.5721
12124.0000 618 353 0.5712
12145.0000 619 353 0.5703
12153.5000 619 354 0.5719
12155.1000 619 355 0.5735
12165.0000 620 355 0.5726
12184.3000 620 356 0.5742
12189.0000 621 356 0.5733
12209.0000 622 356 0.5723
12218.2000 622 357 0.5740
12226.0000 623 357 0.5730
12249.0000 624 357 0.5721
12261.7000 624 358 0.5737
12270.0000 625 358 0.5728
12287.0000 626 358 0.5719
12288.8000 626 359 0.5735
12294.9000 626 360 0.5751
12303.3000 626 361 0.5767
12304.8000 626 362 0.5783
12305.0000 627 362 0.5774
12309.2000 627 363 0.5789
12314.5000 627 364 0.5805
12323.0000 628 364 0.5796
12330.6000 628 365 0.5812
12339.0000 629 365 0.5803
12358.0000 630 365 0.5794
12377.0000 631 365 0.5784
12399.0000 632 365 0.5775
12421.0000 633 365 0.5766
12435.4000 633 366 0.5782
12437.3000 633 367 0.5798
12444.0000 634 367 0.5789
12444.7000 634 368 0.5804
12463.0000 635 368 0.5795
12479.0000 636 368 0.5786
12488.4000 636 369 0.5802
12492.0000 636 370 0.5818
12497.0000 637 370 0.5808
12518.0000 638 370 0.5799
12525.4000 638 371 0.5815
12538.0000 639 371 0.5806
12556.0000 640 371 0.5797
12575.0000 641 371 0.5788
12592.4000 641 372 0.5803
12596.0000 642 372 0.5794
12611.0000 643 372 0.5785
12635.0000 644 372 0.5776
12655.0000 645 372 0.5767
12669.5000 645 373 0.5783
12670.8000 645 374 0.5798
12672.0000 646 374 0.5789
12680.1000 646 375 0.5805
12690.4000 646 376 0.5820
12691.0000 647 376 0.5811
12691.0000 647 377 0.5827
12713.0000 648 377 0.5818
12726.0000 648 378 0.5833
12727.4000 648 379 0.5849
12729.9000 648 380 0.5864
12737.0000 649 380 0.5855
12746.5000 649 381 0.5871
12761.0000 650 381 0.5862
12781.0000 651 381 0.5853
12798.0000 652 381 0.5844
12818.0000 653 381 0.5835
12830.3000 653 382 0.5850
12836.3000 653 383 0.5865
12839.0000 654 383 0.5856
12840.3000 654 384 0.5872
12863.0000 655 384 0.5863
12884.0000 656 384 0.5854
12901.0000 657 384 0.5845
12919.0000 658 384 0.5836
12919.2000 658 385 0.5851
12936.0000 659 385 0.5842
12954.0000 660 385 0.5833
12971.0000 661 385 0.5825
12976.7000 661 386 0.5840
12985.9000 661 387 0.5855
12986.0000 662 387 0.5846
12993.5000 662 388 0.5861
12995.5000 662 389 0.5876
13009.0000 663 389 0.5867
13029.0000 664 389 0.5858
13048.0000 665 389 0.5850
13069.0000 666 389 0.5841
13080.5000 666 390 0.5856
13090.0000 667 390 0.5847
13092.7000 667 391 0.5862
13112.0000 668 391 0.5853
13123.3000 668 392 0.5868
13132.3000 668 393 0.5883
13135.0000 669 393 0.5874
13137.7000 669 394 0.5889
13146.6000 669 395 0.5904
13157.0000 670 395 0.5896
13175.0000 671 395 0.5887
13182.3000 671 396 0.5902
13195.2000 671 397 0.5917
13198.0000 672 397 0.5908
13198.6000 672 398 0.5923
13222.0000 673 398 0.5914
13237.0000 674 398 0.5905
13261.0000 675 398 0.5896
13262.9000 675 399 0.5911
13279.0000 676 399 0.5902
13289.1000 676 400 0.5917
13289.7000 676 401 0.5932
13291.4000 676 402 0.5947
13303.0000 677 402 0.5938
13327.0000 678 402 0.5929
13327.1000 678 403 0.5944
13344.0000 679 403 0.5935
13362.7000 679 404 0.5950
13367.0000 680 404 0.5941
13370.8000 680 405 0.5956
13385.0000 681 405 0.5947
13400.0000 682 405 0.5938
13420.6000 682 406 0.5953
13422.0000 683 406 0.5944
13439.0000 684 406 0.5936
13462.7000 684 407 0.5950
13463.0000 685 407 0.5942
13485.0000 686 407 0.5933
13501.0000 687 407 0.5924
13522.0000 688 407 0.5916
13539.1000 688 408 0.5930
13543.0000 689 408 0.5922
13558.0000 690 408 0.5913
13578.0000 691 408 0.5904
13589.2000 691 409 0.5919
13597.0000 692 409 0.5910
13601.2000 692 410 0.5925
13605.2000 692 411 0.5939
13612.0000 693 411 0.5931
13622.2000 693 412 0.5945
13633.0000 694 412 0.5937
13649.5000 694 413 0.5951
13654.0000 695 413 0.5942
13674.0000 696 413 0.5934
13685.8000 696 414 0.5948
13689.0000 697 414 0.5940
13701.0000 697 415 0.5954
13713.0000 698 415 0.5946
13723.2000 698 416 0.5960
13730.5000 698 417 0.5974
13733.0000 699 417 0.5966
13750.0000 700 417 0.5957
13770.6000 700 418 0.5971
13771.0000 701 418 0.5963
13787.0000 702 418 0.5954
13808.0000 703 418 0.5946
13808.8000 703 419 0.5960
13814.1000 703 420 0.5974
13831.0000 704 420 0.5966
13853.0000 705 420 0.5957
13874.0000 706 420 0.5949
13876.3000 706 421 0.5963
13894.0000 707 421 0.5955
13915.0000 708 421 0.5946
13929.2000 708 422 0.5960
13930.0000 708 423 0.5975
13937.0000 709 423 0.5966
13952.0000 710 423 0.5958
13955.8000 710 424 0.5972
13957.0000 710 425 0.5986
13976.0000 711 425 0.5977
13994.0000 712 425 0.5969
14011.0000 713 425 0.5961
14016.7000 713 426 0.5975
14032.0000 714 426 0.5966
14056.0000 715 426 0.5958
14064.0000 715 427 0.5972
14077.0000 716 427 0.5964
14086.0000 716 428 0.5978
14092.0000 717 428 0.5969
14107.0000 718 428 0.5961
14108.3000 718 429 0.5975
14123.0000 719 429 0.5967
14147.0000 720 429 0.5958
14167.0000 721 429 0.5950
14186.0000 722 429 0.5942
14204.0000 723 429 0.5934
14207.1000 723 430 0.5947
14224.8000 723 431 0.5961
14225.0000 724 431 0.5953
14231.4000 724 432 0.5967
14239.1000 724 433 0.5981
14245.0000 725 433 0.5972
14262.7000 725 434 0.5986
14267.0000 726 434 0.5978
14283.7000 726 435 0.5992
14286.0000 727 435 0.5983
14304.0000 728 435 0.5975
14323.0000 729 435 0.5967
14342.0000 729 436 0.5981
14343.0000 730 436 0.5973
14363.0000 731 436 0.5964
14367.5000 731 437 0.5978
14385.0000 732 437 0.5970
14386.1000 732 438 0.5984
14391.2000 732 439 0.5997
14404.0000 733 439 0.5989
14420.0000 734 439 0.5981
14433.2000 734 440 0.5995
14441.0000 735 440 0.5986
14456.0000 736 440 0.5978
14466.4000 736 441 0.5992
14475.0000 737 441 0.5984
14499.0000 738 441 0.5976
14523.0000 739 441 0.5968
14544.0000 740 441 0.5959
14568.0000 741 441 0.5951
14588.0000 742 441 0.5943
14603.0000 743 441 0.5935
14618.0000 744 441 0.5927
14629.5000 744 442 0.5941
14630.7000 744 443 0.5954
14637.5000 744 444 0.5968
14639.0000 745 444 0.5960
14639.1000 745 445 0.5973
14655.0000 746 445 0.5965
14676.0000 747 445 0.5957
14696.0000 748 445 0.5949
14718.0000 749 445 0.5941
14733.2000 749 446 0.5955
14736.0000 750 446 0.5947
14746.0000 750 447 0.5960
14756.0000 751 447 0.5952
14773.0000 752 447 0.5944
14790.0000 753 447 0.5936
14809.0000 754 447 0.5928
14831.0000 755 447 0.5921
14848.0000 756 447 0.5913
14867.0000 757 447 0.5905
14889.0000 758 447 0.5897
14905.0000 759 447 0.5889
14910.5000 759 448 0.5903
14917.0000 759 449 0.5916
14917.5000 759 450 0.5929
14927.0000 760 450 0.5921
14942.0000 761 450 0.5913
14961.0000 762 450 0.5906
14965.6000 762 451 0.5919
14975.8000 762 452 0.5932
14984.0000 763 452 0.5924
14999.0000 764 452 0.5916
15001.4000 764 453 0.5929
15021.0000 765 453 0.5922
15032.7000 765 454 0.5935
15036.9000 765 455 0.5948
15041.0000 766 455 0.5940
15051.5000 766 456 0.5953
15058.0000 767 456 0.5945
15074.0000 768 456 0.5938
15080.6000 768 457 0.5951
15089.2000 768 458 0.5964
15093.0000 769 458 0.5956
15101.5000 769 459 0.5969
15114.0000 770 459 0.5961
15125.1000 770 460 0.5974
15128.4000 770 461 0.5987
15132.0000 771 461 0.5979
15149.0000 772 461 0.5972
15171.8000 772 462 0.5984
15172.0000 773 462 0.5977
15182.2000 773 463 0.5990
15190.0000 774 463 0.5982
15212.0000 775 463 0.5974
15235.0000 776 463 0.5966
15256.0000 777 463 0.5959
15275.3000 777 464 0.5972
15280.0000 778 464 0.5964
15297.0000 779 464 0.5956
15318.0000 780 464 0.5949
15336.0000 781 464 0.5941
15360.0000 782 464 0.5934
15381.0000 783 464 0.5926
15388.1000 783 465 0.5939
15395.7000 783 466 0.5951
15397.9000 783 467 0.5964
15399.0000 784 467 0.5957
15406.9000 784 468 0.5969
15419.0000 785 468 0.5962
15439.2000 785 469 0.5975
15441.0000 786 469 0.5967
15459.3000 786 470 0.5980
15465.0000 787 470 0.5972
15482.0000 788 470 0.5964
15500.8000 788 471 0.5977
15504.0000 789 471 0.5970
15517.2000 789 472 0.5982
15526.0000 790 472 0.5975
15546.2000 790 473 0.5987
15547.0000 791 473 0.5980
15569.0000 792 473 0.5972
15580.5000 792 474 0.5985
15583.0000 792 475 0.5997
15585.2000 792 476 0.6010
15591.0000 793 476 0.6003
15614.5000 793 477 0.6015
15615.0000 794 477 0.6008
15632.0000 795 477 0.6000
15635.5000 795 478 0.6013
15644.1000 795 479 0.6025
15651.0000 796 479 0.6018
15666.0000 797 479 0.6010
15681.0000 797 480 0.6023
15684.0000 798 480 0.6015
15708.0000 799 480 0.6008
15724.0000 800 480 0.6000
15744.5000 800 481 0.6013
15746.0000 801 481 0.6005
15764.0000 802 481 0.5998
15780.2000 802 482 0.6010
15782.0000 803 482 0.6002
15782.0000 803 483 0.6015
15793.3000 803 484 0.6027
15799.0000 804 484 0.6020
15815.0000 805 484 0.6012
15838.0000 806 484 0.6005
15854.0000 807 484 0.5998
15873.0000 808 484 0.5990
15880.0000 808 485 0.6002
15891.0000 808 486 0.6015
15894.0000 809 486 0.6007
15909.0000 810 486 0.6000
15927.0000 811 486 0.5993
15948.0000 812 486 0.5985
15953.1000 812 487 0.5998
15956.3000 812 488 0.6010
15967.0000 813 488 0.6002
15990.0000 814 488 0.5995
16006.1000 814 489 0.6007
16010.0000 815 489 0.6000
16014.2000 815 490 0.6012
16027.0000 816 490 0.6005
16028.7000 816 491 0.6017
16039.8000 816 492 0.6029
16042.0000 817 492 0.6022
16056.0000 817 493 0.6034
16060.9000 817 494 0.6047
16061.0000 818 494 0.6039
16062.0000 818 495 0.6051
16080.0000 819 495 0.6044
16104.0000 820 495 0.6037
16124.0000 821 495 0.6029
16139.0000 822 495 0.6022
16155.0000 823 495 0.6015
16160.5000 823 496 0.6027
16169.4000 823 497 0.6039
16175.0000 824 497 0.6032
16196.0000 825 497 0.6024
16201.0000 825 498 0.6036
16212.0000 826 498 0.6029
16219.2000 826 499 0.6041
16221.2000 826 500 0.6053
16230.0000 827 500 0.6046
16232.5000 827 501 0.6058
16245.0000 828 501 0.6051
16247.6000 828 502 0.6063
16261.0000 829 502 0.6055
16266.8000 829 503 0.6068
16281.0000 830 503 0.6060
16297.5000 830 504 0.6072
16301.0000 831 504 0.6065
16305.6000 831 505 0.6077
16318.0000 831 506 0.6089
16322.0000 832 506 0.6082
16338.0000 833 506 0.6074
16357.0000 834 506 0.6067
16380.0000 835 506 0.6060
16399.0000 836 506 0.6053
16405.7000 836 507 0.6065
16416.0000 837 507 0.6057
16427.7000 837 508 0.6069
16433.0000 838 508 0.6062
16455.0000 839 508 0.6055
16479.0000 840 508 0.6048
16479.3000 840 509 0.6060
16491.8000 840 510 0.6071
16495.5000 840 511 0.6083
16503.0000 841 511 0.6076
16520.1000 841 512 0.6088
16526.0000 842 512 0.6081
16547.0000 843 512 0.6074
16568.0000 844 512 0.6066
16588.9000 844 513 0.6078
16589.0000 845 513 0.6071
16596.9000 845 514 0.6083
16605.4000 845 515 0.6095
16610.0000 846 515 0.6087
16628.0000 847 515 0.6080
16635.4000 847 516 0.6092
16638.3000 847 517 0.6104
16646.0000 848 517 0.6097
16662.0000 849 517 0.6090
16662.2000 849 518 0.6101
16682.0000 850 518 0.6094
16699.0000 851 518 0.6087
16721.7000 851 519 0.6099
16723.0000 852 519 0.6092
16745.0000 853 519 0.6084
16749.3000 853 520 0.6096
16760.0000 854 520 0.6089
16783.0000 855 520 0.6082
16784.7000 855 521 0.6094
16788.7000 855 522 0.6105
16800.0000 856 522 0.6098
16818.0000 857 522 0.6091
16835.0000 858 522 0.6084
16849.2000 858 523 0.6096
16850.3000 858 524 0.6107
16852.1000 858 525 0.6119
16858.0000 859 525 0.6112
16862.6000 859 526 0.6123
16881.0000 860 526 0.6116
16901.0000 861 526 0.6109
16917.0000 862 526 0.6102
16935.0000 863 526 0.6095
16959.0000 864 526 0.6088
16979.0000 864 527 0.6100
16980.0000 865 527 0.6092
16988.3000 865 528 0.6104
16991.0000 865 529 0.6116
16997.0000 866 529 0.6109
17021.0000 867 529 0.6101
17037.9000 867 530 0.6113
17040.0000 868 530 0.6106
17063.0000 869 530 0.6099
17075.7000 869 531 0.6110
17079.1000 869 532 0.6122
17082.0000 870 532 0.6115
17105.0000 871 532 0.6108
17119.1000 871 533 0.6119
17126.0000 872 533 0.6112
17135.9000 872 534 0.6124
17143.0000 873 534 0.6117
17152.9000 873 535 0.6128
17162.0000 874 535 0.6121
17181.0000 875 535 0.6114
17181.9000 875 536 0.6126
17202.0000 876 536 0.6119
17206.4000 876 537 0.6130
17225.0000 877 537 0.6123
17240.0000 878 537 0.6116
17259.0000 879 537 0.6109
17278.0000 880 537 0.6102
17280.6000 880 538 0.6114
17287.8000 880 539 0.6125
17299.0000 881 539 0.6118
17313.2000 881 540 0.6129
17318.0000 882 540 0.6122
17330.9000 882 541 0.6134
17336.0000 883 541 0.6127
17338.6000 883 542 0.6138
17340.1000 883 543 0.6149
17341.7000 883 544 0.6161
17353.0000 884 544 0.6154
17357.6000 884 545 0.6165
17370.0000 885 545 0.6158
17371.3000 885 546 0.6169
17393.6000 885 547 0.6181
17394.0000 886 547 0.6174
17416.0000 887 547 0.6167
17439.0000 888 547 0.6160
17454.0000 889 547 0.6153
17469.2000 889 548 0.6164
17477.0000 890 548 0.6157
17480.2000 890 549 0.6169
17493.4000 890 550 0.6180
17497.0000 891 550 0.6173
17515.0000 892 550 0.6166
17535.0000 893 550 0.6159
17557.9000 893 551 0.6170
17558.0000 894 551 0.6163
17574.0000 895 551 0.6156
17598.0000 896 551 0.6150
17619.0000 897 551 0.6143
17632.9000 897 552 0.6154
17639.0000 898 552 0.6147
17654.0000 899 552 0.6140
17672.0000 900 552 0.6133
17690.0000 901 552 0.6127
17703.5000 901 553 0.6138
17710.0000 902 553 0.6131
17734.0000 903 553 0.6124
17751.0000 904 553 0.6117
17772.5000 904 554 0.6128
17772.6000 904 555 0.6139
17773.8000 904 556 0.6150
17774.0000 905 556 0.6144
17774.2000 905 557 0.6155
17780.9000 905 558 0.6166
17793.0000 906 558 0.6159
17808.0000 907 558 0.6152
17814.3000 907 559 0.6163
17817.4000 907 560 0.6174
17826.0000 908 560 0.6167
17845.6000 908 561 0.6178
17846.0000 909 561 0.6172
17864.0000 910 561 0.6165
17865.2000 910 562 0.6176
17884.0000 911 562 0.6169
17899.0000 912 562 0.6162
17917.0000 913 562 0.6156
17922.1000 913 563 0.6166
17934.5000 913 564 0.6177
17936.0000 914 564 0.6171
17943.7000 914 565 0.6182
17958.0000 915 565 0.6175
17960.0000 915 566 0.6186
17972.6000 915 567 0.6197
17976.0000 916 567 0.6190
18000.0000 917 567 0.6183
18017.9000 917 568 0.6194
18021.0000 918 568 0.6187
18033.2000 918 569 0.6198
18040.0000 919 569 0.6192
18059.0000 920 569 0.6185
18077.0000 921 569 0.6178
18092.0000 922 569 0.6171
18104.0000 922 570 0.6182
18112.1000 922 571 0.6193
18113.0000 923 571 0.6186
18124.5000 923 572 0.6197
18132.0000 924 572 0.6190
18151.7000 924 573 0.6201
18154.8000 924 574 0.6212
18155.0000 925 574 0.6205
18169.3000 925 575 0.6216
18177.0000 926 575 0.6210
18192.0000 927 575 0.6203
18214.0000 928 575 0.6196
18221.6000 928 576 0.6207
18236.0000 929 576 0.6200
18259.0000 930 576 0.6194
18275.0000 931 576 0.6187
18298.0000 932 576 0.6180
18302.4000 932 577 0.6191
18309.0000 932 578 0.6202
18316.7000 932 579 0.6212
18321.0000 933 579 0.6206
18328.6000 933 580 0.6217
18340.0000 934 580 0.6210
18342.8000 934 581 0.6221
18353.1000 934 582 0.6231
18364.0000 935 582 0.6225
18365.4000 935 583 0.6235
18383.0000 936 583 0.6229
18383.6000 936 584 0.6239
18395.4000 936 585 0.6250
18402.0000 937 585 0.6243
18425.0000 938 585 0.6237
18449.0000 939 585 0.6230
18461.5000 939 586 0.6241
18471.3000 939 587 0.6251
18473.0000 940 587 0.6245
18488.0000 941 587 0.6238
18512.0000 942 587 0.6231
18517.2000 942 588 0.6242
18534.0000 943 588 0.6235
18549.0000 944 588 0.6229
18562.4000 944 589 0.6239
18570.0000 945 589 0.6233
18574.7000 945 590 0.6243
18590.0000 946 590 0.6237
18613.0000 947 590 0.6230
18632.0000 948 590 0.6224
18653.0000 949 590 0.6217
18677.0000 950 590 0.6211
18696.0000 951 590 0.6204
18704.5000 951 591 0.6215
18715.0000 952 591 0.6208
18738.0000 953 591 0.6201
18753.0000 954 591 0.6195
18768.0000 955 591 0.6188
18784.5000 955 592 0.6199
18786.0000 956 592 0.6192
18787.0000 956 593 0.6203
18790.3000 956 594 0.6213
18809.0000 957 594 0.6207
18828.0000 958 594 0.6200
18841.3000 958 595 0.6211
18842.9000 958 596 0.6221
18845.0000 959 596 0.6215
18849.6000 959 597 0.6225
18862.0000 960 597 0.6219
18884.0000 961 597 0.6212
18888.6000 961 598 0.6223
18894.3000 961 599 0.6233
18894.5000 961 600 0.6243
18897.2000 961 601 0.6254
18899.0000 962 601 0.6247
18922.0000 963 601 0.6241
18939.0000 964 601 0.6234
18945.5000 964 602 0.6245
18952.4000 964 603 0.6255
18954.2000 964 604 0.6266
18956.0000 965 604 0.6259
18964.9000 965 605 0.6269
18965.8000 965 606 0.6280
18977.0000 966 606 0.6273
18980.9000 966 607 0.6284
18993.0000 967 607 0.6277
18993.4000 967 608 0.6287
19015.0000 968 608 0.6281
19037.0000 969 608 0.6275
19055.0000 970 608 0.6268
19072.0000 971 608 0.6262
19087.0000 972 608 0.6255
19095.8000 972 609 0.6265
19108.0000 973 609 0.6259
19129.0000 974 609 0.6253
19151.0000 975 609 0.6246
19162.0000 975 610 0.6256
19173.0000 976 610 0.6250
19192.0000 977 610 0.6244
19211.0000 978 610 0.6237
19231.0000 979 610 0.6231
19254.0000 980 610 0.6224
19277.0000 981 610 0.6218
19301.0000 982 610 0.6212
19310.4000 982 611 0.6222
19313.4000 982 612 0.6232
19316.0000 983 612 0.6226
19340.0000 984 612 0.6220
19355.0000 985 612 0.6213
19373.0000 986 612 0.6207
19391.0000 987 612 0.6201
19406.0000 988 612 0.6194
19418.6000 988 613 0.6204
19423.0000 989 613 0.6198
19431.3000 989 614 0.6208
19439.0000 990 614 0.6202
19455.0000 991 614 0.6196
19457.1000 991 615 0.6206
19479.0000 992 615 0.6200
19496.9000 992 616 0.6210
19497.0000 993 616 0.6203
19498.3000 993 617 0.6213
19518.9000 993 618 0.6224
19521.0000 994 618 0.6217
19527.5000 994 619 0.6227
19530.6000 994 620 0.6237
19533.8000 994 621 0.6247
19542.0000 995 621 0.6241
19565.0000 996 621 0.6235
19586.0000 997 621 0.6229
19601.0000 998 621 0.6222
19622.0000 999 621 0.6216
19623.4000 999 622 0.6226
19625.1000 999 623 0.6236
19641.0000 1000 623 0.6230
19660.0000 1001 623 0.6224
19669.0000 1001 624 0.6234
19677.0000 1002 624 0.6228
19692.0000 1003 624 0.6221
19716.0000 1004 624 0.6215
19726.2000 1004 625 0.6225
19739.0000 1005 625 0.6219
19755.0000 1006 625 0.6213
19770.0000 1007 625 0.6207
19783.2000 1007 626 0.6216
19792.0000 1008 626 0.6210
19815.0000 1009 626 0.6204
19816.1000 1009 627 0.6214
19826.5000 1009 628 0.6224
19833.0000 1010 628 0.6218
19852.0000 1011 628 0.6212
19876.0000 1012 628 0.6206
19891.0000 1013 628 0.6199
19908.0000 1014 628 0.6193
19924.9000 1014 629 0.6203
19927.3000 1014 630 0.6213
19932.0000 1015 630 0.6207
19954.3000 1015 631 0.6217
19956.0000 1016 631 0.6211
19968.8000 1016 632 0.6220
19970.9000 1016 633 0.6230
19976.0000 1017 633 0.6224
19994.8000 1017 634 0.6234
19998.0000 1018 634 0.6228
20019.0000 1019 634 0.6222
20034.0000 1020 634 0.6216
20039.7000 1020 635 0.6225
20054.8000 1020 636 0.6235
20054.9000 1020 637 0.6245
20057.0000 1021 637 0.6239
20072.6000 1021 638 0.6249
20075.0000 1022 638 0.6243
20094.0000 1023 638 0.6237
20095.0000 1023 639 0.6246
20095.0000 1023 640 0.6256
20118.0000 1024 640 0.6250
20135.0000 1025 640 0.6244
20157.0000 1026 640 0.6238
20179.0000 1027 640 0.6232
20197.0000 1028 640 0.6226
20198.4000 1028 641 0.6235
20199.1000 1028 642 0.6245
20204.0000 1028 643 0.6255
20204.5000 1028 644 0.6265
20208.5000 1028 645 0.6274
20221.0000 1029 645 0.6268
20237.0000 1030 645 0.6262
20259.0000 1031 645 0.6256
20276.0000 1032 645 0.6250
20293.0000 1033 645 0.6244
20308.0000 1034 645 0.6238
20325.7000 1034 646 0.6248
20325.8000 1034 647 0.6257
20327.0000 1035 647 0.6251
20349.5000 1035 648 0.6261
20350.0000 1036 648 0.6255
20366.0000 1037 648 0.6249
20373.6000 1037 649 0.6258
20375.1000 1037 650 0.6268
20385.0000 1038 650 0.6262
20401.0000 1039 650 0.6256
20421.0000 1040 650 0.6250
20437.0000 1041 650 0.6244
20461.0000 1042 650 0.6238
20463.4000 1042 651 0.6248
20475.8000 1042 652 0.6257
20475.9000 1042 653 0.6267
20485.0000 1043 653 0.6261
20506.4000 1043 654 0.6270
20508.0000 1043 655 0.6280
20508.0000 1044 655 0.6274
20523.9000 1044 656 0.6284
20532.0000 1045 656 0.6278
20533.4000 1045 657 0.6287
20534.5000 1045 658 0.6297
20554.0000 1046 658 0.6291
20558.0000 1046 659 0.6300
20576.0000 1047 659 0.6294
20582.9000 1047 660 0.6304
20589.8000 1047 661 0.6313
20594.0000 1048 661 0.6307
20611.0000 1049 661 0.6301
20635.0000 1050 661 0.6295
20653.5000 1050 662 0.6305
20655.0000 1051 662 0.6299
20664.0000 1051 663 0.6308
20673.0000 1052 663 0.6302
20691.0000 1053 663 0.6296
20693.0000 1053 664 0.6306
20706.0000 1054 664 0.6300
20719.6000 1054 665 0.6309
20724.0000 1055 665 0.6303
20735.7000 1055 666 0.6313
20744.0000 1056 666 0.6307
20766.0000 1057 666 0.6301
20782.0000 1058 666 0.6295
20800.0000 1059 666 0.6289
20801.3000 1059 667 0.6298
20814.8000 1059 668 0.6308
20819.6000 1059 669 0.6317
20821.0000 1060 669 0.6311
20840.9000 1060 670 0.6321
20842.1000 1060 671 0.6330
20844.0000 1061 671 0.6324
20855.4000 1061 672 0.6334
20857.6000 1061 673 0.6343
20860.6000 1061 674 0.6352
20864.0000 1062 674 0.6347
20880.6000 1062 675 0.6356
20888.0000 1063 675 0.6350
20911.0000 1064 675 0.6344
20931.0000 1065 675 0.6338
20952.0000 1066 675 0.6332
20968.0000 1067 675 0.6326
20979.6000 1067 676 0.6336
20988.9000 1067 677 0.6345
20990.0000 1068 677 0.6339
21007.0000 1069 677 0.6333
21007.6000 1069 678 0.6342
21008.6000 1069 679 0.6352
21031.0000 1070 679 0.6346
21035.2000 1070 680 0.6355
21055.0000 1071 680 0.6349
21077.0000 1072 680 0.6343
21078.0000 1072 681 0.6353
21092.0000 1073 681 0.6347
21096.9000 1073 682 0.6356
21116.0000 1074 682 0.6350
21132.0000 1075 682 0.6344
21140.1000 1075 683 0.6353
21148.0000 1076 683 0.6348
21166.0000 1077 683 0.6342
21182.9000 1077 684 0.6351
21184.0000 1078 684 0.6345
21189.4000 1078 685 0.6354
21189.7000 1078 686 0.6364
21204.0000 1079 686 0.6358
21214.0000 1079 687 0.6367
21223.0000 1080 687 0.6361
21225.8000 1080 688 0.6370
21235.3000 1080 689 0.6380
21247.0000 1081 689 0.6374
21271.0000 1082 689 0.6368
21280.7000 1082 690 0.6377
21292.0000 1083 690 0.6371
21309.0000 1084 690 0.6365
21325.4000 1084 691 0.6375
21327.0000 1085 691 0.6369
21328.3000 1085 692 0.6378
21351.0000 1086 692 0.6372
21358.1000 1086 693 0.6381
21367.7000 1086 694 0.6390
21368.0000 1087 694 0.6385
21370.7000 1087 695 0.6394
21387.0000 1088 695 0.6388
21407.0000 1089 695 0.6382
21411.3000 1089 696 0.6391
21424.0000 1090 696 0.6385
21443.5000 1090 697 0.6394
21444.0000 1091 697 0.6389
21460.9000 1091 698 0.6398
21463.0000 1092 698 0.6392
21483.0000 1093 698 0.6386
21505.0000 1094 698 0.6380
21523.0000 1095 698 0.6374
21539.0000 1096 698 0.6369
21544.5000 1096 699 0.6378
21556.0000 1097 699 0.6372
21567.0000 1097 700 0.6381
21575.0000 1097 701 0.6390
21577.0000 1098 701 0.6384
21582.6000 1098 702 0.6393
21599.0000 1099 702 0.6388
21615.0000 1100 702 0.6382
21632.0000 1101 702 0.6376
21648.0000 1102 702 0.6370
21651.4000 1102 703 0.6379
21665.0000 1103 703 0.6374
21665.4000 1103 704 0.6383
21689.0000 1104 704 0.6377
21695.2000 1104 705 0.6386
21707.0000 1105 705 0.6380
21713.3000 1105 706 0.6389
21720.7000 1105 707 0.6398
21731.0000 1106 707 0.6392
21755.0000 1107 707 0.6387
21771.7000 1107 708 0.6396
21777.0000 1108 708 0.6390
21794.0000 1109 708 0.6384
21807.1000 1109 709 0.6393
21814.0000 1109 710 0.6402
21818.0000 1110 710 0.6396
21837.0000 1111 710 0.6391
21846.0000 1111 711 0.6400
21859.6000 1111 712 0.6409
21860.0000 1112 712 0.6403
21872.6000 1112 713 0.6412
21883.0000 1113 713 0.6406
21898.0000 1114 713 0.6400
21916.0000 1115 713 0.6395
21923.6000 1115 714 0.6404
21939.0000 1116 714 0.6398
21941.3000 1116 715 0.6407
21949.4000 1116 716 0.6416
21960.0000 1117 716 0.6410
21976.0000 1118 716 0.6404
21988.4000 1118 717 0.6413
21999.0000 1119 717 0.6408
22018.1000 1119 718 0.6416
22022.0000 1120 718 0.6411
22041.0000 1121 718 0.6405
22052.8000 1121 719 0.6414
22061.0000 1122 719 0.6408
22078.0000 1123 719 0.6402
22101.0000 1124 719 0.6397
22107.6000 1124 720 0.6406
22121.0000 1125 720 0.6400
22140.0000 1126 720 0.6394
22143.1000 1126 721 0.6403
22159.0000 1127 721 0.6398
22165.8000 1127 722 0.6406
22169.1000 1127 723 0.6415
22173.8000 1127 724 0.6424
22183.0000 1128 724 0.6418
22199.0000 1129 724 0.6413
22218.0000 1130 724 0.6407
22242.0000 1131 724 0.6401
22263.0000 1132 724 0.6396
22281.0000 1133 724 0.6390
22291.8000 1133 725 0.6399
22304.0000 1134 725 0.6393
22321.2000 1134 726 0.6402
22322.0000 1135 726 0.6396
22329.9000 1135 727 0.6405
22336.0000 1135 728 0.6414
22339.1000 1135 729 0.6423
22346.0000 1136 729 0.6417
22354.8000 1136 730 0.6426
22359.6000 1136 731 0.6435
22363.0000 1137 731 0.6429
22385.0000 1138 731 0.6424
22405.0000 1139 731 0.6418
22420.0000 1140 731 0.6412
22444.0000 1141 731 0.6407
22445.7000 1141 732 0.6415
22456.3000 1141 733 0.6424
22464.0000 1142 733 0.6419
22482.0000 1143 733 0.6413
22500.0000 1144 733 0.6407
22521.0000 1145 733 0.6402
22543.6000 1145 734 0.6410
22544.0000 1146 734 0.6405
22560.0000 1147 734 0.6399
22570.0000 1147 735 0.6408
22578.0000 1148 735 0.6402
22595.0000 1149 735 0.6397
22613.0000 1150 735 0.6391
22628.0000 1151 735 0.6386
22648.0000 1152 735 0.6380
22666.0000 1153 735 0.6375
22669.9000 1153 736 0.6383
22677.3000 1153 737 0.6392
22682.0000 1154 737 0.6386
22698.0000 1155 737 0.6381
22713.0000 1156 737 0.6375
22717.4000 1156 738 0.6384
22735.0000 1157 738 0.6379
22742.7000 1157 739 0.6387
22751.7000 1157 740 0.6396
22758.0000 1158 740 0.6390
22771.8000 1158 741 0.6399
22772.6000 1158 742 0.6408
22778.0000 1158 743 0.6416
22779.0000 1159 743 0.6411
22781.5000 1159 744 0.6419
22799.0000 1160 744 0.6414
22802.8000 1160 745 0.6422
22808.4000 1160 746 0.6431
22809.8000 1160 747 0.6440
22820.0000 1161 747 0.6434
22824.3000 1161 748 0.6443
22825.3000 1161 749 0.6451
22826.3000 1161 750 0.6460
22835.0000 1162 750 0.6454
22850.0000 1163 750 0.6449
22869.0000 1164 750 0.6443
22891.0000 1165 750 0.6438
22901.7000 1165 751 0.6446
22913.0000 1166 751 0.6441
22916.0000 1166 752 0.6449
22931.0000 1167 752 0.6444
22954.0000 1168 752 0.6438
22971.0000 1169 752 0.6433
22991.0000 1170 752 0.6427
23007.0000 1171 752 0.6422
23012.4000 1171 753 0.6430
23031.0000 1172 753 0.6425
23039.3000 1172 754 0.6433
23047.0000 1173 754 0.6428
23047.9000 1173 755 0.6436
23070.0000 1174 755 0.6431
23085.0000 1175 755 0.6426
23106.0000 1176 755 0.6420
23127.0000 1177 755 0.6415
23132.3000 1177 756 0.6423
23149.0000 1178 756 0.6418
23154.4000 1178 757 0.6426
23154.7000 1178 758 0.6435
23156.6000 1178 759 0.6443
23165.0000 1179 759 0.6438
23179.9000 1179 760 0.6446
23180.0000 1180 760 0.6441
23183.0000 1180 761 0.6449
23198.0000 1181 761 0.6444
23214.0000 1182 761 0.6438
23220.3000 1182 762 0.6447
23235.0000 1182 763 0.6455
23238.0000 1183 763 0.6450
23252.6000 1183 764 0.6458
23256.3000 1183 765 0.6467
23258.0000 1184 765 0.6461
23260.4000 1184 766 0.6470
23268.5000 1184 767 0.6478
23280.0000 1185 767 0.6473
23295.0000 1186 767 0.6467
23303.5000 1186 768 0.6476
23304.1000 1186 769 0.6484
23319.0000 1187 769 0.6479
23339.0000 1188 769 0.6473
23359.9000 1188 770 0.6481
23360.0000 1189 770 0.6476
23369.8000 1189 771 0.6484
23377.0000 1190 771 0.6479
23393.0000 1191 771 0.6474
23409.0000 1192 771 0.6468
23428.0000 1193 771 0.6463
23428.6000 1193 772 0.6471
23433.7000 1193 773 0.6479
23435.6000 1193 774 0.6488
23445.0000 1194 774 0.6482
23463.8000 1194 775 0.6491
23464.0000 1195 775 0.6485
23466.7000 1195 776 0.6494
23482.0000 1196 776 0.6488
23498.0000 1197 776 0.6483
23516.0000 1198 776 0.6477
23523.6000 1198 777 0.6486
23532.0000 1199 777 0.6480
23547.0000 1200 777 0.6475
23558.7000 1200 778 0.6483
23565.9000 1200 779 0.6492
23568.0000 1201 779 0.6486
23589.0000 1202 779 0.6481
23613.0000 1203 779 0.6475
23626.0000 1203 780 0.6484
23629.0000 1204 780 0.6478
23647.0000 1205 780 0.6473
23662.0000 1206 780 0.6468
23678.4000 1206 781 0.6476
23681.0000 1207 781 0.6471
23684.6000 1207 782 0.6479
23685.3000 1207 783 0.6487
23694.6000 1207 784 0.6495
23702.0000 1208 784 0.6490
23710.9000 1208 785 0.6498
23712.8000 1208 786 0.6507
23726.0000 1209 786 0.6501
23741.0000 1210 786 0.6496
23760.0000 1211 786 0.6491
23778.0000 1212 786 0.6485
23798.0000 1213 786 0.6480
23817.0000 1214 786 0.6474
23837.0000 1215 786 0.6469
23843.7000 1215 787 0.6477
23846.7000 1215 788 0.6486
23859.0000 1216 788 0.6480
23874.0000 1217 788 0.6475
23895.0000 1218 788 0.6470
23916.0000 1219 788 0.6464
23925.7000 1219 789 0.6473
23927.6000 1219 790 0.6481
23937.0000 1220 790 0.6475
23961.0000 1221 790 0.6470
23981.0000 1222 790 0.6465
23985.1000 1222 791 0.6473
23990.6000 1222 792 0.6481
23991.1000 1222 793 0.6489
24004.0000 1223 793 0.6484
24026.0000 1224 793 0.6479
24037.4000 1224 794 0.6487
24043.0000 1225 794 0.6482
24051.3000 1225 795 0.6490
24062.0000 1226 795 0.6485
24077.5000 1226 796 0.6493
24079.0000 1227 796 0.6487
24079.8000 1227 797 0.6496
24095.0000 1228 797 0.6490
24110.0000 1229 797 0.6485
24134.0000 1230 797 0.6480
24140.5000 1230 798 0.6488
24150.4000 1230 799 0.6496
24157.0000 1231 799 0.6491
24179.0000 1232 799 0.6485
24189.3000 1232 800 0.6494
24203.0000 1233 800 0.6488
24222.0000 1234 800 0.6483
24223.9000 1234 801 0.6491
24237.3000 1234 802 0.6499
24242.4000 1234 803 0.6507
24245.0000 1235 803 0.6502
24262.0000 1236 803 0.6497
24286.0000 1237 803 0.6492
24305.0000 1238 803 0.6486
24308.1000 1238 804 0.6494
24326.0000 1239 804 0.6489
24340.0000 1239 805 0.6497
24342.5000 1239 806 0.6505
24349.0000 1240 806 0.6500
24361.5000 1240 807 0.6508
24368.0000 1241 807 0.6503
24369.3000 1241 808 0.6511
24378.4000 1241 809 0.6519
24379.5000 1241 810 0.6527
24380.6000 1241 811 0.6535
24381.0000 1241 812 0.6543
24383.0000 1242 812 0.6538
24407.0000 1243 812 0.6533
24412.1000 1243 813 0.6541
24427.0000 1244 813 0.6535
24444.1000 1244 814 0.6543
24445.2000 1244 815 0.6551
24447.0000 1245 815 0.6546
24468.0000 1246 815 0.6541
24468.8000 1246 816 0.6549
24473.7000 1246 817 0.6557
24479.9000 1246 818 0.6565
24482.9000 1246 819 0.6573
24483.1000 1246 820 0.6581
24486.8000 1246 821 0.6589
24490.0000 1247 821 0.6584
24514.0000 1248 821 0.6579
24530.0000 1249 821 0.6573
24548.0000 1249 822 0.6581
24550.7000 1249 823 0.6589
24551.8000 1249 824 0.6597
24553.0000 1250 824 0.6592
24568.0000 1251 824 0.6587
24591.0000 1252 824 0.6581
24594.5000 1252 825 0.6589
24607.0000 1253 825 0.6584
24624.0000 1254 825 0.6579
24641.0000 1255 825 0.6574
24656.0000 1256 825 0.6568
24666.7000 1256 826 0.6576
24669.0000 1256 827 0.6584
24677.0000 1257 827 0.6579
24693.0000 1258 827 0.6574
24702.9000 1258 828 0.6582
24712.0000 1259 828 0.6577
24736.0000 1260 828 0.6571
24751.0000 1261 828 0.6566
24768.0000 1262 828 0.6561
24790.0000 1263 828 0.6556
24809.0000 1264 828 0.6551
24824.0000 1265 828 0.6545
24844.0000 1266 828 0.6540
24857.9000 1266 829 0.6548
24867.0000 1267 829 0.6543
24870.4000 1267 830 0.6551
24883.0000 1268 830 0.6546
24894.8000 1268 831 0.6554
24905.0000 1268 832 0.6562
24906.0000 1269 832 0.6556
24921.0000 1270 832 0.6551
24945.0000 1271 832 0.6546
24963.0000 1272 832 0.6541
24977.8000 1272 833 0.6549
24980.0000 1273 833 0.6544
24999.0000 1274 833 0.6538
25001.8000 1274 834 0.6546
25015.0000 1275 834 0.6541
25022.3000 1275 835 0.6549
25027.9000 1275 836 0.6557
25034.0000 1276 836 0.6552
25049.0000 1276 837 0.6560
25055.0000 1277 837 0.6554
25074.0000 1278 837 0.6549
25094.1000 1278 838 0.6557
25095.0000 1279 838 0.6552
25107.0000 1279 839 0.6560
25116.1000 1279 840 0.6568
25116.1000 1279 841 0.6575
25119.0000 1280 841 0.6570
25130.1000 1280 842 0.6578
25138.0000 1281 842 0.6573
25146.7000 1281 843 0.6581
25162.0000 1282 843 0.6576
25170.2000 1282 844 0.6583
25183.0000 1283 844 0.6578
