# time  created  delivered  delivered/created
22.0000 1 0 0.0000
38.0000 2 0 0.0000
54.0000 3 0 0.0000
72.0000 4 0 0.0000
94.0000 5 0 0.0000
110.0000 6 0 0.0000
133.0000 7 0 0.0000
153.0000 8 0 0.0000
175.0000 9 0 0.0000
191.0000 10 0 0.0000
210.0000 11 0 0.0000
225.0000 12 0 0.0000
249.0000 13 0 0.0000
265.0000 14 0 0.0000
281.0000 15 0 0.0000
304.0000 16 0 0.0000
328.0000 17 0 0.0000
343.0000 18 0 0.0000
367.0000 19 0 0.0000
382.0000 20 0 0.0000
399.0000 21 0 0.0000
420.0000 22 0 0.0000
439.0000 23 0 0.0000
458.0000 24 0 0.0000
480.0000 25 0 0.0000
497.0000 26 0 0.0000
515.0000 27 0 0.0000
538.0000 28 0 0.0000
562.0000 29 0 0.0000
581.0000 30 0 0.0000
583.9000 30 1 0.0333
603.0000 31 1 0.0323
625.0000 32 1 0.0313
640.9000 32 2 0.0625
646.0000 33 2 0.0606
661.6000 33 3 0.0909
667.0000 34 3 0.0882
684.0000 34 4 0.1176
685.0000 35 4 0.1143
691.0000 35 5 0.1429
700.0000 36 5 0.1389
722.0000 37 5 0.1351
741.0000 38 5 0.1316
764.0000 39 5 0.1282
773.6000 39 6 0.1538
784.0000 40 6 0.1500
806.0000 41 6 0.1463
829.0000 42 6 0.1429
851.0000 43 6 0.1395
873.0000 44 6 0.1364
895.0000 45 6 0.1333
903.5000 45 7 0.1556
918.0000 46 7 0.1522
941.0000 47 7 0.1489
957.0000 48 7 0.1458
975.0000 49 7 0.1429
998.0000 50 7 0.1400
1018.0000 51 7 0.1373
1040.0000 52 7 0.1346
1056.0000 53 7 0.1321
1077.0000 54 7 0.1296
1096.0000 55 7 0.1273
1117.0000 56 7 0.1250
1137.0000 57 7 0.1228
1159.0000 58 7 0.1207
1179.0000 59 7 0.1186
1193.3000 59 8 0.1356
1201.0000 60 8 0.1333
1216.0000 61 8 0.1311
1225.1000 61 9 0.1475
1226.1000 61 10 0.1639
1232.0000 62 10 0.1613
1251.0000 63 10 0.1587
1268.0000 64 10 0.1563
1287.0000 65 10 0.1538
1308.0000 66 10 0.1515
1327.0000 67 10 0.1493
1342.0000 68 10 0.1471
1364.0000 69 10 0.1449
1388.0000 70 10 0.1429
1397.1000 70 11 0.1571
1407.0000 71 11 0.1549
1408.5000 71 12 0.1690
1422.0000 72 12 0.1667
1442.0000 73 12 0.1644
1464.0000 74 12 0.1622
1475.9000 74 13 0.1757
1478.4000 74 14 0.1892
1479.0000 75 14 0.1867
1483.1000 75 15 0.2000
1500.0000 76 15 0.1974
1518.0000 77 15 0.1948
1542.0000 78 15 0.1923
1562.0000 79 15 0.1899
1577.0000 80 15 0.1875
1594.5000 80 16 0.2000
1600.0000 81 16 0.1975
1620.0000 82 16 0.1951
1637.0000 83 16 0.1928
1652.0000 84 16 0.1905
1673.0000 85 16 0.1882
1695.0000 86 16 0.1860
1706.4000 86 17 0.1977
1713.0000 87 17 0.1954
1735.2000 87 18 0.2069
1736.2000 87 19 0.2184
1737.0000 88 19 0.2159
1739.4000 88 20 0.2273
1739.8000 88 21 0.2386
1760.0000 89 21 0.2360
1781.0000 90 21 0.2333
1804.0000 91 21 0.2308
1826.0000 92 21 0.2283
1849.0000 93 21 0.2258
1870.0000 94 21 0.2234
1880.0000 94 22 0.2340
1882.8000 94 23 0.2447
1883.1000 94 24 0.2553
1890.0000 95 24 0.2526
1911.0000 96 24 0.2500
1929.0000 97 24 0.2474
1948.0000 98 24 0.2449
1965.0000 99 24 0.2424
1980.0000 100 24 0.2400
1989.9000 100 25 0.2500
2002.0000 101 25 0.2475
2024.0000 102 25 0.2451
2035.6000 102 26 0.2549
2041.0000 103 26 0.2524
2064.0000 104 26 0.2500
2080.0000 105 26 0.2476
2095.0000 106 26 0.2453
2119.0000 107 26 0.2430
2139.0000 108 26 0.2407
2142.8000 108 27 0.2500
2161.0000 109 27 0.2477
2178.0000 110 27 0.2455
2199.0000 111 27 0.2432
2217.0000 111 28 0.2523
2222.0000 112 28 0.2500
2240.0000 113 28 0.2478
2259.0000 114 28 0.2456
2275.0000 115 28 0.2435
2278.9000 115 29 0.2522
2295.0000 116 29 0.2500
2314.0000 117 29 0.2479
2324.5000 117 30 0.2564
2335.0000 118 30 0.2542
2354.0000 119 30 0.2521
2377.0000 120 30 0.2500
2396.0000 121 30 0.2479
2411.0000 122 30 0.2459
2412.0000 122 31 0.2541
2433.0000 123 31 0.2520
2452.0000 124 31 0.2500
2460.7000 124 32 0.2581
2464.9000 124 33 0.2661
2470.3000 124 34 0.2742
2474.0000 125 34 0.2720
2490.0000 125 35 0.2800
2494.6000 125 36 0.2880
2496.0000 126 36 0.2857
2511.0000 127 36 0.2835
2526.0000 128 36 0.2813
2546.0000 129 36 0.2791
2554.5000 129 37 0.2868
2563.0000 130 37 0.2846
2586.0000 131 37 0.2824
2601.0000 132 37 0.2803
2621.0000 133 37 0.2782
2641.0000 134 37 0.2761
2654.8000 134 38 0.2836
2662.0000 135 38 0.2815
2678.0000 136 38 0.2794
2681.8000 136 39 0.2868
2689.6000 136 40 0.2941
2690.0000 136 41 0.3015
2693.0000 137 41 0.2993
2716.0000 138 41 0.2971
2735.0000 139 41 0.2950
2741.3000 139 42 0.3022
2742.9000 139 43 0.3094
2754.0000 140 43 0.3071
2771.0000 141 43 0.3050
2788.0000 142 43 0.3028
2800.0000 142 44 0.3099
2807.0000 143 44 0.3077
2823.1000 143 45 0.3147
2831.0000 144 45 0.3125
2838.4000 144 46 0.3194
2839.3000 144 47 0.3264
2853.0000 145 47 0.3241
2868.0000 146 47 0.3219
2872.2000 146 48 0.3288
2891.0000 147 48 0.3265
2899.2000 147 49 0.3333
2911.0000 148 49 0.3311
2926.0000 149 49 0.3289
2942.0000 150 49 0.3267
2962.0000 151 49 0.3245
2979.0000 152 49 0.3224
3003.0000 153 49 0.3203
3024.0000 154 49 0.3182
3040.0000 155 49 0.3161
3064.0000 156 49 0.3141
3065.8000 156 50 0.3205
3084.6000 156 51 0.3269
3086.0000 157 51 0.3248
3110.0000 158 51 0.3228
3118.8000 158 52 0.3291
3129.0000 159 52 0.3270
3131.0000 159 53 0.3333
3147.0000 160 53 0.3313
3166.0000 161 53 0.3292
3190.0000 162 53 0.3272
3210.0000 163 53 0.3252
3225.0000 164 53 0.3232
3243.0000 165 53 0.3212
3260.0000 166 53 0.3193
3261.2000 166 54 0.3253
3271.5000 166 55 0.3313
3275.4000 166 56 0.3373
3283.0000 167 56 0.3353
3288.4000 167 57 0.3413
3289.8000 167 58 0.3473
3305.0000 168 58 0.3452
3319.3000 168 59 0.3512
3321.0000 169 59 0.3491
3344.0000 170 59 0.3471
3362.8000 170 60 0.3529
3365.0000 171 60 0.3509
3378.6000 171 61 0.3567
3385.0000 172 61 0.3547
3396.5000 172 62 0.3605
3408.0000 173 62 0.3584
3414.4000 173 63 0.3642
3423.8000 173 64 0.3699
3428.0000 174 64 0.3678
3429.2000 174 65 0.3736
3449.0000 175 65 0.3714
3456.1000 175 66 0.3771
3472.0000 176 66 0.3750
3488.0000 177 66 0.3729
3511.0000 178 66 0.3708
3512.4000 178 67 0.3764
3526.3000 178 68 0.3820
3532.4000 178 69 0.3876
3533.2000 178 70 0.3933
3535.0000 179 70 0.3911
3547.0000 179 71 0.3966
3551.2000 179 72 0.4022
3552.0000 180 72 0.4000
3563.1000 180 73 0.4056
3570.0000 181 73 0.4033
3575.8000 181 74 0.4088
3589.0000 182 74 0.4066
3604.0000 183 74 0.4044
3619.0000 184 74 0.4022
3638.0000 185 74 0.4000
3653.0000 186 74 0.3978
3669.0000 187 74 0.3957
3689.0000 188 74 0.3936
3712.0000 189 74 0.3915
3730.0000 190 74 0.3895
3754.0000 191 74 0.3874
3771.0000 192 74 0.3854
3787.0000 193 74 0.3834
3809.0000 194 74 0.3814
3826.3000 194 75 0.3866
3832.0000 195 75 0.3846
3846.4000 195 76 0.3897
3854.0000 196 76 0.3878
3873.0000 197 76 0.3858
3895.0000 198 76 0.3838
3919.0000 199 76 0.3819
3938.0000 200 76 0.3800
3946.1000 200 77 0.3850
3948.6000 200 78 0.3900
3949.2000 200 79 0.3950
3951.4000 200 80 0.4000
3953.0000 200 81 0.4050
3955.0000 201 81 0.4030
3975.0000 202 81 0.4010
3996.0000 203 81 0.3990
4012.0000 204 81 0.3971
4031.0000 205 81 0.3951
4052.0000 206 81 0.3932
4054.9000 206 82 0.3981
4057.7000 206 83 0.4029
4059.1000 206 84 0.4078
4070.0000 207 84 0.4058
4094.0000 208 84 0.4038
4115.0000 209 84 0.4019
4134.0000 210 84 0.4000
4153.0000 211 84 0.3981
4171.0000 212 84 0.3962
4187.1000 212 85 0.4009
4194.0000 213 85 0.3991
4208.3000 213 86 0.4038
4209.2000 213 87 0.4085
4214.0000 214 87 0.4065
4235.0000 215 87 0.4047
4244.9000 215 88 0.4093
4248.0000 215 89 0.4140
4251.0000 216 89 0.4120
4268.6000 216 90 0.4167
4272.0000 217 90 0.4147
4287.3000 217 91 0.4194
4290.0000 218 91 0.4174
4297.6000 218 92 0.4220
4308.7000 218 93 0.4266
4314.0000 219 93 0.4247
4315.4000 219 94 0.4292
4338.0000 220 94 0.4273
4360.0000 221 94 0.4253
4381.0000 222 94 0.4234
4400.0000 223 94 0.4215
4406.0000 223 95 0.4260
4419.0000 224 95 0.4241
4419.1000 224 96 0.4286
4434.0000 225 96 0.4267
4435.5000 225 97 0.4311
4452.4000 225 98 0.4356
4454.5000 225 99 0.4400
4458.0000 226 99 0.4381
4463.0000 226 100 0.4425
4476.0000 227 100 0.4405
4497.0000 228 100 0.4386
4505.4000 228 101 0.4430
4515.0000 229 101 0.4410
4537.0000 230 101 0.4391
4556.0000 231 101 0.4372
4580.0000 232 101 0.4353
4597.0000 233 101 0.4335
4614.0000 234 101 0.4316
4634.0000 235 101 0.4298
4655.0000 236 101 0.4280
4665.1000 236 102 0.4322
4670.2000 236 103 0.4364
4672.0000 237 103 0.4346
4689.0000 238 103 0.4328
4692.0000 238 104 0.4370
4701.3000 238 105 0.4412
4701.8000 238 106 0.4454
4706.0000 239 106 0.4435
4729.0000 240 106 0.4417
4741.7000 240 107 0.4458
4747.0000 241 107 0.4440
4751.3000 241 108 0.4481
4762.0000 242 108 0.4463
4783.0000 243 108 0.4444
4795.2000 243 109 0.4486
4807.0000 244 109 0.4467
4810.4000 244 110 0.4508
4824.0000 245 110 0.4490
4848.0000 246 110 0.4472
4867.0000 247 110 0.4453
4886.0000 248 110 0.4435
4897.1000 248 111 0.4476
4909.0000 249 111 0.4458
4928.0000 250 111 0.4440
4951.0000 251 111 0.4422
4966.0000 252 111 0.4405
4972.7000 252 112 0.4444
4986.0000 253 112 0.4427
4988.1000 253 113 0.4466
4990.9000 253 114 0.4506
4996.5000 253 115 0.4545
5010.0000 254 115 0.4528
5033.0000 255 115 0.4510
5048.0000 256 115 0.4492
5062.2000 256 116 0.4531
5072.0000 257 116 0.4514
5086.0000 257 117 0.4553
5089.0000 258 117 0.4535
5092.8000 258 118 0.4574
5112.0000 259 118 0.4556
5131.0000 260 118 0.4538
5143.9000 260 119 0.4577
5151.0000 261 119 0.4559
5175.0000 262 119 0.4542
5194.0000 263 119 0.4525
5209.7000 263 120 0.4563
5211.2000 263 121 0.4601
5215.0000 264 121 0.4583
5237.0000 265 121 0.4566
5238.5000 265 122 0.4604
5254.0000 266 122 0.4586
5269.0000 267 122 0.4569
5291.0000 268 122 0.4552
5307.0000 269 122 0.4535
5322.4000 269 123 0.4572
5324.0000 270 123 0.4556
5339.0000 271 123 0.4539
5355.3000 271 124 0.4576
5356.0000 272 124 0.4559
5371.0000 273 124 0.4542
5387.0000 274 124 0.4526
5407.1000 274 125 0.4562
5410.0000 275 125 0.4545
5410.3000 275 126 0.4582
5426.0000 276 126 0.4565
5430.3000 276 127 0.4601
5447.0000 277 127 0.4585
5470.0000 278 127 0.4568
5490.0000 279 127 0.4552
5507.0000 280 127 0.4536
5516.6000 280 128 0.4571
5528.0000 281 128 0.4555
5542.9000 281 129 0.4591
5546.0000 282 129 0.4574
5564.0000 283 129 0.4558
5566.2000 283 130 0.4594
5568.1000 283 131 0.4629
5584.0000 284 131 0.4613
5607.0000 285 131 0.4596
5622.0000 285 132 0.4632
5625.0000 286 132 0.4615
5643.0000 287 132 0.4599
5665.0000 288 132 0.4583
5685.0000 289 132 0.4567
5697.9000 289 133 0.4602
5704.0000 290 133 0.4586
5724.0000 291 133 0.4570
5729.1000 291 134 0.4605
5740.5000 291 135 0.4639
5745.0000 292 135 0.4623
5745.2000 292 136 0.4658
5760.0000 293 136 0.4642
5770.4000 293 137 0.4676
5778.9000 293 138 0.4710
5784.0000 294 138 0.4694
5805.0000 295 138 0.4678
5807.1000 295 139 0.4712
5822.0000 296 139 0.4696
5824.4000 296 140 0.4730
5841.0000 297 140 0.4714
5859.0000 298 140 0.4698
5860.0000 298 141 0.4732
5862.4000 298 142 0.4765
5865.2000 298 143 0.4799
5873.7000 298 144 0.4832
5874.0000 299 144 0.4816
5893.0000 300 144 0.4800
5895.4000 300 145 0.4833
5914.0000 301 145 0.4817
5914.2000 301 146 0.4850
5932.0000 302 146 0.4834
5946.1000 302 147 0.4868
5953.0000 303 147 0.4851
5968.2000 303 148 0.4884
5971.0000 304 148 0.4868
5986.0000 305 148 0.4852
5996.8000 305 149 0.4885
6003.8000 305 150 0.4918
6007.7000 305 151 0.4951
6008.0000 306 151 0.4935
6010.4000 306 152 0.4967
6024.0000 307 152 0.4951
6029.0000 307 153 0.4984
6041.0000 308 153 0.4968
6043.7000 308 154 0.5000
6063.0000 309 154 0.4984
6067.2000 309 155 0.5016
6068.1000 309 156 0.5049
6074.6000 309 157 0.5081
6087.0000 310 157 0.5065
6105.0000 311 157 0.5048
6114.3000 311 158 0.5080
6124.0000 312 158 0.5064
6131.3000 312 159 0.5096
6145.0000 313 159 0.5080
6166.0000 314 159 0.5064
6177.5000 314 160 0.5096
6182.0000 315 160 0.5079
6201.0000 316 160 0.5063
6211.5000 316 161 0.5095
6216.0000 317 161 0.5079
6231.0000 318 161 0.5063
6236.7000 318 162 0.5094
6245.2000 318 163 0.5126
6248.0000 319 163 0.5110
6261.7000 319 164 0.5141
6267.0000 320 164 0.5125
6289.0000 321 164 0.5109
6289.3000 321 165 0.5140
6308.0000 322 165 0.5124
6332.0000 323 165 0.5108
6338.7000 323 166 0.5139
6355.0000 324 166 0.5123
6372.0000 325 166 0.5108
6374.6000 325 167 0.5138
6384.7000 325 168 0.5169
6391.9000 325 169 0.5200
6393.0000 326 169 0.5184
6412.5000 326 170 0.5215
6417.0000 327 170 0.5199
6425.4000 327 171 0.5229
6428.7000 327 172 0.5260
6431.8000 327 173 0.5291
6441.0000 328 173 0.5274
6461.2000 328 174 0.5305
6465.0000 329 174 0.5289
6467.2000 329 175 0.5319
6486.0000 330 175 0.5303
6502.0000 331 175 0.5287
6518.0000 332 175 0.5271
6536.0000 333 175 0.5255
6548.1000 333 176 0.5285
6555.0000 334 176 0.5269
6564.6000 334 177 0.5299
6572.0000 335 177 0.5284
6591.0000 336 177 0.5268
6606.9000 336 178 0.5298
6608.0000 337 178 0.5282
6631.0000 338 178 0.5266
6646.0000 339 178 0.5251
6665.0000 340 178 0.5235
6671.5000 340 179 0.5265
6684.0000 341 179 0.5249
6696.4000 341 180 0.5279
6699.7000 341 181 0.5308
6708.0000 342 181 0.5292
6725.0000 343 181 0.5277
6745.0000 344 181 0.5262
6760.0000 345 181 0.5246
6779.7000 345 182 0.5275
6781.0000 346 182 0.5260
6793.2000 346 183 0.5289
6800.0000 347 183 0.5274
6816.0000 348 183 0.5259
6827.4000 348 184 0.5287
6839.0000 349 184 0.5272
6854.0000 350 184 0.5257
6874.0000 351 184 0.5242
6889.0000 352 184 0.5227
6893.6000 352 185 0.5256
6900.6000 352 186 0.5284
6909.0000 353 186 0.5269
6921.2000 353 187 0.5297
6930.0000 354 187 0.5282
6950.0000 354 188 0.5311
6951.0000 355 188 0.5296
6952.1000 355 189 0.5324
6971.0000 356 189 0.5309
6973.6000 356 190 0.5337
6978.5000 356 191 0.5365
6995.0000 357 191 0.5350
7010.0000 358 191 0.5335
7019.8000 358 192 0.5363
7020.1000 358 193 0.5391
7021.7000 358 194 0.5419
7029.0000 359 194 0.5404
7045.6000 359 195 0.5432
7048.0000 360 195 0.5417
7061.9000 360 196 0.5444
7071.0000 361 196 0.5429
7073.0000 361 197 0.5457
7093.0000 362 197 0.5442
7093.3000 362 198 0.5470
7104.9000 362 199 0.5497
7108.0000 363 199 0.5482
7111.5000 363 200 0.5510
7112.8000 363 201 0.5537
7120.6000 363 202 0.5565
7130.0000 364 202 0.5549
7147.0000 365 202 0.5534
7163.0000 366 202 0.5519
7176.4000 366 203 0.5546
7180.0000 367 203 0.5531
7197.0000 368 203 0.5516
7218.9000 368 204 0.5543
7221.0000 369 204 0.5528
7240.0000 370 204 0.5514
7243.4000 370 205 0.5541
7253.6000 370 206 0.5568
7255.0000 371 206 0.5553
7255.7000 371 207 0.5580
7272.0000 372 207 0.5565
7290.8000 372 208 0.5591
7296.0000 373 208 0.5576
7314.6000 373 209 0.5603
7319.0000 374 209 0.5588
7333.2000 374 210 0.5615
7335.0000 375 210 0.5600
7342.7000 375 211 0.5627
7351.5000 375 212 0.5653
7358.0000 376 212 0.5638
7378.0000 377 212 0.5623
7394.0000 378 212 0.5608
7406.7000 378 213 0.5635
7411.0000 379 213 0.5620
7412.7000 379 214 0.5646
7429.4000 379 215 0.5673
7435.0000 380 215 0.5658
7436.5000 380 216 0.5684
7459.0000 381 216 0.5669
7480.0000 382 216 0.5654
7498.0000 383 216 0.5640
7498.8000 383 217 0.5666
7507.3000 383 218 0.5692
7514.0000 384 218 0.5677
7533.1000 384 219 0.5703
7534.5000 384 220 0.5729
7536.0000 385 220 0.5714
7545.4000 385 221 0.5740
7559.0000 386 221 0.5725
7566.1000 386 222 0.5751
7574.0000 387 222 0.5736
7583.5000 387 223 0.5762
7591.8000 387 224 0.5788
7595.0000 388 224 0.5773
7610.5000 388 225 0.5799
7613.0000 389 225 0.5784
7621.5000 389 226 0.5810
7632.0000 390 226 0.5795
7656.0000 391 226 0.5780
7673.0000 392 226 0.5765
7696.0000 393 226 0.5751
7696.9000 393 227 0.5776
7713.0000 394 227 0.5761
7722.5000 394 228 0.5787
7730.0000 395 228 0.5772
7745.0000 396 228 0.5758
7762.0000 397 228 0.5743
7784.0000 398 228 0.5729
7804.0000 399 228 0.5714
7822.0000 400 228 0.5700
7822.3000 400 229 0.5725
7823.0000 400 230 0.5750
7840.0000 401 230 0.5736
7849.5000 401 231 0.5761
7858.0000 402 231 0.5746
7874.0000 403 231 0.5732
7874.5000 403 232 0.5757
7878.2000 403 233 0.5782
7883.6000 403 234 0.5806
7891.0000 403 235 0.5831
7895.0000 404 235 0.5817
7914.0000 405 235 0.5802
7922.2000 405 236 0.5827
7931.0000 406 236 0.5813
7935.3000 406 237 0.5837
7948.0000 407 237 0.5823
7960.8000 407 238 0.5848
7972.0000 408 238 0.5833
7987.0000 409 238 0.5819
7992.4000 409 239 0.5844
8002.0000 410 239 0.5829
8024.0000 411 239 0.5815
8040.0000 412 239 0.5801
8041.7000 412 240 0.5825
8059.0000 413 240 0.5811
8082.0000 414 240 0.5797
8084.2000 414 241 0.5821
8099.0000 415 241 0.5807
8106.7000 415 242 0.5831
8116.0000 416 242 0.5817
8131.6000 416 243 0.5841
8137.0000 417 243 0.5827
8144.6000 417 244 0.5851
8158.0000 418 244 0.5837
8171.5000 418 245 0.5861
8173.0000 419 245 0.5847
8190.0000 420 245 0.5833
8205.0000 421 245 0.5819
8205.7000 421 246 0.5843
8227.0000 422 246 0.5829
8235.0000 422 247 0.5853
8251.0000 423 247 0.5839
8270.0000 423 248 0.5863
8272.4000 423 249 0.5887
8272.4000 423 250 0.5910
8275.0000 424 250 0.5896
8284.0000 424 251 0.5920
8284.1000 424 252 0.5943
8297.0000 425 252 0.5929
8317.0000 426 252 0.5915
8336.0000 427 252 0.5902
8354.3000 427 253 0.5925
8359.0000 428 253 0.5911
8375.0000 429 253 0.5897
8396.0000 430 253 0.5884
8399.8000 430 254 0.5907
8405.8000 430 255 0.5930
8407.6000 430 256 0.5953
8414.0000 431 256 0.5940
8427.0000 431 257 0.5963
8428.2000 431 258 0.5986
8437.0000 432 258 0.5972
8445.8000 432 259 0.5995
8453.0000 433 259 0.5982
8457.1000 433 260 0.6005
8458.1000 433 261 0.6028
8468.0000 434 261 0.6014
8492.0000 435 261 0.6000
8510.0000 436 261 0.5986
8525.0000 437 261 0.5973
8526.5000 437 262 0.5995
8530.8000 437 263 0.6018
8541.2000 437 264 0.6041
8544.0000 438 264 0.6027
8548.0000 438 265 0.6050
8556.0000 438 266 0.6073
8559.4000 438 267 0.6096
8566.0000 439 267 0.6082
8572.8000 439 268 0.6105
8578.2000 439 269 0.6128
8586.0000 440 269 0.6114
8609.0000 441 269 0.6100
8625.0000 442 269 0.6086
8630.3000 442 270 0.6109
8630.8000 442 271 0.6131
8641.3000 442 272 0.6154
8644.0000 443 272 0.6140
8663.0000 444 272 0.6126
8663.0000 444 273 0.6149
8681.0000 445 273 0.6135
8697.0000 446 273 0.6121
8699.3000 446 274 0.6143
8705.9000 446 275 0.6166
8711.9000 446 276 0.6188
8719.0000 447 276 0.6174
8725.4000 447 277 0.6197
8738.1000 447 278 0.6219
8743.0000 448 278 0.6205
8748.3000 448 279 0.6228
8752.1000 448 280 0.6250
8767.0000 449 280 0.6236
8778.0000 449 281 0.6258
8784.0000 450 281 0.6244
8793.6000 450 282 0.6267
8794.1000 450 283 0.6289
8800.0000 451 283 0.6275
8822.7000 451 284 0.6297
8823.0000 452 284 0.6283
8825.6000 452 285 0.6305
8839.0000 453 285 0.6291
8854.0000 454 285 0.6278
8869.0000 455 285 0.6264
8888.6000 455 286 0.6286
8892.0000 456 286 0.6272
8897.5000 456 287 0.6294
8911.0000 457 287 0.6280
8929.0000 458 287 0.6266
8944.0000 459 287 0.6253
8945.5000 459 288 0.6275
8955.3000 459 289 0.6296
8955.8000 459 290 0.6318
8961.0000 460 290 0.6304
8968.9000 460 291 0.6326
8979.0000 461 291 0.6312
8989.8000 461 292 0.6334
8997.0000 462 292 0.6320
9007.4000 462 293 0.6342
9008.9000 462 294 0.6364
9011.3000 462 295 0.6385
9013.0000 463 295 0.6371
9035.0000 464 295 0.6358
9058.0000 465 295 0.6344
9066.4000 465 296 0.6366
9067.9000 465 297 0.6387
9073.0000 466 297 0.6373
9075.4000 466 298 0.6395
9080.7000 466 299 0.6416
9093.5000 466 300 0.6438
9095.0000 467 300 0.6424
9119.0000 468 300 0.6410
9143.0000 469 300 0.6397
9153.1000 469 301 0.6418
9162.0000 470 301 0.6404
9171.6000 470 302 0.6426
9186.0000 471 302 0.6412
9196.5000 471 303 0.6433
9209.0000 472 303 0.6419
9209.2000 472 304 0.6441
9224.0000 473 304 0.6427
9245.0000 474 304 0.6414
9264.0000 475 304 0.6400
9288.0000 476 304 0.6387
9294.6000 476 305 0.6408
9300.8000 476 306 0.6429
9306.5000 476 307 0.6450
9310.0000 477 307 0.6436
9310.6000 477 308 0.6457
9315.7000 477 309 0.6478
9323.1000 477 310 0.6499
9323.4000 477 311 0.6520
9323.6000 477 312 0.6541
9326.0000 478 312 0.6527
9333.7000 478 313 0.6548
9341.0000 479 313 0.6534
9365.0000 480 313 0.6521
9387.0000 481 313 0.6507
9403.0000 482 313 0.6494
9426.0000 483 313 0.6480
9434.3000 483 314 0.6501
9444.0000 484 314 0.6488
9452.1000 484 315 0.6508
9464.8000 484 316 0.6529
9468.0000 485 316 0.6515
9485.0000 486 316 0.6502
9503.0000 487 316 0.6489
9518.5000 487 317 0.6509
9527.0000 488 317 0.6496
9527.3000 488 318 0.6516
9550.0000 489 318 0.6503
9550.4000 489 319 0.6524
9573.0000 490 319 0.6510
9591.0000 491 319 0.6497
9614.0000 492 319 0.6484
9614.9000 492 320 0.6504
9615.4000 492 321 0.6524
9632.0000 493 321 0.6511
9653.0000 494 321 0.6498
9666.3000 494 322 0.6518
9676.0000 495 322 0.6505
9689.9000 495 323 0.6525
9693.0000 496 323 0.6512
9715.0000 497 323 0.6499
9736.0000 498 323 0.6486
9738.5000 498 324 0.6506
9748.3000 498 325 0.6526
9750.0000 498 326 0.6546
9752.0000 499 326 0.6533
9761.5000 499 327 0.6553
9769.8000 499 328 0.6573
9776.0000 500 328 0.6560
9799.0000 501 328 0.6547
9804.7000 501 329 0.6567
9806.2000 501 330 0.6587
9817.1000 501 331 0.6607
9821.0000 502 331 0.6594
9837.0000 503 331 0.6581
9843.4000 503 332 0.6600
9846.7000 503 333 0.6620
9861.0000 504 333 0.6607
9879.0000 505 333 0.6594
9894.0000 506 333 0.6581
9905.9000 506 334 0.6601
9907.1000 506 335 0.6621
9909.0000 507 335 0.6607
9927.0000 508 335 0.6594
9946.0000 509 335 0.6582
9946.7000 509 336 0.6601
9969.0000 510 336 0.6588
9988.0000 511 336 0.6575
9995.7000 511 337 0.6595
10004.2000 511 338 0.6614
10007.0000 512 338 0.6602
10007.4000 512 339 0.6621
10024.0000 513 339 0.6608
10027.2000 513 340 0.6628
10027.7000 513 341 0.6647
10037.7000 513 342 0.6667
10044.0000 514 342 0.6654
10045.3000 514 343 0.6673
10050.2000 514 344 0.6693
10064.0000 514 345 0.6712
10067.0000 515 345 0.6699
10087.0000 516 345 0.6686
10108.0000 516 346 0.6705
10111.0000 517 346 0.6692
10123.9000 517 347 0.6712
10132.0000 518 347 0.6699
10154.0000 519 347 0.6686
10158.1000 519 348 0.6705
10175.8000 519 349 0.6724
10177.0000 520 349 0.6712
10184.3000 520 350 0.6731
10186.0000 520 351 0.6750
10194.0000 521 351 0.6737
10214.0000 521 352 0.6756
10216.0000 522 352 0.6743
10235.0000 523 352 0.6730
10257.0000 524 352 0.6718
10265.1000 524 353 0.6737
10281.0000 525 353 0.6724
10300.0000 526 353 0.6711
10320.0000 527 353 0.6698
10343.0000 528 353 0.6686
10343.4000 528 354 0.6705
10366.0000 529 354 0.6692
10382.0000 530 354 0.6679
10402.0000 531 354 0.6667
10416.0000 531 355 0.6685
10422.8000 531 356 0.6704
10423.0000 532 356 0.6692
10424.8000 532 357 0.6711
10433.1000 532 358 0.6729
10441.0000 533 358 0.6717
10441.0000 533 359 0.6735
10442.7000 533 360 0.6754
10461.0000 534 360 0.6742
10474.0000 534 361 0.6760
10480.0000 535 361 0.6748
10487.0000 535 362 0.6766
10496.9000 535 363 0.6785
10497.0000 536 363 0.6772
10518.0000 537 363 0.6760
10524.1000 537 364 0.6778
10530.5000 537 365 0.6797
10533.3000 537 366 0.6816
10536.0000 537 367 0.6834
10537.0000 538 367 0.6822
10538.1000 538 368 0.6840
10555.0000 539 368 0.6827
10571.0000 540 368 0.6815
10591.0000 541 368 0.6802
10615.0000 542 368 0.6790
10615.9000 542 369 0.6808
10637.0000 543 369 0.6796
10645.7000 543 370 0.6814
10648.9000 543 371 0.6832
10657.0000 544 371 0.6820
10665.1000 544 372 0.6838
10665.2000 544 373 0.6857
10667.4000 544 374 0.6875
10681.0000 545 374 0.6862
10703.0000 546 374 0.6850
10716.2000 546 375 0.6868
10726.0000 547 375 0.6856
10748.0000 548 375 0.6843
10768.0000 549 375 0.6831
10768.1000 549 376 0.6849
10788.0000 550 376 0.6836
10807.5000 550 377 0.6855
10807.7000 550 378 0.6873
10808.0000 551 378 0.6860
10810.5000 551 379 0.6878
10820.0000 551 380 0.6897
10823.0000 552 380 0.6884
10842.0000 553 380 0.6872
10862.3000 553 381 0.6890
10866.0000 554 381 0.6877
10875.2000 554 382 0.6895
10882.0000 554 383 0.6913
10884.2000 554 384 0.6931
10885.0000 555 384 0.6919
10887.3000 555 385 0.6937
10889.1000 555 386 0.6955
10907.0000 556 386 0.6942
10919.9000 556 387 0.6960
10925.0000 557 387 0.6948
10942.0000 558 387 0.6935
10966.0000 559 387 0.6923
10983.0000 560 387 0.6911
10990.6000 560 388 0.6929
11006.0000 561 388 0.6916
11019.7000 561 389 0.6934
11021.3000 561 390 0.6952
11023.0000 562 390 0.6940
11040.5000 562 391 0.6957
11046.0000 563 391 0.6945
11057.2000 563 392 0.6963
11057.8000 563 393 0.6980
11058.8000 563 394 0.6998
11068.0000 564 394 0.6986
11084.0000 565 394 0.6973
11086.7000 565 395 0.6991
11096.6000 565 396 0.7009
11098.0000 565 397 0.7027
11098.6000 565 398 0.7044
11099.9000 565 399 0.7062
11102.0000 566 399 0.7049
11116.8000 566 400 0.7067
11120.0000 567 400 0.7055
11128.9000 567 401 0.7072
11137.9000 567 402 0.7090
11141.2000 567 403 0.7108
11143.0000 568 403 0.7095
11156.3000 568 404 0.7113
11166.0000 569 404 0.7100
11182.0000 570 404 0.7088
11191.1000 570 405 0.7105
11201.0000 571 405 0.7093
11207.5000 571 406 0.7110
11214.7000 571 407 0.7128
11218.0000 572 407 0.7115
11238.0000 573 407 0.7103
11250.3000 573 408 0.7120
11260.0000 574 408 0.7108
11269.2000 574 409 0.7125
11280.0000 575 409 0.7113
11291.4000 575 410 0.7130
11298.0000 576 410 0.7118
11308.0000 576 411 0.7135
11308.0000 576 412 0.7153
11311.9000 576 413 0.7170
11319.0000 577 413 0.7158
11320.7000 577 414 0.7175
11323.3000 577 415 0.7192
11331.7000 577 416 0.7210
11343.0000 578 416 0.7197
11363.0000 579 416 0.7185
11381.0000 580 416 0.7172
11405.0000 581 416 0.7160
11411.1000 581 417 0.7177
11411.5000 581 418 0.7194
11424.0000 582 418 0.7182
11432.3000 582 419 0.7199
11441.1000 582 420 0.7216
11443.0000 583 420 0.7204
11459.6000 583 421 0.7221
11461.6000 583 422 0.7238
11467.0000 584 422 0.7226
11491.0000 585 422 0.7214
11508.7000 585 423 0.7231
11511.0000 586 423 0.7218
11513.2000 586 424 0.7235
11528.3000 586 425 0.7253
11529.0000 587 425 0.7240
11534.3000 587 426 0.7257
11547.0000 588 426 0.7245
11560.8000 588 427 0.7262
11562.9000 588 428 0.7279
11566.0000 589 428 0.7267
11586.0000 590 428 0.7254
11610.0000 591 428 0.7242
11611.3000 591 429 0.7259
11620.0000 591 430 0.7276
11626.0000 592 430 0.7264
11640.2000 592 431 0.7280
11650.0000 593 431 0.7268
11665.0000 594 431 0.7256
11680.0000 595 431 0.7244
11685.7000 595 432 0.7261
11687.9000 595 433 0.7277
11696.0000 596 433 0.7265
11711.0000 597 433 0.7253
11731.0000 598 433 0.7241
11755.0000 599 433 0.7229
11771.0000 600 433 0.7217
11781.7000 600 434 0.7233
11790.0000 601 434 0.7221
11805.5000 601 435 0.7238
11809.0000 602 435 0.7226
11812.6000 602 436 0.7243
11827.0000 603 436 0.7231
11840.6000 603 437 0.7247
11851.0000 604 437 0.7235
11867.0000 605 437 0.7223
11869.6000 605 438 0.7240
11872.3000 605 439 0.7256
11874.6000 605 440 0.7273
11885.0000 606 440 0.7261
11907.0000 607 440 0.7249
11929.0000 608 440 0.7237
11933.3000 608 441 0.7253
11935.8000 608 442 0.7270
11940.3000 608 443 0.7286
11947.7000 608 444 0.7303
11948.0000 609 444 0.7291
11951.7000 609 445 0.7307
11959.7000 609 446 0.7323
11971.0000 610 446 0.7311
11980.9000 610 447 0.7328
11989.6000 610 448 0.7344
11995.0000 611 448 0.7332
12012.0000 612 448 0.7320
12018.3000 612 449 0.7337
12033.0000 613 449 0.7325
12042.0000 613 450 0.7341
12048.0000 614 450 0.7329
12051.8000 614 451 0.7345
12070.0000 615 451 0.7333
12072.9000 615 452 0.7350
12072.9000 615 453 0.7366
12076.1000 615 454 0.7382
12088.0000 616 454 0.7370
12092.1000 616 455 0.7386
12104.0000 617 455 0.7374
12124.0000 618 455 0.7362
12135.5000 618 456 0.7379
12145.0000 619 456 0.7367
12153.5000 619 457 0.7383
12165.0000 620 457 0.7371
12184.3000 620 458 0.7387
12189.0000 621 458 0.7375
12199.9000 621 459 0.7391
12209.0000 622 459 0.7379
12216.4000 622 460 0.7395
12218.2000 622 461 0.7412
12220.5000 622 462 0.7428
12224.9000 622 463 0.7444
12226.0000 623 463 0.7432
12249.0000 624 463 0.7420
12261.4000 624 464 0.7436
12270.0000 625 464 0.7424
12281.4000 625 465 0.7440
12287.0000 626 465 0.7428
12289.4000 626 466 0.7444
12304.8000 626 467 0.7460
12305.0000 627 467 0.7448
12323.0000 628 467 0.7436
12329.5000 628 468 0.7452
12330.4000 628 469 0.7468
12332.7000 628 470 0.7484
12339.0000 629 470 0.7472
12358.0000 630 470 0.7460
12359.0000 630 471 0.7476
12375.1000 630 472 0.7492
12377.0000 631 472 0.7480
12388.6000 631 473 0.7496
12399.0000 632 473 0.7484
12416.9000 632 474 0.7500
12421.0000 633 474 0.7488
12444.0000 634 474 0.7476
12444.7000 634 475 0.7492
12463.0000 635 475 0.7480
12464.2000 635 476 0.7496
12479.0000 636 476 0.7484
12483.1000 636 477 0.7500
12485.9000 636 478 0.7516
12487.4000 636 479 0.7531
12495.5000 636 480 0.7547
12496.4000 636 481 0.7563
12497.0000 637 481 0.7551
12518.0000 638 481 0.7539
12531.1000 638 482 0.7555
12536.5000 638 483 0.7571
12538.0000 639 483 0.7559
12538.0000 639 484 0.7574
12542.1000 639 485 0.7590
12556.0000 640 485 0.7578
12566.4000 640 486 0.7594
12569.6000 640 487 0.7609
12575.0000 641 487 0.7598
12596.0000 642 487 0.7586
12611.0000 643 487 0.7574
12614.8000 643 488 0.7589
12615.7000 643 489 0.7605
12635.0000 644 489 0.7593
12642.9000 644 490 0.7609
12655.0000 645 490 0.7597
12672.0000 646 490 0.7585
12691.0000 647 490 0.7573
12706.4000 647 491 0.7589
12713.0000 648 491 0.7577
12726.0000 648 492 0.7593
12727.4000 648 493 0.7608
12731.2000 648 494 0.7623
12732.5000 648 495 0.7639
12737.0000 649 495 0.7627
12747.1000 649 496 0.7643
12761.0000 650 496 0.7631
12772.9000 650 497 0.7646
12781.0000 651 497 0.7634
12784.8000 651 498 0.7650
12798.0000 652 498 0.7638
12818.0000 653 498 0.7626
12830.3000 653 499 0.7642
12839.0000 654 499 0.7630
12855.5000 654 500 0.7645
12857.9000 654 501 0.7661
12863.0000 655 501 0.7649
12868.3000 655 502 0.7664
12884.0000 656 502 0.7652
12901.0000 657 502 0.7641
12919.0000 658 502 0.7629
12935.6000 658 503 0.7644
12936.0000 659 503 0.7633
12954.0000 660 503 0.7621
12971.0000 661 503 0.7610
12976.7000 661 504 0.7625
12986.0000 662 504 0.7613
12986.4000 662 505 0.7628
12993.5000 662 506 0.7644
13009.0000 663 506 0.7632
13022.3000 663 507 0.7647
13029.0000 664 507 0.7636
13042.8000 664 508 0.7651
13048.0000 665 508 0.7639
13049.7000 665 509 0.7654
13069.0000 666 509 0.7643
13080.5000 666 510 0.7658
13081.1000 666 511 0.7673
13090.0000 667 511 0.7661
13092.7000 667 512 0.7676
13103.9000 667 513 0.7691
13112.0000 668 513 0.7680
13132.3000 668 514 0.7695
13135.0000 669 514 0.7683
13137.1000 669 515 0.7698
13138.0000 669 516 0.7713
13146.6000 669 517 0.7728
13150.3000 669 518 0.7743
13157.0000 670 518 0.7731
13172.9000 670 519 0.7746
13175.0000 671 519 0.7735
13198.0000 672 519 0.7723
13200.6000 672 520 0.7738
13222.0000 673 520 0.7727
13237.0000 674 520 0.7715
13242.9000 674 521 0.7730
13261.0000 675 521 0.7719
13279.0000 676 521 0.7707
13288.8000 676 522 0.7722
13290.7000 676 523 0.7737
13293.2000 676 524 0.7751
13303.0000 677 524 0.7740
13327.0000 678 524 0.7729
13344.0000 679 524 0.7717
13367.0000 680 524 0.7706
13370.8000 680 525 0.7721
13382.6000 680 526 0.7735
13385.0000 681 526 0.7724
13387.8000 681 527 0.7739
13400.0000 682 527 0.7727
13421.8000 682 528 0.7742
13422.0000 683 528 0.7731
13434.2000 683 529 0.7745
13438.2000 683 530 0.7760
13439.0000 684 530 0.7749
13454.1000 684 531 0.7763
13462.6000 684 532 0.7778
13463.0000 685 532 0.7766
13485.0000 686 532 0.7755
13501.0000 687 532 0.7744
13522.0000 688 532 0.7733
13534.7000 688 533 0.7747
13543.0000 689 533 0.7736
13558.0000 690 533 0.7725
13572.0000 690 534 0.7739
13578.0000 691 534 0.7728
13582.3000 691 535 0.7742
13597.0000 692 535 0.7731
13600.2000 692 536 0.7746
13601.2000 692 537 0.7760
13605.2000 692 538 0.7775
13605.9000 692 539 0.7789
13612.0000 693 539 0.7778
13622.2000 693 540 0.7792
13633.0000 694 540 0.7781
13642.3000 694 541 0.7795
13654.0000 695 541 0.7784
13663.4000 695 542 0.7799
13669.7000 695 543 0.7813
13674.0000 696 543 0.7802
13689.0000 697 543 0.7791
13692.6000 697 544 0.7805
13694.8000 697 545 0.7819
13695.9000 697 546 0.7834
13701.0000 697 547 0.7848
13701.7000 697 548 0.7862
13713.0000 698 548 0.7851
13732.6000 698 549 0.7865
13733.0000 699 549 0.7854
13750.0000 700 549 0.7843
13771.0000 701 549 0.7832
13772.4000 701 550 0.7846
13787.0000 702 550 0.7835
13792.0000 702 551 0.7849
13803.6000 702 552 0.7863
13808.0000 703 552 0.7852
13808.7000 703 553 0.7866
13831.0000 704 553 0.7855
13853.0000 705 553 0.7844
13874.0000 706 553 0.7833
13892.9000 706 554 0.7847
13894.0000 707 554 0.7836
13910.0000 707 555 0.7850
13915.0000 708 555 0.7839
13929.5000 708 556 0.7853
13937.0000 709 556 0.7842
13940.1000 709 557 0.7856
13952.0000 710 557 0.7845
13976.0000 711 557 0.7834
13986.7000 711 558 0.7848
13994.0000 712 558 0.7837
14006.6000 712 559 0.7851
14007.3000 712 560 0.7865
14007.7000 712 561 0.7879
14011.0000 713 561 0.7868
14028.3000 713 562 0.7882
14032.0000 714 562 0.7871
14039.9000 714 563 0.7885
14056.0000 715 563 0.7874
14061.1000 715 564 0.7888
14071.0000 715 565 0.7902
14077.0000 716 565 0.7891
14092.0000 717 565 0.7880
14107.0000 718 565 0.7869
14123.0000 719 565 0.7858
14147.0000 720 565 0.7847
14167.0000 721 565 0.7836
14186.0000 722 565 0.7825
14204.0000 723 565 0.7815
14208.7000 723 566 0.7828
14225.0000 724 566 0.7818
14245.0000 725 566 0.7807
14250.0000 725 567 0.7821
14267.0000 726 567 0.7810
14269.6000 726 568 0.7824
14286.0000 727 568 0.7813
14304.0000 728 568 0.7802
14313.7000 728 569 0.7816
14315.8000 728 570 0.7830
14323.0000 729 570 0.7819
14343.0000 730 570 0.7808
14363.0000 731 570 0.7798
14367.5000 731 571 0.7811
14385.0000 732 571 0.7801
14404.0000 733 571 0.7790
14417.0000 733 572 0.7804
14420.0000 734 572 0.7793
14421.8000 734 573 0.7807
14441.0000 735 573 0.7796
14456.0000 736 573 0.7785
14466.4000 736 574 0.7799
14475.0000 737 574 0.7788
14499.0000 738 574 0.7778
14507.7000 738 575 0.7791
14523.0000 739 575 0.7781
14544.0000 740 575 0.7770
14568.0000 741 575 0.7760
14569.4000 741 576 0.7773
14570.6000 741 577 0.7787
14573.1000 741 578 0.7800
14588.0000 742 578 0.7790
14603.0000 743 578 0.7779
14617.8000 743 579 0.7793
14618.0000 744 579 0.7782
14629.4000 744 580 0.7796
14630.1000 744 581 0.7809
14639.0000 745 581 0.7799
14655.0000 746 581 0.7788
14676.0000 747 581 0.7778
14696.0000 748 581 0.7767
14701.7000 748 582 0.7781
14705.8000 748 583 0.7794
14718.0000 749 583 0.7784
14736.0000 750 583 0.7773
14746.0000 750 584 0.7787
14753.9000 750 585 0.7800
14756.0000 751 585 0.7790
14773.0000 752 585 0.7779
14790.0000 753 585 0.7769
14797.1000 753 586 0.7782
14809.0000 754 586 0.7772
14810.9000 754 587 0.7785
14831.0000 755 587 0.7775
14847.9000 755 588 0.7788
14848.0000 756 588 0.7778
14867.0000 757 588 0.7768
14882.1000 757 589 0.7781
14889.0000 758 589 0.7770
14905.0000 759 589 0.7760
14911.4000 759 590 0.7773
14926.9000 759 591 0.7787
14927.0000 760 591 0.7776
14942.0000 761 591 0.7766
14958.9000 761 592 0.7779
14960.4000 761 593 0.7792
14961.0000 762 593 0.7782
14964.5000 762 594 0.7795
14984.0000 763 594 0.7785
14999.0000 764 594 0.7775
15001.4000 764 595 0.7788
15002.1000 764 596 0.7801
15021.0000 765 596 0.7791
15032.7000 765 597 0.7804
15039.7000 765 598 0.7817
15041.0000 766 598 0.7807
15058.0000 767 598 0.7797
15074.0000 768 598 0.7786
15093.0000 769 598 0.7776
15114.0000 770 598 0.7766
15125.1000 770 599 0.7779
15127.7000 770 600 0.7792
15132.0000 771 600 0.7782
15149.0000 772 600 0.7772
15159.2000 772 601 0.7785
15170.3000 772 602 0.7798
15172.0000 773 602 0.7788
15182.2000 773 603 0.7801
15184.2000 773 604 0.7814
15190.0000 774 604 0.7804
15212.0000 775 604 0.7794
15235.0000 776 604 0.7784
15256.0000 777 604 0.7773
15266.0000 777 605 0.7786
15273.9000 777 606 0.7799
15280.0000 778 606 0.7789
15290.0000 778 607 0.7802
15297.0000 779 607 0.7792
15318.0000 780 607 0.7782
15336.0000 781 607 0.7772
15360.0000 782 607 0.7762
15381.0000 783 607 0.7752
15395.7000 783 608 0.7765
15397.9000 783 609 0.7778
15399.0000 784 609 0.7768
15407.7000 784 610 0.7781
15419.0000 785 610 0.7771
15439.2000 785 611 0.7783
15441.0000 786 611 0.7774
15459.3000 786 612 0.7786
15465.0000 787 612 0.7776
15482.0000 788 612 0.7766
15500.8000 788 613 0.7779
15504.0000 789 613 0.7769
15526.0000 790 613 0.7759
15538.7000 790 614 0.7772
15547.0000 791 614 0.7762
15569.0000 792 614 0.7753
15591.0000 793 614 0.7743
15614.1000 793 615 0.7755
15615.0000 794 615 0.7746
15632.0000 795 615 0.7736
15635.3000 795 616 0.7748
15640.2000 795 617 0.7761
15651.0000 796 617 0.7751
15662.6000 796 618 0.7764
15666.0000 797 618 0.7754
15680.4000 797 619 0.7767
15684.0000 798 619 0.7757
15708.0000 799 619 0.7747
15724.0000 800 619 0.7738
15727.8000 800 620 0.7750
15740.1000 800 621 0.7763
15744.5000 800 622 0.7775
15746.0000 801 622 0.7765
15755.2000 801 623 0.7778
15764.0000 802 623 0.7768
15772.1000 802 624 0.7781
15780.2000 802 625 0.7793
15782.0000 803 625 0.7783
15793.3000 803 626 0.7796
15799.0000 804 626 0.7786
15815.0000 805 626 0.7776
15825.5000 805 627 0.7789
15838.0000 806 627 0.7779
15854.0000 807 627 0.7770
15871.0000 807 628 0.7782
15873.0000 808 628 0.7772
15880.0000 808 629 0.7785
15891.0000 808 630 0.7797
15894.0000 809 630 0.7787
15909.0000 810 630 0.7778
15920.1000 810 631 0.7790
15922.7000 810 632 0.7802
15927.0000 811 632 0.7793
15948.0000 812 632 0.7783
15953.1000 812 633 0.7796
15956.3000 812 634 0.7808
15967.0000 813 634 0.7798
15981.4000 813 635 0.7811
15990.0000 814 635 0.7801
16004.6000 814 636 0.7813
16008.1000 814 637 0.7826
16010.0000 815 637 0.7816
16019.4000 815 638 0.7828
16027.0000 816 638 0.7819
16028.1000 816 639 0.7831
16042.0000 817 639 0.7821
16060.9000 817 640 0.7834
16061.0000 818 640 0.7824
16062.0000 818 641 0.7836
16080.0000 819 641 0.7827
16083.7000 819 642 0.7839
16104.0000 820 642 0.7829
16124.0000 821 642 0.7820
16127.7000 821 643 0.7832
16130.8000 821 644 0.7844
16139.0000 822 644 0.7835
16155.0000 823 644 0.7825
16175.0000 824 644 0.7816
16196.0000 825 644 0.7806
16211.8000 825 645 0.7818
16212.0000 826 645 0.7809
16220.0000 826 646 0.7821
16230.0000 827 646 0.7811
16232.1000 827 647 0.7823
16245.0000 828 647 0.7814
16250.6000 828 648 0.7826
16251.0000 828 649 0.7838
16258.9000 828 650 0.7850
16261.0000 829 650 0.7841
16281.0000 830 650 0.7831
16301.0000 831 650 0.7822
16322.0000 832 650 0.7813
16333.8000 832 651 0.7825
16338.0000 833 651 0.7815
16346.4000 833 652 0.7827
16357.0000 834 652 0.7818
16380.0000 835 652 0.7808
16390.3000 835 653 0.7820
16399.0000 836 653 0.7811
16405.7000 836 654 0.7823
16410.7000 836 655 0.7835
16416.0000 837 655 0.7826
16433.0000 838 655 0.7816
16437.6000 838 656 0.7828
16455.0000 839 656 0.7819
16479.0000 840 656 0.7810
16492.7000 840 657 0.7821
16503.0000 841 657 0.7812
16520.1000 841 658 0.7824
16526.0000 842 658 0.7815
16547.0000 843 658 0.7805
16568.0000 844 658 0.7796
16589.0000 845 658 0.7787
16610.0000 846 658 0.7778
16627.3000 846 659 0.7790
16628.0000 847 659 0.7780
16646.0000 848 659 0.7771
16662.0000 849 659 0.7762
16666.9000 849 660 0.7774
16682.0000 850 660 0.7765
16699.0000 851 660 0.7756
16721.7000 851 661 0.7767
16723.0000 852 661 0.7758
16745.0000 853 661 0.7749
16760.0000 854 661 0.7740
16783.0000 855 661 0.7731
16800.0000 856 661 0.7722
16818.0000 857 661 0.7713
16835.0000 858 661 0.7704
16849.2000 858 662 0.7716
16852.1000 858 663 0.7727
16858.0000 859 663 0.7718
16873.9000 859 664 0.7730
16881.0000 860 664 0.7721
16897.9000 860 665 0.7733
16901.0000 861 665 0.7724
16917.0000 862 665 0.7715
16923.8000 862 666 0.7726
16935.0000 863 666 0.7717
16937.1000 863 667 0.7729
16959.0000 864 667 0.7720
16963.0000 864 668 0.7731
16980.0000 865 668 0.7723
16988.1000 865 669 0.7734
16997.0000 866 669 0.7725
17021.0000 867 669 0.7716
17031.9000 867 670 0.7728
17034.1000 867 671 0.7739
17040.0000 868 671 0.7730
17063.0000 869 671 0.7722
17082.0000 870 671 0.7713
17092.2000 870 672 0.7724
17105.0000 871 672 0.7715
17119.1000 871 673 0.7727
17126.0000 872 673 0.7718
17137.7000 872 674 0.7729
17143.0000 873 674 0.7721
17152.2000 873 675 0.7732
17152.7000 873 676 0.7743
17162.0000 874 676 0.7735
17181.0000 875 676 0.7726
17182.1000 875 677 0.7737
17202.0000 876 677 0.7728
17206.6000 876 678 0.7740
17225.0000 877 678 0.7731
17225.0000 877 679 0.7742
17227.1000 877 680 0.7754
17238.1000 877 681 0.7765
17239.6000 877 682 0.7777
17240.0000 878 682 0.7768
17259.0000 879 682 0.7759
17263.5000 879 683 0.7770
17278.0000 880 683 0.7761
17279.7000 880 684 0.7773
17299.0000 881 684 0.7764
17312.5000 881 685 0.7775
17318.0000 882 685 0.7766
17336.0000 883 685 0.7758
17338.6000 883 686 0.7769
17353.0000 884 686 0.7760
17354.6000 884 687 0.7771
17357.4000 884 688 0.7783
17358.0000 884 689 0.7794
17367.0000 884 690 0.7805
17370.0000 885 690 0.7797
17371.3000 885 691 0.7808
17393.6000 885 692 0.7819
17394.0000 886 692 0.7810
17404.8000 886 693 0.7822
17416.0000 887 693 0.7813
17427.9000 887 694 0.7824
17439.0000 888 694 0.7815
17454.0000 889 694 0.7807
17469.2000 889 695 0.7818
17472.7000 889 696 0.7829
17477.0000 890 696 0.7820
17497.0000 891 696 0.7811
17503.3000 891 697 0.7823
17504.4000 891 698 0.7834
17515.0000 892 698 0.7825
17526.5000 892 699 0.7836
17535.0000 893 699 0.7828
17547.1000 893 700 0.7839
17558.0000 894 700 0.7830
17574.0000 895 700 0.7821
17598.0000 896 700 0.7813
17599.3000 896 701 0.7824
17619.0000 897 701 0.7815
17632.9000 897 702 0.7826
17639.0000 898 702 0.7817
17654.0000 899 702 0.7809
17672.0000 900 702 0.7800
17682.8000 900 703 0.7811
17690.0000 901 703 0.7802
17710.0000 902 703 0.7794
17730.2000 902 704 0.7805
17734.0000 903 704 0.7796
17751.0000 904 704 0.7788
17758.4000 904 705 0.7799
17773.8000 904 706 0.7810
17774.0000 905 706 0.7801
17785.2000 905 707 0.7812
17793.0000 906 707 0.7804
17808.0000 907 707 0.7795
17813.6000 907 708 0.7806
17816.7000 907 709 0.7817
17825.2000 907 710 0.7828
17826.0000 908 710 0.7819
17846.0000 909 710 0.7811
17849.5000 909 711 0.7822
17864.0000 910 711 0.7813
17884.0000 911 711 0.7805
17886.5000 911 712 0.7816
17899.0000 912 712 0.7807
17917.0000 913 712 0.7798
17934.5000 913 713 0.7809
17936.0000 914 713 0.7801
17942.6000 914 714 0.7812
17958.0000 915 714 0.7803
17960.0000 915 715 0.7814
17974.3000 915 716 0.7825
17976.0000 916 716 0.7817
17976.3000 916 717 0.7828
18000.0000 917 717 0.7819
