# time  created  delivered  delivered/created
22.0000 1 0 0.0000
38.0000 2 0 0.0000
54.0000 3 0 0.0000
72.0000 4 0 0.0000
94.0000 5 0 0.0000
110.0000 6 0 0.0000
133.0000 7 0 0.0000
153.0000 8 0 0.0000
175.0000 9 0 0.0000
191.0000 10 0 0.0000
210.0000 11 0 0.0000
225.0000 12 0 0.0000
249.0000 13 0 0.0000
265.0000 14 0 0.0000
281.0000 15 0 0.0000
304.0000 16 0 0.0000
328.0000 17 0 0.0000
343.0000 18 0 0.0000
367.0000 19 0 0.0000
382.0000 20 0 0.0000
399.0000 21 0 0.0000
420.0000 22 0 0.0000
439.0000 23 0 0.0000
458.0000 24 0 0.0000
480.0000 25 0 0.0000
497.0000 26 0 0.0000
515.0000 27 0 0.0000
538.0000 28 0 0.0000
562.0000 29 0 0.0000
581.0000 30 0 0.0000
581.2000 30 1 0.0333
603.0000 31 1 0.0323
625.0000 32 1 0.0313
641.2000 32 2 0.0625
646.0000 33 2 0.0606
661.6000 33 3 0.0909
667.0000 34 3 0.0882
685.0000 35 3 0.0857
691.0000 35 4 0.1143
700.0000 36 4 0.1111
713.4000 36 5 0.1389
722.0000 37 5 0.1351
741.0000 38 5 0.1316
764.0000 39 5 0.1282
773.6000 39 6 0.1538
784.0000 40 6 0.1500
806.0000 41 6 0.1463
829.0000 42 6 0.1429
851.0000 43 6 0.1395
873.0000 44 6 0.1364
895.0000 45 6 0.1333
918.0000 46 6 0.1304
935.7000 46 7 0.1522
941.0000 47 7 0.1489
957.0000 48 7 0.1458
975.0000 49 7 0.1429
998.0000 50 7 0.1400
1018.0000 51 7 0.1373
1040.0000 52 7 0.1346
1056.0000 53 7 0.1321
1077.0000 54 7 0.1296
1096.0000 55 7 0.1273
1117.0000 56 7 0.1250
1137.0000 57 7 0.1228
1159.0000 58 7 0.1207
1179.0000 59 7 0.1186
1193.3000 59 8 0.1356
1201.0000 60 8 0.1333
1216.0000 61 8 0.1311
1225.1000 61 9 0.1475
1226.1000 61 10 0.1639
1232.0000 62 10 0.1613
1251.0000 63 10 0.1587
1268.0000 64 10 0.1563
1287.0000 65 10 0.1538
1308.0000 66 10 0.1515
1327.0000 67 10 0.1493
1342.0000 68 10 0.1471
1364.0000 69 10 0.1449
1381.1000 69 11 0.1594
1388.0000 70 11 0.1571
1397.1000 70 12 0.1714
1407.0000 71 12 0.1690
1408.4000 71 13 0.1831
1422.0000 72 13 0.1806
1442.0000 73 13 0.1781
1464.0000 74 13 0.1757
1475.9000 74 14 0.1892
1478.4000 74 15 0.2027
1479.0000 75 15 0.2000
1483.1000 75 16 0.2133
1500.0000 76 16 0.2105
1518.0000 77 16 0.2078
1542.0000 78 16 0.2051
1562.0000 79 16 0.2025
1577.0000 80 16 0.2000
1594.5000 80 17 0.2125
1595.4000 80 18 0.2250
1600.0000 81 18 0.2222
1620.0000 82 18 0.2195
1637.0000 83 18 0.2169
1652.0000 84 18 0.2143
1673.0000 85 18 0.2118
1695.0000 86 18 0.2093
1706.4000 86 19 0.2209
1709.8000 86 20 0.2326
1713.0000 87 20 0.2299
1736.2000 87 21 0.2414
1737.0000 88 21 0.2386
1739.4000 88 22 0.2500
1739.8000 88 23 0.2614
1760.0000 89 23 0.2584
1781.0000 90 23 0.2556
1804.0000 91 23 0.2527
1826.0000 92 23 0.2500
1849.0000 93 23 0.2473
1870.0000 94 23 0.2447
1881.2000 94 24 0.2553
1882.8000 94 25 0.2660
1890.0000 95 25 0.2632
1911.0000 96 25 0.2604
1929.0000 97 25 0.2577
1948.0000 98 25 0.2551
1965.0000 99 25 0.2525
1980.0000 100 25 0.2500
2002.0000 101 25 0.2475
2024.0000 102 25 0.2451
2035.6000 102 26 0.2549
2041.0000 103 26 0.2524
2064.0000 104 26 0.2500
2080.0000 105 26 0.2476
2095.0000 106 26 0.2453
2119.0000 107 26 0.2430
2139.0000 108 26 0.2407
2144.3000 108 27 0.2500
2161.0000 109 27 0.2477
2178.0000 110 27 0.2455
2199.0000 111 27 0.2432
2213.8000 111 28 0.2523
2217.0000 111 29 0.2613
2222.0000 112 29 0.2589
2240.0000 113 29 0.2566
2259.0000 114 29 0.2544
2275.0000 115 29 0.2522
2295.0000 116 29 0.2500
2314.0000 117 29 0.2479
2324.3000 117 30 0.2564
2335.0000 118 30 0.2542
2354.0000 119 30 0.2521
2377.0000 120 30 0.2500
2396.0000 121 30 0.2479
2411.0000 122 30 0.2459
2412.0000 122 31 0.2541
2433.0000 123 31 0.2520
2452.0000 124 31 0.2500
2460.7000 124 32 0.2581
2464.9000 124 33 0.2661
2470.9000 124 34 0.2742
2474.0000 125 34 0.2720
2496.0000 126 34 0.2698
2511.0000 127 34 0.2677
2526.0000 128 34 0.2656
2546.0000 129 34 0.2636
2554.9000 129 35 0.2713
2555.5000 129 36 0.2791
2563.0000 130 36 0.2769
2586.0000 131 36 0.2748
2601.0000 132 36 0.2727
2621.0000 133 36 0.2707
2641.0000 134 36 0.2687
2654.8000 134 37 0.2761
2662.0000 135 37 0.2741
2678.0000 136 37 0.2721
2681.0000 136 38 0.2794
2689.6000 136 39 0.2868
2693.0000 137 39 0.2847
2716.0000 138 39 0.2826
2735.0000 139 39 0.2806
2740.4000 139 40 0.2878
2754.0000 140 40 0.2857
2771.0000 141 40 0.2837
2788.0000 142 40 0.2817
2800.0000 142 41 0.2887
2803.7000 142 42 0.2958
2807.0000 143 42 0.2937
2823.2000 143 43 0.3007
2831.0000 144 43 0.2986
2832.2000 144 44 0.3056
2853.0000 145 44 0.3034
2868.0000 146 44 0.3014
2891.0000 147 44 0.2993
2911.0000 148 44 0.2973
2911.3000 148 45 0.3041
2926.0000 149 45 0.3020
2942.0000 150 45 0.3000
2947.3000 150 46 0.3067
2954.4000 150 47 0.3133
2962.0000 151 47 0.3113
2979.0000 152 47 0.3092
3003.0000 153 47 0.3072
3024.0000 154 47 0.3052
3040.0000 155 47 0.3032
3059.0000 155 48 0.3097
3064.0000 156 48 0.3077
3065.8000 156 49 0.3141
3084.5000 156 50 0.3205
3086.0000 157 50 0.3185
3110.0000 158 50 0.3165
3129.0000 159 50 0.3145
3147.0000 160 50 0.3125
3166.0000 161 50 0.3106
3166.7000 161 51 0.3168
3190.0000 162 51 0.3148
3204.1000 162 52 0.3210
3210.0000 163 52 0.3190
3225.0000 164 52 0.3171
3243.0000 165 52 0.3152
3260.0000 166 52 0.3133
3271.8000 166 53 0.3193
3273.6000 166 54 0.3253
3283.0000 167 54 0.3234
3305.0000 168 54 0.3214
3321.0000 169 54 0.3195
3344.0000 170 54 0.3176
3365.0000 171 54 0.3158
3385.0000 172 54 0.3140
3408.0000 173 54 0.3121
3414.1000 173 55 0.3179
3426.2000 173 56 0.3237
3428.0000 174 56 0.3218
3429.2000 174 57 0.3276
3447.8000 174 58 0.3333
3449.0000 175 58 0.3314
3454.7000 175 59 0.3371
3457.4000 175 60 0.3429
3472.0000 176 60 0.3409
3488.0000 177 60 0.3390
3511.0000 178 60 0.3371
3527.5000 178 61 0.3427
3530.6000 178 62 0.3483
3535.0000 179 62 0.3464
3550.1000 179 63 0.3520
3552.0000 180 63 0.3500
3570.0000 181 63 0.3481
3577.6000 181 64 0.3536
3589.0000 182 64 0.3516
3604.0000 183 64 0.3497
3619.0000 184 64 0.3478
3638.0000 185 64 0.3459
3653.0000 186 64 0.3441
3669.0000 187 64 0.3422
3683.4000 187 65 0.3476
3689.0000 188 65 0.3457
3712.0000 189 65 0.3439
3730.0000 190 65 0.3421
3754.0000 191 65 0.3403
3771.0000 192 65 0.3385
3787.0000 193 65 0.3368
3809.0000 194 65 0.3351
3824.6000 194 66 0.3402
3831.8000 194 67 0.3454
3832.0000 195 67 0.3436
3854.0000 196 67 0.3418
3873.0000 197 67 0.3401
3881.8000 197 68 0.3452
3895.0000 198 68 0.3434
3919.0000 199 68 0.3417
3938.0000 200 68 0.3400
3953.0000 200 69 0.3450
3955.0000 201 69 0.3433
3975.0000 202 69 0.3416
3987.9000 202 70 0.3465
3996.0000 203 70 0.3448
4012.0000 204 70 0.3431
4018.5000 204 71 0.3480
4031.0000 205 71 0.3463
4052.0000 206 71 0.3447
4054.9000 206 72 0.3495
4059.6000 206 73 0.3544
4070.0000 207 73 0.3527
4094.0000 208 73 0.3510
4114.2000 208 74 0.3558
4115.0000 209 74 0.3541
4134.0000 210 74 0.3524
4153.0000 211 74 0.3507
4171.0000 212 74 0.3491
4194.0000 213 74 0.3474
4214.0000 214 74 0.3458
4214.7000 214 75 0.3505
4235.0000 215 75 0.3488
4245.6000 215 76 0.3535
4251.0000 216 76 0.3519
4268.6000 216 77 0.3565
4272.0000 217 77 0.3548
4290.0000 218 77 0.3532
4291.5000 218 78 0.3578
4306.4000 218 79 0.3624
4314.0000 219 79 0.3607
4315.8000 219 80 0.3653
4338.0000 220 80 0.3636
4360.0000 221 80 0.3620
4363.6000 221 81 0.3665
4381.0000 222 81 0.3649
4400.0000 223 81 0.3632
4418.3000 223 82 0.3677
4419.0000 224 82 0.3661
4419.1000 224 83 0.3705
4434.0000 225 83 0.3689
4452.4000 225 84 0.3733
4458.0000 226 84 0.3717
4476.0000 227 84 0.3700
4497.0000 228 84 0.3684
4515.0000 229 84 0.3668
4537.0000 230 84 0.3652
4556.0000 231 84 0.3636
4580.0000 232 84 0.3621
4597.0000 233 84 0.3605
4614.0000 234 84 0.3590
4634.0000 235 84 0.3574
4655.0000 236 84 0.3559
4665.1000 236 85 0.3602
4672.0000 237 85 0.3586
4689.0000 238 85 0.3571
4706.0000 239 85 0.3556
4729.0000 240 85 0.3542
4747.0000 241 85 0.3527
4762.0000 242 85 0.3512
4783.0000 243 85 0.3498
4793.4000 243 86 0.3539
4807.0000 244 86 0.3525
4808.3000 244 87 0.3566
4824.0000 245 87 0.3551
4848.0000 246 87 0.3537
4867.0000 247 87 0.3522
4883.2000 247 88 0.3563
4886.0000 248 88 0.3548
4909.0000 249 88 0.3534
4928.0000 250 88 0.3520
4951.0000 251 88 0.3506
4966.0000 252 88 0.3492
4986.0000 253 88 0.3478
4993.5000 253 89 0.3518
5010.0000 254 89 0.3504
5011.9000 254 90 0.3543
5033.0000 255 90 0.3529
5048.0000 256 90 0.3516
5072.0000 257 90 0.3502
5089.0000 258 90 0.3488
5112.0000 259 90 0.3475
5113.7000 259 91 0.3514
5131.0000 260 91 0.3500
5151.0000 261 91 0.3487
5169.8000 261 92 0.3525
5175.0000 262 92 0.3511
5194.0000 263 92 0.3498
5212.5000 263 93 0.3536
5215.0000 264 93 0.3523
5232.8000 264 94 0.3561
5237.0000 265 94 0.3547
5238.4000 265 95 0.3585
5254.0000 266 95 0.3571
5269.0000 267 95 0.3558
5291.0000 268 95 0.3545
5307.0000 269 95 0.3532
5321.9000 269 96 0.3569
5324.0000 270 96 0.3556
5339.0000 271 96 0.3542
5356.0000 272 96 0.3529
5371.0000 273 96 0.3516
5387.0000 274 96 0.3504
5395.6000 274 97 0.3540
5410.0000 275 97 0.3527
5410.3000 275 98 0.3564
5426.0000 276 98 0.3551
5447.0000 277 98 0.3538
5470.0000 278 98 0.3525
5490.0000 279 98 0.3513
5507.0000 280 98 0.3500
5517.7000 280 99 0.3536
5528.0000 281 99 0.3523
5546.0000 282 99 0.3511
5564.0000 283 99 0.3498
5584.0000 284 99 0.3486
5607.0000 285 99 0.3474
5625.0000 286 99 0.3462
5643.0000 287 99 0.3449
5665.0000 288 99 0.3438
5685.0000 289 99 0.3426
5693.8000 289 100 0.3460
5704.0000 290 100 0.3448
5724.0000 291 100 0.3436
5745.0000 292 100 0.3425
5745.2000 292 101 0.3459
5755.6000 292 102 0.3493
5760.0000 293 102 0.3481
5778.9000 293 103 0.3515
5780.8000 293 104 0.3549
5784.0000 294 104 0.3537
5805.0000 295 104 0.3525
5820.7000 295 105 0.3559
5822.0000 296 105 0.3547
5841.0000 297 105 0.3535
5859.0000 298 105 0.3523
5873.7000 298 106 0.3557
5874.0000 299 106 0.3545
5883.5000 299 107 0.3579
5884.0000 299 108 0.3612
5889.2000 299 109 0.3645
5893.0000 300 109 0.3633
5896.4000 300 110 0.3667
5914.0000 301 110 0.3654
5924.2000 301 111 0.3688
5932.0000 302 111 0.3675
5953.0000 303 111 0.3663
5971.0000 304 111 0.3651
5986.0000 305 111 0.3639
5995.1000 305 112 0.3672
6003.8000 305 113 0.3705
6008.0000 306 113 0.3693
6024.0000 307 113 0.3681
6041.0000 308 113 0.3669
6063.0000 309 113 0.3657
6068.7000 309 114 0.3689
6076.1000 309 115 0.3722
6087.0000 310 115 0.3710
6105.0000 311 115 0.3698
6124.0000 312 115 0.3686
6145.0000 313 115 0.3674
6166.0000 314 115 0.3662
6182.0000 315 115 0.3651
6201.0000 316 115 0.3639
6216.0000 317 115 0.3628
6219.5000 317 116 0.3659
6231.0000 318 116 0.3648
6248.0000 319 116 0.3636
6261.7000 319 117 0.3668
6267.0000 320 117 0.3656
6289.0000 321 117 0.3645
6308.0000 322 117 0.3634
6312.4000 322 118 0.3665
6332.0000 323 118 0.3653
6337.7000 323 119 0.3684
6355.0000 324 119 0.3673
6372.0000 325 119 0.3662
6374.8000 325 120 0.3692
6391.9000 325 121 0.3723
6393.0000 326 121 0.3712
6417.0000 327 121 0.3700
6424.2000 327 122 0.3731
6432.9000 327 123 0.3761
6441.0000 328 123 0.3750
6457.3000 328 124 0.3780
6462.7000 328 125 0.3811
6465.0000 329 125 0.3799
6467.3000 329 126 0.3830
6486.0000 330 126 0.3818
6502.0000 331 126 0.3807
6518.0000 332 126 0.3795
6536.0000 333 126 0.3784
6552.5000 333 127 0.3814
6555.0000 334 127 0.3802
6572.0000 335 127 0.3791
6591.0000 336 127 0.3780
6608.0000 337 127 0.3769
6631.0000 338 127 0.3757
6646.0000 339 127 0.3746
6665.0000 340 127 0.3735
6684.0000 341 127 0.3724
6696.4000 341 128 0.3754
6708.0000 342 128 0.3743
6725.0000 343 128 0.3732
6745.0000 344 128 0.3721
6760.0000 345 128 0.3710
6776.9000 345 129 0.3739
6781.0000 346 129 0.3728
6793.6000 346 130 0.3757
6800.0000 347 130 0.3746
6816.0000 348 130 0.3736
6839.0000 349 130 0.3725
6854.0000 350 130 0.3714
6861.4000 350 131 0.3743
6874.0000 351 131 0.3732
6889.0000 352 131 0.3722
6893.6000 352 132 0.3750
6897.1000 352 133 0.3778
6909.0000 353 133 0.3768
6919.8000 353 134 0.3796
6930.0000 354 134 0.3785
6951.0000 355 134 0.3775
6971.0000 356 134 0.3764
6995.0000 357 134 0.3754
7008.2000 357 135 0.3782
7010.0000 358 135 0.3771
7012.2000 358 136 0.3799
7029.0000 359 136 0.3788
7044.5000 359 137 0.3816
7048.0000 360 137 0.3806
7063.3000 360 138 0.3833
7071.0000 361 138 0.3823
7093.0000 362 138 0.3812
7094.1000 362 139 0.3840
7103.6000 362 140 0.3867
7108.0000 363 140 0.3857
7130.0000 364 140 0.3846
7137.7000 364 141 0.3874
7147.0000 365 141 0.3863
7163.0000 366 141 0.3852
7177.2000 366 142 0.3880
7178.4000 366 143 0.3907
7180.0000 367 143 0.3896
7180.8000 367 144 0.3924
7197.0000 368 144 0.3913
7197.8000 368 145 0.3940
7205.9000 368 146 0.3967
7221.0000 369 146 0.3957
7240.0000 370 146 0.3946
7255.0000 371 146 0.3935
7259.9000 371 147 0.3962
7272.0000 372 147 0.3952
7296.0000 373 147 0.3941
7304.4000 373 148 0.3968
7314.2000 373 149 0.3995
7319.0000 374 149 0.3984
7333.2000 374 150 0.4011
7335.0000 375 150 0.4000
7342.7000 375 151 0.4027
7352.5000 375 152 0.4053
7358.0000 376 152 0.4043
7378.0000 377 152 0.4032
7394.0000 378 152 0.4021
7411.0000 379 152 0.4011
7435.0000 380 152 0.4000
7459.0000 381 152 0.3990
7474.2000 381 153 0.4016
7480.0000 382 153 0.4005
7498.0000 383 153 0.3995
7514.0000 384 153 0.3984
7530.0000 384 154 0.4010
7536.0000 385 154 0.4000
7550.2000 385 155 0.4026
7559.0000 386 155 0.4016
7574.0000 387 155 0.4005
7583.5000 387 156 0.4031
7591.2000 387 157 0.4057
7594.1000 387 158 0.4083
7595.0000 388 158 0.4072
7602.2000 388 159 0.4098
7613.0000 389 159 0.4087
7621.5000 389 160 0.4113
7632.0000 390 160 0.4103
7656.0000 391 160 0.4092
7673.0000 392 160 0.4082
7696.0000 393 160 0.4071
7713.0000 394 160 0.4061
7730.0000 395 160 0.4051
7745.0000 396 160 0.4040
7762.0000 397 160 0.4030
7762.3000 397 161 0.4055
7777.8000 397 162 0.4081
7784.0000 398 162 0.4070
7792.1000 398 163 0.4095
7804.0000 399 163 0.4085
7822.0000 400 163 0.4075
7822.3000 400 164 0.4100
7840.0000 401 164 0.4090
7858.0000 402 164 0.4080
7874.0000 403 164 0.4069
7895.0000 404 164 0.4059
7914.0000 405 164 0.4049
7922.2000 405 165 0.4074
7931.0000 406 165 0.4064
7948.0000 407 165 0.4054
7957.0000 407 166 0.4079
7962.2000 407 167 0.4103
7972.0000 408 167 0.4093
7987.0000 409 167 0.4083
8002.0000 410 167 0.4073
8024.0000 411 167 0.4063
8040.0000 412 167 0.4053
8041.7000 412 168 0.4078
8059.0000 413 168 0.4068
8082.0000 414 168 0.4058
8085.2000 414 169 0.4082
8099.0000 415 169 0.4072
8116.0000 416 169 0.4063
8137.0000 417 169 0.4053
8158.0000 418 169 0.4043
8171.9000 418 170 0.4067
8173.0000 419 170 0.4057
8190.0000 420 170 0.4048
8205.0000 421 170 0.4038
8205.7000 421 171 0.4062
8227.0000 422 171 0.4052
8251.0000 423 171 0.4043
8270.0000 423 172 0.4066
8275.0000 424 172 0.4057
8297.0000 425 172 0.4047
8317.0000 426 172 0.4038
8336.0000 427 172 0.4028
8359.0000 428 172 0.4019
8375.0000 429 172 0.4009
8396.0000 430 172 0.4000
8414.0000 431 172 0.3991
8428.2000 431 173 0.4014
8437.0000 432 173 0.4005
8453.0000 433 173 0.3995
8462.3000 433 174 0.4018
8468.0000 434 174 0.4009
8492.0000 435 174 0.4000
8510.0000 436 174 0.3991
8525.0000 437 174 0.3982
8544.0000 438 174 0.3973
8566.0000 439 174 0.3964
8578.2000 439 175 0.3986
8586.0000 440 175 0.3977
8609.0000 441 175 0.3968
8625.0000 442 175 0.3959
8641.0000 442 176 0.3982
8643.4000 442 177 0.4005
8644.0000 443 177 0.3995
8663.0000 444 177 0.3986
8681.0000 445 177 0.3978
8697.0000 446 177 0.3969
8704.8000 446 178 0.3991
8706.0000 446 179 0.4013
8719.0000 447 179 0.4004
8730.3000 447 180 0.4027
8742.7000 447 181 0.4049
8743.0000 448 181 0.4040
8767.0000 449 181 0.4031
8778.0000 449 182 0.4053
8784.0000 450 182 0.4044
8800.0000 451 182 0.4035
8806.8000 451 183 0.4058
8807.3000 451 184 0.4080
8823.0000 452 184 0.4071
8829.7000 452 185 0.4093
8831.0000 452 186 0.4115
8833.4000 452 187 0.4137
8839.0000 453 187 0.4128
8854.0000 454 187 0.4119
8861.1000 454 188 0.4141
8869.0000 455 188 0.4132
8892.0000 456 188 0.4123
8911.0000 457 188 0.4114
8929.0000 458 188 0.4105
8944.0000 459 188 0.4096
8955.3000 459 189 0.4118
8955.8000 459 190 0.4139
8961.0000 460 190 0.4130
8979.0000 461 190 0.4121
8997.0000 462 190 0.4113
8997.2000 462 191 0.4134
9011.3000 462 192 0.4156
9013.0000 463 192 0.4147
9027.4000 463 193 0.4168
9035.0000 464 193 0.4159
9036.1000 464 194 0.4181
9055.8000 464 195 0.4203
9058.0000 465 195 0.4194
9073.0000 466 195 0.4185
9095.0000 467 195 0.4176
9119.0000 468 195 0.4167
9129.5000 468 196 0.4188
9143.0000 469 196 0.4179
9143.2000 469 197 0.4200
9162.0000 470 197 0.4191
9171.3000 470 198 0.4213
9174.0000 470 199 0.4234
9178.1000 470 200 0.4255
9186.0000 471 200 0.4246
9209.0000 472 200 0.4237
9209.2000 472 201 0.4258
9215.1000 472 202 0.4280
9218.5000 472 203 0.4301
9224.0000 473 203 0.4292
9245.0000 474 203 0.4283
9250.3000 474 204 0.4304
9252.8000 474 205 0.4325
9264.0000 475 205 0.4316
9265.5000 475 206 0.4337
9288.0000 476 206 0.4328
9294.6000 476 207 0.4349
9304.3000 476 208 0.4370
9306.5000 476 209 0.4391
9310.0000 477 209 0.4382
9326.0000 478 209 0.4372
9341.0000 479 209 0.4363
9365.0000 480 209 0.4354
9382.6000 480 210 0.4375
9387.0000 481 210 0.4366
9392.3000 481 211 0.4387
9403.0000 482 211 0.4378
9426.0000 483 211 0.4369
9444.0000 484 211 0.4360
9456.3000 484 212 0.4380
9467.1000 484 213 0.4401
9468.0000 485 213 0.4392
9485.0000 486 213 0.4383
9495.7000 486 214 0.4403
9503.0000 487 214 0.4394
9511.0000 487 215 0.4415
9526.4000 487 216 0.4435
9527.0000 488 216 0.4426
9550.0000 489 216 0.4417
9555.1000 489 217 0.4438
9573.0000 490 217 0.4429
9591.0000 491 217 0.4420
9614.0000 492 217 0.4411
9632.0000 493 217 0.4402
9653.0000 494 217 0.4393
9676.0000 495 217 0.4384
9693.0000 496 217 0.4375
9715.0000 497 217 0.4366
9736.0000 498 217 0.4357
9738.5000 498 218 0.4378
9748.3000 498 219 0.4398
9750.0000 498 220 0.4418
9752.0000 499 220 0.4409
9761.5000 499 221 0.4429
9776.0000 500 221 0.4420
9776.0000 500 222 0.4440
9799.0000 501 222 0.4431
9821.0000 502 222 0.4422
9837.0000 503 222 0.4414
9847.4000 503 223 0.4433
9861.0000 504 223 0.4425
9879.0000 505 223 0.4416
9894.0000 506 223 0.4407
9904.5000 506 224 0.4427
9909.0000 507 224 0.4418
9927.0000 508 224 0.4409
9946.0000 509 224 0.4401
9969.0000 510 224 0.4392
9988.0000 511 224 0.4384
9995.7000 511 225 0.4403
10007.0000 512 225 0.4395
10013.2000 512 226 0.4414
10024.0000 513 226 0.4405
10034.2000 513 227 0.4425
10044.0000 514 227 0.4416
10066.3000 514 228 0.4436
10067.0000 515 228 0.4427
10079.6000 515 229 0.4447
10087.0000 516 229 0.4438
10111.0000 517 229 0.4429
10122.7000 517 230 0.4449
10132.0000 518 230 0.4440
10154.0000 519 230 0.4432
10177.0000 520 230 0.4423
10194.0000 521 230 0.4415
10216.0000 522 230 0.4406
10235.0000 523 230 0.4398
10243.7000 523 231 0.4417
10257.0000 524 231 0.4408
10279.7000 524 232 0.4427
10281.0000 525 232 0.4419
10283.4000 525 233 0.4438
10300.0000 526 233 0.4430
10320.0000 527 233 0.4421
10343.0000 528 233 0.4413
10345.9000 528 234 0.4432
10366.0000 529 234 0.4423
10380.0000 529 235 0.4442
10382.0000 530 235 0.4434
10402.0000 531 235 0.4426
10423.0000 532 235 0.4417
10439.8000 532 236 0.4436
10441.0000 533 236 0.4428
10443.4000 533 237 0.4447
10444.7000 533 238 0.4465
10461.0000 534 238 0.4457
10480.0000 535 238 0.4449
10497.0000 536 238 0.4440
10518.0000 537 238 0.4432
10537.0000 538 238 0.4424
10555.0000 539 238 0.4416
10571.0000 540 238 0.4407
10591.0000 541 238 0.4399
10610.3000 541 239 0.4418
10615.0000 542 239 0.4410
10617.4000 542 240 0.4428
10637.0000 543 240 0.4420
10641.0000 543 241 0.4438
10645.7000 543 242 0.4457
10656.6000 543 243 0.4475
10657.0000 544 243 0.4467
10665.2000 544 244 0.4485
10667.1000 544 245 0.4504
10667.4000 544 246 0.4522
10681.0000 545 246 0.4514
10681.0000 545 247 0.4532
10703.0000 546 247 0.4524
10726.0000 547 247 0.4516
10744.3000 547 248 0.4534
10748.0000 548 248 0.4526
10768.0000 549 248 0.4517
10781.7000 549 249 0.4536
10788.0000 550 249 0.4527
10808.0000 551 249 0.4519
10823.0000 552 249 0.4511
10842.0000 553 249 0.4503
10849.1000 553 250 0.4521
10866.0000 554 250 0.4513
10877.3000 554 251 0.4531
10882.5000 554 252 0.4549
10884.2000 554 253 0.4567
10885.0000 555 253 0.4559
10907.0000 556 253 0.4550
10925.0000 557 253 0.4542
10942.0000 558 253 0.4534
10958.7000 558 254 0.4552
10966.0000 559 254 0.4544
10983.0000 560 254 0.4536
11006.0000 561 254 0.4528
11023.0000 562 254 0.4520
11046.0000 563 254 0.4512
11056.3000 563 255 0.4529
11068.0000 564 255 0.4521
11084.0000 565 255 0.4513
11099.6000 565 256 0.4531
11102.0000 566 256 0.4523
11110.2000 566 257 0.4541
11120.0000 567 257 0.4533
11120.2000 567 258 0.4550
11120.7000 567 259 0.4568
11143.0000 568 259 0.4560
11166.0000 569 259 0.4552
11170.2000 569 260 0.4569
11182.0000 570 260 0.4561
11191.1000 570 261 0.4579
11201.0000 571 261 0.4571
11209.0000 571 262 0.4588
11218.0000 572 262 0.4580
11228.5000 572 263 0.4598
11238.0000 573 263 0.4590
11250.8000 573 264 0.4607
11260.0000 574 264 0.4599
11280.0000 575 264 0.4591
11298.0000 576 264 0.4583
11319.0000 577 264 0.4575
11323.4000 577 265 0.4593
11343.0000 578 265 0.4585
11363.0000 579 265 0.4577
11374.8000 579 266 0.4594
11381.0000 580 266 0.4586
11405.0000 581 266 0.4578
11424.0000 582 266 0.4570
11433.5000 582 267 0.4588
11443.0000 583 267 0.4580
11443.2000 583 268 0.4597
11467.0000 584 268 0.4589
11491.0000 585 268 0.4581
11511.0000 586 268 0.4573
11529.0000 587 268 0.4566
11541.8000 587 269 0.4583
11546.2000 587 270 0.4600
11547.0000 588 270 0.4592
11566.0000 589 270 0.4584
11586.0000 590 270 0.4576
11610.0000 591 270 0.4569
11618.1000 591 271 0.4585
11626.0000 592 271 0.4578
11640.2000 592 272 0.4595
11644.7000 592 273 0.4611
11650.0000 593 273 0.4604
11665.0000 594 273 0.4596
11680.0000 595 273 0.4588
11686.2000 595 274 0.4605
11686.9000 595 275 0.4622
11696.0000 596 275 0.4614
11711.0000 597 275 0.4606
11731.0000 598 275 0.4599
11755.0000 599 275 0.4591
11768.8000 599 276 0.4608
11771.0000 600 276 0.4600
11781.7000 600 277 0.4617
11790.0000 601 277 0.4609
11809.0000 602 277 0.4601
11817.5000 602 278 0.4618
11827.0000 603 278 0.4610
11834.1000 603 279 0.4627
11837.7000 603 280 0.4643
11851.0000 604 280 0.4636
11851.7000 604 281 0.4652
11867.0000 605 281 0.4645
11885.0000 606 281 0.4637
11886.5000 606 282 0.4653
11887.5000 606 283 0.4670
11907.0000 607 283 0.4662
11929.0000 608 283 0.4655
11937.7000 608 284 0.4671
11948.0000 609 284 0.4663
11950.9000 609 285 0.4680
11959.7000 609 286 0.4696
11971.0000 610 286 0.4689
11992.3000 610 287 0.4705
11995.0000 611 287 0.4697
12003.4000 611 288 0.4714
12005.8000 611 289 0.4730
12012.0000 612 289 0.4722
12033.0000 613 289 0.4715
12048.0000 614 289 0.4707
12051.6000 614 290 0.4723
12052.3000 614 291 0.4739
12070.0000 615 291 0.4732
12072.7000 615 292 0.4748
12088.0000 616 292 0.4740
12104.0000 617 292 0.4733
12124.0000 618 292 0.4725
12136.5000 618 293 0.4741
12141.2000 618 294 0.4757
12145.0000 619 294 0.4750
12148.8000 619 295 0.4766
12153.5000 619 296 0.4782
12165.0000 620 296 0.4774
12189.0000 621 296 0.4767
12209.0000 622 296 0.4759
12211.8000 622 297 0.4775
12216.6000 622 298 0.4791
12218.2000 622 299 0.4807
12220.5000 622 300 0.4823
12225.0000 622 301 0.4839
12226.0000 623 301 0.4831
12249.0000 624 301 0.4824
12263.3000 624 302 0.4840
12270.0000 625 302 0.4832
12273.2000 625 303 0.4848
12282.6000 625 304 0.4864
12287.0000 626 304 0.4856
12304.8000 626 305 0.4872
12305.0000 627 305 0.4864
12314.1000 627 306 0.4880
12323.0000 628 306 0.4873
12329.4000 628 307 0.4889
12335.4000 628 308 0.4904
12339.0000 629 308 0.4897
12358.0000 630 308 0.4889
12377.0000 631 308 0.4881
12399.0000 632 308 0.4873
12421.0000 633 308 0.4866
12439.0000 633 309 0.4882
12444.0000 634 309 0.4874
12463.0000 635 309 0.4866
12471.4000 635 310 0.4882
12479.0000 636 310 0.4874
12483.2000 636 311 0.4890
12484.9000 636 312 0.4906
12486.3000 636 313 0.4921
12492.0000 636 314 0.4937
12496.1000 636 315 0.4953
12497.0000 637 315 0.4945
12515.3000 637 316 0.4961
12518.0000 638 316 0.4953
12538.0000 639 316 0.4945
12556.0000 640 316 0.4938
12575.0000 641 316 0.4930
12592.6000 641 317 0.4945
12596.0000 642 317 0.4938
12605.4000 642 318 0.4953
12611.0000 643 318 0.4946
12614.7000 643 319 0.4961
12635.0000 644 319 0.4953
12642.9000 644 320 0.4969
12655.0000 645 320 0.4961
12672.0000 646 320 0.4954
12691.0000 647 320 0.4946
12704.3000 647 321 0.4961
12713.0000 648 321 0.4954
12726.0000 648 322 0.4969
12727.4000 648 323 0.4985
12731.8000 648 324 0.5000
12737.0000 649 324 0.4992
12761.0000 650 324 0.4985
12781.0000 651 324 0.4977
12798.0000 652 324 0.4969
12818.0000 653 324 0.4962
12836.3000 653 325 0.4977
12839.0000 654 325 0.4969
12863.0000 655 325 0.4962
12867.5000 655 326 0.4977
12884.0000 656 326 0.4970
12901.0000 657 326 0.4962
12919.0000 658 326 0.4954
12936.0000 659 326 0.4947
12954.0000 660 326 0.4939
12971.0000 661 326 0.4932
12977.4000 661 327 0.4947
12986.0000 662 327 0.4940
12996.6000 662 328 0.4955
13004.5000 662 329 0.4970
13009.0000 663 329 0.4962
13016.9000 663 330 0.4977
13029.0000 664 330 0.4970
13048.0000 665 330 0.4962
13054.3000 665 331 0.4977
13069.0000 666 331 0.4970
13080.5000 666 332 0.4985
13090.0000 667 332 0.4978
13112.0000 668 332 0.4970
13125.8000 668 333 0.4985
13133.2000 668 334 0.5000
13133.2000 668 335 0.5015
13135.0000 669 335 0.5007
13146.6000 669 336 0.5022
13157.0000 670 336 0.5015
13175.0000 671 336 0.5007
13198.0000 672 336 0.5000
13222.0000 673 336 0.4993
13237.0000 674 336 0.4985
13240.6000 674 337 0.5000
13258.3000 674 338 0.5015
13261.0000 675 338 0.5007
13268.3000 675 339 0.5022
13279.0000 676 339 0.5015
13293.7000 676 340 0.5030
13303.0000 677 340 0.5022
13327.0000 678 340 0.5015
13344.0000 679 340 0.5007
13344.0000 679 341 0.5022
13354.8000 679 342 0.5037
13367.0000 680 342 0.5029
13385.0000 681 342 0.5022
13400.0000 682 342 0.5015
13422.0000 683 342 0.5007
13439.0000 684 342 0.5000
13463.0000 685 342 0.4993
13485.0000 686 342 0.4985
13501.0000 687 342 0.4978
13520.9000 687 343 0.4993
13522.0000 688 343 0.4985
13543.0000 689 343 0.4978
13558.0000 690 343 0.4971
13572.4000 690 344 0.4986
13578.0000 691 344 0.4978
13582.3000 691 345 0.4993
13597.0000 692 345 0.4986
13601.2000 692 346 0.5000
13605.2000 692 347 0.5014
13612.0000 693 347 0.5007
13622.2000 693 348 0.5022
13624.3000 693 349 0.5036
13633.0000 694 349 0.5029
13654.0000 695 349 0.5022
13662.9000 695 350 0.5036
13665.3000 695 351 0.5050
13674.0000 696 351 0.5043
13689.0000 697 351 0.5036
13713.0000 698 351 0.5029
13732.6000 698 352 0.5043
13733.0000 699 352 0.5036
13750.0000 700 352 0.5029
13770.6000 700 353 0.5043
13771.0000 701 353 0.5036
13787.0000 702 353 0.5028
13808.0000 703 353 0.5021
13831.0000 704 353 0.5014
13853.0000 705 353 0.5007
13874.0000 706 353 0.5000
13894.0000 707 353 0.4993
13905.8000 707 354 0.5007
13915.0000 708 354 0.5000
13937.0000 709 354 0.4993
13952.0000 710 354 0.4986
13952.0000 710 355 0.5000
13953.5000 710 356 0.5014
13976.0000 711 356 0.5007
13985.2000 711 357 0.5021
13994.0000 712 357 0.5014
14007.7000 712 358 0.5028
14011.0000 713 358 0.5021
14032.0000 714 358 0.5014
14056.0000 715 358 0.5007
14077.0000 716 358 0.5000
14092.0000 717 358 0.4993
14100.8000 717 359 0.5007
14107.0000 718 359 0.5000
14123.0000 719 359 0.4993
14143.5000 719 360 0.5007
14147.0000 720 360 0.5000
14167.0000 721 360 0.4993
14171.6000 721 361 0.5007
14186.0000 722 361 0.5000
14204.0000 723 361 0.4993
14208.3000 723 362 0.5007
14225.0000 724 362 0.5000
14245.0000 725 362 0.4993
14267.0000 726 362 0.4986
14286.0000 727 362 0.4979
14290.8000 727 363 0.4993
14304.0000 728 363 0.4986
14323.0000 729 363 0.4979
14340.7000 729 364 0.4993
14343.0000 730 364 0.4986
14363.0000 731 364 0.4979
14379.1000 731 365 0.4993
14385.0000 732 365 0.4986
14404.0000 733 365 0.4980
14420.0000 734 365 0.4973
14420.9000 734 366 0.4986
14433.9000 734 367 0.5000
14441.0000 735 367 0.4993
14456.0000 736 367 0.4986
14466.4000 736 368 0.5000
14475.0000 737 368 0.4993
14499.0000 738 368 0.4986
14523.0000 739 368 0.4980
14544.0000 740 368 0.4973
14551.8000 740 369 0.4986
14568.0000 741 369 0.4980
14588.0000 742 369 0.4973
14597.4000 742 370 0.4987
14603.0000 743 370 0.4980
14618.0000 744 370 0.4973
14619.3000 744 371 0.4987
14629.4000 744 372 0.5000
14639.0000 745 372 0.4993
14655.0000 746 372 0.4987
14676.0000 747 372 0.4980
14696.0000 748 372 0.4973
14718.0000 749 372 0.4967
14725.1000 749 373 0.4980
14725.3000 749 374 0.4993
14733.2000 749 375 0.5007
14736.0000 750 375 0.5000
14746.0000 750 376 0.5013
14753.9000 750 377 0.5027
14756.0000 751 377 0.5020
14763.0000 751 378 0.5033
14773.0000 752 378 0.5027
14790.0000 753 378 0.5020
14802.8000 753 379 0.5033
14809.0000 754 379 0.5027
14831.0000 755 379 0.5020
14848.0000 756 379 0.5013
14867.0000 757 379 0.5007
14889.0000 758 379 0.5000
14905.0000 759 379 0.4993
14916.1000 759 380 0.5007
14918.4000 759 381 0.5020
14927.0000 760 381 0.5013
14942.0000 761 381 0.5007
14961.0000 762 381 0.5000
14984.0000 763 381 0.4993
14999.0000 764 381 0.4987
15021.0000 765 381 0.4980
15031.8000 765 382 0.4993
15034.7000 765 383 0.5007
15041.0000 766 383 0.5000
15058.0000 767 383 0.4993
15074.0000 768 383 0.4987
15093.0000 769 383 0.4980
15114.0000 770 383 0.4974
15132.0000 771 383 0.4968
15149.0000 772 383 0.4961
15159.2000 772 384 0.4974
15170.3000 772 385 0.4987
15172.0000 773 385 0.4981
15184.6000 773 386 0.4994
15190.0000 774 386 0.4987
15212.0000 775 386 0.4981
15235.0000 776 386 0.4974
15256.0000 777 386 0.4968
15274.3000 777 387 0.4981
15280.0000 778 387 0.4974
15295.3000 778 388 0.4987
15297.0000 779 388 0.4981
15300.2000 779 389 0.4994
15318.0000 780 389 0.4987
15336.0000 781 389 0.4981
15360.0000 782 389 0.4974
15381.0000 783 389 0.4968
15399.0000 784 389 0.4962
15419.0000 785 389 0.4955
15439.2000 785 390 0.4968
15441.0000 786 390 0.4962
15442.1000 786 391 0.4975
15465.0000 787 391 0.4968
15482.0000 788 391 0.4962
15502.5000 788 392 0.4975
15504.0000 789 392 0.4968
15517.2000 789 393 0.4981
15526.0000 790 393 0.4975
15538.7000 790 394 0.4987
15547.0000 791 394 0.4981
15569.0000 792 394 0.4975
15591.0000 793 394 0.4968
15596.7000 793 395 0.4981
15610.0000 793 396 0.4994
15615.0000 794 396 0.4987
15632.0000 795 396 0.4981
15644.8000 795 397 0.4994
15651.0000 796 397 0.4987
15666.0000 797 397 0.4981
15684.0000 798 397 0.4975
15708.0000 799 397 0.4969
15724.0000 800 397 0.4963
15743.3000 800 398 0.4975
15746.0000 801 398 0.4969
15764.0000 802 398 0.4963
15764.3000 802 399 0.4975
15782.0000 803 399 0.4969
15793.3000 803 400 0.4981
15794.4000 803 401 0.4994
15799.0000 804 401 0.4988
15815.0000 805 401 0.4981
15838.0000 806 401 0.4975
15854.0000 807 401 0.4969
15873.0000 808 401 0.4963
15880.0000 808 402 0.4975
15894.0000 809 402 0.4969
15909.0000 810 402 0.4963
15918.4000 810 403 0.4975
15927.0000 811 403 0.4969
15948.0000 812 403 0.4963
15953.1000 812 404 0.4975
15967.0000 813 404 0.4969
15971.6000 813 405 0.4982
15990.0000 814 405 0.4975
16004.7000 814 406 0.4988
16006.3000 814 407 0.5000
16010.0000 815 407 0.4994
16027.0000 816 407 0.4988
16042.0000 817 407 0.4982
16048.6000 817 408 0.4994
16056.0000 817 409 0.5006
16061.0000 818 409 0.5000
16080.0000 819 409 0.4994
16104.0000 820 409 0.4988
16124.0000 821 409 0.4982
16129.5000 821 410 0.4994
16139.0000 822 410 0.4988
16155.0000 823 410 0.4982
16175.0000 824 410 0.4976
16196.0000 825 410 0.4970
16212.0000 826 410 0.4964
16220.0000 826 411 0.4976
16230.0000 827 411 0.4970
16245.0000 828 411 0.4964
16261.0000 829 411 0.4958
16276.9000 829 412 0.4970
16281.0000 830 412 0.4964
16298.0000 830 413 0.4976
16301.0000 831 413 0.4970
16305.6000 831 414 0.4982
16322.0000 832 414 0.4976
16338.0000 833 414 0.4970
16357.0000 834 414 0.4964
16374.0000 834 415 0.4976
16380.0000 835 415 0.4970
16399.0000 836 415 0.4964
16411.9000 836 416 0.4976
16416.0000 837 416 0.4970
16433.0000 838 416 0.4964
16438.2000 838 417 0.4976
16455.0000 839 417 0.4970
16479.0000 840 417 0.4964
16503.0000 841 417 0.4958
16520.1000 841 418 0.4970
16521.6000 841 419 0.4982
16526.0000 842 419 0.4976
16547.0000 843 419 0.4970
16568.0000 844 419 0.4964
16589.0000 845 419 0.4959
16601.1000 845 420 0.4970
16610.0000 846 420 0.4965
16628.0000 847 420 0.4959
16646.0000 848 420 0.4953
16662.0000 849 420 0.4947
16682.0000 850 420 0.4941
16699.0000 851 420 0.4935
16721.7000 851 421 0.4947
16721.9000 851 422 0.4959
16723.0000 852 422 0.4953
16745.0000 853 422 0.4947
16760.0000 854 422 0.4941
16783.0000 855 422 0.4936
16800.0000 856 422 0.4930
16818.0000 857 422 0.4924
16835.0000 858 422 0.4918
16835.5000 858 423 0.4930
16858.0000 859 423 0.4924
16868.6000 859 424 0.4936
16881.0000 860 424 0.4930
16890.6000 860 425 0.4942
16901.0000 861 425 0.4936
16917.0000 862 425 0.4930
16934.1000 862 426 0.4942
16935.0000 863 426 0.4936
16959.0000 864 426 0.4931
16974.8000 864 427 0.4942
16980.0000 865 427 0.4936
16986.0000 865 428 0.4948
16997.0000 866 428 0.4942
17001.1000 866 429 0.4954
17021.0000 867 429 0.4948
17037.1000 867 430 0.4960
17040.0000 868 430 0.4954
17063.0000 869 430 0.4948
17076.8000 869 431 0.4960
17082.0000 870 431 0.4954
17105.0000 871 431 0.4948
17126.0000 872 431 0.4943
17135.9000 872 432 0.4954
17143.0000 873 432 0.4948
17162.0000 874 432 0.4943
17181.0000 875 432 0.4937
17202.0000 876 432 0.4932
17225.0000 877 432 0.4926
17238.1000 877 433 0.4937
17239.9000 877 434 0.4949
17240.0000 878 434 0.4943
17259.0000 879 434 0.4937
17278.0000 880 434 0.4932
17299.0000 881 434 0.4926
17318.0000 882 434 0.4921
17336.0000 883 434 0.4915
17338.6000 883 435 0.4926
17353.0000 884 435 0.4921
17357.6000 884 436 0.4932
17370.0000 885 436 0.4927
17371.3000 885 437 0.4938
17394.0000 886 437 0.4932
17394.5000 886 438 0.4944
17416.0000 887 438 0.4938
17425.9000 887 439 0.4949
17439.0000 888 439 0.4944
17440.8000 888 440 0.4955
17454.0000 889 440 0.4949
17460.3000 889 441 0.4961
17469.2000 889 442 0.4972
17477.0000 890 442 0.4966
17497.0000 891 442 0.4961
17515.0000 892 442 0.4955
17535.0000 893 442 0.4950
17558.0000 894 442 0.4944
17574.0000 895 442 0.4939
17580.1000 895 443 0.4950
17582.7000 895 444 0.4961
17598.0000 896 444 0.4955
17619.0000 897 444 0.4950
17632.9000 897 445 0.4961
17639.0000 898 445 0.4955
17654.0000 899 445 0.4950
17672.0000 900 445 0.4944
17690.0000 901 445 0.4939
17710.0000 902 445 0.4933
17734.0000 903 445 0.4928
17751.0000 904 445 0.4923
17770.3000 904 446 0.4934
17774.0000 905 446 0.4928
17785.2000 905 447 0.4939
17793.0000 906 447 0.4934
17798.2000 906 448 0.4945
17799.8000 906 449 0.4956
17808.0000 907 449 0.4950
17816.2000 907 450 0.4961
17826.0000 908 450 0.4956
17835.5000 908 451 0.4967
17835.9000 908 452 0.4978
17846.0000 909 452 0.4972
17864.0000 910 452 0.4967
17884.0000 911 452 0.4962
17899.0000 912 452 0.4956
17917.0000 913 452 0.4951
17936.0000 914 452 0.4945
17943.3000 914 453 0.4956
17953.2000 914 454 0.4967
17958.0000 915 454 0.4962
17976.0000 916 454 0.4956
17976.3000 916 455 0.4967
18000.0000 917 455 0.4962
18017.9000 917 456 0.4973
18021.0000 918 456 0.4967
18040.0000 919 456 0.4962
18059.0000 920 456 0.4957
18077.0000 921 456 0.4951
18092.0000 922 456 0.4946
18092.0000 922 457 0.4957
18112.1000 922 458 0.4967
18113.0000 923 458 0.4962
18132.0000 924 458 0.4957
18153.1000 924 459 0.4968
18154.1000 924 460 0.4978
18155.0000 925 460 0.4973
18177.0000 926 460 0.4968
18192.0000 927 460 0.4962
18214.0000 928 460 0.4957
18221.6000 928 461 0.4968
18226.1000 928 462 0.4978
18236.0000 929 462 0.4973
18259.0000 930 462 0.4968
18275.0000 931 462 0.4962
18298.0000 932 462 0.4957
18316.7000 932 463 0.4968
18321.0000 933 463 0.4962
18340.0000 934 463 0.4957
18353.1000 934 464 0.4968
18364.0000 935 464 0.4963
18383.0000 936 464 0.4957
18402.0000 937 464 0.4952
18425.0000 938 464 0.4947
18449.0000 939 464 0.4941
18470.1000 939 465 0.4952
18473.0000 940 465 0.4947
18488.0000 941 465 0.4942
18490.6000 941 466 0.4952
18512.0000 942 466 0.4947
18534.0000 943 466 0.4942
18549.0000 944 466 0.4936
18557.3000 944 467 0.4947
18570.0000 945 467 0.4942
18590.0000 946 467 0.4937
18595.0000 946 468 0.4947
18613.0000 947 468 0.4942
18632.0000 948 468 0.4937
18649.6000 948 469 0.4947
18653.0000 949 469 0.4942
18677.0000 950 469 0.4937
18677.5000 950 470 0.4947
18696.0000 951 470 0.4942
18715.0000 952 470 0.4937
18738.0000 953 470 0.4932
18753.0000 954 470 0.4927
18768.0000 955 470 0.4921
18784.0000 955 471 0.4932
18786.0000 956 471 0.4927
18809.0000 957 471 0.4922
18828.0000 958 471 0.4916
18841.2000 958 472 0.4927
18845.0000 959 472 0.4922
18862.0000 960 472 0.4917
18884.0000 961 472 0.4912
18893.6000 961 473 0.4922
18894.3000 961 474 0.4932
18894.5000 961 475 0.4943
18899.0000 962 475 0.4938
18922.0000 963 475 0.4933
18939.0000 964 475 0.4927
18948.3000 964 476 0.4938
18956.0000 965 476 0.4933
18977.0000 966 476 0.4928
18993.0000 967 476 0.4922
18995.7000 967 477 0.4933
19015.0000 968 477 0.4928
19028.2000 968 478 0.4938
19032.7000 968 479 0.4948
19037.0000 969 479 0.4943
19055.0000 970 479 0.4938
19072.0000 971 479 0.4933
19087.0000 972 479 0.4928
19090.7000 972 480 0.4938
19095.1000 972 481 0.4949
19108.0000 973 481 0.4943
19129.0000 974 481 0.4938
19151.0000 975 481 0.4933
19163.3000 975 482 0.4944
19173.0000 976 482 0.4939
19192.0000 977 482 0.4933
19192.2000 977 483 0.4944
19211.0000 978 483 0.4939
19229.6000 978 484 0.4949
19231.0000 979 484 0.4944
19254.0000 980 484 0.4939
19277.0000 981 484 0.4934
19284.3000 981 485 0.4944
19293.0000 981 486 0.4954
19297.4000 981 487 0.4964
19301.0000 982 487 0.4959
19316.0000 983 487 0.4954
19340.0000 984 487 0.4949
19355.0000 985 487 0.4944
19373.0000 986 487 0.4939
19385.1000 986 488 0.4949
19391.0000 987 488 0.4944
19391.8000 987 489 0.4954
19406.0000 988 489 0.4949
19418.6000 988 490 0.4960
19423.0000 989 490 0.4954
19439.0000 990 490 0.4949
19455.0000 991 490 0.4945
19479.0000 992 490 0.4940
19497.0000 993 490 0.4935
19521.0000 994 490 0.4930
19542.0000 995 490 0.4925
19565.0000 996 490 0.4920
19575.7000 996 491 0.4930
19586.0000 997 491 0.4925
19601.0000 998 491 0.4920
19617.7000 998 492 0.4930
19622.0000 999 492 0.4925
19641.0000 1000 492 0.4920
19656.0000 1000 493 0.4930
19657.2000 1000 494 0.4940
19660.0000 1001 494 0.4935
19677.0000 1002 494 0.4930
19692.0000 1003 494 0.4925
19716.0000 1004 494 0.4920
19726.2000 1004 495 0.4930
19739.0000 1005 495 0.4925
19745.9000 1005 496 0.4935
19746.6000 1005 497 0.4945
19755.0000 1006 497 0.4940
19770.0000 1007 497 0.4935
19783.2000 1007 498 0.4945
19792.0000 1008 498 0.4940
19815.0000 1009 498 0.4936
19816.1000 1009 499 0.4945
19826.5000 1009 500 0.4955
19833.0000 1010 500 0.4950
19852.0000 1011 500 0.4946
19876.0000 1012 500 0.4941
19891.0000 1013 500 0.4936
19908.0000 1014 500 0.4931
19913.8000 1014 501 0.4941
19924.9000 1014 502 0.4951
19932.0000 1015 502 0.4946
19953.7000 1015 503 0.4956
19956.0000 1016 503 0.4951
19970.9000 1016 504 0.4961
19976.0000 1017 504 0.4956
19998.0000 1018 504 0.4951
20019.0000 1019 504 0.4946
20034.0000 1020 504 0.4941
20039.7000 1020 505 0.4951
20053.8000 1020 506 0.4961
20054.8000 1020 507 0.4971
20057.0000 1021 507 0.4966
20075.0000 1022 507 0.4961
20076.5000 1022 508 0.4971
20094.0000 1023 508 0.4966
20095.0000 1023 509 0.4976
20118.0000 1024 509 0.4971
20135.0000 1025 509 0.4966
20138.2000 1025 510 0.4976
20157.0000 1026 510 0.4971
20168.8000 1026 511 0.4981
20174.2000 1026 512 0.4990
20179.0000 1027 512 0.4985
20197.0000 1028 512 0.4981
20201.3000 1028 513 0.4990
20221.0000 1029 513 0.4985
20222.1000 1029 514 0.4995
20229.3000 1029 515 0.5005
20237.0000 1030 515 0.5000
20259.0000 1031 515 0.4995
20276.0000 1032 515 0.4990
20293.0000 1033 515 0.4985
20308.0000 1034 515 0.4981
20321.7000 1034 516 0.4990
20327.0000 1035 516 0.4986
20345.9000 1035 517 0.4995
20350.0000 1036 517 0.4990
20366.0000 1037 517 0.4986
20378.4000 1037 518 0.4995
20385.0000 1038 518 0.4990
20401.0000 1039 518 0.4986
20421.0000 1040 518 0.4981
20437.0000 1041 518 0.4976
20461.0000 1042 518 0.4971
20472.0000 1042 519 0.4981
20485.0000 1043 519 0.4976
20508.0000 1044 519 0.4971
20513.1000 1044 520 0.4981
20515.5000 1044 521 0.4990
20532.0000 1045 521 0.4986
20543.0000 1045 522 0.4995
20550.2000 1045 523 0.5005
20554.0000 1046 523 0.5000
20576.0000 1047 523 0.4995
20576.9000 1047 524 0.5005
20594.0000 1048 524 0.5000
20611.0000 1049 524 0.4995
20635.0000 1050 524 0.4990
20655.0000 1051 524 0.4986
20673.0000 1052 524 0.4981
20691.0000 1053 524 0.4976
20706.0000 1054 524 0.4972
20724.0000 1055 524 0.4967
20735.7000 1055 525 0.4976
20737.3000 1055 526 0.4986
20744.0000 1056 526 0.4981
20746.4000 1056 527 0.4991
20755.2000 1056 528 0.5000
20763.0000 1056 529 0.5009
20766.0000 1057 529 0.5005
20782.0000 1058 529 0.5000
20797.1000 1058 530 0.5009
20800.0000 1059 530 0.5005
20801.3000 1059 531 0.5014
20821.0000 1060 531 0.5009
20844.0000 1061 531 0.5005
20864.0000 1062 531 0.5000
20888.0000 1063 531 0.4995
20889.0000 1063 532 0.5005
20901.5000 1063 533 0.5014
20911.0000 1064 533 0.5009
20931.0000 1065 533 0.5005
20952.0000 1066 533 0.5000
20968.0000 1067 533 0.4995
20979.6000 1067 534 0.5005
20990.0000 1068 534 0.5000
21007.0000 1069 534 0.4995
21008.6000 1069 535 0.5005
21031.0000 1070 535 0.5000
21033.9000 1070 536 0.5009
21034.6000 1070 537 0.5019
21055.0000 1071 537 0.5014
21077.0000 1072 537 0.5009
21081.9000 1072 538 0.5019
21092.0000 1073 538 0.5014
21096.9000 1073 539 0.5023
21116.0000 1074 539 0.5019
21132.0000 1075 539 0.5014
21146.1000 1075 540 0.5023
21148.0000 1076 540 0.5019
21166.0000 1077 540 0.5014
21184.0000 1078 540 0.5009
21190.5000 1078 541 0.5019
21204.0000 1079 541 0.5014
21215.9000 1079 542 0.5023
21223.0000 1080 542 0.5019
21225.8000 1080 543 0.5028
21239.3000 1080 544 0.5037
21247.0000 1081 544 0.5032
21262.3000 1081 545 0.5042
21271.0000 1082 545 0.5037
21275.3000 1082 546 0.5046
21276.8000 1082 547 0.5055
21292.0000 1083 547 0.5051
21308.4000 1083 548 0.5060
21309.0000 1084 548 0.5055
21309.1000 1084 549 0.5065
21321.3000 1084 550 0.5074
21325.6000 1084 551 0.5083
21327.0000 1085 551 0.5078
21351.0000 1086 551 0.5074
21368.0000 1086 552 0.5083
21368.0000 1087 552 0.5078
21387.0000 1088 552 0.5074
21407.0000 1089 552 0.5069
21424.0000 1090 552 0.5064
21427.1000 1090 553 0.5073
21430.3000 1090 554 0.5083
21444.0000 1091 554 0.5078
21461.1000 1091 555 0.5087
21463.0000 1092 555 0.5082
21483.0000 1093 555 0.5078
21505.0000 1094 555 0.5073
21508.4000 1094 556 0.5082
21523.0000 1095 556 0.5078
21530.8000 1095 557 0.5087
21539.0000 1096 557 0.5082
21553.1000 1096 558 0.5091
21556.0000 1097 558 0.5087
21556.4000 1097 559 0.5096
21564.2000 1097 560 0.5105
21577.0000 1098 560 0.5100
21599.0000 1099 560 0.5096
21615.0000 1100 560 0.5091
21632.0000 1101 560 0.5086
21648.0000 1102 560 0.5082
21648.8000 1102 561 0.5091
21652.2000 1102 562 0.5100
21665.0000 1103 562 0.5095
21689.0000 1104 562 0.5091
21707.0000 1105 562 0.5086
21713.3000 1105 563 0.5095
21731.0000 1106 563 0.5090
21742.3000 1106 564 0.5099
21755.0000 1107 564 0.5095
21777.0000 1108 564 0.5090
21794.0000 1109 564 0.5086
21818.0000 1110 564 0.5081
21837.0000 1111 564 0.5077
21847.3000 1111 565 0.5086
21860.0000 1112 565 0.5081
21883.0000 1113 565 0.5076
21897.3000 1113 566 0.5085
21898.0000 1114 566 0.5081
21914.6000 1114 567 0.5090
21916.0000 1115 567 0.5085
21925.4000 1115 568 0.5094
21936.9000 1115 569 0.5103
21939.0000 1116 569 0.5099
21949.4000 1116 570 0.5108
21950.6000 1116 571 0.5116
21960.0000 1117 571 0.5112
21976.0000 1118 571 0.5107
21999.0000 1119 571 0.5103
22022.0000 1120 571 0.5098
22041.0000 1121 571 0.5094
22052.4000 1121 572 0.5103
22061.0000 1122 572 0.5098
22078.0000 1123 572 0.5093
22101.0000 1124 572 0.5089
22106.6000 1124 573 0.5098
22107.1000 1124 574 0.5107
22121.0000 1125 574 0.5102
22140.0000 1126 574 0.5098
22159.0000 1127 574 0.5093
22165.2000 1127 575 0.5102
22167.0000 1127 576 0.5111
22183.0000 1128 576 0.5106
22199.0000 1129 576 0.5102
22207.1000 1129 577 0.5111
22218.0000 1130 577 0.5106
22227.8000 1130 578 0.5115
22234.9000 1130 579 0.5124
22242.0000 1131 579 0.5119
22263.0000 1132 579 0.5115
22281.0000 1133 579 0.5110
22304.0000 1134 579 0.5106
22310.8000 1134 580 0.5115
22311.0000 1134 581 0.5123
22322.0000 1135 581 0.5119
22339.1000 1135 582 0.5128
22346.0000 1136 582 0.5123
22363.0000 1137 582 0.5119
22385.0000 1138 582 0.5114
22405.0000 1139 582 0.5110
22420.0000 1140 582 0.5105
22444.0000 1141 582 0.5101
22464.0000 1142 582 0.5096
22482.0000 1143 582 0.5092
22486.0000 1143 583 0.5101
22500.0000 1144 583 0.5096
22521.0000 1145 583 0.5092
22538.1000 1145 584 0.5100
22544.0000 1146 584 0.5096
22560.0000 1147 584 0.5092
22571.5000 1147 585 0.5100
22578.0000 1148 585 0.5096
22595.0000 1149 585 0.5091
22613.0000 1150 585 0.5087
22628.0000 1151 585 0.5083
22644.9000 1151 586 0.5091
22647.5000 1151 587 0.5100
22648.0000 1152 587 0.5095
22660.7000 1152 588 0.5104
22666.0000 1153 588 0.5100
22669.8000 1153 589 0.5108
22670.2000 1153 590 0.5117
22682.0000 1154 590 0.5113
22698.0000 1155 590 0.5108
22713.0000 1156 590 0.5104
22717.4000 1156 591 0.5112
22729.0000 1156 592 0.5121
22735.0000 1157 592 0.5117
22758.0000 1158 592 0.5112
22761.1000 1158 593 0.5121
22767.9000 1158 594 0.5130
22779.0000 1159 594 0.5125
22799.0000 1160 594 0.5121
22809.4000 1160 595 0.5129
22820.0000 1161 595 0.5125
22823.5000 1161 596 0.5134
22835.0000 1162 596 0.5129
22850.0000 1163 596 0.5125
22866.1000 1163 597 0.5133
22869.0000 1164 597 0.5129
22891.0000 1165 597 0.5124
22913.0000 1166 597 0.5120
22931.0000 1167 597 0.5116
22954.0000 1168 597 0.5111
22971.0000 1169 597 0.5107
22991.0000 1170 597 0.5103
23007.0000 1171 597 0.5098
23031.0000 1172 597 0.5094
23047.0000 1173 597 0.5090
23047.9000 1173 598 0.5098
23070.0000 1174 598 0.5094
23079.4000 1174 599 0.5102
23085.0000 1175 599 0.5098
23106.0000 1176 599 0.5094
23127.0000 1177 599 0.5089
23149.0000 1178 599 0.5085
23165.0000 1179 599 0.5081
23179.9000 1179 600 0.5089
23180.0000 1180 600 0.5085
23184.8000 1180 601 0.5093
23198.0000 1181 601 0.5089
23214.0000 1182 601 0.5085
23220.3000 1182 602 0.5093
23238.0000 1183 602 0.5089
23252.6000 1183 603 0.5097
23258.0000 1184 603 0.5093
23280.0000 1185 603 0.5089
23295.0000 1186 603 0.5084
23304.1000 1186 604 0.5093
23319.0000 1187 604 0.5088
23339.0000 1188 604 0.5084
23360.0000 1189 604 0.5080
23361.2000 1189 605 0.5088
23361.8000 1189 606 0.5097
23377.0000 1190 606 0.5092
23393.0000 1191 606 0.5088
23409.0000 1192 606 0.5084
23428.0000 1193 606 0.5080
23438.7000 1193 607 0.5088
23445.0000 1194 607 0.5084
23463.4000 1194 608 0.5092
23464.0000 1195 608 0.5088
23482.0000 1196 608 0.5084
23498.0000 1197 608 0.5079
23516.0000 1198 608 0.5075
23532.0000 1199 608 0.5071
23547.0000 1200 608 0.5067
23558.7000 1200 609 0.5075
23566.9000 1200 610 0.5083
23568.0000 1201 610 0.5079
23589.0000 1202 610 0.5075
23613.0000 1203 610 0.5071
23629.0000 1204 610 0.5066
23641.9000 1204 611 0.5075
23647.0000 1205 611 0.5071
23662.0000 1206 611 0.5066
23676.7000 1206 612 0.5075
23681.0000 1207 612 0.5070
23702.0000 1208 612 0.5066
23720.1000 1208 613 0.5075
23726.0000 1209 613 0.5070
23740.6000 1209 614 0.5079
23741.0000 1210 614 0.5074
23760.0000 1211 614 0.5070
23769.3000 1211 615 0.5078
23774.4000 1211 616 0.5087
23778.0000 1212 616 0.5083
23798.0000 1213 616 0.5078
23803.0000 1213 617 0.5087
23817.0000 1214 617 0.5082
23837.0000 1215 617 0.5078
23843.7000 1215 618 0.5086
23859.0000 1216 618 0.5082
23874.0000 1217 618 0.5078
23895.0000 1218 618 0.5074
23916.0000 1219 618 0.5070
23917.9000 1219 619 0.5078
23937.0000 1220 619 0.5074
23944.2000 1220 620 0.5082
23961.0000 1221 620 0.5078
23969.4000 1221 621 0.5086
23981.0000 1222 621 0.5082
23984.0000 1222 622 0.5090
23985.5000 1222 623 0.5098
24004.0000 1223 623 0.5094
24011.7000 1223 624 0.5102
24026.0000 1224 624 0.5098
24043.0000 1225 624 0.5094
24062.0000 1226 624 0.5090
24077.5000 1226 625 0.5098
24079.0000 1227 625 0.5094
24095.0000 1228 625 0.5090
24110.0000 1229 625 0.5085
24134.0000 1230 625 0.5081
24144.9000 1230 626 0.5089
24147.2000 1230 627 0.5098
24157.0000 1231 627 0.5093
24179.0000 1232 627 0.5089
24193.6000 1232 628 0.5097
24199.4000 1232 629 0.5106
24203.0000 1233 629 0.5101
24222.0000 1234 629 0.5097
24224.5000 1234 630 0.5105
24225.8000 1234 631 0.5113
24242.4000 1234 632 0.5122
24245.0000 1235 632 0.5117
24262.0000 1236 632 0.5113
24286.0000 1237 632 0.5109
24305.0000 1238 632 0.5105
24314.1000 1238 633 0.5113
24326.0000 1239 633 0.5109
24349.0000 1240 633 0.5105
24368.0000 1241 633 0.5101
24379.5000 1241 634 0.5109
24383.0000 1242 634 0.5105
24383.2000 1242 635 0.5113
24407.0000 1243 635 0.5109
24423.8000 1243 636 0.5117
24427.0000 1244 636 0.5113
24445.2000 1244 637 0.5121
24447.0000 1245 637 0.5116
24468.0000 1246 637 0.5112
24468.8000 1246 638 0.5120
24473.7000 1246 639 0.5128
24476.1000 1246 640 0.5136
24479.4000 1246 641 0.5144
24482.9000 1246 642 0.5152
24490.0000 1247 642 0.5148
24514.0000 1248 642 0.5144
24530.0000 1249 642 0.5140
24537.8000 1249 643 0.5148
24553.0000 1250 643 0.5144
24568.0000 1251 643 0.5140
24591.0000 1252 643 0.5136
24607.0000 1253 643 0.5132
24624.0000 1254 643 0.5128
24641.0000 1255 643 0.5124
24656.0000 1256 643 0.5119
24656.4000 1256 644 0.5127
24663.0000 1256 645 0.5135
24677.0000 1257 645 0.5131
24681.9000 1257 646 0.5139
24693.0000 1258 646 0.5135
24712.0000 1259 646 0.5131
24736.0000 1260 646 0.5127
24751.0000 1261 646 0.5123
24768.0000 1262 646 0.5119
24783.5000 1262 647 0.5127
24790.0000 1263 647 0.5123
24809.0000 1264 647 0.5119
24824.0000 1265 647 0.5115
24828.3000 1265 648 0.5123
24832.5000 1265 649 0.5130
24844.0000 1266 649 0.5126
24867.0000 1267 649 0.5122
24883.0000 1268 649 0.5118
24903.7000 1268 650 0.5126
24906.0000 1269 650 0.5122
24921.0000 1270 650 0.5118
24945.0000 1271 650 0.5114
24963.0000 1272 650 0.5110
24980.0000 1273 650 0.5106
24999.0000 1274 650 0.5102
25015.0000 1275 650 0.5098
25034.0000 1276 650 0.5094
25055.0000 1277 650 0.5090
25074.0000 1278 650 0.5086
25095.0000 1279 650 0.5082
25107.0000 1279 651 0.5090
25116.1000 1279 652 0.5098
25119.0000 1280 652 0.5094
25138.0000 1281 652 0.5090
25146.5000 1281 653 0.5098
25162.0000 1282 653 0.5094
25179.1000 1282 654 0.5101
25183.0000 1283 654 0.5097
