# time  created  delivered  delivered/created
22.0000 1 0 0.0000
38.0000 2 0 0.0000
54.0000 3 0 0.0000
72.0000 4 0 0.0000
94.0000 5 0 0.0000
110.0000 6 0 0.0000
133.0000 7 0 0.0000
153.0000 8 0 0.0000
175.0000 9 0 0.0000
191.0000 10 0 0.0000
210.0000 11 0 0.0000
225.0000 12 0 0.0000
249.0000 13 0 0.0000
265.0000 14 0 0.0000
281.0000 15 0 0.0000
304.0000 16 0 0.0000
328.0000 17 0 0.0000
343.0000 18 0 0.0000
367.0000 19 0 0.0000
382.0000 20 0 0.0000
399.0000 21 0 0.0000
420.0000 22 0 0.0000
439.0000 23 0 0.0000
458.0000 24 0 0.0000
480.0000 25 0 0.0000
497.0000 26 0 0.0000
515.0000 27 0 0.0000
538.0000 28 0 0.0000
562.0000 29 0 0.0000
581.0000 30 0 0.0000
581.2000 30 1 0.0333
603.0000 31 1 0.0323
625.0000 32 1 0.0313
640.9000 32 2 0.0625
646.0000 33 2 0.0606
661.6000 33 3 0.0909
667.0000 34 3 0.0882
684.0000 34 4 0.1176
685.0000 35 4 0.1143
691.0000 35 5 0.1429
700.0000 36 5 0.1389
722.0000 37 5 0.1351
741.0000 38 5 0.1316
764.0000 39 5 0.1282
773.6000 39 6 0.1538
784.0000 40 6 0.1500
806.0000 41 6 0.1463
829.0000 42 6 0.1429
851.0000 43 6 0.1395
873.0000 44 6 0.1364
895.0000 45 6 0.1333
918.0000 46 6 0.1304
935.7000 46 7 0.1522
941.0000 47 7 0.1489
957.0000 48 7 0.1458
975.0000 49 7 0.1429
998.0000 50 7 0.1400
1018.0000 51 7 0.1373
1040.0000 52 7 0.1346
1056.0000 53 7 0.1321
1077.0000 54 7 0.1296
1096.0000 55 7 0.1273
1117.0000 56 7 0.1250
1137.0000 57 7 0.1228
1159.0000 58 7 0.1207
1179.0000 59 7 0.1186
1194.4000 59 8 0.1356
1201.0000 60 8 0.1333
1216.0000 61 8 0.1311
1225.1000 61 9 0.1475
1232.0000 62 9 0.1452
1251.0000 63 9 0.1429
1268.0000 64 9 0.1406
1287.0000 65 9 0.1385
1308.0000 66 9 0.1364
1327.0000 67 9 0.1343
1342.0000 68 9 0.1324
1364.0000 69 9 0.1304
1381.1000 69 10 0.1449
1388.0000 70 10 0.1429
1397.1000 70 11 0.1571
1407.0000 71 11 0.1549
1408.5000 71 12 0.1690
1422.0000 72 12 0.1667
1442.0000 73 12 0.1644
1464.0000 74 12 0.1622
1475.9000 74 13 0.1757
1478.4000 74 14 0.1892
1479.0000 75 14 0.1867
1483.1000 75 15 0.2000
1500.0000 76 15 0.1974
1518.0000 77 15 0.1948
1542.0000 78 15 0.1923
1555.9000 78 16 0.2051
1562.0000 79 16 0.2025
1577.0000 80 16 0.2000
1594.5000 80 17 0.2125
1600.0000 81 17 0.2099
1620.0000 82 17 0.2073
1637.0000 83 17 0.2048
1652.0000 84 17 0.2024
1673.0000 85 17 0.2000
1695.0000 86 17 0.1977
1702.5000 86 18 0.2093
1706.4000 86 19 0.2209
1713.0000 87 19 0.2184
1736.2000 87 20 0.2299
1737.0000 87 21 0.2414
1737.0000 88 21 0.2386
1739.4000 88 22 0.2500
1739.8000 88 23 0.2614
1760.0000 89 23 0.2584
1781.0000 90 23 0.2556
1804.0000 91 23 0.2527
1826.0000 92 23 0.2500
1849.0000 93 23 0.2473
1870.0000 94 23 0.2447
1880.0000 94 24 0.2553
1882.8000 94 25 0.2660
1890.0000 95 25 0.2632
1911.0000 96 25 0.2604
1929.0000 97 25 0.2577
1948.0000 98 25 0.2551
1965.0000 99 25 0.2525
1980.0000 100 25 0.2500
1989.9000 100 26 0.2600
2002.0000 101 26 0.2574
2024.0000 102 26 0.2549
2035.6000 102 27 0.2647
2041.0000 103 27 0.2621
2064.0000 104 27 0.2596
2080.0000 105 27 0.2571
2095.0000 106 27 0.2547
2119.0000 107 27 0.2523
2139.0000 108 27 0.2500
2142.8000 108 28 0.2593
2161.0000 109 28 0.2569
2178.0000 110 28 0.2545
2199.0000 111 28 0.2523
2217.0000 111 29 0.2613
2222.0000 112 29 0.2589
2240.0000 113 29 0.2566
2259.0000 114 29 0.2544
2275.0000 115 29 0.2522
2295.0000 116 29 0.2500
2314.0000 117 29 0.2479
2324.2000 117 30 0.2564
2335.0000 118 30 0.2542
2354.0000 119 30 0.2521
2377.0000 120 30 0.2500
2396.0000 121 30 0.2479
2411.0000 122 30 0.2459
2412.0000 122 31 0.2541
2433.0000 123 31 0.2520
2452.0000 124 31 0.2500
2460.7000 124 32 0.2581
2464.9000 124 33 0.2661
2470.3000 124 34 0.2742
2474.0000 125 34 0.2720
2490.0000 125 35 0.2800
2494.6000 125 36 0.2880
2496.0000 126 36 0.2857
2511.0000 127 36 0.2835
2526.0000 128 36 0.2813
2546.0000 129 36 0.2791
2553.6000 129 37 0.2868
2556.5000 129 38 0.2946
2557.4000 129 39 0.3023
2563.0000 130 39 0.3000
2586.0000 131 39 0.2977
2601.0000 132 39 0.2955
2621.0000 133 39 0.2932
2641.0000 134 39 0.2910
2662.0000 135 39 0.2889
2678.0000 136 39 0.2868
2681.8000 136 40 0.2941
2689.6000 136 41 0.3015
2690.0000 136 42 0.3088
2690.9000 136 43 0.3162
2693.0000 137 43 0.3139
2716.0000 138 43 0.3116
2735.0000 139 43 0.3094
2741.3000 139 44 0.3165
2742.9000 139 45 0.3237
2754.0000 140 45 0.3214
2771.0000 141 45 0.3191
2788.0000 142 45 0.3169
2800.0000 142 46 0.3239
2803.7000 142 47 0.3310
2807.0000 143 47 0.3287
2823.1000 143 48 0.3357
2831.0000 144 48 0.3333
2853.0000 145 48 0.3310
2868.0000 146 48 0.3288
2872.2000 146 49 0.3356
2891.0000 147 49 0.3333
2899.2000 147 50 0.3401
2911.0000 148 50 0.3378
2926.0000 149 50 0.3356
2942.0000 150 50 0.3333
2947.3000 150 51 0.3400
2962.0000 151 51 0.3377
2979.0000 152 51 0.3355
3003.0000 153 51 0.3333
3020.9000 153 52 0.3399
3024.0000 154 52 0.3377
3040.0000 155 52 0.3355
3064.0000 156 52 0.3333
3065.8000 156 53 0.3397
3072.8000 156 54 0.3462
3084.5000 156 55 0.3526
3086.0000 157 55 0.3503
3110.0000 158 55 0.3481
3119.4000 158 56 0.3544
3129.0000 159 56 0.3522
3131.0000 159 57 0.3585
3147.0000 160 57 0.3563
3166.0000 161 57 0.3540
3190.0000 162 57 0.3519
3210.0000 163 57 0.3497
3225.0000 164 57 0.3476
3243.0000 165 57 0.3455
3260.0000 166 57 0.3434
3261.2000 166 58 0.3494
3271.5000 166 59 0.3554
3272.8000 166 60 0.3614
3283.0000 167 60 0.3593
3288.4000 167 61 0.3653
3305.0000 168 61 0.3631
3319.3000 168 62 0.3690
3321.0000 169 62 0.3669
3344.0000 170 62 0.3647
3362.8000 170 63 0.3706
3365.0000 171 63 0.3684
3385.0000 172 63 0.3663
3396.5000 172 64 0.3721
3408.0000 173 64 0.3699
3414.1000 173 65 0.3757
3414.4000 173 66 0.3815
3423.8000 173 67 0.3873
3428.0000 174 67 0.3851
3429.2000 174 68 0.3908
3449.0000 175 68 0.3886
3456.1000 175 69 0.3943
3472.0000 176 69 0.3920
3488.0000 177 69 0.3898
3511.0000 178 69 0.3876
3512.4000 178 70 0.3933
3527.1000 178 71 0.3989
3530.6000 178 72 0.4045
3535.0000 179 72 0.4022
3547.0000 179 73 0.4078
3550.1000 179 74 0.4134
3551.5000 179 75 0.4190
3552.0000 180 75 0.4167
3563.1000 180 76 0.4222
3570.0000 181 76 0.4199
3575.8000 181 77 0.4254
3589.0000 182 77 0.4231
