# time  created  delivered  delivered/created
22.0000 1 0 0.0000
38.0000 2 0 0.0000
54.0000 3 0 0.0000
72.0000 4 0 0.0000
94.0000 5 0 0.0000
110.0000 6 0 0.0000
133.0000 7 0 0.0000
153.0000 8 0 0.0000
175.0000 9 0 0.0000
191.0000 10 0 0.0000
210.0000 11 0 0.0000
225.0000 12 0 0.0000
249.0000 13 0 0.0000
265.0000 14 0 0.0000
281.0000 15 0 0.0000
304.0000 16 0 0.0000
328.0000 17 0 0.0000
343.0000 18 0 0.0000
367.0000 19 0 0.0000
382.0000 20 0 0.0000
399.0000 21 0 0.0000
420.0000 22 0 0.0000
439.0000 23 0 0.0000
458.0000 24 0 0.0000
480.0000 25 0 0.0000
497.0000 26 0 0.0000
515.0000 27 0 0.0000
538.0000 28 0 0.0000
562.0000 29 0 0.0000
581.0000 30 0 0.0000
581.2000 30 1 0.0333
603.0000 31 1 0.0323
625.0000 32 1 0.0313
640.9000 32 2 0.0625
646.0000 33 2 0.0606
658.2000 33 3 0.0909
661.6000 33 4 0.1212
667.0000 34 4 0.1176
685.0000 35 4 0.1143
691.0000 35 5 0.1429
700.0000 36 5 0.1389
722.0000 37 5 0.1351
741.0000 38 5 0.1316
764.0000 39 5 0.1282
773.6000 39 6 0.1538
784.0000 40 6 0.1500
806.0000 41 6 0.1463
829.0000 42 6 0.1429
851.0000 43 6 0.1395
873.0000 44 6 0.1364
895.0000 45 6 0.1333
904.9000 45 7 0.1556
918.0000 46 7 0.1522
941.0000 47 7 0.1489
957.0000 48 7 0.1458
975.0000 49 7 0.1429
998.0000 50 7 0.1400
1018.0000 51 7 0.1373
1040.0000 52 7 0.1346
1056.0000 53 7 0.1321
1077.0000 54 7 0.1296
1096.0000 55 7 0.1273
1117.0000 56 7 0.1250
1137.0000 57 7 0.1228
1159.0000 58 7 0.1207
1179.0000 59 7 0.1186
1193.3000 59 8 0.1356
1201.0000 60 8 0.1333
1216.0000 61 8 0.1311
1225.1000 61 9 0.1475
1226.1000 61 10 0.1639
1232.0000 62 10 0.1613
1251.0000 63 10 0.1587
1268.0000 64 10 0.1563
1287.0000 65 10 0.1538
1308.0000 66 10 0.1515
1327.0000 67 10 0.1493
1342.0000 68 10 0.1471
1364.0000 69 10 0.1449
1381.1000 69 11 0.1594
1388.0000 70 11 0.1571
1397.1000 70 12 0.1714
1407.0000 71 12 0.1690
1408.4000 71 13 0.1831
1422.0000 72 13 0.1806
1442.0000 73 13 0.1781
1464.0000 74 13 0.1757
1479.0000 75 13 0.1733
1483.1000 75 14 0.1867
1500.0000 76 14 0.1842
1518.0000 77 14 0.1818
1542.0000 78 14 0.1795
1560.8000 78 15 0.1923
1562.0000 79 15 0.1899
1577.0000 80 15 0.1875
1594.5000 80 16 0.2000
1600.0000 81 16 0.1975
1620.0000 82 16 0.1951
1637.0000 83 16 0.1928
1652.0000 84 16 0.1905
1673.0000 85 16 0.1882
1695.0000 86 16 0.1860
1706.4000 86 17 0.1977
1713.0000 87 17 0.1954
1736.2000 87 18 0.2069
1736.7000 87 19 0.2184
1737.0000 88 19 0.2159
1739.8000 88 20 0.2273
1760.0000 89 20 0.2247
1781.0000 90 20 0.2222
1804.0000 91 20 0.2198
1826.0000 92 20 0.2174
1849.0000 93 20 0.2151
1870.0000 94 20 0.2128
1880.0000 94 21 0.2234
1890.0000 95 21 0.2211
1911.0000 96 21 0.2188
1929.0000 97 21 0.2165
1948.0000 98 21 0.2143
1965.0000 99 21 0.2121
1980.0000 100 21 0.2100
1989.9000 100 22 0.2200
2002.0000 101 22 0.2178
2024.0000 102 22 0.2157
2035.6000 102 23 0.2255
2041.0000 103 23 0.2233
2064.0000 104 23 0.2212
2080.0000 105 23 0.2190
2095.0000 106 23 0.2170
2119.0000 107 23 0.2150
2139.0000 108 23 0.2130
2142.8000 108 24 0.2222
2161.0000 109 24 0.2202
2178.0000 110 24 0.2182
2199.0000 111 24 0.2162
2217.0000 111 25 0.2252
2222.0000 112 25 0.2232
2240.0000 113 25 0.2212
2259.0000 114 25 0.2193
2275.0000 115 25 0.2174
2295.0000 116 25 0.2155
2314.0000 117 25 0.2137
2324.2000 117 26 0.2222
2335.0000 118 26 0.2203
2348.0000 118 27 0.2288
2354.0000 119 27 0.2269
2377.0000 120 27 0.2250
2396.0000 121 27 0.2231
2411.0000 122 27 0.2213
2412.0000 122 28 0.2295
2433.0000 123 28 0.2276
2452.0000 124 28 0.2258
2460.7000 124 29 0.2339
2464.9000 124 30 0.2419
2470.3000 124 31 0.2500
2474.0000 125 31 0.2480
2496.0000 126 31 0.2460
2511.0000 127 31 0.2441
2526.0000 128 31 0.2422
2546.0000 129 31 0.2403
2555.1000 129 32 0.2481
2563.0000 130 32 0.2462
2586.0000 131 32 0.2443
2601.0000 132 32 0.2424
2621.0000 133 32 0.2406
2641.0000 134 32 0.2388
2654.8000 134 33 0.2463
2662.0000 135 33 0.2444
2678.0000 136 33 0.2426
2689.6000 136 34 0.2500
2693.0000 137 34 0.2482
2716.0000 138 34 0.2464
2735.0000 139 34 0.2446
2741.3000 139 35 0.2518
2754.0000 140 35 0.2500
2771.0000 141 35 0.2482
2773.0000 141 36 0.2553
2788.0000 142 36 0.2535
2800.0000 142 37 0.2606
2803.7000 142 38 0.2676
2807.0000 143 38 0.2657
2823.1000 143 39 0.2727
2826.1000 143 40 0.2797
2831.0000 144 40 0.2778
2853.0000 145 40 0.2759
2868.0000 146 40 0.2740
2891.0000 147 40 0.2721
2899.2000 147 41 0.2789
2911.0000 148 41 0.2770
2911.3000 148 42 0.2838
2926.0000 149 42 0.2819
2942.0000 150 42 0.2800
2954.4000 150 43 0.2867
2962.0000 151 43 0.2848
2979.0000 152 43 0.2829
3003.0000 153 43 0.2810
3024.0000 154 43 0.2792
3040.0000 155 43 0.2774
3064.0000 156 43 0.2756
3065.8000 156 44 0.2821
3084.5000 156 45 0.2885
3086.0000 157 45 0.2866
3110.0000 158 45 0.2848
3118.8000 158 46 0.2911
3129.0000 159 46 0.2893
3129.9000 159 47 0.2956
3147.0000 160 47 0.2938
3166.0000 161 47 0.2919
3190.0000 162 47 0.2901
3210.0000 163 47 0.2883
3225.0000 164 47 0.2866
3230.0000 164 48 0.2927
3243.0000 165 48 0.2909
3260.0000 166 48 0.2892
3261.2000 166 49 0.2952
3271.8000 166 50 0.3012
3273.6000 166 51 0.3072
3283.0000 167 51 0.3054
3305.0000 168 51 0.3036
3321.0000 169 51 0.3018
3329.5000 169 52 0.3077
3344.0000 170 52 0.3059
3362.8000 170 53 0.3118
3365.0000 171 53 0.3099
3385.0000 172 53 0.3081
3408.0000 173 53 0.3064
3420.2000 173 54 0.3121
3423.8000 173 55 0.3179
3428.0000 174 55 0.3161
3447.8000 174 56 0.3218
3449.0000 175 56 0.3200
3472.0000 176 56 0.3182
3488.0000 177 56 0.3164
3511.0000 178 56 0.3146
3513.1000 178 57 0.3202
3530.6000 178 58 0.3258
3535.0000 179 58 0.3240
3548.5000 179 59 0.3296
3551.5000 179 60 0.3352
3552.0000 180 60 0.3333
3566.2000 180 61 0.3389
3570.0000 181 61 0.3370
3575.8000 181 62 0.3425
3589.0000 182 62 0.3407
