# time  created  delivered  delivered/created
22.0000 1 0 0.0000
38.0000 2 0 0.0000
54.0000 3 0 0.0000
72.0000 4 0 0.0000
94.0000 5 0 0.0000
110.0000 6 0 0.0000
133.0000 7 0 0.0000
153.0000 8 0 0.0000
175.0000 9 0 0.0000
191.0000 10 0 0.0000
210.0000 11 0 0.0000
225.0000 12 0 0.0000
249.0000 13 0 0.0000
265.0000 14 0 0.0000
281.0000 15 0 0.0000
304.0000 16 0 0.0000
328.0000 17 0 0.0000
343.0000 18 0 0.0000
367.0000 19 0 0.0000
382.0000 20 0 0.0000
399.0000 21 0 0.0000
420.0000 22 0 0.0000
439.0000 23 0 0.0000
458.0000 24 0 0.0000
480.0000 25 0 0.0000
497.0000 26 0 0.0000
515.0000 27 0 0.0000
538.0000 28 0 0.0000
562.0000 29 0 0.0000
581.0000 30 0 0.0000
581.2000 30 1 0.0333
603.0000 31 1 0.0323
625.0000 32 1 0.0313
642.8000 32 2 0.0625
646.0000 33 2 0.0606
661.6000 33 3 0.0909
667.0000 34 3 0.0882
685.0000 35 3 0.0857
691.0000 35 4 0.1143
700.0000 36 4 0.1111
714.6000 36 5 0.1389
722.0000 37 5 0.1351
741.0000 38 5 0.1316
764.0000 39 5 0.1282
784.0000 40 5 0.1250
786.4000 40 6 0.1500
806.0000 41 6 0.1463
829.0000 42 6 0.1429
851.0000 43 6 0.1395
873.0000 44 6 0.1364
895.0000 45 6 0.1333
905.2000 45 7 0.1556
918.0000 46 7 0.1522
941.0000 47 7 0.1489
957.0000 48 7 0.1458
975.0000 49 7 0.1429
998.0000 50 7 0.1400
1018.0000 51 7 0.1373
1040.0000 52 7 0.1346
1056.0000 53 7 0.1321
1077.0000 54 7 0.1296
1096.0000 55 7 0.1273
1117.0000 56 7 0.1250
1137.0000 57 7 0.1228
1159.0000 58 7 0.1207
1179.0000 59 7 0.1186
1193.3000 59 8 0.1356
1201.0000 60 8 0.1333
1216.0000 61 8 0.1311
1225.1000 61 9 0.1475
1226.1000 61 10 0.1639
1232.0000 62 10 0.1613
1251.0000 63 10 0.1587
1268.0000 64 10 0.1563
1287.0000 65 10 0.1538
1308.0000 66 10 0.1515
1327.0000 67 10 0.1493
1342.0000 68 10 0.1471
1364.0000 69 10 0.1449
1381.1000 69 11 0.1594
1388.0000 70 11 0.1571
1397.1000 70 12 0.1714
1407.0000 71 12 0.1690
1408.4000 71 13 0.1831
1422.0000 72 13 0.1806
1442.0000 73 13 0.1781
1464.0000 74 13 0.1757
1475.9000 74 14 0.1892
1478.4000 74 15 0.2027
1479.0000 75 15 0.2000
1483.1000 75 16 0.2133
1500.0000 76 16 0.2105
1518.0000 77 16 0.2078
1542.0000 78 16 0.2051
1560.8000 78 17 0.2179
1562.0000 79 17 0.2152
1577.0000 80 17 0.2125
1594.5000 80 18 0.2250
1600.0000 81 18 0.2222
1620.0000 82 18 0.2195
1637.0000 83 18 0.2169
1652.0000 84 18 0.2143
1673.0000 85 18 0.2118
1695.0000 86 18 0.2093
1706.4000 86 19 0.2209
1713.0000 87 19 0.2184
1736.2000 87 20 0.2299
1736.7000 87 21 0.2414
1737.0000 88 21 0.2386
1739.8000 88 22 0.2500
1760.0000 89 22 0.2472
1781.0000 90 22 0.2444
1804.0000 91 22 0.2418
1826.0000 92 22 0.2391
1849.0000 93 22 0.2366
1870.0000 94 22 0.2340
1880.0000 94 23 0.2447
1890.0000 95 23 0.2421
1911.0000 96 23 0.2396
1929.0000 97 23 0.2371
1948.0000 98 23 0.2347
1965.0000 99 23 0.2323
1980.0000 100 23 0.2300
1990.6000 100 24 0.2400
2002.0000 101 24 0.2376
2024.0000 102 24 0.2353
2035.6000 102 25 0.2451
2041.0000 103 25 0.2427
2064.0000 104 25 0.2404
2080.0000 105 25 0.2381
2095.0000 106 25 0.2358
2119.0000 107 25 0.2336
2139.0000 108 25 0.2315
2144.3000 108 26 0.2407
2161.0000 109 26 0.2385
2178.0000 110 26 0.2364
2199.0000 111 26 0.2342
2217.0000 111 27 0.2432
2222.0000 112 27 0.2411
2240.0000 113 27 0.2389
2259.0000 114 27 0.2368
2275.0000 115 27 0.2348
2295.0000 116 27 0.2328
2314.0000 117 27 0.2308
2324.9000 117 28 0.2393
2335.0000 118 28 0.2373
2348.0000 118 29 0.2458
2354.0000 119 29 0.2437
2377.0000 120 29 0.2417
2396.0000 121 29 0.2397
2411.0000 122 29 0.2377
2412.0000 122 30 0.2459
2433.0000 123 30 0.2439
2452.0000 124 30 0.2419
2460.7000 124 31 0.2500
2464.9000 124 32 0.2581
2470.9000 124 33 0.2661
2474.0000 125 33 0.2640
2496.0000 126 33 0.2619
2511.0000 127 33 0.2598
2526.0000 128 33 0.2578
2546.0000 129 33 0.2558
2555.1000 129 34 0.2636
2563.0000 130 34 0.2615
2586.0000 131 34 0.2595
2601.0000 132 34 0.2576
2621.0000 133 34 0.2556
2641.0000 134 34 0.2537
2654.8000 134 35 0.2612
2662.0000 135 35 0.2593
2678.0000 136 35 0.2574
2689.6000 136 36 0.2647
2693.0000 137 36 0.2628
2716.0000 138 36 0.2609
2735.0000 139 36 0.2590
2741.3000 139 37 0.2662
2742.9000 139 38 0.2734
2754.0000 140 38 0.2714
2771.0000 141 38 0.2695
2788.0000 142 38 0.2676
2800.0000 142 39 0.2746
2807.0000 143 39 0.2727
2826.1000 143 40 0.2797
2826.3000 143 41 0.2867
2831.0000 144 41 0.2847
2853.0000 145 41 0.2828
2868.0000 146 41 0.2808
2891.0000 147 41 0.2789
2911.0000 148 41 0.2770
2926.0000 149 41 0.2752
2942.0000 150 41 0.2733
2946.7000 150 42 0.2800
2954.4000 150 43 0.2867
2962.0000 151 43 0.2848
2979.0000 152 43 0.2829
3003.0000 153 43 0.2810
3021.1000 153 44 0.2876
3024.0000 154 44 0.2857
3040.0000 155 44 0.2839
3064.0000 156 44 0.2821
3065.8000 156 45 0.2885
3072.5000 156 46 0.2949
3086.0000 157 46 0.2930
3087.2000 157 47 0.2994
3110.0000 158 47 0.2975
3118.8000 158 48 0.3038
3129.0000 159 48 0.3019
3129.9000 159 49 0.3082
3147.0000 160 49 0.3063
3166.0000 161 49 0.3043
3190.0000 162 49 0.3025
3210.0000 163 49 0.3006
3225.0000 164 49 0.2988
3243.0000 165 49 0.2970
3260.0000 166 49 0.2952
3261.2000 166 50 0.3012
3271.8000 166 51 0.3072
3283.0000 167 51 0.3054
3305.0000 168 51 0.3036
3321.0000 169 51 0.3018
3344.0000 170 51 0.3000
3365.0000 171 51 0.2982
3365.1000 171 52 0.3041
3385.0000 172 52 0.3023
3408.0000 173 52 0.3006
3420.8000 173 53 0.3064
3428.0000 174 53 0.3046
3449.0000 175 53 0.3029
3472.0000 176 53 0.3011
3488.0000 177 53 0.2994
3510.8000 177 54 0.3051
3511.0000 178 54 0.3034
3528.3000 178 55 0.3090
3530.6000 178 56 0.3146
3535.0000 179 56 0.3128
3546.4000 179 57 0.3184
3548.5000 179 58 0.3240
3548.8000 179 59 0.3296
3551.5000 179 60 0.3352
3552.0000 180 60 0.3333
3570.0000 181 60 0.3315
3576.7000 181 61 0.3370
3589.0000 182 61 0.3352
3604.0000 183 61 0.3333
3619.0000 184 61 0.3315
3638.0000 185 61 0.3297
3653.0000 186 61 0.3280
3669.0000 187 61 0.3262
3689.0000 188 61 0.3245
3712.0000 189 61 0.3228
3730.0000 190 61 0.3211
3754.0000 191 61 0.3194
3771.0000 192 61 0.3177
3787.0000 193 61 0.3161
3809.0000 194 61 0.3144
3822.2000 194 62 0.3196
3832.0000 195 62 0.3179
3854.0000 196 62 0.3163
3873.0000 197 62 0.3147
3881.8000 197 63 0.3198
3895.0000 198 63 0.3182
3919.0000 199 63 0.3166
3938.0000 200 63 0.3150
3946.3000 200 64 0.3200
3946.9000 200 65 0.3250
3953.0000 200 66 0.3300
3955.0000 201 66 0.3284
3975.0000 202 66 0.3267
3996.0000 203 66 0.3251
4012.0000 204 66 0.3235
4031.0000 205 66 0.3220
4052.0000 206 66 0.3204
4054.9000 206 67 0.3252
4059.1000 206 68 0.3301
4060.1000 206 69 0.3350
4061.4000 206 70 0.3398
4070.0000 207 70 0.3382
4094.0000 208 70 0.3365
4115.0000 209 70 0.3349
4134.0000 210 70 0.3333
4153.0000 211 70 0.3318
4171.0000 212 70 0.3302
4187.1000 212 71 0.3349
4194.0000 213 71 0.3333
4208.3000 213 72 0.3380
4209.2000 213 73 0.3427
4214.0000 214 73 0.3411
4214.5000 214 74 0.3458
4233.5000 214 75 0.3505
4235.0000 215 75 0.3488
4245.6000 215 76 0.3535
4251.0000 216 76 0.3519
4268.6000 216 77 0.3565
4272.0000 217 77 0.3548
4287.3000 217 78 0.3594
4288.3000 217 79 0.3641
4290.0000 218 79 0.3624
4314.0000 219 79 0.3607
4338.0000 220 79 0.3591
4360.0000 221 79 0.3575
4366.0000 221 80 0.3620
4381.0000 222 80 0.3604
4400.0000 223 80 0.3587
4406.0000 223 81 0.3632
4419.0000 224 81 0.3616
4419.1000 224 82 0.3661
4428.4000 224 83 0.3705
4434.0000 225 83 0.3689
4451.0000 225 84 0.3733
4452.4000 225 85 0.3778
4458.0000 226 85 0.3761
4463.0000 226 86 0.3805
4476.0000 227 86 0.3789
4497.0000 228 86 0.3772
4515.0000 229 86 0.3755
4537.0000 230 86 0.3739
4556.0000 231 86 0.3723
4565.2000 231 87 0.3766
4578.4000 231 88 0.3810
4580.0000 232 88 0.3793
4597.0000 233 88 0.3777
4614.0000 234 88 0.3761
4634.0000 235 88 0.3745
4655.0000 236 88 0.3729
4665.1000 236 89 0.3771
4672.0000 237 89 0.3755
4689.0000 238 89 0.3739
4699.4000 238 90 0.3782
4706.0000 239 90 0.3766
4729.0000 240 90 0.3750
4742.6000 240 91 0.3792
4747.0000 241 91 0.3776
4762.0000 242 91 0.3760
4783.0000 243 91 0.3745
4807.0000 244 91 0.3730
4811.3000 244 92 0.3770
4824.0000 245 92 0.3755
4848.0000 246 92 0.3740
4867.0000 247 92 0.3725
4886.0000 248 92 0.3710
4909.0000 249 92 0.3695
4914.4000 249 93 0.3735
4928.0000 250 93 0.3720
4932.1000 250 94 0.3760
4951.0000 251 94 0.3745
4966.0000 252 94 0.3730
4979.2000 252 95 0.3770
4986.0000 253 95 0.3755
5008.8000 253 96 0.3794
5010.0000 254 96 0.3780
5033.0000 255 96 0.3765
5048.0000 256 96 0.3750
5063.1000 256 97 0.3789
5072.0000 257 97 0.3774
5076.2000 257 98 0.3813
5089.0000 258 98 0.3798
5092.8000 258 99 0.3837
5112.0000 259 99 0.3822
5131.0000 260 99 0.3808
5151.0000 261 99 0.3793
5175.0000 262 99 0.3779
5194.0000 263 99 0.3764
5208.4000 263 100 0.3802
5215.0000 264 100 0.3788
5237.0000 265 100 0.3774
5238.4000 265 101 0.3811
5254.0000 266 101 0.3797
5263.5000 266 102 0.3835
5269.0000 267 102 0.3820
5291.0000 268 102 0.3806
5307.0000 269 102 0.3792
5322.4000 269 103 0.3829
5324.0000 270 103 0.3815
5339.0000 271 103 0.3801
5356.0000 272 103 0.3787
5371.0000 273 103 0.3773
5387.0000 274 103 0.3759
5410.0000 275 103 0.3745
5410.3000 275 104 0.3782
5426.0000 276 104 0.3768
5447.0000 277 104 0.3755
5470.0000 278 104 0.3741
5490.0000 279 104 0.3728
5504.6000 279 105 0.3763
5507.0000 280 105 0.3750
5518.6000 280 106 0.3786
5528.0000 281 106 0.3772
5546.0000 282 106 0.3759
5564.0000 283 106 0.3746
5566.2000 283 107 0.3781
5584.0000 284 107 0.3768
5607.0000 285 107 0.3754
5625.0000 286 107 0.3741
5643.0000 287 107 0.3728
5665.0000 288 107 0.3715
5685.0000 289 107 0.3702
5704.0000 290 107 0.3690
5724.0000 291 107 0.3677
5740.5000 291 108 0.3711
5745.0000 292 108 0.3699
5745.2000 292 109 0.3733
5760.0000 293 109 0.3720
5784.0000 294 109 0.3707
5805.0000 295 109 0.3695
5822.0000 296 109 0.3682
5832.4000 296 110 0.3716
5841.0000 297 110 0.3704
5859.0000 298 110 0.3691
5869.1000 298 111 0.3725
5874.0000 299 111 0.3712
5893.0000 300 111 0.3700
5905.8000 300 112 0.3733
5914.0000 301 112 0.3721
5914.2000 301 113 0.3754
5916.2000 301 114 0.3787
5917.5000 301 115 0.3821
5932.0000 302 115 0.3808
5953.0000 303 115 0.3795
5971.0000 304 115 0.3783
5986.0000 305 115 0.3770
5996.8000 305 116 0.3803
6003.8000 305 117 0.3836
6008.0000 306 117 0.3824
6011.5000 306 118 0.3856
6024.0000 307 118 0.3844
6029.0000 307 119 0.3876
6041.0000 308 119 0.3864
6063.0000 309 119 0.3851
6068.1000 309 120 0.3883
6074.6000 309 121 0.3916
6087.0000 310 121 0.3903
6105.0000 311 121 0.3891
6114.3000 311 122 0.3923
6124.0000 312 122 0.3910
6129.8000 312 123 0.3942
6130.6000 312 124 0.3974
6133.4000 312 125 0.4006
6145.0000 313 125 0.3994
6152.6000 313 126 0.4026
6166.0000 314 126 0.4013
6177.5000 314 127 0.4045
6182.0000 315 127 0.4032
6201.0000 316 127 0.4019
6216.0000 317 127 0.4006
6216.8000 317 128 0.4038
6231.0000 318 128 0.4025
6248.0000 319 128 0.4013
6261.7000 319 129 0.4044
6267.0000 320 129 0.4031
6287.6000 320 130 0.4063
6289.0000 321 130 0.4050
6308.0000 322 130 0.4037
6332.0000 323 130 0.4025
6338.7000 323 131 0.4056
6355.0000 324 131 0.4043
6372.0000 325 131 0.4031
6374.8000 325 132 0.4062
6377.3000 325 133 0.4092
6393.0000 326 133 0.4080
6403.3000 326 134 0.4110
6417.0000 327 134 0.4098
6424.2000 327 135 0.4128
6425.4000 327 136 0.4159
6441.0000 328 136 0.4146
6465.0000 329 136 0.4134
6467.3000 329 137 0.4164
6486.0000 330 137 0.4152
6502.0000 331 137 0.4139
6518.0000 332 137 0.4127
6536.0000 333 137 0.4114
6553.5000 333 138 0.4144
6554.1000 333 139 0.4174
6555.0000 334 139 0.4162
6572.0000 335 139 0.4149
6591.0000 336 139 0.4137
6608.0000 337 139 0.4125
6631.0000 338 139 0.4112
6646.0000 339 139 0.4100
6665.0000 340 139 0.4088
6684.0000 341 139 0.4076
6687.9000 341 140 0.4106
6696.4000 341 141 0.4135
6708.0000 342 141 0.4123
6725.0000 343 141 0.4111
6733.4000 343 142 0.4140
6745.0000 344 142 0.4128
6760.0000 345 142 0.4116
6767.3000 345 143 0.4145
6770.7000 345 144 0.4174
6781.0000 346 144 0.4162
6782.8000 346 145 0.4191
6795.5000 346 146 0.4220
6800.0000 347 146 0.4207
6816.0000 348 146 0.4195
6827.4000 348 147 0.4224
6839.0000 349 147 0.4212
6854.0000 350 147 0.4200
6861.0000 350 148 0.4229
6867.6000 350 149 0.4257
6874.0000 351 149 0.4245
6889.0000 352 149 0.4233
6893.6000 352 150 0.4261
6909.0000 353 150 0.4249
6920.8000 353 151 0.4278
6923.8000 353 152 0.4306
6930.0000 354 152 0.4294
6951.0000 355 152 0.4282
6971.0000 356 152 0.4270
6978.5000 356 153 0.4298
6995.0000 357 153 0.4286
7010.0000 358 153 0.4274
7021.8000 358 154 0.4302
7023.5000 358 155 0.4330
7029.0000 359 155 0.4318
7045.0000 359 156 0.4345
7048.0000 360 156 0.4333
7071.0000 361 156 0.4321
7091.8000 361 157 0.4349
7093.0000 362 157 0.4337
7104.9000 362 158 0.4365
7108.0000 363 158 0.4353
7109.9000 363 159 0.4380
7112.9000 363 160 0.4408
7113.2000 363 161 0.4435
7120.7000 363 162 0.4463
7130.0000 364 162 0.4451
7147.0000 365 162 0.4438
7163.0000 366 162 0.4426
7176.4000 366 163 0.4454
7180.0000 367 163 0.4441
7190.6000 367 164 0.4469
7197.0000 368 164 0.4457
7221.0000 369 164 0.4444
7240.0000 370 164 0.4432
7254.0000 370 165 0.4459
7255.0000 371 165 0.4447
7272.0000 372 165 0.4435
7296.0000 373 165 0.4424
7314.6000 373 166 0.4450
7319.0000 374 166 0.4439
7333.2000 374 167 0.4465
7335.0000 375 167 0.4453
7351.5000 375 168 0.4480
7358.0000 376 168 0.4468
7367.4000 376 169 0.4495
7378.0000 377 169 0.4483
7394.0000 378 169 0.4471
7411.0000 379 169 0.4459
7414.1000 379 170 0.4485
7435.0000 380 170 0.4474
7436.5000 380 171 0.4500
7459.0000 381 171 0.4488
7480.0000 382 171 0.4476
7481.3000 382 172 0.4503
7493.2000 382 173 0.4529
7498.0000 383 173 0.4517
7514.0000 384 173 0.4505
7532.9000 384 174 0.4531
7534.3000 384 175 0.4557
7536.0000 385 175 0.4545
7554.3000 385 176 0.4571
7559.0000 386 176 0.4560
7574.0000 387 176 0.4548
7591.3000 387 177 0.4574
7595.0000 388 177 0.4562
7600.9000 388 178 0.4588
7613.0000 389 178 0.4576
7632.0000 390 178 0.4564
7650.0000 390 179 0.4590
7656.0000 391 179 0.4578
7673.0000 392 179 0.4566
7678.6000 392 180 0.4592
7696.0000 393 180 0.4580
7710.0000 393 181 0.4606
7713.0000 394 181 0.4594
7730.0000 395 181 0.4582
7745.0000 396 181 0.4571
7762.0000 397 181 0.4559
7784.0000 398 181 0.4548
7804.0000 399 181 0.4536
7822.0000 400 181 0.4525
7840.0000 401 181 0.4514
7858.0000 402 181 0.4502
7874.0000 403 181 0.4491
7878.2000 403 182 0.4516
7879.0000 403 183 0.4541
7883.6000 403 184 0.4566
7895.0000 404 184 0.4554
7914.0000 405 184 0.4543
7931.0000 406 184 0.4532
7948.0000 407 184 0.4521
7962.1000 407 185 0.4545
7972.0000 408 185 0.4534
7987.0000 409 185 0.4523
7992.4000 409 186 0.4548
8002.0000 410 186 0.4537
8024.0000 411 186 0.4526
8040.0000 412 186 0.4515
8041.7000 412 187 0.4539
8059.0000 413 187 0.4528
8082.0000 414 187 0.4517
8099.0000 415 187 0.4506
8116.0000 416 187 0.4495
8137.0000 417 187 0.4484
8158.0000 418 187 0.4474
8173.0000 419 187 0.4463
8190.0000 420 187 0.4452
8204.4000 420 188 0.4476
8205.0000 421 188 0.4466
8205.7000 421 189 0.4489
8227.0000 422 189 0.4479
8235.9000 422 190 0.4502
8237.1000 422 191 0.4526
8251.0000 423 191 0.4515
8270.0000 423 192 0.4539
8275.0000 424 192 0.4528
8297.0000 425 192 0.4518
8317.0000 426 192 0.4507
8336.0000 427 192 0.4496
8359.0000 428 192 0.4486
8375.0000 429 192 0.4476
8396.0000 430 192 0.4465
8399.8000 430 193 0.4488
8414.0000 431 193 0.4478
8434.6000 431 194 0.4501
8437.0000 432 194 0.4491
8438.1000 432 195 0.4514
8453.0000 433 195 0.4503
8468.0000 434 195 0.4493
8492.0000 435 195 0.4483
8509.3000 435 196 0.4506
8510.0000 436 196 0.4495
8525.0000 437 196 0.4485
8544.0000 438 196 0.4475
8566.0000 439 196 0.4465
8569.2000 439 197 0.4487
8578.2000 439 198 0.4510
8586.0000 440 198 0.4500
8609.0000 441 198 0.4490
8625.0000 442 198 0.4480
8628.7000 442 199 0.4502
8641.0000 442 200 0.4525
8644.0000 443 200 0.4515
8663.0000 444 200 0.4505
8681.0000 445 200 0.4494
8697.0000 446 200 0.4484
8704.9000 446 201 0.4507
8713.5000 446 202 0.4529
8719.0000 447 202 0.4519
8743.0000 448 202 0.4509
8767.0000 449 202 0.4499
8784.0000 450 202 0.4489
8790.7000 450 203 0.4511
8800.0000 451 203 0.4501
8806.3000 451 204 0.4523
8822.7000 451 205 0.4545
8823.0000 452 205 0.4535
8839.0000 453 205 0.4525
8854.0000 454 205 0.4515
8863.2000 454 206 0.4537
8865.6000 454 207 0.4559
8869.0000 455 207 0.4549
8888.6000 455 208 0.4571
8892.0000 456 208 0.4561
8911.0000 457 208 0.4551
8929.0000 458 208 0.4541
8943.8000 458 209 0.4563
8944.0000 459 209 0.4553
8955.3000 459 210 0.4575
8961.0000 460 210 0.4565
8968.9000 460 211 0.4587
8979.0000 461 211 0.4577
8997.0000 462 211 0.4567
9008.2000 462 212 0.4589
9011.3000 462 213 0.4610
9013.0000 463 213 0.4600
9035.0000 464 213 0.4591
9039.4000 464 214 0.4612
9058.0000 465 214 0.4602
9068.0000 465 215 0.4624
9073.0000 466 215 0.4614
9091.8000 466 216 0.4635
9093.5000 466 217 0.4657
9095.0000 467 217 0.4647
9119.0000 468 217 0.4637
9138.9000 468 218 0.4658
9143.0000 469 218 0.4648
9162.0000 470 218 0.4638
9186.0000 471 218 0.4628
9196.5000 471 219 0.4650
9209.0000 472 219 0.4640
9224.0000 473 219 0.4630
9245.0000 474 219 0.4620
9264.0000 475 219 0.4611
9281.3000 475 220 0.4632
9288.0000 476 220 0.4622
9306.5000 476 221 0.4643
9310.0000 477 221 0.4633
9311.4000 477 222 0.4654
9314.8000 477 223 0.4675
9326.0000 478 223 0.4665
9338.1000 478 224 0.4686
9341.0000 479 224 0.4676
9365.0000 480 224 0.4667
9387.0000 481 224 0.4657
9403.0000 482 224 0.4647
9407.0000 482 225 0.4668
9426.0000 483 225 0.4658
9444.0000 484 225 0.4649
9468.0000 485 225 0.4639
9485.0000 486 225 0.4630
9503.0000 487 225 0.4620
9511.6000 487 226 0.4641
9527.0000 488 226 0.4631
9550.0000 489 226 0.4622
9573.0000 490 226 0.4612
9591.0000 491 226 0.4603
9614.0000 492 226 0.4593
9614.9000 492 227 0.4614
9632.0000 493 227 0.4604
9653.0000 494 227 0.4595
9667.1000 494 228 0.4615
9676.0000 495 228 0.4606
9693.0000 496 228 0.4597
9715.0000 497 228 0.4588
9736.0000 498 228 0.4578
9750.0000 498 229 0.4598
9752.0000 499 229 0.4589
9776.0000 500 229 0.4580
9796.7000 500 230 0.4600
9799.0000 501 230 0.4591
9803.5000 501 231 0.4611
9821.0000 502 231 0.4602
9837.0000 503 231 0.4592
9861.0000 504 231 0.4583
9879.0000 505 231 0.4574
9894.0000 506 231 0.4565
9909.0000 507 231 0.4556
9927.0000 508 231 0.4547
9946.0000 509 231 0.4538
9946.2000 509 232 0.4558
9952.0000 509 233 0.4578
9969.0000 510 233 0.4569
9988.0000 511 233 0.4560
10007.0000 512 233 0.4551
10024.0000 513 233 0.4542
10043.8000 513 234 0.4561
10044.0000 514 234 0.4553
10067.0000 515 234 0.4544
10087.0000 516 234 0.4535
10111.0000 517 234 0.4526
10132.0000 518 234 0.4517
10154.0000 519 234 0.4509
10177.0000 520 234 0.4500
10194.0000 521 234 0.4491
10216.0000 522 234 0.4483
10233.6000 522 235 0.4502
10235.0000 523 235 0.4493
10236.9000 523 236 0.4512
10257.0000 524 236 0.4504
10280.4000 524 237 0.4523
10281.0000 525 237 0.4514
10300.0000 526 237 0.4506
10320.0000 527 237 0.4497
10343.0000 528 237 0.4489
10366.0000 529 237 0.4480
10373.6000 529 238 0.4499
10382.0000 530 238 0.4491
10398.1000 530 239 0.4509
10401.0000 530 240 0.4528
10402.0000 531 240 0.4520
10423.0000 532 240 0.4511
10441.0000 533 240 0.4503
10461.0000 534 240 0.4494
10480.0000 535 240 0.4486
10496.9000 535 241 0.4505
10497.0000 536 241 0.4496
10518.0000 537 241 0.4488
10536.0000 537 242 0.4507
10537.0000 538 242 0.4498
10555.0000 539 242 0.4490
10571.0000 540 242 0.4481
10591.0000 541 242 0.4473
10615.0000 542 242 0.4465
10615.3000 542 243 0.4483
10637.0000 543 243 0.4475
10645.7000 543 244 0.4494
10657.0000 544 244 0.4485
10681.0000 545 244 0.4477
10703.0000 546 244 0.4469
10726.0000 547 244 0.4461
10748.0000 548 244 0.4453
10768.0000 549 244 0.4444
10768.1000 549 245 0.4463
10781.7000 549 246 0.4481
10788.0000 550 246 0.4473
10795.1000 550 247 0.4491
10808.0000 551 247 0.4483
10823.0000 552 247 0.4475
10842.0000 553 247 0.4467
10866.0000 554 247 0.4458
10875.1000 554 248 0.4477
10885.0000 555 248 0.4468
10887.3000 555 249 0.4486
10907.0000 556 249 0.4478
10919.1000 556 250 0.4496
10925.0000 557 250 0.4488
10942.0000 558 250 0.4480
10966.0000 559 250 0.4472
10983.0000 560 250 0.4464
11006.0000 561 250 0.4456
11019.7000 561 251 0.4474
11021.3000 561 252 0.4492
11023.0000 562 252 0.4484
11046.0000 563 252 0.4476
11068.0000 564 252 0.4468
11084.0000 565 252 0.4460
11102.0000 566 252 0.4452
11120.0000 567 252 0.4444
11143.0000 568 252 0.4437
11166.0000 569 252 0.4429
11178.5000 569 253 0.4446
11182.0000 570 253 0.4439
11197.7000 570 254 0.4456
11201.0000 571 254 0.4448
11218.0000 572 254 0.4441
11222.2000 572 255 0.4458
11238.0000 573 255 0.4450
11250.8000 573 256 0.4468
11252.6000 573 257 0.4485
11254.8000 573 258 0.4503
11260.0000 574 258 0.4495
11280.0000 575 258 0.4487
11298.0000 576 258 0.4479
11307.1000 576 259 0.4497
11308.0000 576 260 0.4514
11313.9000 576 261 0.4531
11319.0000 577 261 0.4523
11343.0000 578 261 0.4516
11350.9000 578 262 0.4533
11363.0000 579 262 0.4525
11381.0000 580 262 0.4517
11405.0000 581 262 0.4509
11408.3000 581 263 0.4527
11424.0000 582 263 0.4519
11434.1000 582 264 0.4536
11443.0000 583 264 0.4528
11450.2000 583 265 0.4545
11450.2000 583 266 0.4563
11460.4000 583 267 0.4580
11467.0000 584 267 0.4572
11491.0000 585 267 0.4564
11511.0000 586 267 0.4556
11514.0000 586 268 0.4573
11529.0000 587 268 0.4566
11540.0000 587 269 0.4583
11547.0000 588 269 0.4575
11564.3000 588 270 0.4592
11566.0000 589 270 0.4584
11577.0000 589 271 0.4601
11581.8000 589 272 0.4618
11586.0000 590 272 0.4610
11610.0000 591 272 0.4602
11612.8000 591 273 0.4619
11626.0000 592 273 0.4611
11634.9000 592 274 0.4628
11640.2000 592 275 0.4645
11646.5000 592 276 0.4662
11650.0000 593 276 0.4654
11663.9000 593 277 0.4671
11665.0000 594 277 0.4663
11680.0000 595 277 0.4655
11686.6000 595 278 0.4672
11696.0000 596 278 0.4664
11711.0000 597 278 0.4657
11719.0000 597 279 0.4673
11731.0000 598 279 0.4666
11755.0000 599 279 0.4658
11771.0000 600 279 0.4650
11790.0000 601 279 0.4642
11795.7000 601 280 0.4659
11803.8000 601 281 0.4676
11804.8000 601 282 0.4692
11805.5000 601 283 0.4709
11809.0000 602 283 0.4701
11809.2000 602 284 0.4718
11809.6000 602 285 0.4734
11827.0000 603 285 0.4726
11851.0000 604 285 0.4719
11858.7000 604 286 0.4735
11862.4000 604 287 0.4752
11867.0000 605 287 0.4744
11874.9000 605 288 0.4760
11877.9000 605 289 0.4777
11885.0000 606 289 0.4769
11907.0000 607 289 0.4761
11929.0000 608 289 0.4753
11940.3000 608 290 0.4770
11948.0000 609 290 0.4762
11971.0000 610 290 0.4754
11995.0000 611 290 0.4746
12005.8000 611 291 0.4763
12012.0000 612 291 0.4755
12019.9000 612 292 0.4771
12033.0000 613 292 0.4763
12048.0000 614 292 0.4756
12070.0000 615 292 0.4748
12073.0000 615 293 0.4764
12075.7000 615 294 0.4780
12088.0000 616 294 0.4773
12104.0000 617 294 0.4765
12124.0000 618 294 0.4757
12142.2000 618 295 0.4773
12145.0000 619 295 0.4766
12153.5000 619 296 0.4782
12165.0000 620 296 0.4774
12181.1000 620 297 0.4790
12189.0000 621 297 0.4783
12197.6000 621 298 0.4799
12209.0000 622 298 0.4791
12210.0000 622 299 0.4807
12218.2000 622 300 0.4823
12226.0000 623 300 0.4815
12249.0000 624 300 0.4808
12270.0000 625 300 0.4800
12287.0000 626 300 0.4792
12295.5000 626 301 0.4808
12304.8000 626 302 0.4824
12305.0000 627 302 0.4817
12309.2000 627 303 0.4833
12314.5000 627 304 0.4848
12316.7000 627 305 0.4864
12323.0000 628 305 0.4857
12329.4000 628 306 0.4873
12337.1000 628 307 0.4889
12339.0000 629 307 0.4881
12358.0000 630 307 0.4873
12373.7000 630 308 0.4889
12375.1000 630 309 0.4905
12377.0000 631 309 0.4897
12397.5000 631 310 0.4913
12399.0000 632 310 0.4905
12416.4000 632 311 0.4921
12418.6000 632 312 0.4937
12421.0000 633 312 0.4929
12432.9000 633 313 0.4945
12435.4000 633 314 0.4961
12437.3000 633 315 0.4976
12444.0000 634 315 0.4968
12463.0000 635 315 0.4961
12479.0000 636 315 0.4953
12497.0000 637 315 0.4945
12518.0000 638 315 0.4937
12538.0000 639 315 0.4930
12551.2000 639 316 0.4945
12556.0000 640 316 0.4938
12575.0000 641 316 0.4930
12592.1000 641 317 0.4945
12596.0000 642 317 0.4938
12608.9000 642 318 0.4953
12611.0000 643 318 0.4946
12635.0000 644 318 0.4938
12655.0000 645 318 0.4930
12660.0000 645 319 0.4946
12670.4000 645 320 0.4961
12672.0000 646 320 0.4954
12689.5000 646 321 0.4969
12691.0000 647 321 0.4961
12713.0000 648 321 0.4954
12726.0000 648 322 0.4969
12727.4000 648 323 0.4985
12733.9000 648 324 0.5000
12737.0000 649 324 0.4992
12761.0000 650 324 0.4985
12781.0000 651 324 0.4977
12798.0000 652 324 0.4969
12818.0000 653 324 0.4962
12830.5000 653 325 0.4977
12839.0000 654 325 0.4969
12849.1000 654 326 0.4985
12863.0000 655 326 0.4977
12884.0000 656 326 0.4970
12901.0000 657 326 0.4962
12919.0000 658 326 0.4954
12936.0000 659 326 0.4947
12946.1000 659 327 0.4962
12954.0000 660 327 0.4955
12971.0000 661 327 0.4947
12986.0000 662 327 0.4940
13009.0000 663 327 0.4932
13029.0000 664 327 0.4925
13048.0000 665 327 0.4917
13069.0000 666 327 0.4910
13080.5000 666 328 0.4925
13090.0000 667 328 0.4918
13092.7000 667 329 0.4933
13112.0000 668 329 0.4925
13133.2000 668 330 0.4940
13135.0000 669 330 0.4933
13137.7000 669 331 0.4948
13146.6000 669 332 0.4963
13157.0000 670 332 0.4955
13175.0000 671 332 0.4948
13198.0000 672 332 0.4940
13222.0000 673 332 0.4933
13237.0000 674 332 0.4926
13261.0000 675 332 0.4919
13279.0000 676 332 0.4911
13303.0000 677 332 0.4904
13307.9000 677 333 0.4919
13327.0000 678 333 0.4912
13333.4000 678 334 0.4926
13344.0000 679 334 0.4919
13367.0000 680 334 0.4912
13385.0000 681 334 0.4905
13400.0000 682 334 0.4897
13422.0000 683 334 0.4890
13439.0000 684 334 0.4883
13463.0000 685 334 0.4876
13485.0000 686 334 0.4869
13501.0000 687 334 0.4862
13522.0000 688 334 0.4855
13543.0000 689 334 0.4848
13550.1000 689 335 0.4862
13558.0000 690 335 0.4855
13578.0000 691 335 0.4848
13597.0000 692 335 0.4841
13601.2000 692 336 0.4855
13605.2000 692 337 0.4870
13612.0000 693 337 0.4863
13615.7000 693 338 0.4877
13622.2000 693 339 0.4892
13622.9000 693 340 0.4906
13623.5000 693 341 0.4921
13633.0000 694 341 0.4914
13636.9000 694 342 0.4928
13654.0000 695 342 0.4921
13674.0000 696 342 0.4914
13689.0000 697 342 0.4907
13713.0000 698 342 0.4900
13723.2000 698 343 0.4914
13733.0000 699 343 0.4907
13750.0000 700 343 0.4900
13770.6000 700 344 0.4914
13771.0000 701 344 0.4907
13787.0000 702 344 0.4900
13808.0000 703 344 0.4893
13831.0000 704 344 0.4886
13853.0000 705 344 0.4879
13874.0000 706 344 0.4873
13876.3000 706 345 0.4887
13894.0000 707 345 0.4880
13915.0000 708 345 0.4873
13930.0000 708 346 0.4887
13937.0000 709 346 0.4880
13952.0000 710 346 0.4873
13955.6000 710 347 0.4887
13955.8000 710 348 0.4901
13976.0000 711 348 0.4895
13994.0000 712 348 0.4888
14011.0000 713 348 0.4881
14032.0000 714 348 0.4874
14056.0000 715 348 0.4867
14072.2000 715 349 0.4881
14077.0000 716 349 0.4874
14092.0000 717 349 0.4868
14107.0000 718 349 0.4861
14108.3000 718 350 0.4875
14123.0000 719 350 0.4868
14147.0000 720 350 0.4861
14167.0000 721 350 0.4854
14186.0000 722 350 0.4848
14204.0000 723 350 0.4841
14225.0000 724 350 0.4834
14245.0000 725 350 0.4828
14267.0000 726 350 0.4821
14286.0000 727 350 0.4814
14304.0000 728 350 0.4808
14323.0000 729 350 0.4801
14342.0000 729 351 0.4815
14343.0000 730 351 0.4808
14351.8000 730 352 0.4822
14363.0000 731 352 0.4815
14385.0000 732 352 0.4809
14386.6000 732 353 0.4822
14404.0000 733 353 0.4816
14420.0000 734 353 0.4809
14441.0000 735 353 0.4803
14456.0000 736 353 0.4796
14466.4000 736 354 0.4810
14475.0000 737 354 0.4803
14499.0000 738 354 0.4797
14523.0000 739 354 0.4790
14544.0000 740 354 0.4784
14568.0000 741 354 0.4777
14588.0000 742 354 0.4771
14603.0000 743 354 0.4764
14618.0000 744 354 0.4758
14619.1000 744 355 0.4772
14629.6000 744 356 0.4785
14638.0000 744 357 0.4798
14639.0000 745 357 0.4792
14639.6000 745 358 0.4805
14655.0000 746 358 0.4799
14676.0000 747 358 0.4793
14696.0000 748 358 0.4786
14718.0000 749 358 0.4780
14733.2000 749 359 0.4793
14736.0000 750 359 0.4787
14746.0000 750 360 0.4800
14756.0000 751 360 0.4794
14773.0000 752 360 0.4787
14777.2000 752 361 0.4801
14790.0000 753 361 0.4794
14798.6000 753 362 0.4807
14809.0000 754 362 0.4801
14831.0000 755 362 0.4795
14848.0000 756 362 0.4788
14867.0000 757 362 0.4782
14883.0000 757 363 0.4795
14889.0000 758 363 0.4789
14898.5000 758 364 0.4802
14905.0000 759 364 0.4796
14911.4000 759 365 0.4809
14927.0000 760 365 0.4803
14942.0000 761 365 0.4796
14961.0000 762 365 0.4790
14975.8000 762 366 0.4803
14984.0000 763 366 0.4797
14999.0000 764 366 0.4791
15021.0000 765 366 0.4784
15028.4000 765 367 0.4797
15041.0000 766 367 0.4791
15058.0000 767 367 0.4785
15074.0000 768 367 0.4779
15093.0000 769 367 0.4772
15101.5000 769 368 0.4785
15114.0000 770 368 0.4779
15132.0000 771 368 0.4773
15149.0000 772 368 0.4767
15172.0000 773 368 0.4761
15182.2000 773 369 0.4774
15190.0000 774 369 0.4767
15212.0000 775 369 0.4761
15235.0000 776 369 0.4755
15256.0000 777 369 0.4749
15258.3000 777 370 0.4762
15280.0000 778 370 0.4756
15288.2000 778 371 0.4769
15297.0000 779 371 0.4763
15318.0000 780 371 0.4756
15336.0000 781 371 0.4750
15360.0000 782 371 0.4744
15381.0000 783 371 0.4738
15389.7000 783 372 0.4751
15399.0000 784 372 0.4745
15419.0000 785 372 0.4739
15439.2000 785 373 0.4752
15441.0000 786 373 0.4746
15460.7000 786 374 0.4758
15465.0000 787 374 0.4752
15482.0000 788 374 0.4746
15502.5000 788 375 0.4759
15504.0000 789 375 0.4753
15526.0000 790 375 0.4747
15538.0000 790 376 0.4759
15547.0000 791 376 0.4753
15548.0000 791 377 0.4766
15569.0000 792 377 0.4760
15591.0000 793 377 0.4754
15615.0000 794 377 0.4748
15632.0000 795 377 0.4742
15640.0000 795 378 0.4755
15645.1000 795 379 0.4767
15650.3000 795 380 0.4780
15651.0000 796 380 0.4774
15666.0000 797 380 0.4768
15684.0000 798 380 0.4762
15708.0000 799 380 0.4756
15724.0000 800 380 0.4750
15745.2000 800 381 0.4763
15746.0000 801 381 0.4757
15752.2000 801 382 0.4769
15754.3000 801 383 0.4782
15761.5000 801 384 0.4794
15764.0000 802 384 0.4788
15780.2000 802 385 0.4800
15782.0000 803 385 0.4795
15793.3000 803 386 0.4807
15799.0000 804 386 0.4801
15815.0000 805 386 0.4795
15838.0000 806 386 0.4789
15854.0000 807 386 0.4783
15873.0000 808 386 0.4777
15880.8000 808 387 0.4790
15891.0000 808 388 0.4802
15894.0000 809 388 0.4796
15909.0000 810 388 0.4790
15927.0000 811 388 0.4784
15948.0000 812 388 0.4778
15953.1000 812 389 0.4791
15956.3000 812 390 0.4803
15967.0000 813 390 0.4797
15990.0000 814 390 0.4791
16006.3000 814 391 0.4803
16010.0000 815 391 0.4798
16027.0000 816 391 0.4792
16042.0000 817 391 0.4786
16061.0000 818 391 0.4780
16080.0000 819 391 0.4774
16104.0000 820 391 0.4768
16121.7000 820 392 0.4780
16122.7000 820 393 0.4793
16123.7000 820 394 0.4805
16124.0000 821 394 0.4799
16139.0000 822 394 0.4793
16155.0000 823 394 0.4787
16175.0000 824 394 0.4782
16196.0000 825 394 0.4776
16199.9000 825 395 0.4788
16204.4000 825 396 0.4800
16210.4000 825 397 0.4812
16212.0000 826 397 0.4806
16220.0000 826 398 0.4818
16230.0000 827 398 0.4813
16245.0000 828 398 0.4807
16261.0000 829 398 0.4801
16281.0000 830 398 0.4795
16301.0000 831 398 0.4789
16322.0000 832 398 0.4784
16338.0000 833 398 0.4778
16357.0000 834 398 0.4772
16365.7000 834 399 0.4784
16380.0000 835 399 0.4778
16390.4000 835 400 0.4790
16399.0000 836 400 0.4785
16416.0000 837 400 0.4779
16433.0000 838 400 0.4773
16455.0000 839 400 0.4768
16479.0000 840 400 0.4762
16496.3000 840 401 0.4774
16503.0000 841 401 0.4768
16520.1000 841 402 0.4780
16526.0000 842 402 0.4774
16547.0000 843 402 0.4769
16568.0000 844 402 0.4763
16588.9000 844 403 0.4775
16589.0000 845 403 0.4769
16610.0000 846 403 0.4764
16627.8000 846 404 0.4775
16628.0000 847 404 0.4770
16629.7000 847 405 0.4782
16637.9000 847 406 0.4793
16646.0000 848 406 0.4788
16653.9000 848 407 0.4800
16662.0000 849 407 0.4794
16682.0000 850 407 0.4788
16699.0000 851 407 0.4783
16721.7000 851 408 0.4794
16723.0000 852 408 0.4789
16745.0000 853 408 0.4783
16760.0000 854 408 0.4778
16783.0000 855 408 0.4772
16788.9000 855 409 0.4784
16790.2000 855 410 0.4795
16800.0000 856 410 0.4790
16803.1000 856 411 0.4801
16818.0000 857 411 0.4796
16835.0000 858 411 0.4790
16852.1000 858 412 0.4802
16858.0000 859 412 0.4796
16862.4000 859 413 0.4808
16871.8000 859 414 0.4820
16872.5000 859 415 0.4831
16881.0000 860 415 0.4826
16901.0000 861 415 0.4820
16917.0000 862 415 0.4814
16935.0000 863 415 0.4809
16959.0000 864 415 0.4803
16964.7000 864 416 0.4815
16979.0000 864 417 0.4826
16980.0000 865 417 0.4821
16997.0000 866 417 0.4815
17020.9000 866 418 0.4827
17021.0000 867 418 0.4821
17033.2000 867 419 0.4833
17036.6000 867 420 0.4844
17040.0000 868 420 0.4839
17063.0000 869 420 0.4833
17075.7000 869 421 0.4845
17082.0000 870 421 0.4839
17105.0000 871 421 0.4834
17126.0000 872 421 0.4828
17143.0000 873 421 0.4822
17162.0000 874 421 0.4817
17181.0000 875 421 0.4811
17202.0000 876 421 0.4806
17225.0000 877 421 0.4800
17240.0000 878 421 0.4795
17259.0000 879 421 0.4790
17278.0000 880 421 0.4784
17299.0000 881 421 0.4779
17313.3000 881 422 0.4790
17318.0000 882 422 0.4785
17336.0000 883 422 0.4779
17345.3000 883 423 0.4790
17353.0000 884 423 0.4785
17357.6000 884 424 0.4796
17366.3000 884 425 0.4808
17370.0000 885 425 0.4802
17371.3000 885 426 0.4814
17394.0000 886 426 0.4808
17394.3000 886 427 0.4819
17416.0000 887 427 0.4814
17430.3000 887 428 0.4825
17439.0000 888 428 0.4820
17454.0000 889 428 0.4814
17469.2000 889 429 0.4826
17477.0000 890 429 0.4820
17497.0000 891 429 0.4815
17515.0000 892 429 0.4809
17535.0000 893 429 0.4804
17558.0000 894 429 0.4799
17574.0000 895 429 0.4793
17598.0000 896 429 0.4788
17619.0000 897 429 0.4783
17639.0000 898 429 0.4777
17652.0000 898 430 0.4788
17654.0000 899 430 0.4783
17672.0000 900 430 0.4778
17690.0000 901 430 0.4772
17710.0000 902 430 0.4767
17734.0000 903 430 0.4762
17751.0000 904 430 0.4757
17773.8000 904 431 0.4768
17774.0000 905 431 0.4762
17793.0000 906 431 0.4757
17808.0000 907 431 0.4752
17814.3000 907 432 0.4763
17817.4000 907 433 0.4774
17826.0000 908 433 0.4769
17846.0000 909 433 0.4763
17846.2000 909 434 0.4774
17864.0000 910 434 0.4769
17865.2000 910 435 0.4780
17884.0000 911 435 0.4775
17899.0000 912 435 0.4770
17914.7000 912 436 0.4781
17917.0000 913 436 0.4775
17934.5000 913 437 0.4786
17934.7000 913 438 0.4797
17936.0000 914 438 0.4792
17953.2000 914 439 0.4803
17953.6000 914 440 0.4814
17958.0000 915 440 0.4809
17960.0000 915 441 0.4820
17976.0000 916 441 0.4814
17992.3000 916 442 0.4825
18000.0000 917 442 0.4820
18021.0000 918 442 0.4815
18040.0000 919 442 0.4810
18059.0000 920 442 0.4804
18064.3000 920 443 0.4815
18071.8000 920 444 0.4826
18077.0000 921 444 0.4821
18092.0000 922 444 0.4816
18112.1000 922 445 0.4826
18113.0000 923 445 0.4821
18124.5000 923 446 0.4832
18132.0000 924 446 0.4827
18151.0000 924 447 0.4838
18155.0000 925 447 0.4832
18169.3000 925 448 0.4843
18177.0000 926 448 0.4838
18192.0000 927 448 0.4833
18214.0000 928 448 0.4828
18221.6000 928 449 0.4838
18236.0000 929 449 0.4833
18259.0000 930 449 0.4828
18272.9000 930 450 0.4839
18275.0000 931 450 0.4834
18298.0000 932 450 0.4828
18321.0000 933 450 0.4823
18340.0000 934 450 0.4818
18342.8000 934 451 0.4829
18353.1000 934 452 0.4839
18364.0000 935 452 0.4834
18365.4000 935 453 0.4845
18383.0000 936 453 0.4840
18402.0000 937 453 0.4835
18425.0000 938 453 0.4829
18449.0000 939 453 0.4824
18457.4000 939 454 0.4835
18465.1000 939 455 0.4846
18473.0000 940 455 0.4840
18488.0000 941 455 0.4835
18512.0000 942 455 0.4830
18534.0000 943 455 0.4825
18549.0000 944 455 0.4820
18570.0000 945 455 0.4815
18575.3000 945 456 0.4825
18590.0000 946 456 0.4820
18613.0000 947 456 0.4815
18632.0000 948 456 0.4810
18641.6000 948 457 0.4821
18643.8000 948 458 0.4831
18653.0000 949 458 0.4826
18674.0000 949 459 0.4837
18677.0000 950 459 0.4832
18696.0000 951 459 0.4826
18715.0000 952 459 0.4821
18735.6000 952 460 0.4832
18738.0000 953 460 0.4827
18753.0000 954 460 0.4822
18768.0000 955 460 0.4817
18784.0000 955 461 0.4827
18786.0000 956 461 0.4822
18801.8000 956 462 0.4833
18808.6000 956 463 0.4843
18809.0000 957 463 0.4838
18828.0000 958 463 0.4833
18842.7000 958 464 0.4843
18845.0000 959 464 0.4838
18862.0000 960 464 0.4833
18884.0000 961 464 0.4828
18894.5000 961 465 0.4839
18898.4000 961 466 0.4849
18899.0000 962 466 0.4844
18922.0000 963 466 0.4839
18939.0000 964 466 0.4834
18956.0000 965 466 0.4829
18962.7000 965 467 0.4839
18977.0000 966 467 0.4834
18993.0000 967 467 0.4829
19015.0000 968 467 0.4824
19037.0000 969 467 0.4819
19055.0000 970 467 0.4814
19072.0000 971 467 0.4809
19087.0000 972 467 0.4805
19095.8000 972 468 0.4815
19108.0000 973 468 0.4810
19129.0000 974 468 0.4805
19151.0000 975 468 0.4800
19161.8000 975 469 0.4810
19173.0000 976 469 0.4805
19181.2000 976 470 0.4816
19192.0000 977 470 0.4811
19209.8000 977 471 0.4821
19211.0000 978 471 0.4816
19230.1000 978 472 0.4826
19231.0000 979 472 0.4821
19254.0000 980 472 0.4816
19277.0000 981 472 0.4811
19301.0000 982 472 0.4807
19313.4000 982 473 0.4817
19316.0000 983 473 0.4812
19322.8000 983 474 0.4822
19340.0000 984 474 0.4817
19355.0000 985 474 0.4812
19373.0000 986 474 0.4807
19391.0000 987 474 0.4802
19406.0000 988 474 0.4798
19408.8000 988 475 0.4808
19418.8000 988 476 0.4818
19423.0000 989 476 0.4813
19439.0000 990 476 0.4808
19455.0000 991 476 0.4803
19467.0000 991 477 0.4813
19471.9000 991 478 0.4823
19479.0000 992 478 0.4819
19497.0000 993 478 0.4814
19521.0000 994 478 0.4809
19542.0000 995 478 0.4804
19565.0000 996 478 0.4799
19586.0000 997 478 0.4794
19587.6000 997 479 0.4804
19595.7000 997 480 0.4814
19601.0000 998 480 0.4810
19622.0000 999 480 0.4805
19622.4000 999 481 0.4815
19641.0000 1000 481 0.4810
19660.0000 1001 481 0.4805
19677.0000 1002 481 0.4800
19687.4000 1002 482 0.4810
19692.0000 1003 482 0.4806
19716.0000 1004 482 0.4801
19739.0000 1005 482 0.4796
19755.0000 1006 482 0.4791
19770.0000 1007 482 0.4786
19784.4000 1007 483 0.4796
19786.5000 1007 484 0.4806
19792.0000 1008 484 0.4802
19805.8000 1008 485 0.4812
19815.0000 1009 485 0.4807
19816.1000 1009 486 0.4817
19827.0000 1009 487 0.4827
19833.0000 1010 487 0.4822
19852.0000 1011 487 0.4817
19870.3000 1011 488 0.4827
19876.0000 1012 488 0.4822
19885.1000 1012 489 0.4832
19891.0000 1013 489 0.4827
19908.0000 1014 489 0.4822
19924.9000 1014 490 0.4832
19926.8000 1014 491 0.4842
19932.0000 1015 491 0.4837
19954.3000 1015 492 0.4847
19956.0000 1016 492 0.4843
19959.9000 1016 493 0.4852
19968.8000 1016 494 0.4862
19970.9000 1016 495 0.4872
19976.0000 1017 495 0.4867
19978.8000 1017 496 0.4877
19994.8000 1017 497 0.4887
19998.0000 1018 497 0.4882
20019.0000 1019 497 0.4877
20027.3000 1019 498 0.4887
20034.0000 1020 498 0.4882
20039.6000 1020 499 0.4892
20041.1000 1020 500 0.4902
20054.8000 1020 501 0.4912
20057.0000 1021 501 0.4907
20071.2000 1021 502 0.4917
20075.0000 1022 502 0.4912
20094.0000 1023 502 0.4907
20095.2000 1023 503 0.4917
20095.4000 1023 504 0.4927
20107.3000 1023 505 0.4936
20118.0000 1024 505 0.4932
20127.9000 1024 506 0.4941
20132.1000 1024 507 0.4951
20132.5000 1024 508 0.4961
20135.0000 1025 508 0.4956
20146.9000 1025 509 0.4966
20157.0000 1026 509 0.4961
20179.0000 1027 509 0.4956
20185.1000 1027 510 0.4966
20196.4000 1027 511 0.4976
20197.0000 1028 511 0.4971
20201.3000 1028 512 0.4981
20221.0000 1029 512 0.4976
20237.0000 1030 512 0.4971
20259.0000 1031 512 0.4966
20276.0000 1032 512 0.4961
20293.0000 1033 512 0.4956
20308.0000 1034 512 0.4952
20327.0000 1035 512 0.4947
20350.0000 1036 512 0.4942
20351.1000 1036 513 0.4952
20366.0000 1037 513 0.4947
20373.6000 1037 514 0.4957
20379.1000 1037 515 0.4966
20385.0000 1038 515 0.4961
20401.0000 1039 515 0.4957
20421.0000 1040 515 0.4952
20437.0000 1041 515 0.4947
20456.6000 1041 516 0.4957
20461.0000 1042 516 0.4952
20465.1000 1042 517 0.4962
20475.8000 1042 518 0.4971
20475.9000 1042 519 0.4981
20485.0000 1043 519 0.4976
20492.4000 1043 520 0.4986
20508.0000 1044 520 0.4981
20532.0000 1045 520 0.4976
20534.5000 1045 521 0.4986
20554.0000 1046 521 0.4981
20558.0000 1046 522 0.4990
20559.3000 1046 523 0.5000
20576.0000 1047 523 0.4995
20589.8000 1047 524 0.5005
20594.0000 1048 524 0.5000
20601.6000 1048 525 0.5010
20611.0000 1049 525 0.5005
20635.0000 1050 525 0.5000
20637.6000 1050 526 0.5010
20655.0000 1051 526 0.5005
20663.9000 1051 527 0.5014
20673.0000 1052 527 0.5010
20691.0000 1053 527 0.5005
20693.0000 1053 528 0.5014
20706.0000 1054 528 0.5009
20724.0000 1055 528 0.5005
20728.7000 1055 529 0.5014
20744.0000 1056 529 0.5009
20751.7000 1056 530 0.5019
20766.0000 1057 530 0.5014
20782.0000 1058 530 0.5009
20800.0000 1059 530 0.5005
20802.1000 1059 531 0.5014
20803.6000 1059 532 0.5024
20806.1000 1059 533 0.5033
20821.0000 1060 533 0.5028
20839.1000 1060 534 0.5038
20844.0000 1061 534 0.5033
20857.6000 1061 535 0.5042
20864.0000 1062 535 0.5038
20888.0000 1063 535 0.5033
20890.6000 1063 536 0.5042
20900.5000 1063 537 0.5052
20911.0000 1064 537 0.5047
20931.0000 1065 537 0.5042
20950.4000 1065 538 0.5052
20952.0000 1066 538 0.5047
20968.0000 1067 538 0.5042
20977.7000 1067 539 0.5052
20982.3000 1067 540 0.5061
20983.2000 1067 541 0.5070
20987.6000 1067 542 0.5080
20988.9000 1067 543 0.5089
20990.0000 1068 543 0.5084
20990.5000 1068 544 0.5094
21007.0000 1069 544 0.5089
21008.6000 1069 545 0.5098
21021.5000 1069 546 0.5108
21031.0000 1070 546 0.5103
21055.0000 1071 546 0.5098
21067.7000 1071 547 0.5107
21077.0000 1072 547 0.5103
21092.0000 1073 547 0.5098
21097.1000 1073 548 0.5107
21116.0000 1074 548 0.5102
21132.0000 1075 548 0.5098
21148.0000 1076 548 0.5093
21166.0000 1077 548 0.5088
21183.6000 1077 549 0.5097
21184.0000 1078 549 0.5093
21186.8000 1078 550 0.5102
21189.4000 1078 551 0.5111
21204.0000 1079 551 0.5107
21214.0000 1079 552 0.5116
21223.0000 1080 552 0.5111
21226.3000 1080 553 0.5120
21234.1000 1080 554 0.5130
21235.3000 1080 555 0.5139
21239.3000 1080 556 0.5148
21247.0000 1081 556 0.5143
21271.0000 1082 556 0.5139
21279.1000 1082 557 0.5148
21283.8000 1082 558 0.5157
21292.0000 1083 558 0.5152
21306.0000 1083 559 0.5162
21309.0000 1084 559 0.5157
21327.0000 1085 559 0.5152
21331.3000 1085 560 0.5161
21351.0000 1086 560 0.5157
21367.7000 1086 561 0.5166
21368.0000 1087 561 0.5161
21370.7000 1087 562 0.5170
21387.0000 1088 562 0.5165
21391.4000 1088 563 0.5175
21394.7000 1088 564 0.5184
21407.0000 1089 564 0.5179
21419.0000 1089 565 0.5188
21419.2000 1089 566 0.5197
21424.0000 1090 566 0.5193
21430.3000 1090 567 0.5202
21443.4000 1090 568 0.5211
21444.0000 1091 568 0.5206
21445.4000 1091 569 0.5215
21460.7000 1091 570 0.5225
21460.9000 1091 571 0.5234
21462.5000 1091 572 0.5243
21463.0000 1092 572 0.5238
21464.2000 1092 573 0.5247
21474.5000 1092 574 0.5256
21476.4000 1092 575 0.5266
21483.0000 1093 575 0.5261
21493.7000 1093 576 0.5270
21504.0000 1093 577 0.5279
21505.0000 1094 577 0.5274
21523.0000 1095 577 0.5269
21539.0000 1096 577 0.5265
21556.0000 1097 577 0.5260
21559.7000 1097 578 0.5269
21577.0000 1098 578 0.5264
21591.5000 1098 579 0.5273
21599.0000 1099 579 0.5268
21615.0000 1100 579 0.5264
21632.0000 1101 579 0.5259
21648.0000 1102 579 0.5254
21665.0000 1103 579 0.5249
21689.0000 1104 579 0.5245
21707.0000 1105 579 0.5240
21713.3000 1105 580 0.5249
21714.3000 1105 581 0.5258
21721.0000 1105 582 0.5267
21731.0000 1106 582 0.5262
21755.0000 1107 582 0.5257
21755.7000 1107 583 0.5266
21777.0000 1108 583 0.5262
21794.0000 1109 583 0.5257
21807.1000 1109 584 0.5266
21818.0000 1110 584 0.5261
21837.0000 1111 584 0.5257
21860.0000 1112 584 0.5252
21883.0000 1113 584 0.5247
21898.0000 1114 584 0.5242
21916.0000 1115 584 0.5238
21939.0000 1116 584 0.5233
21939.1000 1116 585 0.5242
21941.3000 1116 586 0.5251
21949.4000 1116 587 0.5260
21951.6000 1116 588 0.5269
21951.7000 1116 589 0.5278
21960.0000 1117 589 0.5273
21971.6000 1117 590 0.5282
21976.0000 1118 590 0.5277
21977.6000 1118 591 0.5286
21978.9000 1118 592 0.5295
21999.0000 1119 592 0.5290
22017.4000 1119 593 0.5299
22018.1000 1119 594 0.5308
22022.0000 1120 594 0.5304
22041.0000 1121 594 0.5299
22045.4000 1121 595 0.5308
22061.0000 1122 595 0.5303
22078.0000 1123 595 0.5298
22085.7000 1123 596 0.5307
22087.1000 1123 597 0.5316
22101.0000 1124 597 0.5311
22121.0000 1125 597 0.5307
22140.0000 1126 597 0.5302
22143.1000 1126 598 0.5311
22159.0000 1127 598 0.5306
22165.8000 1127 599 0.5315
22172.5000 1127 600 0.5324
22181.8000 1127 601 0.5333
22183.0000 1128 601 0.5328
22199.0000 1129 601 0.5323
22213.1000 1129 602 0.5332
22213.7000 1129 603 0.5341
22218.0000 1130 603 0.5336
22242.0000 1131 603 0.5332
22261.2000 1131 604 0.5340
22263.0000 1132 604 0.5336
22281.0000 1133 604 0.5331
22290.8000 1133 605 0.5340
22303.3000 1133 606 0.5349
22304.0000 1134 606 0.5344
22304.6000 1134 607 0.5353
22315.9000 1134 608 0.5362
22322.0000 1135 608 0.5357
22329.9000 1135 609 0.5366
22333.1000 1135 610 0.5374
22344.1000 1135 611 0.5383
22346.0000 1136 611 0.5379
22363.0000 1137 611 0.5374
22368.1000 1137 612 0.5383
22385.0000 1138 612 0.5378
22405.0000 1139 612 0.5373
22416.7000 1139 613 0.5382
22420.0000 1140 613 0.5377
22431.2000 1140 614 0.5386
22433.4000 1140 615 0.5395
22433.8000 1140 616 0.5404
22444.0000 1141 616 0.5399
22445.7000 1141 617 0.5408
22455.8000 1141 618 0.5416
22456.7000 1141 619 0.5425
22457.6000 1141 620 0.5434
22464.0000 1142 620 0.5429
22469.9000 1142 621 0.5438
22482.0000 1143 621 0.5433
22486.0000 1143 622 0.5442
22500.0000 1144 622 0.5437
22513.3000 1144 623 0.5446
22521.0000 1145 623 0.5441
22521.9000 1145 624 0.5450
22544.0000 1146 624 0.5445
22544.3000 1146 625 0.5454
22546.9000 1146 626 0.5462
22560.0000 1147 626 0.5458
22570.0000 1147 627 0.5466
22578.0000 1148 627 0.5462
22581.7000 1148 628 0.5470
22595.0000 1149 628 0.5466
22613.0000 1150 628 0.5461
22628.0000 1151 628 0.5456
22648.0000 1152 628 0.5451
22666.0000 1153 628 0.5447
22682.0000 1154 628 0.5442
22698.0000 1155 628 0.5437
22713.0000 1156 628 0.5433
22717.4000 1156 629 0.5441
22729.0000 1156 630 0.5450
22735.0000 1157 630 0.5445
22751.7000 1157 631 0.5454
22752.3000 1157 632 0.5462
22758.0000 1158 632 0.5458
22763.5000 1158 633 0.5466
22777.4000 1158 634 0.5475
22779.0000 1159 634 0.5470
22790.2000 1159 635 0.5479
22799.0000 1160 635 0.5474
22802.8000 1160 636 0.5483
22808.5000 1160 637 0.5491
22820.0000 1161 637 0.5487
22823.1000 1161 638 0.5495
22827.2000 1161 639 0.5504
22827.4000 1161 640 0.5512
22835.0000 1162 640 0.5508
22850.0000 1163 640 0.5503
22869.0000 1164 640 0.5498
22891.0000 1165 640 0.5494
22894.2000 1165 641 0.5502
22913.0000 1166 641 0.5497
22916.3000 1166 642 0.5506
22920.2000 1166 643 0.5515
22921.2000 1166 644 0.5523
22923.1000 1166 645 0.5532
22927.1000 1166 646 0.5540
22931.0000 1167 646 0.5536
22954.0000 1168 646 0.5531
22971.0000 1169 646 0.5526
22991.0000 1170 646 0.5521
23001.4000 1170 647 0.5530
23006.7000 1170 648 0.5538
23007.0000 1171 648 0.5534
23012.4000 1171 649 0.5542
23031.0000 1172 649 0.5538
23047.0000 1173 649 0.5533
23047.9000 1173 650 0.5541
23048.7000 1173 651 0.5550
23070.0000 1174 651 0.5545
23073.7000 1174 652 0.5554
23076.6000 1174 653 0.5562
23085.0000 1175 653 0.5557
23102.6000 1175 654 0.5566
23106.0000 1176 654 0.5561
23112.5000 1176 655 0.5570
23121.9000 1176 656 0.5578
23125.1000 1176 657 0.5587
23127.0000 1177 657 0.5582
23147.3000 1177 658 0.5590
23149.0000 1178 658 0.5586
23154.4000 1178 659 0.5594
23160.9000 1178 660 0.5603
23165.0000 1179 660 0.5598
23180.0000 1180 660 0.5593
23181.1000 1180 661 0.5602
23181.7000 1180 662 0.5610
23183.0000 1180 663 0.5619
23198.0000 1181 663 0.5614
23214.0000 1182 663 0.5609
23234.9000 1182 664 0.5618
23238.0000 1183 664 0.5613
23252.6000 1183 665 0.5621
23256.3000 1183 666 0.5630
23258.0000 1184 666 0.5625
23262.9000 1184 667 0.5633
23263.0000 1184 668 0.5642
23268.5000 1184 669 0.5650
23280.0000 1185 669 0.5646
23295.0000 1186 669 0.5641
23302.4000 1186 670 0.5649
23304.5000 1186 671 0.5658
23319.0000 1187 671 0.5653
23339.0000 1188 671 0.5648
23360.0000 1189 671 0.5643
23371.1000 1189 672 0.5652
23377.0000 1190 672 0.5647
23393.0000 1191 672 0.5642
23409.0000 1192 672 0.5638
23428.0000 1193 672 0.5633
23433.7000 1193 673 0.5641
23436.7000 1193 674 0.5650
23438.2000 1193 675 0.5658
23445.0000 1194 675 0.5653
23463.8000 1194 676 0.5662
23464.0000 1195 676 0.5657
23466.7000 1195 677 0.5665
23471.5000 1195 678 0.5674
23482.0000 1196 678 0.5669
23498.0000 1197 678 0.5664
23501.9000 1197 679 0.5673
23507.5000 1197 680 0.5681
23516.0000 1198 680 0.5676
23532.0000 1199 680 0.5671
23542.9000 1199 681 0.5680
23545.4000 1199 682 0.5688
23547.0000 1200 682 0.5683
23558.7000 1200 683 0.5692
23565.5000 1200 684 0.5700
23567.0000 1200 685 0.5708
23568.0000 1201 685 0.5704
23589.0000 1202 685 0.5699
23605.7000 1202 686 0.5707
23609.0000 1202 687 0.5715
23613.0000 1203 687 0.5711
23622.5000 1203 688 0.5719
23624.0000 1203 689 0.5727
23629.0000 1204 689 0.5723
23634.0000 1204 690 0.5731
23647.0000 1205 690 0.5726
23660.6000 1205 691 0.5734
23661.5000 1205 692 0.5743
23662.0000 1206 692 0.5738
23663.0000 1206 693 0.5746
23663.9000 1206 694 0.5755
23681.0000 1207 694 0.5750
23681.1000 1207 695 0.5758
23702.0000 1208 695 0.5753
23710.9000 1208 696 0.5762
23712.8000 1208 697 0.5770
23725.4000 1208 698 0.5778
23726.0000 1209 698 0.5773
23740.0000 1209 699 0.5782
23741.0000 1210 699 0.5777
23742.6000 1210 700 0.5785
23752.3000 1210 701 0.5793
23754.8000 1210 702 0.5802
23760.0000 1211 702 0.5797
23763.6000 1211 703 0.5805
23768.7000 1211 704 0.5813
23778.0000 1212 704 0.5809
23782.6000 1212 705 0.5817
23798.0000 1213 705 0.5812
23802.6000 1213 706 0.5820
23817.0000 1214 706 0.5815
23837.0000 1215 706 0.5811
23842.4000 1215 707 0.5819
23843.7000 1215 708 0.5827
23857.6000 1215 709 0.5835
23859.0000 1216 709 0.5831
23874.0000 1217 709 0.5826
23895.0000 1218 709 0.5821
23896.6000 1218 710 0.5829
23898.6000 1218 711 0.5837
23905.6000 1218 712 0.5846
23909.0000 1218 713 0.5854
23912.5000 1218 714 0.5862
23916.0000 1219 714 0.5857
23929.7000 1219 715 0.5865
23930.3000 1219 716 0.5874
23937.0000 1220 716 0.5869
23938.2000 1220 717 0.5877
23961.0000 1221 717 0.5872
23981.0000 1222 717 0.5867
23985.1000 1222 718 0.5876
23991.2000 1222 719 0.5884
24004.0000 1223 719 0.5879
24011.7000 1223 720 0.5887
24018.2000 1223 721 0.5895
24022.2000 1223 722 0.5904
24026.0000 1224 722 0.5899
24032.5000 1224 723 0.5907
24039.4000 1224 724 0.5915
24039.8000 1224 725 0.5923
24043.0000 1225 725 0.5918
24062.0000 1226 725 0.5914
24076.8000 1226 726 0.5922
24079.0000 1227 726 0.5917
24079.8000 1227 727 0.5925
24089.9000 1227 728 0.5933
24095.0000 1228 728 0.5928
24103.6000 1228 729 0.5936
24110.0000 1229 729 0.5932
24132.3000 1229 730 0.5940
24134.0000 1230 730 0.5935
24140.5000 1230 731 0.5943
24157.0000 1231 731 0.5938
24179.0000 1232 731 0.5933
24189.8000 1232 732 0.5942
24198.3000 1232 733 0.5950
24203.0000 1233 733 0.5945
24222.0000 1234 733 0.5940
24241.5000 1234 734 0.5948
24245.0000 1235 734 0.5943
24251.5000 1235 735 0.5951
24262.0000 1236 735 0.5947
24286.0000 1237 735 0.5942
24305.0000 1238 735 0.5937
24326.0000 1239 735 0.5932
24341.7000 1239 736 0.5940
24349.0000 1240 736 0.5935
24360.9000 1240 737 0.5944
24368.0000 1241 737 0.5939
24369.3000 1241 738 0.5947
24379.5000 1241 739 0.5955
24383.0000 1242 739 0.5950
24407.0000 1243 739 0.5945
24412.1000 1243 740 0.5953
24427.0000 1244 740 0.5949
24444.1000 1244 741 0.5957
24445.2000 1244 742 0.5965
24447.0000 1245 742 0.5960
24458.6000 1245 743 0.5968
24468.0000 1246 743 0.5963
24473.7000 1246 744 0.5971
24484.4000 1246 745 0.5979
24490.0000 1247 745 0.5974
24505.6000 1247 746 0.5982
24514.0000 1248 746 0.5978
24530.0000 1249 746 0.5973
24553.0000 1250 746 0.5968
24568.0000 1251 746 0.5963
24591.0000 1252 746 0.5958
24603.3000 1252 747 0.5966
24607.0000 1253 747 0.5962
24624.0000 1254 747 0.5957
24641.0000 1255 747 0.5952
24656.0000 1256 747 0.5947
24667.4000 1256 748 0.5955
24677.0000 1257 748 0.5951
24681.5000 1257 749 0.5959
24693.0000 1258 749 0.5954
24700.8000 1258 750 0.5962
24712.0000 1259 750 0.5957
24736.0000 1260 750 0.5952
24751.0000 1261 750 0.5948
24752.6000 1261 751 0.5956
24768.0000 1262 751 0.5951
24780.0000 1262 752 0.5959
24790.0000 1263 752 0.5954
24794.3000 1263 753 0.5962
24809.0000 1264 753 0.5957
24824.0000 1265 753 0.5953
24844.0000 1266 753 0.5948
24858.1000 1266 754 0.5956
24867.0000 1267 754 0.5951
24870.4000 1267 755 0.5959
24874.7000 1267 756 0.5967
24883.0000 1268 756 0.5962
24902.9000 1268 757 0.5970
24904.8000 1268 758 0.5978
24906.0000 1269 758 0.5973
24921.0000 1270 758 0.5969
24945.0000 1271 758 0.5964
24963.0000 1272 758 0.5959
24980.0000 1273 758 0.5954
24996.4000 1273 759 0.5962
24998.5000 1273 760 0.5970
24999.0000 1274 760 0.5965
25011.2000 1274 761 0.5973
25015.0000 1275 761 0.5969
25025.2000 1275 762 0.5976
25028.0000 1275 763 0.5984
25034.0000 1276 763 0.5980
25055.0000 1277 763 0.5975
25067.8000 1277 764 0.5983
25068.4000 1277 765 0.5991
25074.0000 1278 765 0.5986
25095.0000 1279 765 0.5981
25107.0000 1279 766 0.5989
25107.7000 1279 767 0.5997
25116.1000 1279 768 0.6005
25116.1000 1279 769 0.6013
25119.0000 1280 769 0.6008
25123.9000 1280 770 0.6016
25130.7000 1280 771 0.6023
25138.0000 1281 771 0.6019
25146.7000 1281 772 0.6027
25162.0000 1282 772 0.6022
25168.4000 1282 773 0.6030
25183.0000 1283 773 0.6025
