# time  created  delivered  delivered/created
22.0000 1 0 0.0000
38.0000 2 0 0.0000
54.0000 3 0 0.0000
72.0000 4 0 0.0000
94.0000 5 0 0.0000
110.0000 6 0 0.0000
133.0000 7 0 0.0000
153.0000 8 0 0.0000
175.0000 9 0 0.0000
191.0000 10 0 0.0000
210.0000 11 0 0.0000
225.0000 12 0 0.0000
249.0000 13 0 0.0000
265.0000 14 0 0.0000
281.0000 15 0 0.0000
304.0000 16 0 0.0000
328.0000 17 0 0.0000
343.0000 18 0 0.0000
367.0000 19 0 0.0000
382.0000 20 0 0.0000
399.0000 21 0 0.0000
420.0000 22 0 0.0000
439.0000 23 0 0.0000
458.0000 24 0 0.0000
480.0000 25 0 0.0000
497.0000 26 0 0.0000
515.0000 27 0 0.0000
538.0000 28 0 0.0000
562.0000 29 0 0.0000
581.0000 30 0 0.0000
581.2000 30 1 0.0333
603.0000 31 1 0.0323
625.0000 32 1 0.0313
640.9000 32 2 0.0625
646.0000 33 2 0.0606
658.2000 33 3 0.0909
661.6000 33 4 0.1212
667.0000 34 4 0.1176
685.0000 35 4 0.1143
691.0000 35 5 0.1429
700.0000 36 5 0.1389
722.0000 37 5 0.1351
741.0000 38 5 0.1316
764.0000 39 5 0.1282
773.6000 39 6 0.1538
784.0000 40 6 0.1500
806.0000 41 6 0.1463
829.0000 42 6 0.1429
851.0000 43 6 0.1395
873.0000 44 6 0.1364
895.0000 45 6 0.1333
904.5000 45 7 0.1556
918.0000 46 7 0.1522
941.0000 47 7 0.1489
957.0000 48 7 0.1458
975.0000 49 7 0.1429
998.0000 50 7 0.1400
1018.0000 51 7 0.1373
1040.0000 52 7 0.1346
1056.0000 53 7 0.1321
1077.0000 54 7 0.1296
1096.0000 55 7 0.1273
1117.0000 56 7 0.1250
1137.0000 57 7 0.1228
1159.0000 58 7 0.1207
1179.0000 59 7 0.1186
1195.2000 59 8 0.1356
1201.0000 60 8 0.1333
1216.0000 61 8 0.1311
1225.2000 61 9 0.1475
1226.1000 61 10 0.1639
1232.0000 62 10 0.1613
1251.0000 63 10 0.1587
1268.0000 64 10 0.1563
1287.0000 65 10 0.1538
1308.0000 66 10 0.1515
1327.0000 67 10 0.1493
1342.0000 68 10 0.1471
1364.0000 69 10 0.1449
1381.1000 69 11 0.1594
1388.0000 70 11 0.1571
1397.1000 70 12 0.1714
1407.0000 71 12 0.1690
1422.0000 72 12 0.1667
1442.0000 73 12 0.1644
1464.0000 74 12 0.1622
1476.9000 74 13 0.1757
1479.0000 75 13 0.1733
1484.3000 75 14 0.1867
1500.0000 76 14 0.1842
1518.0000 77 14 0.1818
1542.0000 78 14 0.1795
1560.8000 78 15 0.1923
1562.0000 79 15 0.1899
1577.0000 80 15 0.1875
1585.3000 80 16 0.2000
1600.0000 81 16 0.1975
1620.0000 82 16 0.1951
1637.0000 83 16 0.1928
1652.0000 84 16 0.1905
1673.0000 85 16 0.1882
1695.0000 86 16 0.1860
1706.4000 86 17 0.1977
1713.0000 87 17 0.1954
1736.0000 87 18 0.2069
1736.2000 87 19 0.2184
1737.0000 88 19 0.2159
1739.8000 88 20 0.2273
1760.0000 89 20 0.2247
1781.0000 90 20 0.2222
1804.0000 91 20 0.2198
1826.0000 92 20 0.2174
1849.0000 93 20 0.2151
1870.0000 94 20 0.2128
1880.0000 94 21 0.2234
1890.0000 95 21 0.2211
1911.0000 96 21 0.2188
1929.0000 97 21 0.2165
1948.0000 98 21 0.2143
1965.0000 99 21 0.2121
1980.0000 100 21 0.2100
1990.0000 100 22 0.2200
2002.0000 101 22 0.2178
2024.0000 102 22 0.2157
2035.6000 102 23 0.2255
2041.0000 103 23 0.2233
2064.0000 104 23 0.2212
2080.0000 105 23 0.2190
2095.0000 106 23 0.2170
2119.0000 107 23 0.2150
2139.0000 108 23 0.2130
2143.5000 108 24 0.2222
2161.0000 109 24 0.2202
2178.0000 110 24 0.2182
2199.0000 111 24 0.2162
2217.0000 111 25 0.2252
2222.0000 112 25 0.2232
2240.0000 113 25 0.2212
2259.0000 114 25 0.2193
2275.0000 115 25 0.2174
2295.0000 116 25 0.2155
2314.0000 117 25 0.2137
2335.0000 118 25 0.2119
2354.0000 119 25 0.2101
2377.0000 120 25 0.2083
2396.0000 121 25 0.2066
2411.0000 122 25 0.2049
2412.0000 122 26 0.2131
2433.0000 123 26 0.2114
2452.0000 124 26 0.2097
2460.7000 124 27 0.2177
2474.0000 125 27 0.2160
2496.0000 126 27 0.2143
2511.0000 127 27 0.2126
2526.0000 128 27 0.2109
2546.0000 129 27 0.2093
2554.6000 129 28 0.2171
2563.0000 130 28 0.2154
2586.0000 131 28 0.2137
2601.0000 132 28 0.2121
2621.0000 133 28 0.2105
2641.0000 134 28 0.2090
2649.4000 134 29 0.2164
2662.0000 135 29 0.2148
2678.0000 136 29 0.2132
2689.6000 136 30 0.2206
2693.0000 137 30 0.2190
2716.0000 138 30 0.2174
2735.0000 139 30 0.2158
2754.0000 140 30 0.2143
2771.0000 141 30 0.2128
2773.0000 141 31 0.2199
2788.0000 142 31 0.2183
2800.0000 142 32 0.2254
2807.0000 143 32 0.2238
2823.1000 143 33 0.2308
2831.0000 144 33 0.2292
2853.0000 145 33 0.2276
2868.0000 146 33 0.2260
2891.0000 147 33 0.2245
2899.2000 147 34 0.2313
2911.0000 148 34 0.2297
2926.0000 149 34 0.2282
2942.0000 150 34 0.2267
2947.3000 150 35 0.2333
2954.4000 150 36 0.2400
2962.0000 151 36 0.2384
2979.0000 152 36 0.2368
2983.3000 152 37 0.2434
3003.0000 153 37 0.2418
3004.4000 153 38 0.2484
3020.6000 153 39 0.2549
3024.0000 154 39 0.2532
3040.0000 155 39 0.2516
3064.0000 156 39 0.2500
3065.8000 156 40 0.2564
3084.5000 156 41 0.2628
3086.0000 157 41 0.2611
3110.0000 158 41 0.2595
3129.0000 159 41 0.2579
3147.0000 160 41 0.2563
3166.0000 161 41 0.2547
3190.0000 162 41 0.2531
3210.0000 163 41 0.2515
3225.0000 164 41 0.2500
3230.0000 164 42 0.2561
3243.0000 165 42 0.2545
3260.0000 166 42 0.2530
3283.0000 167 42 0.2515
3305.0000 168 42 0.2500
3321.0000 169 42 0.2485
3344.0000 170 42 0.2471
3362.8000 170 43 0.2529
3365.0000 171 43 0.2515
3385.0000 172 43 0.2500
3408.0000 173 43 0.2486
3428.0000 174 43 0.2471
3449.0000 175 43 0.2457
3472.0000 176 43 0.2443
3488.0000 177 43 0.2429
3511.0000 178 43 0.2416
3528.3000 178 44 0.2472
3535.0000 179 44 0.2458
3547.0000 179 45 0.2514
3548.8000 179 46 0.2570
3552.0000 180 46 0.2556
3565.2000 180 47 0.2611
3570.0000 181 47 0.2597
3570.1000 181 48 0.2652
3577.8000 181 49 0.2707
3589.0000 182 49 0.2692
3604.0000 183 49 0.2678
3619.0000 184 49 0.2663
3638.0000 185 49 0.2649
3653.0000 186 49 0.2634
3669.0000 187 49 0.2620
3689.0000 188 49 0.2606
3712.0000 189 49 0.2593
3730.0000 190 49 0.2579
3754.0000 191 49 0.2565
3771.0000 192 49 0.2552
3787.0000 193 49 0.2539
3809.0000 194 49 0.2526
3832.0000 195 49 0.2513
3854.0000 196 49 0.2500
3873.0000 197 49 0.2487
3895.0000 198 49 0.2475
3919.0000 199 49 0.2462
3938.0000 200 49 0.2450
3955.0000 201 49 0.2438
3959.4000 201 50 0.2488
3975.0000 202 50 0.2475
3996.0000 203 50 0.2463
4012.0000 204 50 0.2451
4018.5000 204 51 0.2500
4031.0000 205 51 0.2488
4052.0000 206 51 0.2476
4058.7000 206 52 0.2524
4070.0000 207 52 0.2512
4094.0000 208 52 0.2500
4115.0000 209 52 0.2488
4133.8000 209 53 0.2536
4134.0000 210 53 0.2524
4152.6000 210 54 0.2571
4153.0000 211 54 0.2559
4171.0000 212 54 0.2547
4175.4000 212 55 0.2594
4187.1000 212 56 0.2642
4193.8000 212 57 0.2689
4194.0000 213 57 0.2676
4214.0000 214 57 0.2664
4214.5000 214 58 0.2710
4235.0000 215 58 0.2698
4245.1000 215 59 0.2744
4251.0000 216 59 0.2731
4268.6000 216 60 0.2778
4272.0000 217 60 0.2765
4284.9000 217 61 0.2811
4290.0000 218 61 0.2798
4314.0000 219 61 0.2785
4338.0000 220 61 0.2773
4360.0000 221 61 0.2760
4381.0000 222 61 0.2748
4391.0000 222 62 0.2793
4400.0000 223 62 0.2780
4419.0000 224 62 0.2768
4419.1000 224 63 0.2813
4434.0000 225 63 0.2800
4452.4000 225 64 0.2844
4458.0000 226 64 0.2832
4476.0000 227 64 0.2819
4497.0000 228 64 0.2807
4515.0000 229 64 0.2795
4537.0000 230 64 0.2783
4556.0000 231 64 0.2771
4580.0000 232 64 0.2759
4597.0000 233 64 0.2747
4605.2000 233 65 0.2790
4614.0000 234 65 0.2778
4634.0000 235 65 0.2766
4655.0000 236 65 0.2754
4665.1000 236 66 0.2797
4672.0000 237 66 0.2785
4689.0000 238 66 0.2773
4706.0000 239 66 0.2762
4729.0000 240 66 0.2750
4747.0000 241 66 0.2739
4753.1000 241 67 0.2780
4762.0000 242 67 0.2769
4783.0000 243 67 0.2757
4795.2000 243 68 0.2798
4807.0000 244 68 0.2787
4824.0000 245 68 0.2776
4848.0000 246 68 0.2764
4867.0000 247 68 0.2753
4886.0000 248 68 0.2742
4899.2000 248 69 0.2782
4909.0000 249 69 0.2771
4914.5000 249 70 0.2811
4928.0000 250 70 0.2800
4951.0000 251 70 0.2789
4966.0000 252 70 0.2778
4986.0000 253 70 0.2767
5010.0000 254 70 0.2756
5014.7000 254 71 0.2795
5033.0000 255 71 0.2784
5048.0000 256 71 0.2773
5072.0000 257 71 0.2763
5089.0000 258 71 0.2752
5103.9000 258 72 0.2791
5112.0000 259 72 0.2780
5131.0000 260 72 0.2769
5151.0000 261 72 0.2759
5175.0000 262 72 0.2748
5194.0000 263 72 0.2738
5215.0000 264 72 0.2727
5237.0000 265 72 0.2717
5254.0000 266 72 0.2707
5269.0000 267 72 0.2697
5291.0000 268 72 0.2687
5307.0000 269 72 0.2677
5311.7000 269 73 0.2714
5324.0000 270 73 0.2704
5339.0000 271 73 0.2694
5356.0000 272 73 0.2684
5371.0000 273 73 0.2674
5387.0000 274 73 0.2664
5410.0000 275 73 0.2655
5426.0000 276 73 0.2645
5447.0000 277 73 0.2635
5449.0000 277 74 0.2671
5470.0000 278 74 0.2662
5490.0000 279 74 0.2652
5507.0000 280 74 0.2643
5528.0000 281 74 0.2633
5546.0000 282 74 0.2624
5564.0000 283 74 0.2615
5584.0000 284 74 0.2606
5607.0000 285 74 0.2596
5625.0000 286 74 0.2587
5635.2000 286 75 0.2622
5643.0000 287 75 0.2613
5665.0000 288 75 0.2604
5685.0000 289 75 0.2595
5704.0000 290 75 0.2586
5724.0000 291 75 0.2577
5725.6000 291 76 0.2612
5741.8000 291 77 0.2646
5745.0000 292 77 0.2637
5760.0000 293 77 0.2628
5778.7000 293 78 0.2662
5784.0000 294 78 0.2653
5805.0000 295 78 0.2644
5822.0000 296 78 0.2635
5841.0000 297 78 0.2626
5859.0000 298 78 0.2617
5860.0000 298 79 0.2651
5862.4000 298 80 0.2685
5874.0000 299 80 0.2676
5893.0000 300 80 0.2667
5895.5000 300 81 0.2700
5896.2000 300 82 0.2733
5902.0000 300 83 0.2767
5914.0000 301 83 0.2757
5914.2000 301 84 0.2791
5932.0000 302 84 0.2781
5938.4000 302 85 0.2815
5953.0000 303 85 0.2805
5971.0000 304 85 0.2796
5986.0000 305 85 0.2787
6008.0000 306 85 0.2778
6012.1000 306 86 0.2810
6014.8000 306 87 0.2843
6024.0000 307 87 0.2834
6041.0000 308 87 0.2825
6063.0000 309 87 0.2816
6068.1000 309 88 0.2848
6087.0000 310 88 0.2839
6105.0000 311 88 0.2830
6114.3000 311 89 0.2862
6124.0000 312 89 0.2853
6145.0000 313 89 0.2843
6166.0000 314 89 0.2834
6177.4000 314 90 0.2866
6182.0000 315 90 0.2857
6192.4000 315 91 0.2889
6201.0000 316 91 0.2880
6216.0000 317 91 0.2871
6231.0000 318 91 0.2862
6248.0000 319 91 0.2853
6261.7000 319 92 0.2884
6267.0000 320 92 0.2875
6289.0000 321 92 0.2866
6308.0000 322 92 0.2857
6332.0000 323 92 0.2848
6355.0000 324 92 0.2840
6372.0000 325 92 0.2831
6393.0000 326 92 0.2822
6417.0000 327 92 0.2813
6424.2000 327 93 0.2844
6441.0000 328 93 0.2835
6457.1000 328 94 0.2866
6465.0000 329 94 0.2857
6467.3000 329 95 0.2888
6486.0000 330 95 0.2879
6502.0000 331 95 0.2870
6518.0000 332 95 0.2861
6536.0000 333 95 0.2853
6555.0000 334 95 0.2844
6565.9000 334 96 0.2874
6572.0000 335 96 0.2866
6591.0000 336 96 0.2857
6608.0000 337 96 0.2849
6631.0000 338 96 0.2840
6646.0000 339 96 0.2832
6665.0000 340 96 0.2824
6684.0000 341 96 0.2815
6687.9000 341 97 0.2845
6696.4000 341 98 0.2874
6708.0000 342 98 0.2865
6725.0000 343 98 0.2857
6726.7000 343 99 0.2886
6745.0000 344 99 0.2878
6760.0000 345 99 0.2870
6781.0000 346 99 0.2861
6785.6000 346 100 0.2890
6793.2000 346 101 0.2919
6800.0000 347 101 0.2911
6816.0000 348 101 0.2902
6825.6000 348 102 0.2931
6839.0000 349 102 0.2923
6854.0000 350 102 0.2914
6874.0000 351 102 0.2906
6889.0000 352 102 0.2898
6893.6000 352 103 0.2926
6897.1000 352 104 0.2955
6909.0000 353 104 0.2946
6917.1000 353 105 0.2975
6930.0000 354 105 0.2966
6951.0000 355 105 0.2958
6971.0000 356 105 0.2949
6995.0000 357 105 0.2941
7010.0000 358 105 0.2933
7029.0000 359 105 0.2925
7045.6000 359 106 0.2953
7048.0000 360 106 0.2944
7061.9000 360 107 0.2972
7071.0000 361 107 0.2964
7093.0000 362 107 0.2956
7108.0000 363 107 0.2948
7130.0000 364 107 0.2940
7147.0000 365 107 0.2932
7163.0000 366 107 0.2923
7176.4000 366 108 0.2951
7180.0000 367 108 0.2943
7197.0000 368 108 0.2935
7221.0000 369 108 0.2927
7240.0000 370 108 0.2919
7255.0000 371 108 0.2911
7269.0000 371 109 0.2938
7272.0000 372 109 0.2930
7274.0000 372 110 0.2957
7296.0000 373 110 0.2949
7319.0000 374 110 0.2941
7333.2000 374 111 0.2968
7335.0000 375 111 0.2960
7358.0000 376 111 0.2952
7378.0000 377 111 0.2944
7394.0000 378 111 0.2937
7411.0000 379 111 0.2929
7413.2000 379 112 0.2955
7435.0000 380 112 0.2947
7459.0000 381 112 0.2940
7480.0000 382 112 0.2932
7493.2000 382 113 0.2958
7498.0000 383 113 0.2950
7514.0000 384 113 0.2943
7536.0000 385 113 0.2935
7559.0000 386 113 0.2927
7574.0000 387 113 0.2920
7589.1000 387 114 0.2946
7595.0000 388 114 0.2938
7613.0000 389 114 0.2931
7632.0000 390 114 0.2923
7656.0000 391 114 0.2916
7673.0000 392 114 0.2908
7678.6000 392 115 0.2934
7679.9000 392 116 0.2959
7696.0000 393 116 0.2952
7713.0000 394 116 0.2944
7730.0000 395 116 0.2937
7745.0000 396 116 0.2929
7762.0000 397 116 0.2922
7779.1000 397 117 0.2947
7780.2000 397 118 0.2972
7784.0000 398 118 0.2965
7804.0000 399 118 0.2957
7816.4000 399 119 0.2982
7822.0000 400 119 0.2975
7840.0000 401 119 0.2968
7858.0000 402 119 0.2960
7874.0000 403 119 0.2953
7895.0000 404 119 0.2946
7904.8000 404 120 0.2970
7914.0000 405 120 0.2963
7931.0000 406 120 0.2956
7948.0000 407 120 0.2948
7972.0000 408 120 0.2941
7987.0000 409 120 0.2934
8002.0000 410 120 0.2927
8024.0000 411 120 0.2920
8040.0000 412 120 0.2913
8041.7000 412 121 0.2937
8059.0000 413 121 0.2930
8075.1000 413 122 0.2954
8082.0000 414 122 0.2947
8084.1000 414 123 0.2971
8084.3000 414 124 0.2995
8099.0000 415 124 0.2988
8116.0000 416 124 0.2981
8137.0000 417 124 0.2974
8158.0000 418 124 0.2967
8173.0000 419 124 0.2959
8190.0000 420 124 0.2952
8193.3000 420 125 0.2976
8202.0000 420 126 0.3000
8205.0000 421 126 0.2993
8205.7000 421 127 0.3017
8227.0000 422 127 0.3009
8251.0000 423 127 0.3002
8274.8000 423 128 0.3026
8275.0000 424 128 0.3019
8283.2000 424 129 0.3042
8297.0000 425 129 0.3035
8317.0000 426 129 0.3028
8336.0000 427 129 0.3021
8359.0000 428 129 0.3014
8375.0000 429 129 0.3007
8396.0000 430 129 0.3000
8414.0000 431 129 0.2993
8425.1000 431 130 0.3016
8437.0000 432 130 0.3009
8453.0000 433 130 0.3002
8468.0000 434 130 0.2995
8492.0000 435 130 0.2989
8495.9000 435 131 0.3011
8510.0000 436 131 0.3005
8525.0000 437 131 0.2998
8544.0000 438 131 0.2991
8556.0000 438 132 0.3014
8556.5000 438 133 0.3037
8566.0000 439 133 0.3030
8578.2000 439 134 0.3052
8586.0000 440 134 0.3045
8609.0000 441 134 0.3039
8625.0000 442 134 0.3032
8641.3000 442 135 0.3054
8644.0000 443 135 0.3047
8663.0000 444 135 0.3041
8681.0000 445 135 0.3034
8697.0000 446 135 0.3027
8719.0000 447 135 0.3020
8743.0000 448 135 0.3013
8767.0000 449 135 0.3007
8784.0000 450 135 0.3000
8800.0000 451 135 0.2993
8823.0000 452 135 0.2987
8839.0000 453 135 0.2980
8854.0000 454 135 0.2974
8869.0000 455 135 0.2967
8892.0000 456 135 0.2961
8906.0000 456 136 0.2982
8911.0000 457 136 0.2976
8929.0000 458 136 0.2969
8944.0000 459 136 0.2963
8955.3000 459 137 0.2985
8961.0000 460 137 0.2978
8979.0000 461 137 0.2972
8997.0000 462 137 0.2965
9011.3000 462 138 0.2987
9013.0000 463 138 0.2981
9035.0000 464 138 0.2974
9058.0000 465 138 0.2968
9073.0000 466 138 0.2961
9095.0000 467 138 0.2955
9110.3000 467 139 0.2976
9119.0000 468 139 0.2970
9143.0000 469 139 0.2964
9162.0000 470 139 0.2957
9186.0000 471 139 0.2951
9209.0000 472 139 0.2945
9224.0000 473 139 0.2939
9245.0000 474 139 0.2932
9264.0000 475 139 0.2926
9270.6000 475 140 0.2947
9278.4000 475 141 0.2968
9288.0000 476 141 0.2962
9301.8000 476 142 0.2983
9306.5000 476 143 0.3004
9310.0000 477 143 0.2998
9326.0000 478 143 0.2992
9334.3000 478 144 0.3013
9341.0000 479 144 0.3006
9365.0000 480 144 0.3000
9387.0000 481 144 0.2994
9403.0000 482 144 0.2988
9405.7000 482 145 0.3008
9426.0000 483 145 0.3002
9444.0000 484 145 0.2996
9468.0000 485 145 0.2990
9485.0000 486 145 0.2984
9503.0000 487 145 0.2977
9504.5000 487 146 0.2998
9527.0000 488 146 0.2992
9532.1000 488 147 0.3012
9550.0000 489 147 0.3006
9573.0000 490 147 0.3000
9591.0000 491 147 0.2994
9614.0000 492 147 0.2988
9632.0000 493 147 0.2982
9653.0000 494 147 0.2976
9676.0000 495 147 0.2970
9693.0000 496 147 0.2964
9715.0000 497 147 0.2958
9736.0000 498 147 0.2952
9750.0000 498 148 0.2972
9752.0000 499 148 0.2966
9761.5000 499 149 0.2986
9775.6000 499 150 0.3006
9776.0000 500 150 0.3000
9791.7000 500 151 0.3020
9799.0000 501 151 0.3014
9821.0000 502 151 0.3008
9837.0000 503 151 0.3002
9861.0000 504 151 0.2996
9879.0000 505 151 0.2990
9894.0000 506 151 0.2984
9909.0000 507 151 0.2978
9927.0000 508 151 0.2972
9946.0000 509 151 0.2967
9969.0000 510 151 0.2961
9988.0000 511 151 0.2955
10007.0000 512 151 0.2949
10010.7000 512 152 0.2969
10024.0000 513 152 0.2963
10029.0000 513 153 0.2982
10039.7000 513 154 0.3002
10044.0000 514 154 0.2996
10067.0000 515 154 0.2990
10087.0000 516 154 0.2984
10111.0000 517 154 0.2979
10132.0000 518 154 0.2973
10154.0000 519 154 0.2967
10177.0000 520 154 0.2962
10194.0000 521 154 0.2956
10216.0000 522 154 0.2950
10235.0000 523 154 0.2945
10257.0000 524 154 0.2939
10265.1000 524 155 0.2958
10281.0000 525 155 0.2952
10300.0000 526 155 0.2947
10320.0000 527 155 0.2941
10333.5000 527 156 0.2960
10343.0000 528 156 0.2955
10366.0000 529 156 0.2949
10382.0000 530 156 0.2943
10402.0000 531 156 0.2938
10423.0000 532 156 0.2932
10441.0000 533 156 0.2927
10461.0000 534 156 0.2921
10480.0000 535 156 0.2916
10488.2000 535 157 0.2935
10497.0000 536 157 0.2929
10518.0000 537 157 0.2924
10525.7000 537 158 0.2942
10537.0000 538 158 0.2937
10537.2000 538 159 0.2955
10537.9000 538 160 0.2974
10555.0000 539 160 0.2968
10571.0000 540 160 0.2963
10591.0000 541 160 0.2957
10615.0000 542 160 0.2952
10637.0000 543 160 0.2947
10645.7000 543 161 0.2965
10657.0000 544 161 0.2960
10681.0000 545 161 0.2954
10703.0000 546 161 0.2949
10715.1000 546 162 0.2967
10726.0000 547 162 0.2962
10748.0000 548 162 0.2956
10768.0000 549 162 0.2951
10781.7000 549 163 0.2969
10788.0000 550 163 0.2964
10808.0000 551 163 0.2958
10823.0000 552 163 0.2953
10842.0000 553 163 0.2948
10866.0000 554 163 0.2942
10875.1000 554 164 0.2960
10881.9000 554 165 0.2978
10885.0000 555 165 0.2973
10907.0000 556 165 0.2968
10925.0000 557 165 0.2962
10942.0000 558 165 0.2957
10966.0000 559 165 0.2952
10983.0000 560 165 0.2946
11000.0000 560 166 0.2964
11006.0000 561 166 0.2959
11023.0000 562 166 0.2954
11046.0000 563 166 0.2948
11068.0000 564 166 0.2943
11084.0000 565 166 0.2938
11096.7000 565 167 0.2956
11102.0000 566 167 0.2951
11120.0000 567 167 0.2945
11143.0000 568 167 0.2940
11166.0000 569 167 0.2935
11182.0000 570 167 0.2930
11182.7000 570 168 0.2947
11197.6000 570 169 0.2965
11201.0000 571 169 0.2960
11218.0000 572 169 0.2955
11220.6000 572 170 0.2972
11238.0000 573 170 0.2967
11250.8000 573 171 0.2984
11260.0000 574 171 0.2979
11280.0000 575 171 0.2974
11298.0000 576 171 0.2969
11319.0000 577 171 0.2964
11333.2000 577 172 0.2981
11334.1000 577 173 0.2998
11343.0000 578 173 0.2993
11363.0000 579 173 0.2988
11381.0000 580 173 0.2983
11393.6000 580 174 0.3000
11401.4000 580 175 0.3017
11405.0000 581 175 0.3012
11424.0000 582 175 0.3007
11434.8000 582 176 0.3024
11443.0000 583 176 0.3019
11443.6000 583 177 0.3036
11459.6000 583 178 0.3053
11467.0000 584 178 0.3048
11491.0000 585 178 0.3043
11511.0000 586 178 0.3038
11529.0000 587 178 0.3032
11540.0000 587 179 0.3049
11547.0000 588 179 0.3044
11566.0000 589 179 0.3039
11575.9000 589 180 0.3056
11576.9000 589 181 0.3073
11586.0000 590 181 0.3068
11599.5000 590 182 0.3085
11610.0000 591 182 0.3080
11626.0000 592 182 0.3074
11640.2000 592 183 0.3091
11650.0000 593 183 0.3086
11665.0000 594 183 0.3081
11668.1000 594 184 0.3098
11680.0000 595 184 0.3092
11696.0000 596 184 0.3087
11706.8000 596 185 0.3104
11711.0000 597 185 0.3099
11731.0000 598 185 0.3094
11755.0000 599 185 0.3088
11771.0000 600 185 0.3083
11790.0000 601 185 0.3078
11794.9000 601 186 0.3095
11809.0000 602 186 0.3090
11817.5000 602 187 0.3106
11827.0000 603 187 0.3101
11851.0000 604 187 0.3096
11851.1000 604 188 0.3113
11867.0000 605 188 0.3107
11885.0000 606 188 0.3102
11907.0000 607 188 0.3097
11929.0000 608 188 0.3092
11935.8000 608 189 0.3109
11937.7000 608 190 0.3125
11947.5000 608 191 0.3141
11948.0000 609 191 0.3136
11971.0000 610 191 0.3131
11995.0000 611 191 0.3126
12012.0000 612 191 0.3121
12033.0000 613 191 0.3116
12048.0000 614 191 0.3111
12070.0000 615 191 0.3106
12088.0000 616 191 0.3101
12089.4000 616 192 0.3117
12104.0000 617 192 0.3112
12124.0000 618 192 0.3107
12145.0000 619 192 0.3102
12165.0000 620 192 0.3097
12189.0000 621 192 0.3092
12209.0000 622 192 0.3087
12218.5000 622 193 0.3103
12220.5000 622 194 0.3119
12226.0000 623 194 0.3114
12249.0000 624 194 0.3109
12270.0000 625 194 0.3104
12287.0000 626 194 0.3099
12305.0000 627 194 0.3094
12305.0000 627 195 0.3110
12305.6000 627 196 0.3126
12323.0000 628 196 0.3121
12329.5000 628 197 0.3137
12330.6000 628 198 0.3153
12339.0000 629 198 0.3148
12352.4000 629 199 0.3164
12358.0000 630 199 0.3159
12360.6000 630 200 0.3175
12377.0000 631 200 0.3170
12389.5000 631 201 0.3185
12399.0000 632 201 0.3180
12421.0000 633 201 0.3175
12444.0000 634 201 0.3170
12444.7000 634 202 0.3186
12463.0000 635 202 0.3181
12464.2000 635 203 0.3197
12479.0000 636 203 0.3192
12497.0000 637 203 0.3187
12518.0000 638 203 0.3182
12536.7000 638 204 0.3197
12538.0000 639 204 0.3192
12556.0000 640 204 0.3188
12575.0000 641 204 0.3183
12596.0000 642 204 0.3178
12605.0000 642 205 0.3193
12611.0000 643 205 0.3188
12635.0000 644 205 0.3183
12642.9000 644 206 0.3199
12655.0000 645 206 0.3194
12672.0000 646 206 0.3189
12689.5000 646 207 0.3204
12691.0000 647 207 0.3199
12713.0000 648 207 0.3194
12726.0000 648 208 0.3210
12727.4000 648 209 0.3225
12737.0000 649 209 0.3220
12761.0000 650 209 0.3215
12781.0000 651 209 0.3210
12798.0000 652 209 0.3206
12818.0000 653 209 0.3201
12837.0000 653 210 0.3216
12839.0000 654 210 0.3211
12855.5000 654 211 0.3226
12863.0000 655 211 0.3221
12884.0000 656 211 0.3216
12901.0000 657 211 0.3212
12919.0000 658 211 0.3207
12936.0000 659 211 0.3202
12954.0000 660 211 0.3197
12971.0000 661 211 0.3192
12986.0000 662 211 0.3187
13009.0000 663 211 0.3183
13029.0000 664 211 0.3178
13048.0000 665 211 0.3173
13069.0000 666 211 0.3168
13079.8000 666 212 0.3183
13080.5000 666 213 0.3198
13090.0000 667 213 0.3193
13112.0000 668 213 0.3189
13135.0000 669 213 0.3184
13138.0000 669 214 0.3199
13146.6000 669 215 0.3214
13157.0000 670 215 0.3209
13175.0000 671 215 0.3204
13198.0000 672 215 0.3199
13222.0000 673 215 0.3195
13237.0000 674 215 0.3190
13261.0000 675 215 0.3185
13279.0000 676 215 0.3180
13288.8000 676 216 0.3195
13291.7000 676 217 0.3210
13295.7000 676 218 0.3225
13303.0000 677 218 0.3220
13327.0000 678 218 0.3215
13344.0000 679 218 0.3211
13353.2000 679 219 0.3225
13367.0000 680 219 0.3221
13368.6000 680 220 0.3235
13385.0000 681 220 0.3231
13400.0000 682 220 0.3226
13422.0000 683 220 0.3221
13439.0000 684 220 0.3216
13463.0000 685 220 0.3212
13485.0000 686 220 0.3207
13501.0000 687 220 0.3202
13522.0000 688 220 0.3198
13543.0000 689 220 0.3193
13558.0000 690 220 0.3188
13559.5000 690 221 0.3203
13578.0000 691 221 0.3198
13597.0000 692 221 0.3194
13600.2000 692 222 0.3208
13601.2000 692 223 0.3223
13605.2000 692 224 0.3237
13612.0000 693 224 0.3232
13633.0000 694 224 0.3228
13654.0000 695 224 0.3223
13674.0000 696 224 0.3218
13689.0000 697 224 0.3214
13713.0000 698 224 0.3209
13733.0000 699 224 0.3205
13750.0000 700 224 0.3200
13770.6000 700 225 0.3214
13771.0000 701 225 0.3210
13787.0000 702 225 0.3205
13808.0000 703 225 0.3201
13831.0000 704 225 0.3196
13853.0000 705 225 0.3191
13874.0000 706 225 0.3187
13894.0000 707 225 0.3182
13915.0000 708 225 0.3178
13937.0000 709 225 0.3173
13937.3000 709 226 0.3188
13952.0000 710 226 0.3183
13953.2000 710 227 0.3197
13976.0000 711 227 0.3193
13989.3000 711 228 0.3207
13994.0000 712 228 0.3202
14011.0000 713 228 0.3198
14032.0000 714 228 0.3193
14056.0000 715 228 0.3189
14071.0000 715 229 0.3203
14077.0000 716 229 0.3198
14092.0000 717 229 0.3194
14107.0000 718 229 0.3189
14123.0000 719 229 0.3185
14147.0000 720 229 0.3181
14167.0000 721 229 0.3176
14186.0000 722 229 0.3172
14204.0000 723 229 0.3167
14220.8000 723 230 0.3181
14225.0000 724 230 0.3177
14240.7000 724 231 0.3191
14245.0000 725 231 0.3186
14267.0000 726 231 0.3182
14286.0000 727 231 0.3177
14304.0000 728 231 0.3173
14323.0000 729 231 0.3169
14343.0000 730 231 0.3164
14363.0000 731 231 0.3160
14385.0000 732 231 0.3156
14404.0000 733 231 0.3151
14416.7000 733 232 0.3165
14420.0000 734 232 0.3161
14441.0000 735 232 0.3156
14456.0000 736 232 0.3152
14466.4000 736 233 0.3166
14475.0000 737 233 0.3161
14499.0000 738 233 0.3157
14504.4000 738 234 0.3171
14523.0000 739 234 0.3166
14544.0000 740 234 0.3162
14568.0000 741 234 0.3158
14569.4000 741 235 0.3171
14582.8000 741 236 0.3185
14588.0000 742 236 0.3181
14603.0000 743 236 0.3176
14605.8000 743 237 0.3190
14618.0000 744 237 0.3185
14620.2000 744 238 0.3199
14629.4000 744 239 0.3212
14639.0000 745 239 0.3208
14655.0000 746 239 0.3204
14676.0000 747 239 0.3199
14696.0000 748 239 0.3195
14718.0000 749 239 0.3191
14733.2000 749 240 0.3204
14736.0000 750 240 0.3200
14746.0000 750 241 0.3213
14756.0000 751 241 0.3209
14773.0000 752 241 0.3205
14790.0000 753 241 0.3201
14809.0000 754 241 0.3196
14830.5000 754 242 0.3210
14831.0000 755 242 0.3205
14848.0000 756 242 0.3201
14867.0000 757 242 0.3197
14889.0000 758 242 0.3193
14905.0000 759 242 0.3188
14921.8000 759 243 0.3202
14926.9000 759 244 0.3215
14927.0000 760 244 0.3211
14942.0000 761 244 0.3206
14961.0000 762 244 0.3202
14984.0000 763 244 0.3198
14999.0000 764 244 0.3194
15021.0000 765 244 0.3190
15032.7000 765 245 0.3203
15041.0000 766 245 0.3198
15058.0000 767 245 0.3194
15074.0000 768 245 0.3190
15093.0000 769 245 0.3186
15101.5000 769 246 0.3199
15114.0000 770 246 0.3195
15132.0000 771 246 0.3191
15149.0000 772 246 0.3187
15170.3000 772 247 0.3199
15172.0000 773 247 0.3195
15190.0000 774 247 0.3191
15212.0000 775 247 0.3187
15235.0000 776 247 0.3183
15256.0000 777 247 0.3179
15262.0000 777 248 0.3192
15280.0000 778 248 0.3188
15297.0000 779 248 0.3184
15318.0000 780 248 0.3179
15336.0000 781 248 0.3175
15360.0000 782 248 0.3171
15381.0000 783 248 0.3167
15399.0000 784 248 0.3163
15419.0000 785 248 0.3159
15428.9000 785 249 0.3172
15439.2000 785 250 0.3185
15441.0000 786 250 0.3181
15459.8000 786 251 0.3193
15465.0000 787 251 0.3189
15482.0000 788 251 0.3185
15491.1000 788 252 0.3198
15494.7000 788 253 0.3211
15504.0000 789 253 0.3207
15526.0000 790 253 0.3203
15547.0000 791 253 0.3198
15569.0000 792 253 0.3194
15591.0000 793 253 0.3190
15614.3000 793 254 0.3203
15615.0000 794 254 0.3199
15632.0000 795 254 0.3195
15647.7000 795 255 0.3208
15651.0000 796 255 0.3204
15666.0000 797 255 0.3199
15684.0000 798 255 0.3195
15703.6000 798 256 0.3208
15708.0000 799 256 0.3204
15724.0000 800 256 0.3200
15746.0000 801 256 0.3196
15764.0000 802 256 0.3192
15769.8000 802 257 0.3204
15782.0000 803 257 0.3200
15793.3000 803 258 0.3213
15799.0000 804 258 0.3209
15802.8000 804 259 0.3221
15815.0000 805 259 0.3217
15838.0000 806 259 0.3213
15854.0000 807 259 0.3209
15873.0000 808 259 0.3205
15894.0000 809 259 0.3201
15909.0000 810 259 0.3198
15927.0000 811 259 0.3194
15948.0000 812 259 0.3190
15953.8000 812 260 0.3202
15967.0000 813 260 0.3198
15969.5000 813 261 0.3210
15985.2000 813 262 0.3223
15990.0000 814 262 0.3219
16004.6000 814 263 0.3231
16010.0000 815 263 0.3227
16027.0000 816 263 0.3223
16034.3000 816 264 0.3235
16042.0000 817 264 0.3231
16061.0000 818 264 0.3227
16080.0000 819 264 0.3223
16104.0000 820 264 0.3220
16124.0000 821 264 0.3216
16128.2000 821 265 0.3228
16139.0000 822 265 0.3224
16155.0000 823 265 0.3220
16175.0000 824 265 0.3216
16196.0000 825 265 0.3212
16212.0000 826 265 0.3208
16220.0000 826 266 0.3220
16230.0000 827 266 0.3216
16245.0000 828 266 0.3213
16261.0000 829 266 0.3209
16267.3000 829 267 0.3221
16281.0000 830 267 0.3217
16301.0000 831 267 0.3213
16322.0000 832 267 0.3209
16338.0000 833 267 0.3205
16344.3000 833 268 0.3217
16357.0000 834 268 0.3213
16380.0000 835 268 0.3210
16399.0000 836 268 0.3206
16416.0000 837 268 0.3202
16433.0000 838 268 0.3198
16455.0000 839 268 0.3194
16479.0000 840 268 0.3190
16503.0000 841 268 0.3187
16520.1000 841 269 0.3199
16526.0000 842 269 0.3195
16547.0000 843 269 0.3191
16564.7000 843 270 0.3203
16568.0000 844 270 0.3199
16589.0000 845 270 0.3195
16610.0000 846 270 0.3191
16627.3000 846 271 0.3203
16628.0000 847 271 0.3200
16646.0000 848 271 0.3196
16662.0000 849 271 0.3192
16662.2000 849 272 0.3204
16682.0000 850 272 0.3200
16699.0000 851 272 0.3196
16721.9000 851 273 0.3208
16723.0000 852 273 0.3204
16745.0000 853 273 0.3200
16760.0000 854 273 0.3197
16783.0000 855 273 0.3193
16800.0000 856 273 0.3189
16818.0000 857 273 0.3186
16835.0000 858 273 0.3182
16852.1000 858 274 0.3193
16858.0000 859 274 0.3190
16881.0000 860 274 0.3186
16901.0000 861 274 0.3182
16904.3000 861 275 0.3194
16917.0000 862 275 0.3190
16935.0000 863 275 0.3187
16959.0000 864 275 0.3183
16980.0000 865 275 0.3179
16988.1000 865 276 0.3191
16997.0000 866 276 0.3187
17021.0000 867 276 0.3183
17024.9000 867 277 0.3195
17040.0000 868 277 0.3191
17063.0000 869 277 0.3188
17082.0000 870 277 0.3184
17105.0000 871 277 0.3180
17126.0000 872 277 0.3177
17136.4000 872 278 0.3188
17143.0000 873 278 0.3184
17162.0000 874 278 0.3181
17181.0000 875 278 0.3177
17202.0000 876 278 0.3174
17225.0000 877 278 0.3170
17225.2000 877 279 0.3181
17238.1000 877 280 0.3193
17240.0000 878 280 0.3189
17259.0000 879 280 0.3185
17278.0000 880 280 0.3182
17299.0000 881 280 0.3178
17318.0000 882 280 0.3175
17336.0000 883 280 0.3171
17337.7000 883 281 0.3182
17353.0000 884 281 0.3179
17357.6000 884 282 0.3190
17370.0000 885 282 0.3186
17394.0000 886 282 0.3183
17394.4000 886 283 0.3194
17416.0000 887 283 0.3191
17439.0000 888 283 0.3187
17454.0000 889 283 0.3183
17469.2000 889 284 0.3195
17477.0000 890 284 0.3191
17497.0000 891 284 0.3187
17515.0000 892 284 0.3184
17535.0000 893 284 0.3180
17558.0000 894 284 0.3177
17574.0000 895 284 0.3173
17598.0000 896 284 0.3170
17619.0000 897 284 0.3166
17639.0000 898 284 0.3163
17654.0000 899 284 0.3159
17672.0000 900 284 0.3156
17690.0000 901 284 0.3152
17710.0000 902 284 0.3149
17734.0000 903 284 0.3145
17751.0000 904 284 0.3142
17774.0000 905 284 0.3138
17793.0000 906 284 0.3135
17798.5000 906 285 0.3146
17808.0000 907 285 0.3142
17826.0000 908 285 0.3139
17846.0000 909 285 0.3135
17864.0000 910 285 0.3132
17884.0000 911 285 0.3128
17899.0000 912 285 0.3125
17917.0000 913 285 0.3122
17936.0000 914 285 0.3118
17958.0000 915 285 0.3115
17976.0000 916 285 0.3111
18000.0000 917 285 0.3108
18021.0000 918 285 0.3105
18040.0000 919 285 0.3101
18059.0000 920 285 0.3098
18077.0000 921 285 0.3094
18092.0000 922 285 0.3091
18112.1000 922 286 0.3102
18113.0000 923 286 0.3099
18132.0000 924 286 0.3095
18151.7000 924 287 0.3106
18155.0000 925 287 0.3103
18177.0000 926 287 0.3099
18192.0000 927 287 0.3096
18205.3000 927 288 0.3107
18210.4000 927 289 0.3118
18214.0000 928 289 0.3114
18221.6000 928 290 0.3125
18232.7000 928 291 0.3136
18236.0000 929 291 0.3132
18259.0000 930 291 0.3129
18275.0000 931 291 0.3126
18298.0000 932 291 0.3122
18321.0000 933 291 0.3119
18340.0000 934 291 0.3116
18353.1000 934 292 0.3126
18364.0000 935 292 0.3123
18383.0000 936 292 0.3120
18402.0000 937 292 0.3116
18425.0000 938 292 0.3113
18449.0000 939 292 0.3110
18473.0000 940 292 0.3106
18488.0000 941 292 0.3103
18512.0000 942 292 0.3100
18534.0000 943 292 0.3097
18534.8000 943 293 0.3107
18549.0000 944 293 0.3104
18558.2000 944 294 0.3114
18570.0000 945 294 0.3111
18577.5000 945 295 0.3122
18590.0000 946 295 0.3118
18613.0000 947 295 0.3115
18632.0000 948 295 0.3112
18649.6000 948 296 0.3122
18653.0000 949 296 0.3119
18677.0000 950 296 0.3116
18696.0000 951 296 0.3113
18714.7000 951 297 0.3123
18715.0000 952 297 0.3120
18738.0000 953 297 0.3116
18753.0000 954 297 0.3113
18768.0000 955 297 0.3110
18784.0000 955 298 0.3120
18786.0000 956 298 0.3117
18809.0000 957 298 0.3114
18828.0000 958 298 0.3111
18841.3000 958 299 0.3121
18845.0000 959 299 0.3118
18862.0000 960 299 0.3115
18884.0000 961 299 0.3111
18894.5000 961 300 0.3122
18899.0000 962 300 0.3119
18922.0000 963 300 0.3115
18939.0000 964 300 0.3112
18956.0000 965 300 0.3109
18977.0000 966 300 0.3106
18990.3000 966 301 0.3116
18993.0000 967 301 0.3113
19015.0000 968 301 0.3110
19036.6000 968 302 0.3120
19037.0000 969 302 0.3117
19055.0000 970 302 0.3113
19072.0000 971 302 0.3110
19087.0000 972 302 0.3107
19108.0000 973 302 0.3104
19129.0000 974 302 0.3101
19151.0000 975 302 0.3097
19156.7000 975 303 0.3108
19161.8000 975 304 0.3118
19173.0000 976 304 0.3115
19192.0000 977 304 0.3112
19211.0000 978 304 0.3108
19231.0000 979 304 0.3105
19254.0000 980 304 0.3102
19277.0000 981 304 0.3099
19301.0000 982 304 0.3096
19313.4000 982 305 0.3106
19316.0000 983 305 0.3103
19340.0000 984 305 0.3100
19340.8000 984 306 0.3110
19355.0000 985 306 0.3107
19373.0000 986 306 0.3103
19391.0000 987 306 0.3100
19406.0000 988 306 0.3097
19418.6000 988 307 0.3107
19418.6000 988 308 0.3117
19423.0000 989 308 0.3114
19439.0000 990 308 0.3111
19455.0000 991 308 0.3108
19479.0000 992 308 0.3105
19497.0000 993 308 0.3102
19521.0000 994 308 0.3099
19542.0000 995 308 0.3095
19553.0000 995 309 0.3106
19565.0000 996 309 0.3102
19586.0000 997 309 0.3099
19601.0000 998 309 0.3096
19622.0000 999 309 0.3093
19641.0000 1000 309 0.3090
19660.0000 1001 309 0.3087
19677.0000 1002 309 0.3084
19692.0000 1003 309 0.3081
19716.0000 1004 309 0.3078
19739.0000 1005 309 0.3075
19755.0000 1006 309 0.3072
19770.0000 1007 309 0.3069
19777.1000 1007 310 0.3078
19783.2000 1007 311 0.3088
19792.0000 1008 311 0.3085
19815.0000 1009 311 0.3082
19816.1000 1009 312 0.3092
19826.5000 1009 313 0.3102
19833.0000 1010 313 0.3099
19852.0000 1011 313 0.3096
19876.0000 1012 313 0.3093
19891.0000 1013 313 0.3090
19908.0000 1014 313 0.3087
19909.0000 1014 314 0.3097
19924.9000 1014 315 0.3107
19932.0000 1015 315 0.3103
19956.0000 1016 315 0.3100
19970.9000 1016 316 0.3110
19976.0000 1017 316 0.3107
19998.0000 1018 316 0.3104
20019.0000 1019 316 0.3101
20034.0000 1020 316 0.3098
20039.7000 1020 317 0.3108
20057.0000 1021 317 0.3105
20075.0000 1022 317 0.3102
20094.0000 1023 317 0.3099
20095.0000 1023 318 0.3109
20095.0000 1023 319 0.3118
20118.0000 1024 319 0.3115
20135.0000 1025 319 0.3112
20145.2000 1025 320 0.3122
20157.0000 1026 320 0.3119
20179.0000 1027 320 0.3116
20197.0000 1028 320 0.3113
20201.3000 1028 321 0.3123
20208.5000 1028 322 0.3132
20221.0000 1029 322 0.3129
20237.0000 1030 322 0.3126
20243.1000 1030 323 0.3136
20259.0000 1031 323 0.3133
20276.0000 1032 323 0.3130
20276.9000 1032 324 0.3140
20293.0000 1033 324 0.3136
20308.0000 1034 324 0.3133
20323.9000 1034 325 0.3143
20327.0000 1035 325 0.3140
20350.0000 1036 325 0.3137
20366.0000 1037 325 0.3134
20381.9000 1037 326 0.3144
20385.0000 1038 326 0.3141
20401.0000 1039 326 0.3138
20421.0000 1040 326 0.3135
20437.0000 1041 326 0.3132
20461.0000 1042 326 0.3129
20485.0000 1043 326 0.3126
20508.0000 1044 326 0.3123
20515.1000 1044 327 0.3132
20532.0000 1045 327 0.3129
20554.0000 1046 327 0.3126
20576.0000 1047 327 0.3123
20578.1000 1047 328 0.3133
20594.0000 1048 328 0.3130
20611.0000 1049 328 0.3127
20635.0000 1050 328 0.3124
20655.0000 1051 328 0.3121
20673.0000 1052 328 0.3118
20691.0000 1053 328 0.3115
20706.0000 1054 328 0.3112
20724.0000 1055 328 0.3109
20735.4000 1055 329 0.3118
20736.0000 1055 330 0.3128
20737.3000 1055 331 0.3137
20744.0000 1056 331 0.3134
20755.2000 1056 332 0.3144
20756.1000 1056 333 0.3153
20766.0000 1057 333 0.3150
20782.0000 1058 333 0.3147
20800.0000 1059 333 0.3144
20801.3000 1059 334 0.3154
20821.0000 1060 334 0.3151
20844.0000 1061 334 0.3148
20855.4000 1061 335 0.3157
20864.0000 1062 335 0.3154
20888.0000 1063 335 0.3151
20911.0000 1064 335 0.3148
20922.6000 1064 336 0.3158
20931.0000 1065 336 0.3155
20952.0000 1066 336 0.3152
20965.2000 1066 337 0.3161
20968.0000 1067 337 0.3158
20990.0000 1068 337 0.3155
21007.0000 1069 337 0.3152
21031.0000 1070 337 0.3150
21055.0000 1071 337 0.3147
21064.7000 1071 338 0.3156
21077.0000 1072 338 0.3153
21092.0000 1073 338 0.3150
21116.0000 1074 338 0.3147
21132.0000 1075 338 0.3144
21148.0000 1076 338 0.3141
21166.0000 1077 338 0.3138
21184.0000 1078 338 0.3135
21204.0000 1079 338 0.3133
21223.0000 1080 338 0.3130
21226.3000 1080 339 0.3139
21247.0000 1081 339 0.3136
21262.3000 1081 340 0.3145
21271.0000 1082 340 0.3142
21273.8000 1082 341 0.3152
21276.8000 1082 342 0.3161
21292.0000 1083 342 0.3158
21309.0000 1084 342 0.3155
21327.0000 1085 342 0.3152
21351.0000 1086 342 0.3149
21368.0000 1087 342 0.3146
21387.0000 1088 342 0.3143
21407.0000 1089 342 0.3140
21424.0000 1090 342 0.3138
21427.1000 1090 343 0.3147
21444.0000 1091 343 0.3144
21463.0000 1092 343 0.3141
21483.0000 1093 343 0.3138
21505.0000 1094 343 0.3135
21509.4000 1094 344 0.3144
21523.0000 1095 344 0.3142
21539.0000 1096 344 0.3139
21552.4000 1096 345 0.3148
21556.0000 1097 345 0.3145
21577.0000 1098 345 0.3142
21599.0000 1099 345 0.3139
21615.0000 1100 345 0.3136
21632.0000 1101 345 0.3134
21648.0000 1102 345 0.3131
21665.0000 1103 345 0.3128
21689.0000 1104 345 0.3125
21707.0000 1105 345 0.3122
21713.3000 1105 346 0.3131
21731.0000 1106 346 0.3128
21741.1000 1106 347 0.3137
21755.0000 1107 347 0.3135
21777.0000 1108 347 0.3132
21794.0000 1109 347 0.3129
21818.0000 1110 347 0.3126
21837.0000 1111 347 0.3123
21860.0000 1112 347 0.3121
21865.4000 1112 348 0.3129
21883.0000 1113 348 0.3127
21894.7000 1113 349 0.3136
21898.0000 1114 349 0.3133
21916.0000 1115 349 0.3130
21939.0000 1116 349 0.3127
21949.4000 1116 350 0.3136
21960.0000 1117 350 0.3133
21976.0000 1118 350 0.3131
21999.0000 1119 350 0.3128
22022.0000 1120 350 0.3125
22041.0000 1121 350 0.3122
22061.0000 1122 350 0.3119
22078.0000 1123 350 0.3117
22101.0000 1124 350 0.3114
22121.0000 1125 350 0.3111
22140.0000 1126 350 0.3108
22159.0000 1127 350 0.3106
22165.8000 1127 351 0.3114
22183.0000 1128 351 0.3112
22189.3000 1128 352 0.3121
22199.0000 1129 352 0.3118
22218.0000 1130 352 0.3115
22242.0000 1131 352 0.3112
22263.0000 1132 352 0.3110
22281.0000 1133 352 0.3107
22304.0000 1134 352 0.3104
22310.8000 1134 353 0.3113
22322.0000 1135 353 0.3110
22346.0000 1136 353 0.3107
22363.0000 1137 353 0.3105
22385.0000 1138 353 0.3102
22405.0000 1139 353 0.3099
22420.0000 1140 353 0.3096
22444.0000 1141 353 0.3094
22464.0000 1142 353 0.3091
22482.0000 1143 353 0.3088
22500.0000 1144 353 0.3086
22521.0000 1145 353 0.3083
22544.0000 1146 353 0.3080
22560.0000 1147 353 0.3078
22570.8000 1147 354 0.3086
22574.7000 1147 355 0.3095
22578.0000 1148 355 0.3092
22595.0000 1149 355 0.3090
22613.0000 1150 355 0.3087
22628.0000 1151 355 0.3084
22645.4000 1151 356 0.3093
22648.0000 1152 356 0.3090
22666.0000 1153 356 0.3088
22682.0000 1154 356 0.3085
22683.6000 1154 357 0.3094
22684.2000 1154 358 0.3102
22698.0000 1155 358 0.3100
22713.0000 1156 358 0.3097
22735.0000 1157 358 0.3094
22758.0000 1158 358 0.3092
22779.0000 1159 358 0.3089
22799.0000 1160 358 0.3086
22820.0000 1161 358 0.3084
22823.9000 1161 359 0.3092
22835.0000 1162 359 0.3090
22850.0000 1163 359 0.3087
22869.0000 1164 359 0.3084
22891.0000 1165 359 0.3082
22913.0000 1166 359 0.3079
22913.1000 1166 360 0.3087
22919.8000 1166 361 0.3096
22920.6000 1166 362 0.3105
22931.0000 1167 362 0.3102
22954.0000 1168 362 0.3099
22971.0000 1169 362 0.3097
22991.0000 1170 362 0.3094
23004.8000 1170 363 0.3103
23007.0000 1171 363 0.3100
23031.0000 1172 363 0.3097
23047.0000 1173 363 0.3095
23047.9000 1173 364 0.3103
23070.0000 1174 364 0.3101
23079.9000 1174 365 0.3109
23085.0000 1175 365 0.3106
23106.0000 1176 365 0.3104
23127.0000 1177 365 0.3101
23149.0000 1178 365 0.3098
23165.0000 1179 365 0.3096
23179.9000 1179 366 0.3104
23180.0000 1180 366 0.3102
23198.0000 1181 366 0.3099
23214.0000 1182 366 0.3096
23238.0000 1183 366 0.3094
23252.6000 1183 367 0.3102
23258.0000 1184 367 0.3100
23280.0000 1185 367 0.3097
23295.0000 1186 367 0.3094
23319.0000 1187 367 0.3092
23338.7000 1187 368 0.3100
23339.0000 1188 368 0.3098
23341.0000 1188 369 0.3106
23360.0000 1189 369 0.3103
23377.0000 1190 369 0.3101
23393.0000 1191 369 0.3098
23409.0000 1192 369 0.3096
23428.0000 1193 369 0.3093
23445.0000 1194 369 0.3090
23463.4000 1194 370 0.3099
23464.0000 1195 370 0.3096
23475.1000 1195 371 0.3105
23482.0000 1196 371 0.3102
23498.0000 1197 371 0.3099
23499.9000 1197 372 0.3108
23503.3000 1197 373 0.3116
23516.0000 1198 373 0.3114
23528.0000 1198 374 0.3122
23532.0000 1199 374 0.3119
23547.0000 1200 374 0.3117
23558.7000 1200 375 0.3125
23565.9000 1200 376 0.3133
23568.0000 1201 376 0.3131
23573.8000 1201 377 0.3139
23589.0000 1202 377 0.3136
23613.0000 1203 377 0.3134
23629.0000 1204 377 0.3131
23647.0000 1205 377 0.3129
23654.8000 1205 378 0.3137
23662.0000 1206 378 0.3134
23681.0000 1207 378 0.3132
23686.8000 1207 379 0.3140
23702.0000 1208 379 0.3137
23710.9000 1208 380 0.3146
23718.9000 1208 381 0.3154
23722.0000 1208 382 0.3162
23726.0000 1209 382 0.3160
23741.0000 1210 382 0.3157
23747.6000 1210 383 0.3165
23760.0000 1211 383 0.3163
23769.3000 1211 384 0.3171
23771.2000 1211 385 0.3179
23778.0000 1212 385 0.3177
23798.0000 1213 385 0.3174
23817.0000 1214 385 0.3171
23837.0000 1215 385 0.3169
23841.8000 1215 386 0.3177
23843.7000 1215 387 0.3185
23859.0000 1216 387 0.3183
23874.0000 1217 387 0.3180
23895.0000 1218 387 0.3177
23916.0000 1219 387 0.3175
23917.7000 1219 388 0.3183
23937.0000 1220 388 0.3180
23938.7000 1220 389 0.3189
23940.2000 1220 390 0.3197
23953.6000 1220 391 0.3205
23961.0000 1221 391 0.3202
23981.0000 1222 391 0.3200
23992.9000 1222 392 0.3208
24004.0000 1223 392 0.3205
24015.7000 1223 393 0.3213
24026.0000 1224 393 0.3211
24035.7000 1224 394 0.3219
24037.7000 1224 395 0.3227
24043.0000 1225 395 0.3224
24062.0000 1226 395 0.3222
24079.0000 1227 395 0.3219
24095.0000 1228 395 0.3217
24110.0000 1229 395 0.3214
24134.0000 1230 395 0.3211
24138.8000 1230 396 0.3220
24157.0000 1231 396 0.3217
24179.0000 1232 396 0.3214
24203.0000 1233 396 0.3212
24222.0000 1234 396 0.3209
24245.0000 1235 396 0.3206
24262.0000 1236 396 0.3204
24286.0000 1237 396 0.3201
24305.0000 1238 396 0.3199
24326.0000 1239 396 0.3196
24349.0000 1240 396 0.3194
24368.0000 1241 396 0.3191
24379.5000 1241 397 0.3199
24383.0000 1242 397 0.3196
24407.0000 1243 397 0.3194
24422.8000 1243 398 0.3202
24427.0000 1244 398 0.3199
24445.2000 1244 399 0.3207
24447.0000 1245 399 0.3205
24468.0000 1246 399 0.3202
24473.7000 1246 400 0.3210
24490.0000 1247 400 0.3208
24514.0000 1248 400 0.3205
24530.0000 1249 400 0.3203
24553.0000 1250 400 0.3200
24568.0000 1251 400 0.3197
24568.7000 1251 401 0.3205
24591.0000 1252 401 0.3203
24607.0000 1253 401 0.3200
24624.0000 1254 401 0.3198
24641.0000 1255 401 0.3195
24656.0000 1256 401 0.3193
24662.1000 1256 402 0.3201
24677.0000 1257 402 0.3198
24693.0000 1258 402 0.3196
24712.0000 1259 402 0.3193
24736.0000 1260 402 0.3190
24751.0000 1261 402 0.3188
24768.0000 1262 402 0.3185
24790.0000 1263 402 0.3183
24809.0000 1264 402 0.3180
24824.0000 1265 402 0.3178
24829.9000 1265 403 0.3186
24844.0000 1266 403 0.3183
24867.0000 1267 403 0.3181
24870.1000 1267 404 0.3189
24883.0000 1268 404 0.3186
24906.0000 1269 404 0.3184
24921.0000 1270 404 0.3181
24927.2000 1270 405 0.3189
24945.0000 1271 405 0.3186
24963.0000 1272 405 0.3184
24980.0000 1273 405 0.3181
24999.0000 1274 405 0.3179
25015.0000 1275 405 0.3176
25022.8000 1275 406 0.3184
25034.0000 1276 406 0.3182
25055.0000 1277 406 0.3179
25074.0000 1278 406 0.3177
25095.0000 1279 406 0.3174
25106.9000 1279 407 0.3182
25107.0000 1279 408 0.3190
25116.1000 1279 409 0.3198
25116.7000 1279 410 0.3206
25119.0000 1280 410 0.3203
25130.8000 1280 411 0.3211
25138.0000 1281 411 0.3208
25162.0000 1282 411 0.3206
25169.7000 1282 412 0.3214
25183.0000 1283 412 0.3211
