# time  created  delivered  delivered/created
22.0000 1 0 0.0000
38.0000 2 0 0.0000
54.0000 3 0 0.0000
72.0000 4 0 0.0000
94.0000 5 0 0.0000
110.0000 6 0 0.0000
133.0000 7 0 0.0000
153.0000 8 0 0.0000
175.0000 9 0 0.0000
191.0000 10 0 0.0000
210.0000 11 0 0.0000
225.0000 12 0 0.0000
249.0000 13 0 0.0000
265.0000 14 0 0.0000
281.0000 15 0 0.0000
304.0000 16 0 0.0000
328.0000 17 0 0.0000
343.0000 18 0 0.0000
367.0000 19 0 0.0000
382.0000 20 0 0.0000
399.0000 21 0 0.0000
420.0000 22 0 0.0000
439.0000 23 0 0.0000
458.0000 24 0 0.0000
480.0000 25 0 0.0000
497.0000 26 0 0.0000
515.0000 27 0 0.0000
538.0000 28 0 0.0000
562.0000 29 0 0.0000
581.0000 30 0 0.0000
581.2000 30 1 0.0333
603.0000 31 1 0.0323
625.0000 32 1 0.0313
641.2000 32 2 0.0625
646.0000 33 2 0.0606
661.6000 33 3 0.0909
667.0000 34 3 0.0882
685.0000 35 3 0.0857
691.0000 35 4 0.1143
700.0000 36 4 0.1111
713.4000 36 5 0.1389
722.0000 37 5 0.1351
741.0000 38 5 0.1316
764.0000 39 5 0.1282
773.6000 39 6 0.1538
784.0000 40 6 0.1500
806.0000 41 6 0.1463
829.0000 42 6 0.1429
851.0000 43 6 0.1395
873.0000 44 6 0.1364
895.0000 45 6 0.1333
918.0000 46 6 0.1304
935.7000 46 7 0.1522
941.0000 47 7 0.1489
957.0000 48 7 0.1458
975.0000 49 7 0.1429
998.0000 50 7 0.1400
1018.0000 51 7 0.1373
1040.0000 52 7 0.1346
1056.0000 53 7 0.1321
1077.0000 54 7 0.1296
1096.0000 55 7 0.1273
1117.0000 56 7 0.1250
1137.0000 57 7 0.1228
1159.0000 58 7 0.1207
1179.0000 59 7 0.1186
1193.3000 59 8 0.1356
1201.0000 60 8 0.1333
1216.0000 61 8 0.1311
1225.1000 61 9 0.1475
1226.1000 61 10 0.1639
1232.0000 62 10 0.1613
1251.0000 63 10 0.1587
1268.0000 64 10 0.1563
1287.0000 65 10 0.1538
1308.0000 66 10 0.1515
1327.0000 67 10 0.1493
1342.0000 68 10 0.1471
1364.0000 69 10 0.1449
1381.1000 69 11 0.1594
1388.0000 70 11 0.1571
1397.1000 70 12 0.1714
1407.0000 70 13 0.1857
1407.0000 71 13 0.1831
1422.0000 72 13 0.1806
1442.0000 73 13 0.1781
1464.0000 74 13 0.1757
1476.9000 74 14 0.1892
1479.0000 75 14 0.1867
1483.1000 75 15 0.2000
1500.0000 76 15 0.1974
1518.0000 77 15 0.1948
1542.0000 78 15 0.1923
1562.0000 79 15 0.1899
1577.0000 80 15 0.1875
1594.5000 80 16 0.2000
1600.0000 81 16 0.1975
1620.0000 82 16 0.1951
1637.0000 83 16 0.1928
1652.0000 84 16 0.1905
1673.0000 85 16 0.1882
1695.0000 86 16 0.1860
1706.4000 86 17 0.1977
1709.8000 86 18 0.2093
1713.0000 87 18 0.2069
1736.2000 87 19 0.2184
1737.0000 88 19 0.2159
1739.4000 88 20 0.2273
1739.8000 88 21 0.2386
1760.0000 89 21 0.2360
1781.0000 90 21 0.2333
1804.0000 91 21 0.2308
1812.7000 91 22 0.2418
1826.0000 92 22 0.2391
1849.0000 93 22 0.2366
1870.0000 94 22 0.2340
1881.2000 94 23 0.2447
1882.8000 94 24 0.2553
1890.0000 95 24 0.2526
1911.0000 96 24 0.2500
1929.0000 97 24 0.2474
1948.0000 98 24 0.2449
1965.0000 99 24 0.2424
1980.0000 100 24 0.2400
2002.0000 101 24 0.2376
2024.0000 102 24 0.2353
2035.6000 102 25 0.2451
2041.0000 103 25 0.2427
2064.0000 104 25 0.2404
2080.0000 105 25 0.2381
2095.0000 106 25 0.2358
2119.0000 107 25 0.2336
2139.0000 108 25 0.2315
2144.3000 108 26 0.2407
2161.0000 109 26 0.2385
2178.0000 110 26 0.2364
2199.0000 111 26 0.2342
2213.8000 111 27 0.2432
2217.0000 111 28 0.2523
2222.0000 112 28 0.2500
2240.0000 113 28 0.2478
2259.0000 114 28 0.2456
2275.0000 115 28 0.2435
2295.0000 116 28 0.2414
2314.0000 117 28 0.2393
2324.7000 117 29 0.2479
2335.0000 118 29 0.2458
2354.0000 119 29 0.2437
2377.0000 120 29 0.2417
2396.0000 121 29 0.2397
2411.0000 122 29 0.2377
2412.0000 122 30 0.2459
2433.0000 123 30 0.2439
2452.0000 124 30 0.2419
2460.7000 124 31 0.2500
2464.9000 124 32 0.2581
2470.3000 124 33 0.2661
2474.0000 125 33 0.2640
2496.0000 126 33 0.2619
2506.7000 126 34 0.2698
2511.0000 127 34 0.2677
2526.0000 128 34 0.2656
2546.0000 129 34 0.2636
2556.7000 129 35 0.2713
2563.0000 130 35 0.2692
2586.0000 131 35 0.2672
2601.0000 132 35 0.2652
2621.0000 133 35 0.2632
2641.0000 134 35 0.2612
2662.0000 135 35 0.2593
2678.0000 136 35 0.2574
2681.9000 136 36 0.2647
2689.6000 136 37 0.2721
2690.9000 136 38 0.2794
2693.0000 137 38 0.2774
2716.0000 138 38 0.2754
2729.2000 138 39 0.2826
2735.0000 139 39 0.2806
2737.9000 139 40 0.2878
2740.4000 139 41 0.2950
2754.0000 140 41 0.2929
2771.0000 141 41 0.2908
2788.0000 142 41 0.2887
2800.0000 142 42 0.2958
2807.0000 143 42 0.2937
2823.3000 143 43 0.3007
2831.0000 144 43 0.2986
2832.2000 144 44 0.3056
2839.9000 144 45 0.3125
2853.0000 145 45 0.3103
2868.0000 146 45 0.3082
2891.0000 147 45 0.3061
2911.0000 148 45 0.3041
2911.3000 148 46 0.3108
2926.0000 149 46 0.3087
2942.0000 150 46 0.3067
2947.3000 150 47 0.3133
2954.4000 150 48 0.3200
2962.0000 151 48 0.3179
2979.0000 152 48 0.3158
3000.8000 152 49 0.3224
3003.0000 153 49 0.3203
3024.0000 154 49 0.3182
3040.0000 155 49 0.3161
3059.0000 155 50 0.3226
3064.0000 156 50 0.3205
3065.8000 156 51 0.3269
3084.5000 156 52 0.3333
3086.0000 157 52 0.3312
3110.0000 158 52 0.3291
3118.8000 158 53 0.3354
3129.0000 159 53 0.3333
3147.0000 160 53 0.3313
3166.0000 161 53 0.3292
3166.7000 161 54 0.3354
3190.0000 162 54 0.3333
3204.1000 162 55 0.3395
3210.0000 163 55 0.3374
3225.0000 164 55 0.3354
3230.0000 164 56 0.3415
3243.0000 165 56 0.3394
3260.0000 166 56 0.3373
3261.2000 166 57 0.3434
3272.0000 166 58 0.3494
3273.8000 166 59 0.3554
3283.0000 167 59 0.3533
3305.0000 168 59 0.3512
3321.0000 169 59 0.3491
3321.7000 169 60 0.3550
3344.0000 170 60 0.3529
3365.0000 171 60 0.3509
3385.0000 172 60 0.3488
3408.0000 173 60 0.3468
3414.1000 173 61 0.3526
3428.0000 174 61 0.3506
3429.2000 174 62 0.3563
3444.9000 174 63 0.3621
3449.0000 175 63 0.3600
3472.0000 176 63 0.3580
3488.0000 177 63 0.3559
3511.0000 178 63 0.3539
3526.6000 178 64 0.3596
3535.0000 179 64 0.3575
3548.5000 179 65 0.3631
3551.5000 179 66 0.3687
3552.0000 180 66 0.3667
3570.0000 181 66 0.3646
3575.8000 181 67 0.3702
3589.0000 182 67 0.3681
3604.0000 183 67 0.3661
3619.0000 184 67 0.3641
3638.0000 185 67 0.3622
3653.0000 186 67 0.3602
3667.7000 186 68 0.3656
3669.0000 187 68 0.3636
3683.4000 187 69 0.3690
3689.0000 188 69 0.3670
3712.0000 189 69 0.3651
3730.0000 190 69 0.3632
3754.0000 191 69 0.3613
3771.0000 192 69 0.3594
3787.0000 193 69 0.3575
3809.0000 194 69 0.3557
3822.2000 194 70 0.3608
3824.3000 194 71 0.3660
3831.8000 194 72 0.3711
3832.0000 195 72 0.3692
3848.6000 195 73 0.3744
3854.0000 196 73 0.3724
3867.8000 196 74 0.3776
3873.0000 197 74 0.3756
3895.0000 198 74 0.3737
3919.0000 199 74 0.3719
3938.0000 200 74 0.3700
3946.3000 200 75 0.3750
3946.9000 200 76 0.3800
3953.0000 200 77 0.3850
3955.0000 201 77 0.3831
3975.0000 202 77 0.3812
3996.0000 203 77 0.3793
4012.0000 204 77 0.3775
4031.0000 205 77 0.3756
4052.0000 206 77 0.3738
4054.9000 206 78 0.3786
4058.7000 206 79 0.3835
4060.0000 206 80 0.3883
4070.0000 207 80 0.3865
4094.0000 208 80 0.3846
4115.0000 209 80 0.3828
4128.9000 209 81 0.3876
4134.0000 210 81 0.3857
4153.0000 211 81 0.3839
4171.0000 212 81 0.3821
4194.0000 213 81 0.3803
4205.9000 213 82 0.3850
4214.0000 214 82 0.3832
4214.7000 214 83 0.3879
4235.0000 215 83 0.3860
4245.6000 215 84 0.3907
4248.5000 215 85 0.3953
4251.0000 216 85 0.3935
4256.7000 216 86 0.3981
4268.6000 216 87 0.4028
4272.0000 217 87 0.4009
4287.3000 217 88 0.4055
4290.0000 218 88 0.4037
4291.5000 218 89 0.4083
4297.6000 218 90 0.4128
4306.4000 218 91 0.4174
4309.0000 218 92 0.4220
4314.0000 219 92 0.4201
4325.0000 219 93 0.4247
4338.0000 220 93 0.4227
4360.0000 221 93 0.4208
4364.3000 221 94 0.4253
4381.0000 222 94 0.4234
4400.0000 223 94 0.4215
4406.0000 223 95 0.4260
4418.3000 223 96 0.4305
4419.0000 224 96 0.4286
4419.1000 224 97 0.4330
4434.0000 225 97 0.4311
4452.4000 225 98 0.4356
4458.0000 226 98 0.4336
4463.0000 226 99 0.4381
4476.0000 227 99 0.4361
4497.0000 228 99 0.4342
4505.4000 228 100 0.4386
4515.0000 229 100 0.4367
4537.0000 230 100 0.4348
4556.0000 231 100 0.4329
4562.1000 231 101 0.4372
4580.0000 232 101 0.4353
4597.0000 233 101 0.4335
4614.0000 234 101 0.4316
4634.0000 235 101 0.4298
4655.0000 236 101 0.4280
4665.1000 236 102 0.4322
4672.0000 237 102 0.4304
4689.0000 238 102 0.4286
4706.0000 239 102 0.4268
4729.0000 240 102 0.4250
4742.2000 240 103 0.4292
4747.0000 241 103 0.4274
4748.8000 241 104 0.4315
4762.0000 242 104 0.4298
4766.3000 242 105 0.4339
4783.0000 243 105 0.4321
4795.2000 243 106 0.4362
4807.0000 244 106 0.4344
4824.0000 245 106 0.4327
4846.7000 245 107 0.4367
4848.0000 246 107 0.4350
4867.0000 247 107 0.4332
4886.0000 248 107 0.4315
4895.7000 248 108 0.4355
4909.0000 249 108 0.4337
4928.0000 250 108 0.4320
4951.0000 251 108 0.4303
4966.0000 252 108 0.4286
4986.0000 253 108 0.4269
4991.0000 253 109 0.4308
5010.0000 254 109 0.4291
5012.9000 254 110 0.4331
5033.0000 255 110 0.4314
5048.0000 256 110 0.4297
5072.0000 257 110 0.4280
5076.3000 257 111 0.4319
5076.9000 257 112 0.4358
5089.0000 258 112 0.4341
5112.0000 259 112 0.4324
5131.0000 260 112 0.4308
5151.0000 261 112 0.4291
5175.0000 262 112 0.4275
5194.0000 263 112 0.4259
5212.5000 263 113 0.4297
5215.0000 264 113 0.4280
5237.0000 265 113 0.4264
5240.6000 265 114 0.4302
5254.0000 266 114 0.4286
5269.0000 267 114 0.4270
5291.0000 268 114 0.4254
5307.0000 269 114 0.4238
5324.0000 270 114 0.4222
5339.0000 271 114 0.4207
5356.0000 272 114 0.4191
5371.0000 273 114 0.4176
5387.0000 274 114 0.4161
5391.4000 274 115 0.4197
5395.6000 274 116 0.4234
5410.0000 275 116 0.4218
5426.0000 276 116 0.4203
5447.0000 277 116 0.4188
5470.0000 278 116 0.4173
5490.0000 279 116 0.4158
5507.0000 280 116 0.4143
5516.7000 280 117 0.4179
5528.0000 281 117 0.4164
5546.0000 282 117 0.4149
5564.0000 283 117 0.4134
5566.2000 283 118 0.4170
5584.0000 284 118 0.4155
5607.0000 285 118 0.4140
5625.0000 286 118 0.4126
5643.0000 287 118 0.4111
5665.0000 288 118 0.4097
5685.0000 289 118 0.4083
5686.7000 289 119 0.4118
5704.0000 290 119 0.4103
5724.0000 291 119 0.4089
5745.0000 292 119 0.4075
5745.2000 292 120 0.4110
5760.0000 293 120 0.4096
5784.0000 294 120 0.4082
5805.0000 295 120 0.4068
5820.8000 295 121 0.4102
5822.0000 296 121 0.4088
5841.0000 297 121 0.4074
5859.0000 298 121 0.4060
5860.0000 298 122 0.4094
5873.7000 298 123 0.4128
5874.0000 299 123 0.4114
5883.5000 299 124 0.4147
5893.0000 300 124 0.4133
5895.4000 300 125 0.4167
5896.1000 300 126 0.4200
5901.3000 300 127 0.4233
5914.0000 301 127 0.4219
5914.2000 301 128 0.4252
5916.2000 301 129 0.4286
5932.0000 302 129 0.4272
5938.3000 302 130 0.4305
5953.0000 303 130 0.4290
5969.5000 303 131 0.4323
5971.0000 304 131 0.4309
5986.0000 305 131 0.4295
5996.8000 305 132 0.4328
6003.8000 305 133 0.4361
6008.0000 306 133 0.4346
6012.1000 306 134 0.4379
6024.0000 307 134 0.4365
6030.0000 307 135 0.4397
6041.0000 308 135 0.4383
6041.3000 308 136 0.4416
6063.0000 309 136 0.4401
6068.1000 309 137 0.4434
6074.6000 309 138 0.4466
6087.0000 310 138 0.4452
6105.0000 311 138 0.4437
6112.1000 311 139 0.4469
6124.0000 312 139 0.4455
6129.8000 312 140 0.4487
6145.0000 313 140 0.4473
6166.0000 314 140 0.4459
6182.0000 315 140 0.4444
6201.0000 316 140 0.4430
6211.5000 316 141 0.4462
6216.0000 317 141 0.4448
6219.5000 317 142 0.4479
6231.0000 318 142 0.4465
6248.0000 319 142 0.4451
6261.7000 319 143 0.4483
6267.0000 320 143 0.4469
6285.7000 320 144 0.4500
6289.0000 321 144 0.4486
6308.0000 322 144 0.4472
6321.4000 322 145 0.4503
6332.0000 323 145 0.4489
6337.7000 323 146 0.4520
6355.0000 324 146 0.4506
6372.0000 325 146 0.4492
6374.6000 325 147 0.4523
6393.0000 326 147 0.4509
6403.3000 326 148 0.4540
6417.0000 327 148 0.4526
6424.0000 327 149 0.4557
6431.8000 327 150 0.4587
6441.0000 328 150 0.4573
6464.7000 328 151 0.4604
6465.0000 329 151 0.4590
6467.3000 329 152 0.4620
6486.0000 330 152 0.4606
6502.0000 331 152 0.4592
6518.0000 332 152 0.4578
6536.0000 333 152 0.4565
6548.1000 333 153 0.4595
6553.5000 333 154 0.4625
6554.1000 333 155 0.4655
6555.0000 334 155 0.4641
6572.0000 335 155 0.4627
6577.5000 335 156 0.4657
6591.0000 336 156 0.4643
6608.0000 337 156 0.4629
6631.0000 338 156 0.4615
6646.0000 339 156 0.4602
6665.0000 340 156 0.4588
6684.0000 341 156 0.4575
6696.4000 341 157 0.4604
6708.0000 342 157 0.4591
6725.0000 343 157 0.4577
6745.0000 344 157 0.4564
6760.0000 345 157 0.4551
6770.7000 345 158 0.4580
6776.9000 345 159 0.4609
6779.7000 345 160 0.4638
6781.0000 346 160 0.4624
6793.2000 346 161 0.4653
6800.0000 347 161 0.4640
6808.0000 347 162 0.4669
6816.0000 348 162 0.4655
6827.4000 348 163 0.4684
6828.8000 348 164 0.4713
6839.0000 349 164 0.4699
6854.0000 350 164 0.4686
6874.0000 351 164 0.4672
6889.0000 352 164 0.4659
6893.6000 352 165 0.4688
6900.1000 352 166 0.4716
6909.0000 353 166 0.4703
6930.0000 354 166 0.4689
6942.0000 354 167 0.4718
6951.0000 355 167 0.4704
6971.0000 356 167 0.4691
6995.0000 357 167 0.4678
7010.0000 358 167 0.4665
7011.6000 358 168 0.4693
7020.0000 358 169 0.4721
7029.0000 359 169 0.4708
7043.8000 359 170 0.4735
7048.0000 360 170 0.4722
7061.5000 360 171 0.4750
7071.0000 361 171 0.4737
7084.0000 361 172 0.4765
7093.0000 362 172 0.4751
7093.3000 362 173 0.4779
7108.0000 363 173 0.4766
7111.5000 363 174 0.4793
7112.8000 363 175 0.4821
7130.0000 364 175 0.4808
7147.0000 365 175 0.4795
7163.0000 366 175 0.4781
7175.4000 366 176 0.4809
7176.4000 366 177 0.4836
7180.0000 367 177 0.4823
7181.6000 367 178 0.4850
7197.0000 368 178 0.4837
7218.9000 368 179 0.4864
7221.0000 369 179 0.4851
7240.0000 370 179 0.4838
7255.0000 371 179 0.4825
7272.0000 372 179 0.4812
7296.0000 373 179 0.4799
7319.0000 374 179 0.4786
7333.2000 374 180 0.4813
7335.0000 375 180 0.4800
7352.2000 375 181 0.4827
7358.0000 376 181 0.4814
7367.4000 376 182 0.4840
7371.3000 376 183 0.4867
7373.2000 376 184 0.4894
7378.0000 377 184 0.4881
7394.0000 378 184 0.4868
7411.0000 379 184 0.4855
7435.0000 380 184 0.4842
7436.5000 380 185 0.4868
7450.5000 380 186 0.4895
7459.0000 381 186 0.4882
7480.0000 382 186 0.4869
7493.2000 382 187 0.4895
7498.0000 383 187 0.4883
7514.0000 384 187 0.4870
7536.0000 385 187 0.4857
7559.0000 386 187 0.4845
7574.0000 387 187 0.4832
7591.2000 387 188 0.4858
7593.0000 387 189 0.4884
7595.0000 388 189 0.4871
7613.0000 389 189 0.4859
7621.5000 389 190 0.4884
7632.0000 390 190 0.4872
7650.3000 390 191 0.4897
7656.0000 391 191 0.4885
7673.0000 392 191 0.4872
7682.5000 392 192 0.4898
7696.0000 393 192 0.4885
7699.8000 393 193 0.4911
7703.3000 393 194 0.4936
7713.0000 394 194 0.4924
7728.5000 394 195 0.4949
7730.0000 395 195 0.4937
7745.0000 396 195 0.4924
7758.9000 396 196 0.4949
7762.0000 397 196 0.4937
7784.0000 398 196 0.4925
7793.5000 398 197 0.4950
7804.0000 399 197 0.4937
7822.0000 400 197 0.4925
7840.0000 401 197 0.4913
7858.0000 402 197 0.4900
7874.0000 403 197 0.4888
7874.5000 403 198 0.4913
7889.2000 403 199 0.4938
7891.0000 403 200 0.4963
7895.0000 404 200 0.4950
7914.0000 405 200 0.4938
7921.7000 405 201 0.4963
7927.9000 405 202 0.4988
7931.0000 406 202 0.4975
7948.0000 407 202 0.4963
7962.6000 407 203 0.4988
7972.0000 408 203 0.4975
7973.5000 408 204 0.5000
7987.0000 409 204 0.4988
7987.2000 409 205 0.5012
7992.4000 409 206 0.5037
8002.0000 410 206 0.5024
8024.0000 411 206 0.5012
8040.0000 412 206 0.5000
8041.7000 412 207 0.5024
8059.0000 413 207 0.5012
8082.0000 414 207 0.5000
8099.0000 415 207 0.4988
8116.0000 416 207 0.4976
8137.0000 417 207 0.4964
8158.0000 418 207 0.4952
8173.0000 419 207 0.4940
8190.0000 420 207 0.4929
8204.4000 420 208 0.4952
8205.0000 421 208 0.4941
8205.7000 421 209 0.4964
8227.0000 422 209 0.4953
8237.1000 422 210 0.4976
8251.0000 423 210 0.4965
8270.0000 423 211 0.4988
8272.4000 423 212 0.5012
8275.0000 424 212 0.5000
8297.0000 425 212 0.4988
8317.0000 426 212 0.4977
8336.0000 427 212 0.4965
8359.0000 428 212 0.4953
8375.0000 429 212 0.4942
8396.0000 430 212 0.4930
8414.0000 431 212 0.4919
8432.6000 431 213 0.4942
8437.0000 432 213 0.4931
8453.0000 433 213 0.4919
8455.5000 433 214 0.4942
8468.0000 434 214 0.4931
8492.0000 435 214 0.4920
8510.0000 436 214 0.4908
8525.0000 437 214 0.4897
8541.3000 437 215 0.4920
8544.0000 438 215 0.4909
8548.0000 438 216 0.4932
8556.0000 438 217 0.4954
8566.0000 439 217 0.4943
8569.2000 439 218 0.4966
8578.2000 439 219 0.4989
8586.0000 440 219 0.4977
8609.0000 441 219 0.4966
8625.0000 442 219 0.4955
8641.0000 442 220 0.4977
8644.0000 443 220 0.4966
8663.0000 444 220 0.4955
8681.0000 445 220 0.4944
8697.0000 446 220 0.4933
8712.8000 446 221 0.4955
8719.0000 447 221 0.4944
8743.0000 448 221 0.4933
8748.8000 448 222 0.4955
8767.0000 449 222 0.4944
8778.0000 449 223 0.4967
8784.0000 450 223 0.4956
8791.6000 450 224 0.4978
8800.0000 451 224 0.4967
8806.6000 451 225 0.4989
8823.0000 452 225 0.4978
8824.9000 452 226 0.5000
8827.9000 452 227 0.5022
8839.0000 453 227 0.5011
8854.0000 454 227 0.5000
8862.9000 454 228 0.5022
8869.0000 455 228 0.5011
8888.6000 455 229 0.5033
8892.0000 456 229 0.5022
8897.5000 456 230 0.5044
8911.0000 457 230 0.5033
8929.0000 458 230 0.5022
8944.0000 459 230 0.5011
8955.3000 459 231 0.5033
8961.0000 460 231 0.5022
8979.0000 461 231 0.5011
8997.0000 462 231 0.5000
9009.8000 462 232 0.5022
9011.3000 462 233 0.5043
9013.0000 463 233 0.5032
9035.0000 464 233 0.5022
9055.6000 464 234 0.5043
9058.0000 465 234 0.5032
9066.4000 465 235 0.5054
9073.0000 466 235 0.5043
9093.5000 466 236 0.5064
9095.0000 467 236 0.5054
9101.0000 467 237 0.5075
9119.0000 468 237 0.5064
9143.0000 469 237 0.5053
9143.0000 469 238 0.5075
9153.5000 469 239 0.5096
9155.3000 469 240 0.5117
9162.0000 470 240 0.5106
9167.1000 470 241 0.5128
9171.6000 470 242 0.5149
9173.0000 470 243 0.5170
9186.0000 471 243 0.5159
9196.5000 471 244 0.5180
9209.0000 472 244 0.5169
9209.2000 472 245 0.5191
9224.0000 473 245 0.5180
9245.0000 474 245 0.5169
9249.2000 474 246 0.5190
9259.9000 474 247 0.5211
9264.0000 475 247 0.5200
9288.0000 476 247 0.5189
9306.5000 476 248 0.5210
9310.0000 477 248 0.5199
9315.4000 477 249 0.5220
9326.0000 478 249 0.5209
9338.1000 478 250 0.5230
9341.0000 479 250 0.5219
9342.7000 479 251 0.5240
9365.0000 480 251 0.5229
9387.0000 481 251 0.5218
9403.0000 482 251 0.5207
9426.0000 483 251 0.5197
9444.0000 484 251 0.5186
9468.0000 485 251 0.5175
9485.0000 486 251 0.5165
9503.0000 487 251 0.5154
9504.0000 487 252 0.5175
9511.6000 487 253 0.5195
9527.0000 488 253 0.5184
9527.3000 488 254 0.5205
9537.7000 488 255 0.5225
9537.9000 488 256 0.5246
9550.0000 489 256 0.5235
9573.0000 490 256 0.5224
9588.4000 490 257 0.5245
9591.0000 491 257 0.5234
9613.4000 491 258 0.5255
9614.0000 492 258 0.5244
9632.0000 493 258 0.5233
9653.0000 494 258 0.5223
9666.5000 494 259 0.5243
9670.0000 494 260 0.5263
9674.9000 494 261 0.5283
9676.0000 495 261 0.5273
9693.0000 496 261 0.5262
9715.0000 497 261 0.5252
9736.0000 498 261 0.5241
9750.0000 498 262 0.5261
9752.0000 499 262 0.5251
9776.0000 500 262 0.5240
9799.0000 501 262 0.5230
9821.0000 502 262 0.5219
9837.0000 503 262 0.5209
9861.0000 504 262 0.5198
9879.0000 505 262 0.5188
9894.0000 506 262 0.5178
9909.0000 507 262 0.5168
9920.2000 507 263 0.5187
9927.0000 508 263 0.5177
9946.0000 509 263 0.5167
9969.0000 510 263 0.5157
9988.0000 511 263 0.5147
10007.0000 512 263 0.5137
10007.4000 512 264 0.5156
10009.2000 512 265 0.5176
10024.0000 513 265 0.5166
10026.8000 513 266 0.5185
10027.2000 513 267 0.5205
10044.0000 514 267 0.5195
10050.2000 514 268 0.5214
10061.7000 514 269 0.5233
10066.3000 514 270 0.5253
10067.0000 515 270 0.5243
10087.0000 516 270 0.5233
10111.0000 517 270 0.5222
10132.0000 518 270 0.5212
10154.0000 519 270 0.5202
10177.0000 520 270 0.5192
10184.3000 520 271 0.5212
10194.0000 521 271 0.5202
10216.0000 522 271 0.5192
10235.0000 523 271 0.5182
10257.0000 524 271 0.5172
10281.0000 525 271 0.5162
10300.0000 526 271 0.5152
10301.2000 526 272 0.5171
10320.0000 527 272 0.5161
10343.0000 528 272 0.5152
10366.0000 529 272 0.5142
10382.0000 530 272 0.5132
10402.0000 531 272 0.5122
10423.0000 532 272 0.5113
10439.6000 532 273 0.5132
10441.0000 533 273 0.5122
10450.7000 533 274 0.5141
10461.0000 534 274 0.5131
10474.0000 534 275 0.5150
10474.5000 534 276 0.5169
10480.0000 535 276 0.5159
10496.9000 535 277 0.5178
10497.0000 536 277 0.5168
10518.0000 537 277 0.5158
10537.0000 538 277 0.5149
10537.2000 538 278 0.5167
10538.5000 538 279 0.5186
10555.0000 539 279 0.5176
10571.0000 540 279 0.5167
10591.0000 541 279 0.5157
10615.0000 542 279 0.5148
10637.0000 543 279 0.5138
10645.7000 543 280 0.5157
10652.2000 543 281 0.5175
10657.0000 544 281 0.5165
10664.6000 544 282 0.5184
10680.5000 544 283 0.5202
10681.0000 545 283 0.5193
10703.0000 546 283 0.5183
10722.0000 546 284 0.5201
10726.0000 547 284 0.5192
10748.0000 548 284 0.5182
10768.0000 549 284 0.5173
10781.7000 549 285 0.5191
10788.0000 550 285 0.5182
10799.3000 550 286 0.5200
10808.0000 551 286 0.5191
10823.0000 552 286 0.5181
10842.0000 553 286 0.5172
10866.0000 554 286 0.5162
10876.1000 554 287 0.5181
10884.9000 554 288 0.5199
10885.0000 555 288 0.5189
10887.3000 555 289 0.5207
10907.0000 556 289 0.5198
10925.0000 557 289 0.5189
10942.0000 558 289 0.5179
10966.0000 559 289 0.5170
10983.0000 560 289 0.5161
11006.0000 561 289 0.5152
11019.7000 561 290 0.5169
11021.3000 561 291 0.5187
11023.0000 562 291 0.5178
11046.0000 563 291 0.5169
11058.8000 563 292 0.5187
11068.0000 564 292 0.5177
11084.0000 565 292 0.5168
11102.0000 566 292 0.5159
11120.0000 567 292 0.5150
11120.4000 567 293 0.5168
11143.0000 568 293 0.5158
11164.8000 568 294 0.5176
11166.0000 569 294 0.5167
11170.1000 569 295 0.5185
11182.0000 570 295 0.5175
11182.7000 570 296 0.5193
11201.0000 571 296 0.5184
11207.5000 571 297 0.5201
11208.2000 571 298 0.5219
11218.0000 572 298 0.5210
11238.0000 573 298 0.5201
11252.6000 573 299 0.5218
11260.0000 574 299 0.5209
11265.1000 574 300 0.5226
11272.8000 574 301 0.5244
11280.0000 575 301 0.5235
11298.0000 576 301 0.5226
11307.1000 576 302 0.5243
11308.0000 576 303 0.5260
11313.9000 576 304 0.5278
11319.0000 577 304 0.5269
11343.0000 578 304 0.5260
11363.0000 579 304 0.5250
11363.3000 579 305 0.5268
11375.6000 579 306 0.5285
11381.0000 580 306 0.5276
11405.0000 581 306 0.5267
11413.9000 581 307 0.5284
11424.0000 582 307 0.5275
11434.1000 582 308 0.5292
11443.0000 583 308 0.5283
11450.2000 583 309 0.5300
11467.0000 584 309 0.5291
11491.0000 585 309 0.5282
11511.0000 586 309 0.5273
11514.1000 586 310 0.5290
11514.3000 586 311 0.5307
11515.0000 586 312 0.5324
11529.0000 587 312 0.5315
11547.0000 588 312 0.5306
11566.0000 589 312 0.5297
11586.0000 590 312 0.5288
11610.0000 591 312 0.5279
11611.8000 591 313 0.5296
11626.0000 592 313 0.5287
11640.2000 592 314 0.5304
11650.0000 593 314 0.5295
11663.7000 593 315 0.5312
11665.0000 594 315 0.5303
11680.0000 595 315 0.5294
11687.5000 595 316 0.5311
11696.0000 596 316 0.5302
11700.3000 596 317 0.5319
11710.9000 596 318 0.5336
11711.0000 597 318 0.5327
11731.0000 598 318 0.5318
11755.0000 599 318 0.5309
11771.0000 600 318 0.5300
11781.7000 600 319 0.5317
11790.0000 601 319 0.5308
11805.5000 601 320 0.5324
11809.0000 602 320 0.5316
11809.6000 602 321 0.5332
11819.3000 602 322 0.5349
11827.0000 603 322 0.5340
11851.0000 604 322 0.5331
11867.0000 605 322 0.5322
11871.4000 605 323 0.5339
11885.0000 606 323 0.5330
11886.9000 606 324 0.5347
11907.0000 607 324 0.5338
11929.0000 608 324 0.5329
11940.3000 608 325 0.5345
11948.0000 609 325 0.5337
11971.0000 610 325 0.5328
11987.5000 610 326 0.5344
11995.0000 611 326 0.5336
12005.8000 611 327 0.5352
12012.0000 612 327 0.5343
12033.0000 613 327 0.5334
12048.0000 614 327 0.5326
12051.6000 614 328 0.5342
12066.6000 614 329 0.5358
12070.0000 615 329 0.5350
12070.6000 615 330 0.5366
12073.0000 615 331 0.5382
12074.5000 615 332 0.5398
12075.7000 615 333 0.5415
12088.0000 616 333 0.5406
12104.0000 617 333 0.5397
12122.3000 617 334 0.5413
12124.0000 618 334 0.5405
12135.5000 618 335 0.5421
12145.0000 619 335 0.5412
12153.5000 619 336 0.5428
12165.0000 620 336 0.5419
12189.0000 621 336 0.5411
12209.0000 622 336 0.5402
12210.0000 622 337 0.5418
12218.2000 622 338 0.5434
12220.5000 622 339 0.5450
12226.0000 623 339 0.5441
12249.0000 624 339 0.5433
12270.0000 625 339 0.5424
12287.0000 626 339 0.5415
12296.7000 626 340 0.5431
12304.8000 626 341 0.5447
12305.0000 627 341 0.5439
12309.2000 627 342 0.5455
12314.7000 627 343 0.5470
12317.0000 627 344 0.5486
12323.0000 628 344 0.5478
12330.6000 628 345 0.5494
12339.0000 629 345 0.5485
12358.0000 630 345 0.5476
12377.0000 631 345 0.5468
12399.0000 632 345 0.5459
12421.0000 633 345 0.5450
12437.3000 633 346 0.5466
12444.0000 634 346 0.5457
12444.7000 634 347 0.5473
12462.2000 634 348 0.5489
12463.0000 635 348 0.5480
12464.3000 635 349 0.5496
12479.0000 636 349 0.5487
12483.1000 636 350 0.5503
12497.0000 637 350 0.5495
12518.0000 638 350 0.5486
12538.0000 639 350 0.5477
12538.0000 639 351 0.5493
12556.0000 640 351 0.5484
12566.4000 640 352 0.5500
12575.0000 641 352 0.5491
12596.0000 642 352 0.5483
12609.1000 642 353 0.5498
12611.0000 643 353 0.5490
12615.7000 643 354 0.5505
12635.0000 644 354 0.5497
12642.9000 644 355 0.5512
12655.0000 645 355 0.5504
12657.2000 645 356 0.5519
12672.0000 646 356 0.5511
12689.5000 646 357 0.5526
12691.0000 647 357 0.5518
12694.1000 647 358 0.5533
12694.2000 647 359 0.5549
12704.3000 647 360 0.5564
12708.6000 647 361 0.5580
12713.0000 648 361 0.5571
12726.0000 648 362 0.5586
12727.4000 648 363 0.5602
12729.9000 648 364 0.5617
12737.0000 649 364 0.5609
12761.0000 650 364 0.5600
12781.0000 651 364 0.5591
12798.0000 652 364 0.5583
12818.0000 653 364 0.5574
12830.3000 653 365 0.5590
12836.3000 653 366 0.5605
12839.0000 654 366 0.5596
12856.7000 654 367 0.5612
12863.0000 655 367 0.5603
12868.3000 655 368 0.5618
12884.0000 656 368 0.5610
12901.0000 657 368 0.5601
12919.0000 658 368 0.5593
12936.0000 659 368 0.5584
12948.1000 659 369 0.5599
12954.0000 660 369 0.5591
12971.0000 661 369 0.5582
12976.8000 661 370 0.5598
12986.0000 662 370 0.5589
12988.3000 662 371 0.5604
12990.4000 662 372 0.5619
12994.8000 662 373 0.5634
13006.3000 662 374 0.5650
13009.0000 663 374 0.5641
13029.0000 664 374 0.5633
13048.0000 665 374 0.5624
13069.0000 666 374 0.5616
13080.5000 666 375 0.5631
13090.0000 667 375 0.5622
13092.7000 667 376 0.5637
13112.0000 668 376 0.5629
13126.6000 668 377 0.5644
13133.2000 668 378 0.5659
13135.0000 669 378 0.5650
13146.6000 669 379 0.5665
13157.0000 670 379 0.5657
13172.9000 670 380 0.5672
13175.0000 671 380 0.5663
13198.0000 672 380 0.5655
13222.0000 673 380 0.5646
13237.0000 674 380 0.5638
13243.8000 674 381 0.5653
13261.0000 675 381 0.5644
13279.0000 676 381 0.5636
13290.8000 676 382 0.5651
13303.0000 677 382 0.5643
13327.0000 678 382 0.5634
13344.0000 679 382 0.5626
13360.6000 679 383 0.5641
13367.0000 680 383 0.5632
13382.6000 680 384 0.5647
13385.0000 681 384 0.5639
13400.0000 682 384 0.5630
13422.0000 683 384 0.5622
13431.5000 683 385 0.5637
13432.2000 683 386 0.5652
13439.0000 684 386 0.5643
13463.0000 685 386 0.5635
13485.0000 686 386 0.5627
13501.0000 687 386 0.5619
13520.9000 687 387 0.5633
13522.0000 688 387 0.5625
13543.0000 689 387 0.5617
13558.0000 690 387 0.5609
13578.0000 691 387 0.5601
13582.6000 691 388 0.5615
13588.9000 691 389 0.5630
13597.0000 692 389 0.5621
13601.2000 692 390 0.5636
13605.2000 692 391 0.5650
13612.0000 693 391 0.5642
13622.2000 693 392 0.5657
13633.0000 694 392 0.5648
13654.0000 695 392 0.5640
13674.0000 696 392 0.5632
13689.0000 697 392 0.5624
13713.0000 698 392 0.5616
13723.2000 698 393 0.5630
13732.6000 698 394 0.5645
13733.0000 699 394 0.5637
13736.3000 699 395 0.5651
13750.0000 700 395 0.5643
13770.6000 700 396 0.5657
13771.0000 701 396 0.5649
13787.0000 702 396 0.5641
13808.0000 703 396 0.5633
13812.8000 703 397 0.5647
13831.0000 704 397 0.5639
13853.0000 705 397 0.5631
13874.0000 706 397 0.5623
13894.0000 707 397 0.5615
13915.0000 708 397 0.5607
13929.7000 708 398 0.5621
13937.0000 709 398 0.5614
13952.0000 710 398 0.5606
13955.0000 710 399 0.5620
13955.8000 710 400 0.5634
13976.0000 711 400 0.5626
13985.2000 711 401 0.5640
13988.5000 711 402 0.5654
13994.0000 712 402 0.5646
14011.0000 713 402 0.5638
14016.7000 713 403 0.5652
14032.0000 714 403 0.5644
14046.8000 714 404 0.5658
14056.0000 715 404 0.5650
14077.0000 716 404 0.5642
14086.0000 716 405 0.5656
14092.0000 717 405 0.5649
14101.6000 717 406 0.5662
14107.0000 718 406 0.5655
14108.3000 718 407 0.5669
14123.0000 719 407 0.5661
14147.0000 720 407 0.5653
14157.0000 720 408 0.5667
14157.5000 720 409 0.5681
14164.7000 720 410 0.5694
14166.5000 720 411 0.5708
14167.0000 721 411 0.5700
14186.0000 722 411 0.5693
14204.0000 723 411 0.5685
14225.0000 724 411 0.5677
14240.6000 724 412 0.5691
14245.0000 725 412 0.5683
14267.0000 726 412 0.5675
14282.5000 726 413 0.5689
14286.0000 727 413 0.5681
14304.0000 728 413 0.5673
14323.0000 729 413 0.5665
14342.0000 729 414 0.5679
14343.0000 730 414 0.5671
14363.0000 731 414 0.5663
14385.0000 732 414 0.5656
14404.0000 733 414 0.5648
14417.0000 733 415 0.5662
14420.0000 734 415 0.5654
14441.0000 735 415 0.5646
14456.0000 736 415 0.5639
14466.4000 736 416 0.5652
14475.0000 737 416 0.5645
14499.0000 738 416 0.5637
14523.0000 739 416 0.5629
14544.0000 740 416 0.5622
14568.0000 741 416 0.5614
14588.0000 742 416 0.5606
14603.0000 743 416 0.5599
14618.0000 744 416 0.5591
14618.1000 744 417 0.5605
14629.4000 744 418 0.5618
14631.4000 744 419 0.5632
14639.0000 745 419 0.5624
14655.0000 746 419 0.5617
14676.0000 747 419 0.5609
14685.7000 747 420 0.5622
14689.2000 747 421 0.5636
14691.5000 747 422 0.5649
14696.0000 748 422 0.5642
14705.9000 748 423 0.5655
14707.5000 748 424 0.5668
14718.0000 749 424 0.5661
14724.0000 749 425 0.5674
14733.2000 749 426 0.5688
14736.0000 750 426 0.5680
14746.0000 750 427 0.5693
14756.0000 751 427 0.5686
14773.0000 752 427 0.5678
14790.0000 753 427 0.5671
14809.0000 754 427 0.5663
14827.4000 754 428 0.5676
14831.0000 755 428 0.5669
14848.0000 756 428 0.5661
14867.0000 757 428 0.5654
14889.0000 758 428 0.5646
14905.0000 759 428 0.5639
14911.4000 759 429 0.5652
14914.1000 759 430 0.5665
14927.0000 760 430 0.5658
14942.0000 761 430 0.5650
14961.0000 762 430 0.5643
14965.6000 762 431 0.5656
14975.8000 762 432 0.5669
14984.0000 763 432 0.5662
14999.0000 764 432 0.5654
15021.0000 765 432 0.5647
15031.8000 765 433 0.5660
15038.3000 765 434 0.5673
15041.0000 766 434 0.5666
15058.0000 767 434 0.5658
15074.0000 768 434 0.5651
15089.2000 768 435 0.5664
15093.0000 769 435 0.5657
15101.5000 769 436 0.5670
15103.4000 769 437 0.5683
15114.0000 770 437 0.5675
15132.0000 771 437 0.5668
15149.0000 772 437 0.5661
15155.7000 772 438 0.5674
15172.0000 773 438 0.5666
15190.0000 774 438 0.5659
15212.0000 775 438 0.5652
15235.0000 776 438 0.5644
15256.0000 777 438 0.5637
15266.0000 777 439 0.5650
15268.7000 777 440 0.5663
15280.0000 778 440 0.5656
15288.6000 778 441 0.5668
15297.0000 779 441 0.5661
15318.0000 780 441 0.5654
15336.0000 781 441 0.5647
15360.0000 782 441 0.5639
15381.0000 783 441 0.5632
15388.1000 783 442 0.5645
15390.0000 783 443 0.5658
15390.3000 783 444 0.5670
15397.1000 783 445 0.5683
15399.0000 784 445 0.5676
15407.2000 784 446 0.5689
15419.0000 785 446 0.5682
15439.2000 785 447 0.5694
15441.0000 786 447 0.5687
15459.9000 786 448 0.5700
15465.0000 787 448 0.5693
15482.0000 788 448 0.5685
15494.7000 788 449 0.5698
15499.3000 788 450 0.5711
15504.0000 789 450 0.5703
15526.0000 790 450 0.5696
15538.7000 790 451 0.5709
15547.0000 791 451 0.5702
15569.0000 792 451 0.5694
15583.0000 792 452 0.5707
15591.0000 793 452 0.5700
15615.0000 794 452 0.5693
15632.0000 795 452 0.5686
15635.5000 795 453 0.5698
15649.3000 795 454 0.5711
15651.0000 796 454 0.5704
15666.0000 797 454 0.5696
15684.0000 798 454 0.5689
15708.0000 799 454 0.5682
15724.0000 800 454 0.5675
15744.5000 800 455 0.5688
15746.0000 801 455 0.5680
15761.7000 801 456 0.5693
15764.0000 802 456 0.5686
15780.2000 802 457 0.5698
15782.0000 803 457 0.5691
15793.3000 803 458 0.5704
15799.0000 804 458 0.5697
15815.0000 805 458 0.5689
15824.6000 805 459 0.5702
15838.0000 806 459 0.5695
15854.0000 807 459 0.5688
15873.0000 808 459 0.5681
15880.0000 808 460 0.5693
15891.0000 808 461 0.5705
15892.8000 808 462 0.5718
15894.0000 809 462 0.5711
15909.0000 810 462 0.5704
15927.0000 811 462 0.5697
15948.0000 812 462 0.5690
15953.1000 812 463 0.5702
15956.1000 812 464 0.5714
15967.0000 813 464 0.5707
15981.4000 813 465 0.5720
15990.0000 814 465 0.5713
16004.6000 814 466 0.5725
16010.0000 815 466 0.5718
16019.4000 815 467 0.5730
16027.0000 816 467 0.5723
16028.7000 816 468 0.5735
16041.6000 816 469 0.5748
16042.0000 817 469 0.5741
16056.0000 817 470 0.5753
16060.9000 817 471 0.5765
16061.0000 818 471 0.5758
16080.0000 819 471 0.5751
16104.0000 820 471 0.5744
16124.0000 821 471 0.5737
16139.0000 822 471 0.5730
16154.3000 822 472 0.5742
16155.0000 823 472 0.5735
16163.7000 823 473 0.5747
16175.0000 824 473 0.5740
16196.0000 825 473 0.5733
16212.0000 826 473 0.5726
16220.0000 826 474 0.5738
16230.0000 827 474 0.5732
16232.5000 827 475 0.5744
16245.0000 828 475 0.5737
16261.0000 829 475 0.5730
16267.3000 829 476 0.5742
16281.0000 830 476 0.5735
16301.0000 831 476 0.5728
16309.3000 831 477 0.5740
16322.0000 832 477 0.5733
16333.0000 832 478 0.5745
16336.4000 832 479 0.5757
16338.0000 833 479 0.5750
16346.4000 833 480 0.5762
16357.0000 834 480 0.5755
16380.0000 835 480 0.5749
16399.0000 836 480 0.5742
16416.0000 837 480 0.5735
16433.0000 838 480 0.5728
16455.0000 839 480 0.5721
16479.0000 840 480 0.5714
16503.0000 841 480 0.5707
16505.2000 841 481 0.5719
16520.1000 841 482 0.5731
16526.0000 842 482 0.5724
16547.0000 843 482 0.5718
16568.0000 844 482 0.5711
16581.6000 844 483 0.5723
16589.0000 845 483 0.5716
16610.0000 846 483 0.5709
16620.0000 846 484 0.5721
16627.8000 846 485 0.5733
16628.0000 847 485 0.5726
16646.0000 848 485 0.5719
16662.0000 849 485 0.5713
16668.7000 849 486 0.5724
16682.0000 850 486 0.5718
16699.0000 851 486 0.5711
16721.7000 851 487 0.5723
16723.0000 852 487 0.5716
16745.0000 853 487 0.5709
16760.0000 854 487 0.5703
16783.0000 855 487 0.5696
16788.4000 855 488 0.5708
16790.9000 855 489 0.5719
16800.0000 856 489 0.5713
16818.0000 857 489 0.5706
16835.0000 858 489 0.5699
16849.2000 858 490 0.5711
16852.1000 858 491 0.5723
16858.0000 859 491 0.5716
16881.0000 860 491 0.5709
16901.0000 861 491 0.5703
16902.6000 861 492 0.5714
16917.0000 862 492 0.5708
16935.0000 863 492 0.5701
16959.0000 864 492 0.5694
16980.0000 865 492 0.5688
16997.0000 866 492 0.5681
17021.0000 867 492 0.5675
17039.3000 867 493 0.5686
17040.0000 868 493 0.5680
17045.9000 868 494 0.5691
17063.0000 869 494 0.5685
17075.7000 869 495 0.5696
17079.0000 869 496 0.5708
17082.0000 870 496 0.5701
17090.3000 870 497 0.5713
17105.0000 871 497 0.5706
17126.0000 872 497 0.5700
17136.2000 872 498 0.5711
17143.0000 873 498 0.5704
17150.6000 873 499 0.5716
17162.0000 874 499 0.5709
17177.6000 874 500 0.5721
17181.0000 875 500 0.5714
17202.0000 876 500 0.5708
17225.0000 877 500 0.5701
17225.6000 877 501 0.5713
17240.0000 878 501 0.5706
17259.0000 879 501 0.5700
17278.0000 880 501 0.5693
17299.0000 881 501 0.5687
17318.0000 882 501 0.5680
17336.0000 883 501 0.5674
17353.0000 884 501 0.5667
17357.6000 884 502 0.5679
17370.0000 885 502 0.5672
17371.5000 885 503 0.5684
17372.0000 885 504 0.5695
17393.6000 885 505 0.5706
17394.0000 886 505 0.5700
17406.8000 886 506 0.5711
17416.0000 887 506 0.5705
17428.3000 887 507 0.5716
17439.0000 888 507 0.5709
17454.0000 889 507 0.5703
17458.4000 889 508 0.5714
17467.5000 889 509 0.5726
17470.6000 889 510 0.5737
17477.0000 890 510 0.5730
17480.2000 890 511 0.5742
17497.0000 891 511 0.5735
17503.3000 891 512 0.5746
17515.0000 892 512 0.5740
17526.5000 892 513 0.5751
17528.0000 892 514 0.5762
17535.0000 893 514 0.5756
17546.6000 893 515 0.5767
17558.0000 894 515 0.5761
17568.6000 894 516 0.5772
17574.0000 895 516 0.5765
17582.3000 895 517 0.5777
17598.0000 896 517 0.5770
17619.0000 897 517 0.5764
17639.0000 898 517 0.5757
17654.0000 899 517 0.5751
17672.0000 900 517 0.5744
17690.0000 901 517 0.5738
17710.0000 902 517 0.5732
17716.0000 902 518 0.5743
17730.2000 902 519 0.5754
17734.0000 903 519 0.5748
17736.5000 903 520 0.5759
17751.0000 904 520 0.5752
17771.2000 904 521 0.5763
17773.8000 904 522 0.5774
17774.0000 905 522 0.5768
17793.0000 906 522 0.5762
17808.0000 907 522 0.5755
17816.2000 907 523 0.5766
17826.0000 908 523 0.5760
17833.8000 908 524 0.5771
17846.0000 909 524 0.5765
17849.5000 909 525 0.5776
17864.0000 910 525 0.5769
17884.0000 911 525 0.5763
17887.3000 911 526 0.5774
17899.0000 912 526 0.5768
17917.0000 913 526 0.5761
17934.5000 913 527 0.5772
17934.7000 913 528 0.5783
17936.0000 914 528 0.5777
17942.6000 914 529 0.5788
17943.3000 914 530 0.5799
17953.8000 914 531 0.5810
17954.3000 914 532 0.5821
17958.0000 915 532 0.5814
17972.8000 915 533 0.5825
17976.0000 916 533 0.5819
18000.0000 917 533 0.5812
18021.0000 918 533 0.5806
18031.1000 918 534 0.5817
18040.0000 919 534 0.5811
18057.4000 919 535 0.5822
18059.0000 920 535 0.5815
18077.0000 921 535 0.5809
18077.2000 921 536 0.5820
18092.0000 922 536 0.5813
18095.9000 922 537 0.5824
18104.0000 922 538 0.5835
18112.1000 922 539 0.5846
18113.0000 923 539 0.5840
18124.5000 923 540 0.5850
18130.7000 923 541 0.5861
18132.0000 924 541 0.5855
18133.9000 924 542 0.5866
18149.9000 924 543 0.5877
18155.0000 925 543 0.5870
18169.3000 925 544 0.5881
18177.0000 926 544 0.5875
18192.0000 927 544 0.5868
18214.0000 928 544 0.5862
18221.6000 928 545 0.5873
18223.0000 928 546 0.5884
18225.3000 928 547 0.5894
18236.0000 929 547 0.5888
18259.0000 930 547 0.5882
18275.0000 931 547 0.5875
18298.0000 932 547 0.5869
18321.0000 933 547 0.5863
18340.0000 934 547 0.5857
18342.8000 934 548 0.5867
18353.1000 934 549 0.5878
18355.3000 934 550 0.5889
18364.0000 935 550 0.5882
18374.6000 935 551 0.5893
18376.8000 935 552 0.5904
18383.0000 936 552 0.5897
18384.9000 936 553 0.5908
18402.0000 937 553 0.5902
18425.0000 938 553 0.5896
18449.0000 939 553 0.5889
18457.4000 939 554 0.5900
18462.1000 939 555 0.5911
18473.0000 940 555 0.5904
18488.0000 941 555 0.5898
18510.4000 941 556 0.5909
18512.0000 942 556 0.5902
18534.0000 943 556 0.5896
18536.0000 943 557 0.5907
18549.0000 944 557 0.5900
18567.8000 944 558 0.5911
18570.0000 945 558 0.5905
18574.4000 945 559 0.5915
18590.0000 946 559 0.5909
18613.0000 947 559 0.5903
18632.0000 948 559 0.5897
18653.0000 949 559 0.5890
18677.0000 950 559 0.5884
18696.0000 951 559 0.5878
18704.5000 951 560 0.5889
18715.0000 952 560 0.5882
18735.6000 952 561 0.5893
18737.4000 952 562 0.5903
18738.0000 953 562 0.5897
18753.0000 954 562 0.5891
18768.0000 955 562 0.5885
18784.0000 955 563 0.5895
18786.0000 956 563 0.5889
18809.0000 957 563 0.5883
18826.4000 957 564 0.5893
18828.0000 958 564 0.5887
18842.5000 958 565 0.5898
18845.0000 959 565 0.5892
18850.0000 959 566 0.5902
18862.0000 960 566 0.5896
18884.0000 961 566 0.5890
18893.6000 961 567 0.5900
18894.5000 961 568 0.5911
18895.0000 961 569 0.5921
18897.2000 961 570 0.5931
18899.0000 962 570 0.5925
18917.8000 962 571 0.5936
18922.0000 963 571 0.5929
18939.0000 964 571 0.5923
18949.4000 964 572 0.5934
18956.0000 965 572 0.5927
18956.9000 965 573 0.5938
18964.9000 965 574 0.5948
18977.0000 966 574 0.5942
18993.0000 967 574 0.5936
19015.0000 968 574 0.5930
19037.0000 969 574 0.5924
19044.3000 969 575 0.5934
19055.0000 970 575 0.5928
19072.0000 971 575 0.5922
19087.0000 972 575 0.5916
19095.8000 972 576 0.5926
19108.0000 973 576 0.5920
19128.4000 973 577 0.5930
19129.0000 974 577 0.5924
19151.0000 975 577 0.5918
19161.8000 975 578 0.5928
19173.0000 976 578 0.5922
19192.0000 977 578 0.5916
19211.0000 978 578 0.5910
19220.8000 978 579 0.5920
19231.0000 979 579 0.5914
19236.7000 979 580 0.5924
19254.0000 980 580 0.5918
19277.0000 981 580 0.5912
19301.0000 982 580 0.5906
19313.4000 982 581 0.5916
19315.7000 982 582 0.5927
19316.0000 983 582 0.5921
19340.0000 984 582 0.5915
19355.0000 985 582 0.5909
19373.0000 986 582 0.5903
19391.0000 987 582 0.5897
19392.3000 987 583 0.5907
19406.0000 988 583 0.5901
19418.6000 988 584 0.5911
19423.0000 989 584 0.5905
19439.0000 990 584 0.5899
19455.0000 991 584 0.5893
19477.9000 991 585 0.5903
19479.0000 992 585 0.5897
19497.0000 993 585 0.5891
19521.0000 994 585 0.5885
19541.3000 994 586 0.5895
19542.0000 995 586 0.5889
19565.0000 996 586 0.5884
19578.0000 996 587 0.5894
19586.0000 997 587 0.5888
19587.0000 997 588 0.5898
19587.6000 997 589 0.5908
19589.4000 997 590 0.5918
19595.7000 997 591 0.5928
19601.0000 998 591 0.5922
19622.0000 999 591 0.5916
19623.6000 999 592 0.5926
19625.3000 999 593 0.5936
19641.0000 1000 593 0.5930
19660.0000 1001 593 0.5924
19668.7000 1001 594 0.5934
19677.0000 1002 594 0.5928
19692.0000 1003 594 0.5922
19716.0000 1004 594 0.5916
19739.0000 1005 594 0.5910
19740.4000 1005 595 0.5920
19755.0000 1006 595 0.5915
19770.0000 1007 595 0.5909
19784.4000 1007 596 0.5919
19786.5000 1007 597 0.5929
19792.0000 1008 597 0.5923
19815.0000 1009 597 0.5917
19816.1000 1009 598 0.5927
19833.0000 1010 598 0.5921
19852.0000 1011 598 0.5915
19852.5000 1011 599 0.5925
19876.0000 1012 599 0.5919
19891.0000 1013 599 0.5913
19892.5000 1013 600 0.5923
19908.0000 1014 600 0.5917
19924.9000 1014 601 0.5927
19932.0000 1015 601 0.5921
19944.7000 1015 602 0.5931
19954.3000 1015 603 0.5941
19956.0000 1016 603 0.5935
19968.8000 1016 604 0.5945
19970.9000 1016 605 0.5955
19976.0000 1017 605 0.5949
19986.0000 1017 606 0.5959
19994.8000 1017 607 0.5969
19998.0000 1018 607 0.5963
20019.0000 1019 607 0.5957
20034.0000 1020 607 0.5951
20039.7000 1020 608 0.5961
20054.8000 1020 609 0.5971
20056.3000 1020 610 0.5980
20057.0000 1021 610 0.5975
20071.2000 1021 611 0.5984
20075.0000 1022 611 0.5978
20082.9000 1022 612 0.5988
20094.0000 1023 612 0.5982
20095.0000 1023 613 0.5992
20095.3000 1023 614 0.6002
20108.2000 1023 615 0.6012
20118.0000 1024 615 0.6006
20127.4000 1024 616 0.6016
20132.1000 1024 617 0.6025
20135.0000 1025 617 0.6020
20138.8000 1025 618 0.6029
20149.6000 1025 619 0.6039
20157.0000 1026 619 0.6033
20170.4000 1026 620 0.6043
20179.0000 1027 620 0.6037
20197.0000 1028 620 0.6031
20201.3000 1028 621 0.6041
20213.4000 1028 622 0.6051
20221.0000 1029 622 0.6045
20231.5000 1029 623 0.6054
20237.0000 1030 623 0.6049
20259.0000 1031 623 0.6043
20276.0000 1032 623 0.6037
20293.0000 1033 623 0.6031
20308.0000 1034 623 0.6025
20327.0000 1035 623 0.6019
20349.2000 1035 624 0.6029
20350.0000 1036 624 0.6023
20366.0000 1037 624 0.6017
20372.7000 1037 625 0.6027
20373.6000 1037 626 0.6037
20385.0000 1038 626 0.6031
20390.9000 1038 627 0.6040
20401.0000 1039 627 0.6035
20407.2000 1039 628 0.6044
20421.0000 1040 628 0.6038
20429.3000 1040 629 0.6048
20437.0000 1041 629 0.6042
20461.0000 1042 629 0.6036
20475.8000 1042 630 0.6046
20485.0000 1043 630 0.6040
20506.4000 1043 631 0.6050
20508.0000 1044 631 0.6044
20532.0000 1045 631 0.6038
20551.9000 1045 632 0.6048
20552.5000 1045 633 0.6057
20554.0000 1046 633 0.6052
20576.0000 1047 633 0.6046
20594.0000 1048 633 0.6040
20610.4000 1048 634 0.6050
20611.0000 1049 634 0.6044
20634.5000 1049 635 0.6053
20635.0000 1050 635 0.6048
20655.0000 1051 635 0.6042
20673.0000 1052 635 0.6036
20691.0000 1053 635 0.6030
20698.3000 1053 636 0.6040
20706.0000 1054 636 0.6034
20724.0000 1055 636 0.6028
20744.0000 1056 636 0.6023
20756.1000 1056 637 0.6032
20762.7000 1056 638 0.6042
20766.0000 1057 638 0.6036
20782.0000 1058 638 0.6030
20800.0000 1059 638 0.6025
20808.5000 1059 639 0.6034
20813.6000 1059 640 0.6043
20817.8000 1059 641 0.6053
20821.0000 1060 641 0.6047
20835.4000 1060 642 0.6057
20839.1000 1060 643 0.6066
20844.0000 1061 643 0.6060
20855.6000 1061 644 0.6070
20857.6000 1061 645 0.6079
20864.0000 1062 645 0.6073
20888.0000 1063 645 0.6068
20911.0000 1064 645 0.6062
20920.6000 1064 646 0.6071
20931.0000 1065 646 0.6066
20948.8000 1065 647 0.6075
20952.0000 1066 647 0.6069
20956.2000 1066 648 0.6079
20959.3000 1066 649 0.6088
20968.0000 1067 649 0.6082
20987.6000 1067 650 0.6092
20990.0000 1068 650 0.6086
21007.0000 1069 650 0.6080
21008.6000 1069 651 0.6090
21013.6000 1069 652 0.6099
21031.0000 1070 652 0.6093
21055.0000 1071 652 0.6088
21072.3000 1071 653 0.6097
21076.3000 1071 654 0.6106
21077.0000 1072 654 0.6101
21081.9000 1072 655 0.6110
21092.0000 1073 655 0.6104
21097.1000 1073 656 0.6114
21116.0000 1074 656 0.6108
21122.7000 1074 657 0.6117
21132.0000 1075 657 0.6112
21148.0000 1076 657 0.6106
21157.6000 1076 658 0.6115
21166.0000 1077 658 0.6110
21184.0000 1078 658 0.6104
21189.4000 1078 659 0.6113
21204.0000 1079 659 0.6108
21223.0000 1080 659 0.6102
21225.8000 1080 660 0.6111
21235.3000 1080 661 0.6120
21247.0000 1081 661 0.6115
21271.0000 1082 661 0.6109
21292.0000 1083 661 0.6103
21309.0000 1084 661 0.6098
21327.0000 1085 661 0.6092
21331.3000 1085 662 0.6101
21331.3000 1085 663 0.6111
21351.0000 1086 663 0.6105
21351.9000 1086 664 0.6114
21367.7000 1086 665 0.6123
21368.0000 1087 665 0.6118
21370.7000 1087 666 0.6127
21372.1000 1087 667 0.6136
21387.0000 1088 667 0.6131
21388.8000 1088 668 0.6140
21395.2000 1088 669 0.6149
21401.8000 1088 670 0.6158
21407.0000 1089 670 0.6152
21419.8000 1089 671 0.6162
21424.0000 1090 671 0.6156
21443.3000 1090 672 0.6165
21444.0000 1091 672 0.6159
21460.9000 1091 673 0.6169
21463.0000 1092 673 0.6163
21483.0000 1093 673 0.6157
21505.0000 1094 673 0.6152
21516.1000 1094 674 0.6161
21523.0000 1095 674 0.6155
21539.0000 1096 674 0.6150
21544.8000 1096 675 0.6159
21556.0000 1097 675 0.6153
21577.0000 1098 675 0.6148
21577.5000 1098 676 0.6157
21599.0000 1099 676 0.6151
21615.0000 1100 676 0.6145
21632.0000 1101 676 0.6140
21648.0000 1102 676 0.6134
21653.1000 1102 677 0.6143
21654.4000 1102 678 0.6152
21665.0000 1103 678 0.6147
21689.0000 1104 678 0.6141
21707.0000 1105 678 0.6136
21713.3000 1105 679 0.6145
21731.0000 1106 679 0.6139
21755.0000 1107 679 0.6134
21755.7000 1107 680 0.6143
21771.3000 1107 681 0.6152
21774.0000 1107 682 0.6161
21777.0000 1108 682 0.6155
21794.0000 1109 682 0.6150
21807.1000 1109 683 0.6159
21818.0000 1110 683 0.6153
21828.8000 1110 684 0.6162
21837.0000 1111 684 0.6157
21851.6000 1111 685 0.6166
21860.0000 1112 685 0.6160
21872.6000 1112 686 0.6169
21883.0000 1113 686 0.6164
21898.0000 1114 686 0.6158
21915.3000 1114 687 0.6167
21916.0000 1115 687 0.6161
21939.0000 1116 687 0.6156
21941.3000 1116 688 0.6165
21949.4000 1116 689 0.6174
21953.0000 1116 690 0.6183
21960.0000 1117 690 0.6177
21971.6000 1117 691 0.6186
21976.0000 1118 691 0.6181
21993.9000 1118 692 0.6190
21999.0000 1119 692 0.6184
22018.1000 1119 693 0.6193
22022.0000 1120 693 0.6188
22041.0000 1121 693 0.6182
22042.3000 1121 694 0.6191
22052.4000 1121 695 0.6200
22061.0000 1122 695 0.6194
22063.9000 1122 696 0.6203
22078.0000 1123 696 0.6198
22101.0000 1124 696 0.6192
22121.0000 1125 696 0.6187
22124.3000 1125 697 0.6196
22140.0000 1126 697 0.6190
22159.0000 1127 697 0.6185
22165.8000 1127 698 0.6193
22172.5000 1127 699 0.6202
22183.0000 1128 699 0.6197
22199.0000 1129 699 0.6191
22218.0000 1130 699 0.6186
22234.9000 1130 700 0.6195
22242.0000 1131 700 0.6189
22263.0000 1132 700 0.6184
22281.0000 1133 700 0.6178
22304.0000 1134 700 0.6173
22322.0000 1135 700 0.6167
22329.9000 1135 701 0.6176
22339.1000 1135 702 0.6185
22346.0000 1136 702 0.6180
22363.0000 1137 702 0.6174
22385.0000 1138 702 0.6169
22398.4000 1138 703 0.6178
22401.4000 1138 704 0.6186
22405.0000 1139 704 0.6181
22420.0000 1140 704 0.6175
22431.4000 1140 705 0.6184
22444.0000 1141 705 0.6179
22445.7000 1141 706 0.6188
22449.2000 1141 707 0.6196
22464.0000 1142 707 0.6191
22482.0000 1143 707 0.6185
22500.0000 1144 707 0.6180
22521.0000 1145 707 0.6175
22521.9000 1145 708 0.6183
22543.7000 1145 709 0.6192
22544.0000 1146 709 0.6187
22546.3000 1146 710 0.6195
22560.0000 1147 710 0.6190
22568.3000 1147 711 0.6199
22573.9000 1147 712 0.6207
22578.0000 1148 712 0.6202
22595.0000 1149 712 0.6197
22613.0000 1150 712 0.6191
22628.0000 1151 712 0.6186
22648.0000 1152 712 0.6181
22666.0000 1153 712 0.6175
22675.9000 1153 713 0.6184
22679.0000 1153 714 0.6193
22682.0000 1153 715 0.6201
22682.0000 1154 715 0.6196
22698.0000 1155 715 0.6190
22706.5000 1155 716 0.6199
22713.0000 1156 716 0.6194
22717.4000 1156 717 0.6202
22724.9000 1156 718 0.6211
22735.0000 1157 718 0.6206
22751.7000 1157 719 0.6214
22752.3000 1157 720 0.6223
22753.1000 1157 721 0.6232
22758.0000 1158 721 0.6226
22778.0000 1158 722 0.6235
22779.0000 1159 722 0.6230
22781.5000 1159 723 0.6238
22799.0000 1160 723 0.6233
22802.8000 1160 724 0.6241
22820.0000 1161 724 0.6236
22823.5000 1161 725 0.6245
22830.3000 1161 726 0.6253
22835.0000 1162 726 0.6248
22850.0000 1163 726 0.6242
22860.8000 1163 727 0.6251
22867.7000 1163 728 0.6260
22869.0000 1164 728 0.6254
22891.0000 1165 728 0.6249
22893.0000 1165 729 0.6258
22913.0000 1166 729 0.6252
22918.7000 1166 730 0.6261
22927.3000 1166 731 0.6269
22931.0000 1167 731 0.6264
22954.0000 1168 731 0.6259
22963.1000 1168 732 0.6267
22971.0000 1169 732 0.6262
22991.0000 1170 732 0.6256
23007.0000 1171 732 0.6251
23031.0000 1172 732 0.6246
23047.0000 1173 732 0.6240
23047.9000 1173 733 0.6249
23070.0000 1174 733 0.6244
23085.0000 1175 733 0.6238
23102.0000 1175 734 0.6247
23106.0000 1176 734 0.6241
23107.1000 1176 735 0.6250
23127.0000 1177 735 0.6245
23149.0000 1178 735 0.6239
23154.3000 1178 736 0.6248
23154.4000 1178 737 0.6256
23156.3000 1178 738 0.6265
23165.0000 1179 738 0.6260
23179.9000 1179 739 0.6268
23180.0000 1180 739 0.6263
23183.0000 1180 740 0.6271
23198.0000 1181 740 0.6266
23214.0000 1182 740 0.6261
23220.9000 1182 741 0.6269
23220.9000 1182 742 0.6277
23238.0000 1183 742 0.6272
23252.6000 1183 743 0.6281
23256.3000 1183 744 0.6289
23258.0000 1184 744 0.6284
23280.0000 1185 744 0.6278
23295.0000 1186 744 0.6273
23303.3000 1186 745 0.6282
23303.5000 1186 746 0.6290
23304.1000 1186 747 0.6298
23319.0000 1187 747 0.6293
23339.0000 1188 747 0.6288
23360.0000 1189 747 0.6283
23377.0000 1190 747 0.6277
23393.0000 1191 747 0.6272
23409.0000 1192 747 0.6267
23428.0000 1193 747 0.6262
23445.0000 1194 747 0.6256
23463.8000 1194 748 0.6265
23464.0000 1195 748 0.6259
23466.7000 1195 749 0.6268
23468.2000 1195 750 0.6276
23482.0000 1196 750 0.6271
23498.0000 1197 750 0.6266
23516.0000 1198 750 0.6260
23532.0000 1199 750 0.6255
23545.4000 1199 751 0.6264
23547.0000 1200 751 0.6258
23547.6000 1200 752 0.6267
23558.7000 1200 753 0.6275
23565.9000 1200 754 0.6283
23568.0000 1201 754 0.6278
23582.8000 1201 755 0.6286
23589.0000 1202 755 0.6281
23613.0000 1203 755 0.6276
23620.2000 1203 756 0.6284
23624.4000 1203 757 0.6293
23629.0000 1204 757 0.6287
23641.4000 1204 758 0.6296
23647.0000 1205 758 0.6290
23653.6000 1205 759 0.6299
23658.2000 1205 760 0.6307
23662.0000 1206 760 0.6302
23663.9000 1206 761 0.6310
23681.0000 1207 761 0.6305
23691.8000 1207 762 0.6313
23700.0000 1207 763 0.6321
23702.0000 1208 763 0.6316
23702.8000 1208 764 0.6325
23710.9000 1208 765 0.6333
23724.6000 1208 766 0.6341
23726.0000 1209 766 0.6336
23741.0000 1210 766 0.6331
23760.0000 1211 766 0.6325
23768.0000 1211 767 0.6334
23778.0000 1212 767 0.6328
23782.6000 1212 768 0.6337
23798.0000 1213 768 0.6331
23812.1000 1213 769 0.6340
23817.0000 1214 769 0.6334
23837.0000 1215 769 0.6329
23843.7000 1215 770 0.6337
23846.7000 1215 771 0.6346
23859.0000 1216 771 0.6340
23860.3000 1216 772 0.6349
23860.9000 1216 773 0.6357
23874.0000 1217 773 0.6352
23877.9000 1217 774 0.6360
23895.0000 1218 774 0.6355
23916.0000 1219 774 0.6349
23928.0000 1219 775 0.6358
23937.0000 1220 775 0.6352
23960.5000 1220 776 0.6361
23961.0000 1221 776 0.6355
23970.6000 1221 777 0.6364
23981.0000 1222 777 0.6358
23984.0000 1222 778 0.6367
23985.5000 1222 779 0.6375
23991.1000 1222 780 0.6383
24004.0000 1223 780 0.6378
24012.3000 1223 781 0.6386
24015.5000 1223 782 0.6394
24026.0000 1224 782 0.6389
24043.0000 1225 782 0.6384
24062.0000 1226 782 0.6378
24077.5000 1226 783 0.6387
24079.0000 1227 783 0.6381
24089.3000 1227 784 0.6390
24095.0000 1228 784 0.6384
24110.0000 1229 784 0.6379
24114.0000 1229 785 0.6387
24134.0000 1230 785 0.6382
24140.5000 1230 786 0.6390
24157.0000 1231 786 0.6385
24169.2000 1231 787 0.6393
24179.0000 1232 787 0.6388
24189.3000 1232 788 0.6396
24203.0000 1233 788 0.6391
24222.0000 1234 788 0.6386
24225.8000 1234 789 0.6394
24242.4000 1234 790 0.6402
24245.0000 1235 790 0.6397
24262.0000 1236 790 0.6392
24270.7000 1236 791 0.6400
24286.0000 1237 791 0.6395
24305.0000 1238 791 0.6389
24314.2000 1238 792 0.6397
24326.0000 1239 792 0.6392
24341.7000 1239 793 0.6400
24349.0000 1240 793 0.6395
24361.5000 1240 794 0.6403
24368.0000 1241 794 0.6398
24379.5000 1241 795 0.6406
24380.6000 1241 796 0.6414
24383.0000 1242 796 0.6409
24407.0000 1243 796 0.6404
24427.0000 1244 796 0.6399
24444.1000 1244 797 0.6407
24445.2000 1244 798 0.6415
24447.0000 1245 798 0.6410
24468.0000 1246 798 0.6404
24468.8000 1246 799 0.6413
24473.7000 1246 800 0.6421
24483.1000 1246 801 0.6429
24484.6000 1246 802 0.6437
24490.0000 1247 802 0.6431
24499.3000 1247 803 0.6439
24507.8000 1247 804 0.6447
24514.0000 1248 804 0.6442
24530.0000 1249 804 0.6437
24553.0000 1250 804 0.6432
24568.0000 1251 804 0.6427
24591.0000 1252 804 0.6422
24595.6000 1252 805 0.6430
24607.0000 1253 805 0.6425
24624.0000 1254 805 0.6419
24641.0000 1255 805 0.6414
24652.9000 1255 806 0.6422
24656.0000 1256 806 0.6417
24677.0000 1257 806 0.6412
24693.0000 1258 806 0.6407
24702.9000 1258 807 0.6415
24712.0000 1259 807 0.6410
24736.0000 1260 807 0.6405
24751.0000 1261 807 0.6400
24768.0000 1262 807 0.6395
24773.9000 1262 808 0.6403
24790.0000 1263 808 0.6397
24794.0000 1263 809 0.6405
24809.0000 1264 809 0.6400
24824.0000 1265 809 0.6395
24828.3000 1265 810 0.6403
24844.0000 1266 810 0.6398
24867.0000 1267 810 0.6393
24869.7000 1267 811 0.6401
24870.4000 1267 812 0.6409
24883.0000 1268 812 0.6404
24900.5000 1268 813 0.6412
24906.0000 1269 813 0.6407
24909.5000 1269 814 0.6414
24921.0000 1270 814 0.6409
24945.0000 1271 814 0.6404
24957.1000 1271 815 0.6412
24963.0000 1272 815 0.6407
24978.0000 1272 816 0.6415
24980.0000 1273 816 0.6410
24999.0000 1274 816 0.6405
25015.0000 1275 816 0.6400
25026.7000 1275 817 0.6408
25029.4000 1275 818 0.6416
25034.0000 1276 818 0.6411
25055.0000 1277 818 0.6406
25067.4000 1277 819 0.6413
25074.0000 1278 819 0.6408
25078.3000 1278 820 0.6416
25083.3000 1278 821 0.6424
25095.0000 1279 821 0.6419
25106.8000 1279 822 0.6427
25107.0000 1279 823 0.6435
25116.1000 1279 824 0.6443
25119.0000 1280 824 0.6438
25130.1000 1280 825 0.6445
25138.0000 1281 825 0.6440
25146.7000 1281 826 0.6448
25162.0000 1282 826 0.6443
25170.2000 1282 827 0.6451
25183.0000 1283 827 0.6446
